%% Trajectory 12
%% frame x (pixel)     y (pixel)    z (pixel)      m0         m1           m2           m3           m4           s 
44 36.710545 54.113571 0.000000 3.034493 1.483438 2.753949 5.677498 12.691023 0.204305
45 36.569134 54.060432 0.000000 2.986435 1.481243 2.739752 5.620081 12.487505 0.200116
46 36.699371 54.043877 0.000000 3.299872 1.490458 2.770896 5.712325 12.747266 0.211877
47 36.631218 54.203548 0.000000 3.325181 1.432080 2.549465 5.018973 10.695354 0.250000
48 36.639366 54.194637 0.000000 3.254383 1.453991 2.648041 5.356310 11.761617 0.250000
49 36.820908 54.110439 0.000000 3.528017 1.489710 2.769555 5.722052 12.824110 0.250004
50 36.714397 54.242390 0.000000 3.751938 1.423120 2.534991 5.013612 10.776963 0.250000
51 36.801277 54.197254 0.000000 3.317433 1.495504 2.781761 5.740347 12.830918 0.200014
52 36.684483 54.042507 0.000000 4.024733 1.477487 2.716803 5.528298 12.160343 0.200029
53 36.735764 54.107384 0.000000 3.706964 1.487175 2.736135 5.556409 12.169870 0.200000
54 36.744480 54.054970 0.000000 4.282071 1.491696 2.762066 5.654414 12.498502 0.256488
55 36.762173 54.017841 0.000000 5.037608 1.476999 2.710075 5.492146 12.007423 0.250000
56 36.854958 53.900600 0.000000 5.095968 1.472956 2.703443 5.495614 12.090226 0.202661
57 36.856926 53.884441 0.000000 4.577860 1.475501 2.729439 5.613485 12.531661 0.209882
59 37.150192 53.868237 0.000000 5.522604 1.468731 2.678418 5.391000 11.705125 0.200000
60 36.867691 53.849609 0.000000 5.598757 1.411721 2.497737 4.893972 10.396912 0.200000
61 36.932133 53.801201 0.000000 5.994699 1.409974 2.491428 4.878520 10.363349 0.200000
62 36.886608 53.710968 0.000000 5.710181 1.389683 2.415192 4.638116 9.642693 0.200000
63 37.061493 53.688286 0.000000 6.059740 1.413809 2.498796 4.883759 10.332804 0.200000
64 36.943649 53.454147 0.000000 6.320427 1.388747 2.403782 4.577394 9.391260 0.200000
65 36.881157 53.448830 0.000000 6.114129 1.355500 2.292750 4.257766 8.508855 0.250000
66 36.908989 53.306576 0.000000 5.970097 1.390929 2.405128 4.570267 9.345835 0.333333
67 36.779629 53.064003 0.000000 5.526588 1.425639 2.558552 5.104140 11.061445 0.334441
68 36.617496 52.924789 0.000000 5.709973 1.424087 2.535855 5.001183 10.687801 0.333334
69 36.498562 52.977829 0.000000 5.590644 1.426844 2.545084 5.024808 10.742846 0.333344
70 36.837055 52.992790 0.000000 4.947413 1.474223 2.717156 5.554303 12.292413 0.200109
71 37.037251 53.303501 0.000000 4.987788 1.453395 2.633214 5.275570 11.423855 0.224854
72 37.144547 53.403164 0.000000 4.827014 1.437003 2.558983 5.014061 10.578970 0.305266
73 36.741783 53.315804 0.000000 4.476297 1.454256 2.622011 5.207607 11.143848 0.166667
74 36.726902 53.251850 0.000000 4.244639 1.485476 2.729579 5.523230 12.026302 0.166667
75 37.029057 53.383018 0.000000 3.869671 1.496771 2.775847 5.692305 12.606425 0.200000
76 37.117981 53.488674 0.000000 4.268156 1.447053 2.618946 5.252125 11.406537 0.200000
77 37.230011 53.402264 0.000000 3.609892 1.389561 2.414129 4.627670 9.587174 0.200000
78 37.147099 53.356117 0.000000 3.415105 1.446422 2.602594 5.183691 11.178143 0.343897
79 37.328548 53.366089 0.000000 3.705560 1.389799 2.419912 4.659674 9.724385 0.200000
80 37.191673 53.220585 0.000000 3.345670 1.405733 2.453294 4.708303 9.725961 0.261747
81 37.093285 53.344227 0.000000 3.243889 1.379248 2.375402 4.513427 9.271993 0.206145
