%% Trajectory 17
%% frame x (pixel)     y (pixel)    z (pixel)      m0         m1           m2           m3           m4           s 
105 54.721519 34.247528 0.000000 0.961329 1.241076 1.947946 3.349057 6.198068 0.200000
106 54.676281 33.885761 0.000000 1.181657 1.282255 2.073703 3.686240 7.076258 0.200073
107 54.922905 34.272572 0.000000 1.073541 1.242314 1.957752 3.398494 6.393383 0.200000
108 54.683224 34.129559 0.000000 1.361057 1.255215 1.979230 3.414901 6.336265 0.219457
109 54.833485 34.162457 0.000000 1.391344 1.288364 2.089640 3.735163 7.225050 0.166688
110 54.693958 34.124947 0.000000 1.460146 1.284842 2.093915 3.767006 7.345053 0.200027
111 54.678791 34.165154 0.000000 1.769083 1.257669 1.994274 3.466623 6.491853 0.200000
112 54.554470 34.062965 0.000000 2.080203 1.297042 2.109753 3.765089 7.234489 0.252950
113 54.698181 34.131397 0.000000 2.430044 1.282346 2.069520 3.662088 6.972537 0.250000
114 54.713463 34.075714 0.000000 2.393556 1.296242 2.110997 3.772958 7.259910 0.333451
115 54.695759 34.155602 0.000000 2.338775 1.280674 2.062447 3.643289 6.930848 0.250000
116 54.684647 34.231144 0.000000 2.059562 1.262123 2.011433 3.526145 6.688676 0.250000
117 54.540035 34.242630 0.000000 2.709579 1.250349 1.965791 3.379823 6.246537 0.250000
118 54.523975 34.220013 0.000000 2.753716 1.253834 1.976344 3.405896 6.306300 0.250000
119 54.715969 34.186298 0.000000 2.640137 1.266471 2.020309 3.534987 6.665431 0.333333
120 54.510056 34.155689 0.000000 3.070876 1.278847 2.051241 3.594215 6.750402 0.251464
121 54.448112 34.188545 0.000000 3.245675 1.294484 2.098153 3.716949 7.058633 0.327379
122 54.422226 34.267654 0.000000 3.083794 1.325478 2.189069 3.950662 7.635446 0.263807
123 54.228424 34.184845 0.000000 2.899866 1.332857 2.216232 4.037317 7.900330 0.255994
124 54.117401 34.145073 0.000000 3.024974 1.314427 2.176145 3.968855 7.822399 0.166667
125 54.069664 33.953659 0.000000 3.165271 1.384749 2.393754 4.558803 9.364325 0.200000
126 53.859100 33.930931 0.000000 2.950274 1.388763 2.404111 4.573567 9.357303 0.166667
127 53.723610 33.961712 0.000000 2.863243 1.313990 2.166297 3.926251 7.672322 0.250000
128 53.769737 33.944195 0.000000 2.942276 1.346442 2.267326 4.191184 8.331104 0.250000
129 53.495926 34.051121 0.000000 2.786204 1.341157 2.254219 4.164394 8.285215 0.250000
130 53.594330 33.976303 0.000000 2.674715 1.330727 2.231447 4.130179 8.279279 0.200000
131 53.441059 34.075996 0.000000 2.620862 1.317890 2.168180 3.900383 7.521544 0.250000
132 53.269051 34.120308 0.000000 2.604153 1.317907 2.175855 3.947655 7.723341 0.250000
133 52.958405 33.995186 0.000000 1.996322 1.404286 2.485683 4.883815 10.415672 0.251637
134 53.356102 34.010925 0.000000 1.892621 1.347517 2.269812 4.209427 8.426213 0.200314
135 52.856369 34.075310 0.000000 1.817739 1.379314 2.401998 4.648679 9.791592 0.283287
136 52.954540 34.406124 0.000000 1.557244 1.357252 2.327082 4.445939 9.286797 0.203241
137 52.703194 34.515255 0.000000 1.313006 1.252241 1.995934 3.519021 6.764351 0.209141
138 52.688717 34.519241 0.000000 1.288585 1.380643 2.402189 4.638978 9.741117 0.219887
141 50.705566 34.249077 0.000000 0.819959 1.328358 2.219203 4.110316 8.294645 0.281317
