%% Trajectory 32
%% frame x (pixel)     y (pixel)    z (pixel)      m0         m1           m2           m3           m4           s 
190 51.246189 27.293634 0.000000 1.947569 1.265061 2.046236 3.684847 7.276811 0.166667
191 51.289753 27.038267 0.000000 2.247073 1.346960 2.279841 4.236815 8.465452 0.213831
192 51.436897 27.155710 0.000000 2.291316 1.274375 2.036512 3.557023 6.664433 0.200000
193 51.300037 27.312347 0.000000 2.544144 1.320425 2.184675 3.969826 7.773912 0.200000
194 51.347317 27.427900 0.000000 2.682850 1.342607 2.245479 4.115283 8.104553 0.200086
195 51.444363 27.270130 0.000000 2.823475 1.318219 2.181610 3.963321 7.749198 0.212063
196 51.346466 27.323776 0.000000 3.217516 1.323555 2.188245 3.965844 7.725702 0.228808
197 51.419071 27.226505 0.000000 3.104576 1.351523 2.279726 4.217955 8.386188 0.407639
198 51.325298 27.298437 0.000000 3.229185 1.319349 2.175297 3.926528 7.609886 0.204547
199 51.275719 27.330824 0.000000 3.531390 1.424262 2.525278 4.936680 10.412055 0.352417
200 51.237629 27.404938 0.000000 3.224562 1.365690 2.320405 4.328461 8.686866 0.202279
201 51.506382 27.513315 0.000000 3.609108 1.334667 2.212881 4.007793 7.769768 0.200002
202 51.165340 27.395100 0.000000 3.455686 1.396962 2.435933 4.678768 9.691514 0.166667
203 51.180264 27.354309 0.000000 3.485876 1.368613 2.334295 4.374312 8.829082 0.166669
204 51.409107 27.493975 0.000000 4.017995 1.350766 2.260603 4.131656 8.081846 0.142857
205 51.381138 27.414833 0.000000 4.142376 1.365646 2.312978 4.284706 8.502372 0.166667
206 51.540619 27.298367 0.000000 3.858296 1.370998 2.335040 4.362647 8.760563 0.142857
207 51.361374 27.402906 0.000000 3.632991 1.379577 2.376275 4.508298 9.229054 0.202482
208 51.200668 27.472429 0.000000 3.853971 1.397720 2.433702 4.672647 9.690244 0.200035
209 51.240936 27.525455 0.000000 3.441739 1.402179 2.444406 4.688225 9.687229 0.306605
210 51.262165 27.684376 0.000000 3.815589 1.353043 2.289485 4.261135 8.551213 0.166667
211 51.163063 27.753935 0.000000 3.679458 1.422697 2.540216 5.030286 10.805909 0.254932
212 50.785339 27.776411 0.000000 3.340753 1.357591 2.307725 4.326511 8.775394 0.193894
213 50.741001 27.791159 0.000000 3.342404 1.387338 2.392737 4.540362 9.289973 0.324134
214 50.672829 27.891003 0.000000 3.655772 1.410412 2.488405 4.857196 10.270053 0.201958
215 50.546524 27.785769 0.000000 3.788015 1.402852 2.456608 4.750054 9.930111 0.200012
216 50.479885 28.024004 0.000000 3.582569 1.397740 2.452698 4.769596 10.063852 0.200083
217 50.222656 27.860239 0.000000 3.385330 1.373045 2.377340 4.561227 9.500805 0.289271
218 50.209820 28.186846 0.000000 3.579000 1.394440 2.414936 4.591903 9.386408 0.200053
219 50.251022 28.412958 0.000000 2.839881 1.369466 2.337176 4.379702 8.830578 0.193595
220 50.445572 28.200745 0.000000 3.051396 1.398947 2.436456 4.672252 9.663001 0.298253
221 50.501911 27.897982 0.000000 2.541549 1.403756 2.476928 4.851634 10.325069 0.200005
222 50.728630 28.238037 0.000000 2.065526 1.393058 2.451358 4.804823 10.259652 0.167302
