%% Trajectory 24
%% frame x (pixel)     y (pixel)    z (pixel)      m0         m1           m2           m3           m4           s 
90 49.641178 30.824697 0.000000 1.185014 1.357015 2.577851 5.766778 14.477790 0.200001
92 49.633358 30.634689 0.000000 1.523766 1.337337 2.466518 5.341972 13.039806 0.372706
93 49.674412 30.190655 0.000000 1.502345 1.175713 1.872129 3.438851 7.190989 0.250000
94 49.858021 30.170286 0.000000 1.806787 1.179426 1.850638 3.282180 6.503695 0.200000
95 49.802357 30.176140 0.000000 1.833138 1.249981 2.074196 3.922608 8.294022 0.202405
96 49.727226 30.218185 0.000000 2.037249 1.209075 1.894737 3.322001 6.441800 0.166729
97 49.691452 30.214622 0.000000 2.259620 1.135849 1.668816 2.686125 4.684780 0.200000
98 49.715961 30.239357 0.000000 2.230917 1.166860 1.734722 2.823213 4.972185 0.200033
99 49.609905 30.226189 0.000000 2.773077 1.196568 1.817454 3.023187 5.431116 0.200018
100 49.689224 30.167984 0.000000 3.205072 1.221346 1.889573 3.202374 5.852246 0.166690
101 49.552002 30.088715 0.000000 2.955272 1.236431 1.940756 3.343588 6.218652 0.269038
102 49.698452 30.133057 0.000000 2.278289 1.232393 1.942156 3.378109 6.387817 0.166669
103 49.621780 30.217951 0.000000 3.021758 1.232460 1.926056 3.308308 6.151533 0.167564
104 49.782028 30.293434 0.000000 3.762890 1.217915 1.878470 3.175216 5.793433 0.200000
105 49.713486 30.242706 0.000000 3.149709 1.241523 1.947173 3.357955 6.271449 0.166820
106 49.626583 30.274506 0.000000 3.216267 1.205119 1.843376 3.087075 5.576934 0.200001
107 49.560326 30.219948 0.000000 3.774684 1.268151 2.038755 3.618026 6.973144 0.200001
108 49.636021 30.253063 0.000000 3.727522 1.264198 2.004722 3.477592 6.485911 0.200000
109 49.686420 30.268789 0.000000 4.115558 1.256715 1.990351 3.455928 6.468818 0.200000
110 49.565769 30.385687 0.000000 4.484136 1.311547 2.145652 3.831795 7.323100 0.200081
111 49.596603 30.351341 0.000000 4.016232 1.278347 2.046910 3.583501 6.735356 0.200002
112 49.675194 30.472343 0.000000 4.491557 1.308189 2.132381 3.788959 7.192920 0.250330
113 49.492107 30.574837 0.000000 4.279353 1.318453 2.159092 3.854547 7.353052 0.250004
114 49.629906 30.518211 0.000000 4.661743 1.300943 2.112585 3.745948 7.113558 0.200000
115 49.439484 30.478924 0.000000 4.134901 1.285088 2.065094 3.622384 6.805054 0.250000
116 49.271122 30.558302 0.000000 4.424155 1.291585 2.083581 3.669293 6.919103 0.250002
117 49.127544 30.712732 0.000000 4.482876 1.341902 2.265611 4.228353 8.560872 0.251150
118 49.047947 30.762215 0.000000 4.855989 1.371440 2.352260 4.446937 9.080831 0.250000
119 48.967144 30.867025 0.000000 4.637247 1.385278 2.396735 4.562691 9.356258 0.200000
120 48.948631 30.604294 0.000000 5.004177 1.387281 2.404424 4.593451 9.474019 0.200000
121 48.689598 30.789597 0.000000 5.029372 1.340003 2.233008 4.069041 7.945180 0.200000
122 48.694500 30.788544 0.000000 5.626239 1.385769 2.388143 4.528870 9.260927 0.200000
123 48.752655 30.792484 0.000000 5.067354 1.383278 2.377195 4.489945 9.133764 0.200000
125 48.915787 31.254452 0.000000 3.391313 1.416168 2.517328 4.969683 10.663790 0.166667
126 48.916355 31.182022 0.000000 3.416388 1.474673 2.713090 5.533817 12.219290 0.166667
127 48.583778 31.020517 0.000000 3.358565 1.503047 2.791938 5.719744 12.625335 0.200014
129 48.552471 30.306246 0.000000 2.898533 1.477998 2.687994 5.368216 11.516660 0.200669
130 48.415806 30.179642 0.000000 2.728295 1.448676 2.620598 5.246324 11.370485 0.245924
131 48.176159 30.347044 0.000000 2.570824 1.480185 2.726684 5.559380 12.262153 0.201000
132 48.111561 30.249857 0.000000 2.429018 1.524665 2.879449 6.004176 13.497159 0.200000
133 48.301373 30.362473 0.000000 2.297230 1.401517 2.462469 4.793883 10.131237 0.200000
