%% Trajectory 7
%% frame x (pixel)     y (pixel)    z (pixel)      m0         m1           m2           m3           m4           s 
19 48.129234 54.135113 0.000000 1.612839 1.371243 2.385220 4.605776 9.660201 0.250227
20 47.922367 54.126308 0.000000 1.889251 1.316231 2.182711 3.985445 7.859890 0.272291
21 47.748447 54.105045 0.000000 2.114185 1.331423 2.220208 4.070965 8.049118 0.405117
22 48.049919 54.169586 0.000000 1.451533 1.351345 2.347699 4.565439 9.721481 0.250000
23 47.895397 54.095509 0.000000 1.966762 1.401098 2.462862 4.788010 10.075289 0.250071
24 48.060986 54.155327 0.000000 2.158135 1.363869 2.371488 4.611171 9.818183 0.309034
25 47.955608 54.193260 0.000000 2.907230 1.403873 2.463630 4.762573 9.916230 0.250874
26 48.130756 54.159805 0.000000 3.006772 1.315309 2.175394 3.956643 7.762842 0.250000
27 48.063301 54.025814 0.000000 3.184209 1.364917 2.342012 4.441413 9.111356 0.333333
28 48.181873 54.017036 0.000000 3.430642 1.368708 2.351077 4.457213 9.135899 0.250000
29 48.166836 54.079243 0.000000 3.981730 1.343243 2.259240 4.171799 8.284321 0.333333
30 48.062275 53.951813 0.000000 4.226112 1.367550 2.347037 4.445374 9.099119 0.333333
31 48.078407 53.927410 0.000000 3.843940 1.355812 2.303890 4.311694 8.705051 0.333333
32 48.236687 53.763546 0.000000 4.077427 1.325832 2.186018 3.936201 7.586868 0.333333
33 48.123714 53.469715 0.000000 4.394241 1.351943 2.283840 4.233997 8.440853 0.500000
34 48.096825 53.285011 0.000000 4.695007 1.322158 2.190545 3.983694 7.797108 0.500000
35 48.131760 53.130539 0.000000 4.771998 1.385584 2.392325 4.542194 9.287478 0.813627
36 47.947083 52.921467 0.000000 4.597043 1.400912 2.458004 4.772019 10.033643 0.974078
37 47.868320 52.814053 0.000000 4.458170 1.371108 2.368355 4.532359 9.413834 0.500000
38 47.739159 52.870903 0.000000 4.602984 1.380996 2.391277 4.583081 9.525419 0.337577
39 47.702507 52.597961 0.000000 4.564799 1.345076 2.259843 4.179208 8.350237 0.333333
40 47.519585 52.717999 0.000000 4.423215 1.331217 2.207039 4.005106 7.801619 0.250000
41 47.485527 52.546967 0.000000 4.392081 1.326310 2.191423 3.958832 7.667976 0.250000
42 47.162430 52.338890 0.000000 3.886590 1.356268 2.294739 4.262793 8.520598 0.333333
44 46.577705 52.411472 0.000000 3.103954 1.417130 2.484568 4.795427 9.982058 0.200000
46 47.733994 51.758888 0.000000 2.286517 1.476346 2.708167 5.502243 12.101761 0.200000
48 48.620815 51.435925 0.000000 1.866461 1.440345 2.594168 5.163692 11.117186 0.142862
