%% Trajectory 11
%% frame x (pixel)     y (pixel)    z (pixel)      m0         m1           m2           m3           m4           s 
28 21.444178 32.713825 0.000000 0.464756 1.222650 1.927393 3.377408 6.492777 0.209687
29 21.596756 32.904060 0.000000 0.560791 1.339228 2.299082 4.433683 9.418831 0.209167
30 21.344135 33.218681 0.000000 0.674434 1.400289 2.437034 4.670649 9.658432 0.202194
31 21.263836 33.131462 0.000000 0.743036 1.325670 2.203743 4.023197 7.905696 0.217941
32 21.160398 33.134960 0.000000 0.666406 1.405435 2.469341 4.771463 9.916949 0.265125
33 21.429939 33.221786 0.000000 0.697752 1.349096 2.285991 4.267803 8.608712 0.183381
34 21.417463 33.014549 0.000000 0.805061 1.398891 2.514927 5.095688 11.356110 0.278052
35 21.660830 33.250206 0.000000 0.811299 1.421991 2.521769 4.936726 10.446538 0.200000
36 21.242115 33.506699 0.000000 0.782827 1.452914 2.641776 5.327596 11.645037 0.207595
37 21.353552 33.475918 0.000000 0.934317 1.389405 2.441867 4.773054 10.161867 0.200010
38 21.422678 33.825638 0.000000 0.981860 1.443706 2.620219 5.303412 11.702004 0.200003
39 21.528276 33.721878 0.000000 1.072343 1.392799 2.461895 4.858644 10.481429 0.204160
40 21.206394 33.626987 0.000000 1.104573 1.452065 2.646863 5.368657 11.836772 0.200000
41 21.365339 33.899498 0.000000 1.315283 1.438928 2.602834 5.242216 11.491800 0.187531
42 21.435671 33.990692 0.000000 1.395953 1.392258 2.454503 4.828608 10.377619 0.315605
43 21.421158 34.040859 0.000000 1.342440 1.411491 2.522646 5.034828 10.974367 0.185946
44 21.388426 34.275497 0.000000 1.565951 1.440453 2.571581 5.057216 10.722963 0.188668
45 21.542336 34.040833 0.000000 1.605760 1.414456 2.528426 5.042094 10.968938 0.335757
46 21.575815 33.936993 0.000000 1.454177 1.445048 2.618199 5.268828 11.512775 0.398222
47 21.619785 33.896854 0.000000 1.437313 1.444944 2.621256 5.290175 11.604604 0.305003
48 21.640646 33.890591 0.000000 1.642330 1.387284 2.436016 4.767952 10.181280 0.266736
49 21.669378 34.092346 0.000000 1.612603 1.428032 2.580015 5.204500 11.444535 0.373276
50 22.184650 34.610729 0.000000 1.696113 1.449130 2.600309 5.137894 10.938400 0.348003
51 22.420805 34.382011 0.000000 1.841331 1.416335 2.474724 4.730364 9.683200 0.169397
52 22.605385 34.476791 0.000000 2.132078 1.358369 2.288365 4.207085 8.266453 0.250000
53 22.562647 34.341732 0.000000 2.102596 1.377079 2.361932 4.457520 9.076104 0.250066
54 22.623014 34.296124 0.000000 1.953189 1.414539 2.480469 4.776438 9.891152 0.253792
55 22.990347 34.375313 0.000000 1.663933 1.447888 2.599039 5.130171 10.884337 0.410740
57 23.427982 33.596241 0.000000 1.246270 1.355279 2.302480 4.310398 8.719395 0.586894
58 22.955051 34.202003 0.000000 1.396763 1.412692 2.500943 4.903417 10.414950 0.284532
59 22.737667 33.943901 0.000000 1.262121 1.355439 2.299751 4.295382 8.652366 0.569502
60 22.576517 33.779991 0.000000 1.067251 1.329378 2.240215 4.203179 8.621552 0.386929
