%% Trajectory 21
%% frame x (pixel)     y (pixel)    z (pixel)      m0         m1           m2           m3           m4           s 
109 32.197926 45.892925 0.000000 0.755691 1.256773 2.012952 3.556765 6.815646 0.202935
110 32.641029 45.735683 0.000000 0.751482 1.304316 2.152064 3.913168 7.692240 0.334424
111 32.755142 46.278057 0.000000 0.946371 1.306663 2.158170 3.943158 7.829815 0.200586
112 32.585075 45.933220 0.000000 1.097012 1.297283 2.151160 3.987208 8.119841 0.207854
113 32.836773 45.513653 0.000000 1.192964 1.395249 2.435747 4.700924 9.811494 0.200491
114 32.873558 45.827194 0.000000 1.201371 1.359316 2.331240 4.443882 9.237032 0.437045
115 32.816998 45.649670 0.000000 1.170108 1.289629 2.077406 3.658259 6.909679 0.250005
116 32.388611 45.966087 0.000000 1.178318 1.390020 2.428427 4.685954 9.773471 0.200185
117 32.738262 45.867847 0.000000 1.337253 1.295649 2.129800 3.865665 7.604100 0.262102
118 32.629143 45.738667 0.000000 1.478052 1.264523 2.020722 3.543599 6.701918 0.261568
119 32.850285 45.671356 0.000000 1.754916 1.279070 2.062705 3.650810 6.964116 0.250000
120 32.668076 45.527557 0.000000 1.937595 1.317932 2.166664 3.904163 7.563543 0.251966
121 32.607033 45.495697 0.000000 2.238326 1.317361 2.167482 3.904528 7.554316 0.272630
122 32.795792 45.420918 0.000000 2.415450 1.327783 2.203247 4.006595 7.830708 0.252067
123 32.712048 45.425091 0.000000 2.522009 1.299827 2.113218 3.757861 7.169971 0.250000
124 32.641514 45.494888 0.000000 2.903923 1.301071 2.112834 3.746113 7.111521 0.250009
125 32.565880 45.422066 0.000000 2.603900 1.352368 2.283220 4.236382 8.467563 0.201333
126 32.563240 45.545197 0.000000 2.644425 1.305830 2.125511 3.775904 7.176658 0.259008
127 32.540462 45.485912 0.000000 3.220102 1.283681 2.063513 3.620652 6.802614 0.250000
128 32.786995 45.371609 0.000000 3.616838 1.322529 2.191878 3.986662 7.803144 0.333333
129 32.680332 45.417461 0.000000 3.336796 1.333490 2.216639 4.033182 7.874447 0.250000
130 32.624645 45.484367 0.000000 3.775372 1.315349 2.158812 3.866922 7.408748 0.250000
131 32.643444 45.402447 0.000000 3.583366 1.332398 2.219721 4.057681 7.982549 0.200000
132 32.586323 45.311317 0.000000 3.581674 1.303697 2.130809 3.825533 7.409878 0.250000
133 32.561523 45.337559 0.000000 3.815573 1.311130 2.153279 3.884161 7.556869 0.333333
134 32.536346 45.196918 0.000000 4.382980 1.366456 2.337196 4.410810 9.004451 0.333333
135 32.444790 45.314430 0.000000 4.062292 1.325505 2.188078 3.948317 7.636840 0.333333
136 32.524517 45.286137 0.000000 4.779360 1.327363 2.209680 4.051775 8.033536 0.333333
137 32.466858 45.402992 0.000000 5.122829 1.319360 2.169081 3.893605 7.481148 0.500000
138 32.588604 45.159035 0.000000 5.238318 1.384159 2.391699 4.559120 9.397312 0.333333
139 32.544876 45.328617 0.000000 4.634907 1.333470 2.217784 4.040242 7.907000 0.333333
140 32.537945 45.308319 0.000000 4.873827 1.349854 2.280984 4.252683 8.585544 0.333333
141 32.617874 45.310436 0.000000 5.447587 1.356427 2.297804 4.282938 8.617440 0.333333
142 32.615841 45.253315 0.000000 5.168599 1.357671 2.306009 4.315977 8.729145 0.500000
143 32.495277 45.382023 0.000000 5.362062 1.324656 2.185753 3.942638 7.623849 0.500000
144 32.580044 45.268234 0.000000 5.768217 1.333230 2.219379 4.052264 7.958713 0.333333
145 32.590611 45.107101 0.000000 6.278988 1.379959 2.383032 4.547867 9.401325 0.500000
147 32.658997 45.173401 0.000000 5.776886 1.365033 2.335536 4.416216 9.047994 0.333333
148 32.538033 45.275375 0.000000 5.662067 1.351881 2.289272 4.272679 8.621814 0.333333
149 32.502499 45.086880 0.000000 6.006983 1.380438 2.384771 4.548352 9.388203 0.333333
150 32.471317 45.136726 0.000000 5.596148 1.355703 2.289699 4.241700 8.448328 0.333333
151 32.419128 44.857418 0.000000 6.036799 1.362965 2.330899 4.406266 9.025373 0.500000
152 32.353783 44.801838 0.000000 5.181304 1.375643 2.370102 4.515146 9.320745 0.333340
153 32.503941 44.512817 0.000000 5.370082 1.317853 2.161598 3.870579 7.416443 0.250002
154 32.573307 44.472477 0.000000 5.600982 1.318019 2.160281 3.860188 7.369831 0.333436
155 32.638821 44.362549 0.000000 5.863634 1.333685 2.216294 4.029506 7.858937 0.500000
156 32.833752 44.241570 0.000000 5.220231 1.344654 2.254547 4.146207 8.198164 0.377162
157 32.783024 43.897022 0.000000 5.141502 1.366832 2.343236 4.437463 9.097991 0.333333
158 32.806293 43.811310 0.000000 5.352240 1.358877 2.316787 4.359574 8.876972 0.333333
159 33.155369 43.834038 0.000000 4.987387 1.371590 2.351649 4.440499 9.045024 0.333333
160 33.388935 43.928143 0.000000 4.603465 1.404031 2.450890 4.709482 9.753856 0.333333
161 33.444984 43.824814 0.000000 4.653222 1.319018 2.180695 3.960304 7.751243 0.333333
162 33.605179 43.821537 0.000000 5.527170 1.321074 2.191818 4.006597 7.924247 0.333333
163 33.657917 43.889957 0.000000 4.815362 1.325485 2.209401 4.058832 8.065670 0.333333
164 33.587086 43.952099 0.000000 4.032895 1.298341 2.123078 3.812207 7.374267 0.333333
166 33.537895 43.644737 0.000000 2.491437 1.279478 2.053636 3.614575 6.855629 0.250000
167 33.765182 43.717735 0.000000 2.138924 1.262227 2.006930 3.488791 6.507951 0.250000
168 33.407791 43.552711 0.000000 1.809335 1.220595 1.877717 3.159827 5.730502 0.250000
170 33.349052 43.136253 0.000000 1.294037 1.264506 2.007520 3.490258 6.524948 0.250000
