%% Trajectory 36
%% frame x (pixel)     y (pixel)    z (pixel)      m0         m1           m2           m3           m4           s 
130 17.613365 45.871235 0.000000 1.150678 1.208066 1.852882 3.113369 5.644668 0.200073
131 17.653713 45.724388 0.000000 1.410864 1.337747 2.245122 4.157251 8.332996 0.206994
132 17.338409 45.735931 0.000000 1.525842 1.221640 1.891916 3.216064 5.914186 0.200049
133 17.138975 45.740360 0.000000 1.371883 1.297020 2.126535 3.850639 7.567081 0.207824
134 17.543030 45.721733 0.000000 1.635542 1.385754 2.395873 4.565254 9.397672 0.207118
135 17.768280 45.693897 0.000000 1.925617 1.296510 2.115547 3.793204 7.340188 0.259789
136 17.444941 45.510090 0.000000 1.940900 1.280067 2.051049 3.588599 6.728394 0.204981
137 17.446840 45.596825 0.000000 2.203295 1.279701 2.047524 3.577231 6.698879 0.302027
138 17.371449 45.626339 0.000000 1.771566 1.261373 2.000508 3.467918 6.453868 0.166667
139 17.301823 45.377583 0.000000 1.811928 1.279950 2.054122 3.602316 6.773336 0.167053
140 17.642183 45.371933 0.000000 1.493280 1.320043 2.186600 3.975379 7.776711 0.170045
141 17.611395 45.236572 0.000000 2.018405 1.258131 2.001265 3.492929 6.575498 0.202306
142 17.712885 45.324760 0.000000 1.752838 1.352427 2.268223 4.153454 8.137922 0.327404
143 18.153471 45.193497 0.000000 1.949565 1.343633 2.269013 4.226902 8.523492 0.250007
144 18.194336 45.014915 0.000000 2.054058 1.430834 2.555201 5.037217 10.724900 0.216762
145 18.543001 44.973011 0.000000 1.569160 1.386258 2.413790 4.634310 9.593969 0.206602
146 18.864016 45.106930 0.000000 1.556285 1.462197 2.698548 5.554876 12.443409 0.250248
147 19.410141 45.208401 0.000000 1.777970 1.408188 2.487212 4.864415 10.310228 0.212031
148 19.037153 45.520142 0.000000 1.546754 1.315614 2.176140 3.965441 7.818310 0.250001
149 18.774763 45.372944 0.000000 1.733945 1.395505 2.468216 4.882373 10.572525 0.295744
150 18.702099 45.678398 0.000000 1.425700 1.380813 2.395244 4.592048 9.536636 0.333333
