%% Trajectory 17
%% frame x (pixel)     y (pixel)    z (pixel)      m0         m1           m2           m3           m4           s 
70 32.514053 58.240974 0.000000 0.597486 1.327328 2.199770 3.999859 7.829142 0.200000
72 32.369938 58.419365 0.000000 0.613593 1.288105 2.090656 3.736940 7.233638 0.250000
73 32.323154 58.297417 0.000000 0.795952 1.312845 2.148174 3.831483 7.298349 0.200002
74 32.237881 58.408321 0.000000 0.771893 1.282162 2.073298 3.689082 7.100389 0.200000
75 32.358669 58.297359 0.000000 0.786984 1.275953 2.042422 3.578468 6.740446 0.200000
76 32.539040 58.148037 0.000000 0.882616 1.350217 2.274619 4.202935 8.347431 0.200348
77 32.400951 58.355324 0.000000 0.954312 1.288572 2.078767 3.672395 6.977817 0.200023
78 32.179165 58.408222 0.000000 1.029003 1.296417 2.113929 3.786169 7.315514 0.250001
79 32.282852 58.220455 0.000000 1.114077 1.309315 2.154431 3.902714 7.644866 0.250004
80 32.022518 58.329651 0.000000 0.954156 1.332252 2.221792 4.073908 8.055601 0.333432
81 32.178867 58.143166 0.000000 0.995551 1.346319 2.269730 4.209151 8.418357 0.333352
82 32.437492 58.121471 0.000000 0.943341 1.357797 2.303468 4.296030 8.636624 0.250052
83 32.238686 58.143635 0.000000 1.024334 1.349925 2.282241 4.250319 8.552030 0.333333
84 32.216560 58.257759 0.000000 1.165144 1.298483 2.124495 3.826842 7.453850 0.333333
85 32.275051 58.356033 0.000000 1.157084 1.277035 2.043518 3.572871 6.700034 0.333333
86 32.232285 58.259026 0.000000 1.175333 1.332205 2.213421 4.026360 7.860817 0.333333
87 32.196941 58.126160 0.000000 1.175225 1.358132 2.297026 4.264750 8.522533 0.333333
88 32.058689 58.192230 0.000000 1.202322 1.338063 2.248720 4.159810 8.304708 0.333333
89 32.012833 58.237381 0.000000 1.136800 1.353975 2.311973 4.368079 8.947464 0.250065
90 32.111023 58.044079 0.000000 1.167125 1.368832 2.356322 4.486069 9.254139 0.250092
91 32.013119 58.203777 0.000000 1.338966 1.364164 2.350905 4.494441 9.337175 0.333333
92 32.119003 58.130028 0.000000 1.012407 1.365639 2.339474 4.429114 9.086315 0.173544
93 32.297066 58.228264 0.000000 1.165042 1.283900 2.063729 3.622431 6.811585 0.166667
94 32.113945 58.182060 0.000000 1.286287 1.363988 2.322428 4.349408 8.782959 0.166722
95 32.208412 58.046387 0.000000 1.163788 1.367177 2.335090 4.384740 8.867188 0.169882
96 32.293278 57.861061 0.000000 1.216102 1.299941 2.127283 3.823958 7.409128 0.166774
97 32.334328 57.614235 0.000000 1.152435 1.327579 2.196242 3.964885 7.653142 0.304253
98 32.356133 57.457283 0.000000 1.209627 1.288628 2.076824 3.652948 6.878133 0.166925
99 32.551128 57.458981 0.000000 1.188204 1.286536 2.071394 3.640360 6.850334 0.255535
100 32.613354 57.289265 0.000000 1.110495 1.319352 2.174053 3.924097 7.611988 0.300512
101 32.337784 57.083294 0.000000 0.953210 1.325471 2.207379 4.047811 8.022211 0.367279
102 32.907955 57.027370 0.000000 0.820891 1.445931 2.611421 5.226113 11.329993 0.202976
103 32.904629 57.149307 0.000000 0.801865 1.371746 2.353476 4.457775 9.131932 0.248917
104 32.619789 57.241405 0.000000 0.788614 1.340266 2.246931 4.146211 8.265077 0.230774
105 32.881401 57.941765 0.000000 0.751498 1.396903 2.477018 4.890175 10.503722 0.204988
