%% Trajectory 24
%% frame x (pixel)     y (pixel)    z (pixel)      m0         m1           m2           m3           m4           s 
145 44.018810 53.688084 0.000000 1.520639 1.287020 2.127084 3.907589 7.829679 0.200000
146 44.262947 53.637253 0.000000 1.546217 1.200373 1.827343 3.046257 5.484154 0.225313
147 44.230743 53.764191 0.000000 1.513005 1.173955 1.755839 2.877586 5.105415 0.327478
148 44.186436 53.747475 0.000000 1.371106 1.208778 1.858409 3.142198 5.763248 0.221251
149 44.171917 53.707657 0.000000 1.436897 1.179634 1.778054 2.941739 5.272056 0.250002
150 44.153393 53.813820 0.000000 1.576841 1.223584 1.902582 3.249902 6.002565 0.333333
151 44.108383 53.922047 0.000000 1.720628 1.251241 1.984850 3.460496 6.518145 0.250000
152 44.034248 53.796886 0.000000 1.728187 1.280301 2.095078 3.792338 7.448858 0.333333
153 44.114159 53.946476 0.000000 2.137233 1.268976 2.042796 3.620171 6.938259 0.333333
154 44.096874 53.711697 0.000000 2.374064 1.232856 1.923334 3.288379 6.058909 0.333333
155 44.295601 53.829395 0.000000 1.834528 1.211311 1.858671 3.127899 5.688226 0.250000
156 44.090748 53.813427 0.000000 2.090583 1.236632 1.933717 3.314993 6.124673 0.250000
157 44.004562 53.742241 0.000000 2.178874 1.297682 2.127029 3.834451 7.457034 0.166667
158 44.138073 53.837894 0.000000 2.266638 1.252185 1.983253 3.444421 6.444301 0.250000
159 43.955318 54.022541 0.000000 1.955804 1.316623 2.210538 4.120671 8.357973 0.166667
160 44.008106 53.774059 0.000000 2.569352 1.303620 2.153289 3.927691 7.758262 0.250000
161 43.983459 53.841763 0.000000 2.584702 1.310716 2.178387 4.003875 7.980522 0.256005
162 44.103378 53.934444 0.000000 2.311356 1.275205 2.060217 3.666861 7.059283 0.250471
163 44.086956 53.758984 0.000000 1.966143 1.238001 1.941314 3.339467 6.196449 0.200000
164 44.234077 53.737473 0.000000 2.407049 1.232618 1.943323 3.397422 6.499641 0.399980
165 44.253258 53.854351 0.000000 2.096064 1.227868 1.911919 3.276196 6.088037 0.236146
166 44.073582 53.818657 0.000000 2.190164 1.270900 2.045753 3.619703 6.912060 0.200000
167 44.113388 53.861568 0.000000 2.395984 1.239220 1.945073 3.349007 6.217295 0.220838
168 44.141697 53.871914 0.000000 2.398032 1.251703 1.979589 3.437041 6.439263 0.168659
169 43.997757 53.713562 0.000000 2.049026 1.258484 2.047782 3.731654 7.498989 0.166667
170 44.102577 53.824924 0.000000 2.158100 1.291137 2.145585 4.000590 8.228979 0.205261
171 43.983730 53.897980 0.000000 2.093834 1.304584 2.199118 4.149272 8.592886 0.142857
172 43.956394 53.911098 0.000000 2.440989 1.301318 2.170262 4.009185 8.037510 0.200000
173 43.854595 54.052013 0.000000 2.712920 1.303463 2.142774 3.879564 7.588008 0.200006
174 43.980286 53.724140 0.000000 2.464269 1.301023 2.143999 3.894601 7.649937 0.200056
175 44.041401 53.720486 0.000000 2.859635 1.306623 2.166723 3.982842 7.969748 0.200000
176 44.047031 53.960331 0.000000 2.691627 1.310711 2.180950 4.020451 8.049853 0.479989
177 44.117149 53.898155 0.000000 3.004716 1.293031 2.112342 3.797771 7.373014 0.260559
178 44.189255 53.782913 0.000000 2.775719 1.267484 2.054094 3.699672 7.288680 0.168496
179 44.062607 53.855236 0.000000 2.963866 1.273860 2.068188 3.713136 7.238019 0.201825
180 43.806007 53.838409 0.000000 2.519075 1.268288 2.024562 3.542162 6.671657 0.200613
181 43.815239 53.733269 0.000000 2.664978 1.269478 2.023035 3.525940 6.598601 0.283809
182 43.536171 53.915737 0.000000 2.573429 1.267757 2.016811 3.509994 6.562296 0.263866
183 43.729465 53.754097 0.000000 2.431862 1.244771 1.954864 3.362212 6.226622 0.193618
184 43.660164 53.495552 0.000000 2.672896 1.244104 1.948518 3.336232 6.140139 0.255180
185 43.808941 53.311779 0.000000 1.876143 1.194519 1.826023 3.083590 5.690946 0.200000
186 43.618134 53.180546 0.000000 1.954796 1.186118 1.784449 2.937421 5.224313 0.200000
187 43.540592 53.134335 0.000000 1.957370 1.247863 1.958930 3.363221 6.208220 0.166694
188 43.203133 53.052219 0.000000 1.957865 1.278539 2.078959 3.741579 7.319914 0.250000
189 43.192387 53.078171 0.000000 1.569297 1.278814 2.078106 3.726846 7.245323 0.250000
