%% Trajectory 16
%% frame x (pixel)     y (pixel)    z (pixel)      m0         m1           m2           m3           m4           s 
94 20.077566 46.667141 0.000000 1.327602 1.349545 2.296556 4.307924 8.724443 0.200000
95 19.975660 46.100552 0.000000 1.616492 1.381977 2.433630 4.767844 10.149224 0.200000
97 19.931581 46.417912 0.000000 1.766947 1.335105 2.272013 4.300563 8.880994 0.186868
98 20.105688 46.410461 0.000000 2.045386 1.309005 2.206727 4.146566 8.508189 0.258879
99 20.236553 46.517754 0.000000 2.573095 1.264706 2.016164 3.524497 6.638343 0.250000
100 20.205688 46.596722 0.000000 2.271936 1.283876 2.081225 3.703413 7.098658 0.200000
101 20.173399 46.797188 0.000000 2.073001 1.217409 1.893176 3.237515 5.992034 0.201069
102 20.276138 46.828308 0.000000 2.698749 1.310325 2.166445 3.939706 7.731553 0.250076
103 20.406218 47.006855 0.000000 2.455773 1.265771 2.035709 3.611341 6.950694 0.367815
105 20.504572 47.156425 0.000000 3.115298 1.317135 2.207533 4.117918 8.385988 0.250010
106 20.478510 46.687145 0.000000 2.832118 1.299257 2.141916 3.914108 7.794582 0.253532
107 20.571815 46.814224 0.000000 3.018233 1.322458 2.204507 4.053261 8.062697 0.252021
108 20.468056 46.641972 0.000000 2.740223 1.316639 2.192542 4.035588 8.050415 0.254215
109 20.628393 47.011646 0.000000 2.720764 1.271405 2.094028 3.876540 7.923047 0.254520
110 20.600304 47.407005 0.000000 2.769893 1.215478 1.887159 3.236596 6.055277 0.250806
111 20.540819 47.122635 0.000000 2.890634 1.228091 1.942628 3.434179 6.702923 0.257044
112 20.582056 46.921150 0.000000 3.378056 1.287620 2.114727 3.861109 7.708837 0.250575
113 20.699762 46.859688 0.000000 3.246293 1.302048 2.132601 3.851289 7.536114 0.244159
114 20.461248 47.102314 0.000000 3.163328 1.252656 1.983664 3.448989 6.475101 0.250029
115 20.516033 46.970943 0.000000 3.633446 1.329730 2.242186 4.200327 8.574655 0.200011
116 20.781061 46.740330 0.000000 4.002345 1.384895 2.406905 4.625336 9.617953 0.250000
117 20.662100 46.953442 0.000000 3.850127 1.305125 2.149011 3.896430 7.635743 0.206298
118 20.753334 46.979275 0.000000 4.027057 1.357454 2.331177 4.441508 9.194510 0.306109
119 20.648525 46.810364 0.000000 4.543247 1.345976 2.263616 4.186541 8.350779 0.200000
120 20.739491 46.743343 0.000000 4.198087 1.361195 2.327172 4.396098 8.996566 0.200000
121 20.711952 46.857182 0.000000 4.215111 1.362608 2.334071 4.418566 9.058502 0.254749
122 20.792181 46.911606 0.000000 4.082170 1.341255 2.271810 4.256511 8.653115 0.366552
123 20.869406 46.668320 0.000000 4.401670 1.324588 2.204868 4.046169 8.036627 0.253207
124 20.947535 46.668941 0.000000 3.863331 1.333305 2.239674 4.163545 8.408900 0.250000
125 21.078026 46.543465 0.000000 3.683659 1.308057 2.148814 3.886294 7.601857 0.250202
126 21.265116 46.441452 0.000000 3.951711 1.312571 2.154231 3.870934 7.469722 0.250000
127 21.465843 46.161598 0.000000 3.877940 1.330995 2.225673 4.097335 8.142723 0.250000
128 21.659969 46.044231 0.000000 4.026347 1.378465 2.370486 4.490241 9.180246 0.250000
130 21.851759 46.045967 0.000000 2.705355 1.405577 2.466344 4.767685 9.933912 0.250065
132 21.171349 45.490166 0.000000 2.497289 1.336925 2.228970 4.078521 8.036439 0.250000
133 21.155024 45.298965 0.000000 1.780219 1.326053 2.218261 4.109481 8.281902 0.339966
135 20.910725 44.389858 0.000000 1.686970 1.362979 2.337869 4.430806 9.095970 0.333333
