%% Trajectory 14
%% frame x (pixel)     y (pixel)    z (pixel)      m0         m1           m2           m3           m4           s 
49 38.288437 51.058914 0.000000 1.360035 1.317682 2.222636 4.185884 8.631107 0.200000
50 38.569084 50.985126 0.000000 1.384167 1.290269 2.113695 3.825753 7.515697 0.200000
51 38.442764 51.034138 0.000000 1.528093 1.291684 2.126631 3.905676 7.875697 0.200000
52 38.138649 51.097958 0.000000 1.478757 1.339242 2.273886 4.289827 8.815941 0.200000
53 38.123722 50.593559 0.000000 1.357407 1.244236 1.960629 3.391873 6.334630 0.166667
54 38.228260 50.795731 0.000000 1.541054 1.273533 2.055401 3.660508 7.073713 0.200000
55 38.266563 51.147755 0.000000 1.791111 1.340581 2.258753 4.218429 8.576196 0.217549
56 38.258812 50.906979 0.000000 1.957908 1.284968 2.098537 3.801683 7.514363 0.200114
57 38.400463 50.990765 0.000000 2.035266 1.294109 2.132369 3.909388 7.844205 0.207143
58 38.366562 50.914082 0.000000 2.226674 1.259289 2.013940 3.557250 6.827633 0.200121
59 38.344807 50.806870 0.000000 2.726942 1.258027 2.003925 3.520336 6.712990 0.227995
60 38.346600 50.909489 0.000000 2.682065 1.318259 2.203641 4.100046 8.340075 0.167601
61 38.557411 50.950287 0.000000 2.577770 1.285859 2.103624 3.832359 7.654394 0.235038
62 38.493816 50.841251 0.000000 3.128304 1.264885 2.018678 3.539798 6.708083 0.200000
63 38.546936 50.811008 0.000000 3.112500 1.277511 2.064390 3.685234 7.152343 0.166667
64 38.582653 50.834053 0.000000 3.056647 1.293576 2.112236 3.812907 7.484231 0.169624
65 38.660740 50.638828 0.000000 2.998662 1.302204 2.136173 3.864413 7.576950 0.200185
66 38.614452 50.646774 0.000000 3.244317 1.275120 2.040967 3.576550 6.739821 0.171647
67 38.680218 50.388920 0.000000 3.541569 1.303704 2.117624 3.755441 7.132046 0.184828
68 38.676750 50.227539 0.000000 3.734621 1.312150 2.153751 3.877125 7.513743 0.176042
69 38.679005 50.020500 0.000000 3.046569 1.325275 2.223979 4.139834 8.389032 0.200001
70 38.632225 49.843040 0.000000 3.341908 1.338797 2.243971 4.143631 8.269153 0.200003
71 38.660885 49.635124 0.000000 3.351238 1.320514 2.172745 3.913099 7.566112 0.166689
72 38.498203 49.628452 0.000000 3.267779 1.295123 2.093673 3.694453 6.979392 0.167688
73 38.605385 49.511669 0.000000 3.392593 1.302908 2.122447 3.780302 7.221949 0.167704
74 38.573639 49.479053 0.000000 3.026263 1.300666 2.108209 3.727778 7.051202 0.184371
75 38.609272 49.251514 0.000000 2.828810 1.300426 2.110848 3.737491 7.076986 0.201980
77 37.503593 49.121994 0.000000 2.665539 1.359191 2.317958 4.358822 8.862484 0.449110
78 37.420834 49.102169 0.000000 2.733306 1.329268 2.215508 4.060239 8.025393 0.350101
79 37.588024 48.756908 0.000000 2.227342 1.352022 2.288460 4.267013 8.598813 0.200000
