%% Trajectory 18
%% frame x (pixel)     y (pixel)    z (pixel)      m0         m1           m2           m3           m4           s 
87 49.580601 21.721157 0.000000 1.595419 1.385061 2.426843 4.710529 9.901522 0.200000
88 49.532490 22.227201 0.000000 1.572121 1.269241 2.075041 3.795748 7.648418 0.200000
89 49.914303 21.500700 0.000000 1.670480 1.278907 2.065010 3.664612 7.016628 0.169882
91 49.683922 22.080372 0.000000 1.936083 1.330816 2.257729 4.246946 8.677603 0.223066
92 49.630733 22.018671 0.000000 2.486820 1.328188 2.229860 4.146102 8.370652 0.207346
93 49.827690 21.713476 0.000000 2.118996 1.292259 2.096299 3.726384 7.125201 0.314035
94 49.754520 21.823776 0.000000 2.713579 1.292000 2.104262 3.782316 7.380368 0.200005
95 50.087353 21.914961 0.000000 2.661290 1.328941 2.220366 4.088385 8.132344 0.245258
96 50.033089 21.741955 0.000000 3.159522 1.322828 2.235625 4.220797 8.731349 0.201859
97 49.816158 21.829687 0.000000 3.931277 1.346640 2.270420 4.216319 8.462309 0.201062
98 49.669899 22.006374 0.000000 4.002634 1.334795 2.241350 4.154454 8.337677 0.391194
99 49.637306 21.744974 0.000000 4.387961 1.291372 2.094792 3.730650 7.166550 0.313971
100 49.571808 21.752975 0.000000 4.843451 1.307009 2.131812 3.806391 7.302700 0.200000
101 49.461784 21.652466 0.000000 4.735157 1.270718 2.021833 3.514013 6.551359 0.200240
102 49.594780 21.816320 0.000000 5.082533 1.301193 2.126721 3.818017 7.393629 0.205730
103 49.526852 21.762300 0.000000 5.156915 1.308876 2.135627 3.800894 7.233299 0.206228
104 49.487221 21.784990 0.000000 5.005017 1.292176 2.085524 3.679362 6.964735 0.363637
106 49.547535 21.721865 0.000000 5.693430 1.290226 2.087544 3.698943 7.047095 0.166667
107 49.620735 21.802128 0.000000 5.727123 1.318348 2.167075 3.895876 7.513316 0.166667
108 49.634438 21.577461 0.000000 6.332000 1.298049 2.111715 3.771327 7.263240 0.142857
109 49.539291 21.676678 0.000000 5.612824 1.297129 2.117622 3.808070 7.414470 0.142857
110 49.421150 21.617567 0.000000 6.317870 1.285419 2.064981 3.620487 6.797593 0.125000
111 49.439953 21.508137 0.000000 6.791029 1.280605 2.051893 3.589987 6.730865 0.200000
112 49.432587 21.695690 0.000000 6.672253 1.276005 2.040624 3.563523 6.669084 0.166667
113 49.557598 21.708609 0.000000 6.591121 1.275685 2.041441 3.567991 6.683665 0.166667
114 49.478138 21.701832 0.000000 6.243669 1.283521 2.059499 3.606560 6.763543 0.166667
115 49.500462 21.814087 0.000000 6.083764 1.304390 2.119002 3.755268 7.119370 0.200000
116 49.187576 21.790266 0.000000 6.670959 1.313937 2.160618 3.887983 7.505499 0.200000
117 49.189804 21.778303 0.000000 6.431855 1.311057 2.153068 3.873205 7.484952 0.200000
118 49.058331 21.883842 0.000000 6.222414 1.357351 2.302951 4.298628 8.650172 0.250000
119 48.875969 21.891659 0.000000 6.044419 1.329322 2.219283 4.083476 8.123841 0.142857
120 48.799469 21.925053 0.000000 5.848849 1.318568 2.183135 3.975994 7.814964 0.200000
121 48.717041 22.095467 0.000000 5.795414 1.305010 2.145239 3.880705 7.581479 0.200000
122 48.615086 22.230637 0.000000 6.023668 1.257753 1.985975 3.427464 6.352570 0.200000
123 48.536839 22.485725 0.000000 5.196637 1.322246 2.182445 3.948951 7.686674 0.200000
124 48.174721 22.637222 0.000000 5.827386 1.326192 2.203754 4.025563 7.932671 0.200000
126 47.400742 22.360691 0.000000 4.042773 1.356896 2.304712 4.306287 8.673267 0.200001
127 47.062466 22.201855 0.000000 3.269243 1.347839 2.297522 4.335074 8.865464 0.142922
