%% Trajectory 21
%% frame x (pixel)     y (pixel)    z (pixel)      m0         m1           m2           m3           m4           s 
98 46.271969 37.721169 0.000000 1.909858 1.267565 2.016760 3.507045 6.544400 0.171186
101 46.412437 37.845181 0.000000 1.882821 1.272088 2.041899 3.605248 6.885711 0.166822
102 46.307705 37.913403 0.000000 2.050264 1.299183 2.139059 3.904233 7.763418 0.167435
103 46.181927 37.898552 0.000000 2.079800 1.328213 2.245954 4.242369 8.784759 0.209513
104 46.294071 37.842415 0.000000 1.897665 1.268868 2.032405 3.574878 6.785913 0.171808
105 46.358303 37.802338 0.000000 2.148789 1.281011 2.060101 3.630635 6.886354 0.323439
106 46.306633 37.854065 0.000000 2.142582 1.281916 2.077048 3.716852 7.221462 0.255052
107 46.362331 37.685421 0.000000 2.223769 1.265686 2.009187 3.485383 6.489311 0.269869
108 46.440750 37.530411 0.000000 1.927175 1.299233 2.117522 3.787162 7.297433 0.250000
109 46.438442 37.646820 0.000000 1.975660 1.261639 1.998317 3.459875 6.432094 0.250010
110 46.475945 37.519108 0.000000 2.207199 1.209748 1.853775 3.107314 5.613405 0.250062
111 46.368576 37.473850 0.000000 2.497386 1.246286 1.954986 3.353237 6.182762 0.256377
112 46.457390 37.500381 0.000000 2.472301 1.277620 2.043922 3.572331 6.695507 0.472520
113 46.439323 37.438148 0.000000 2.717043 1.235634 1.927450 3.288786 6.037367 0.250022
114 46.441711 37.554379 0.000000 2.499122 1.265681 2.008958 3.484166 6.484410 0.336298
115 46.438534 37.562347 0.000000 2.682450 1.290980 2.080824 3.659806 6.890397 0.200587
116 46.491066 37.579338 0.000000 2.850319 1.264704 2.018172 3.539843 6.713499 0.200000
117 46.482895 37.556629 0.000000 2.679939 1.300192 2.121582 3.808619 7.391708 0.201392
118 46.438515 37.658726 0.000000 2.741288 1.289565 2.076485 3.649045 6.865831 0.200017
119 46.379978 37.569065 0.000000 2.939777 1.306497 2.145516 3.879144 7.586491 0.200000
120 46.524502 37.628307 0.000000 3.216417 1.304425 2.134229 3.836241 7.440356 0.250000
121 46.414532 37.659473 0.000000 3.272905 1.324957 2.214975 4.101677 8.265685 0.333333
122 46.448349 37.610111 0.000000 3.638469 1.311464 2.161852 3.924421 7.705974 0.250000
123 46.386982 37.685211 0.000000 3.853391 1.356599 2.312788 4.367430 8.964553 0.333333
124 46.431988 37.721630 0.000000 4.246421 1.348057 2.295745 4.343170 8.956087 0.336666
125 46.378662 37.641884 0.000000 4.188465 1.324837 2.210345 4.073877 8.143308 0.333333
126 46.407738 37.667244 0.000000 3.811446 1.356642 2.314072 4.372957 8.982046 0.250000
127 46.323940 37.801453 0.000000 4.080659 1.395241 2.455337 4.810328 10.271020 0.333333
128 46.411083 37.714050 0.000000 4.144073 1.311750 2.158598 3.911880 7.670062 0.200000
129 46.440056 37.738731 0.000000 4.111684 1.341756 2.262920 4.221071 8.548762 0.200000
130 46.360104 37.835289 0.000000 4.413327 1.378366 2.394850 4.623533 9.717135 0.200000
131 46.410568 37.837673 0.000000 4.586517 1.385636 2.414899 4.677976 9.869110 0.250000
132 46.507622 37.751438 0.000000 4.567696 1.354428 2.312314 4.380987 9.038125 0.200000
133 46.501125 37.797779 0.000000 4.302317 1.349043 2.294065 4.326839 8.881928 0.250000
134 46.473083 37.722290 0.000000 4.937321 1.351306 2.296404 4.321990 8.840388 0.200000
135 46.449730 37.691673 0.000000 4.386845 1.334494 2.246409 4.192456 8.519704 0.250000
136 46.488819 37.766850 0.000000 4.240313 1.368078 2.364533 4.549363 9.553304 0.250000
137 46.336971 37.677204 0.000000 3.896613 1.350058 2.306068 4.382992 9.093867 0.333333
138 46.379154 37.689922 0.000000 3.907843 1.355044 2.332351 4.485571 9.453544 0.250000
139 46.281494 37.636082 0.000000 4.205143 1.348951 2.307787 4.405924 9.211724 0.333333
140 46.243660 37.718552 0.000000 3.900929 1.429631 2.577001 5.186733 11.394321 0.250000
141 46.099041 37.675091 0.000000 3.406812 1.398777 2.469805 4.856707 10.407199 0.333333
142 45.886936 37.468784 0.000000 3.344496 1.444281 2.635401 5.367059 11.914557 0.250700
143 45.706520 37.516209 0.000000 3.447899 1.379827 2.410838 4.706737 10.061712 0.253503
144 45.706238 37.439835 0.000000 2.967567 1.420045 2.551090 5.131175 11.297928 0.250773
145 45.576942 37.724537 0.000000 2.752959 1.466390 2.732875 5.728018 13.154076 0.250000
146 45.347660 37.557632 0.000000 2.610220 1.472368 2.762205 5.835708 13.505891 0.250000
147 45.361618 37.886726 0.000000 2.139304 1.498076 2.874092 6.223874 14.764332 0.250000
