%% Trajectory 18
%% frame x (pixel)     y (pixel)    z (pixel)      m0         m1           m2           m3           m4           s 
73 15.329031 29.079741 0.000000 1.912874 1.289558 2.093549 3.728152 7.145561 0.200002
75 15.301034 29.083853 0.000000 1.936357 1.270393 2.036151 3.584655 6.807376 0.330027
76 15.276537 28.979891 0.000000 2.145677 1.301505 2.136886 3.862671 7.539930 0.201369
77 15.349330 29.076014 0.000000 2.102930 1.263003 2.009868 3.502978 6.566812 0.262452
78 15.289265 29.087788 0.000000 2.273669 1.281394 2.068269 3.665732 7.003561 0.340204
79 15.413813 29.032499 0.000000 2.227543 1.267336 2.018137 3.514559 6.570853 0.288875
80 15.358217 29.017773 0.000000 2.173983 1.312928 2.166008 3.921687 7.639684 0.226575
81 15.287743 29.105904 0.000000 2.457258 1.280339 2.062384 3.643824 6.932224 0.351644
82 15.237418 29.154350 0.000000 2.345034 1.289911 2.090839 3.724293 7.158622 0.314545
83 15.319385 29.106331 0.000000 2.341737 1.268993 2.026263 3.542310 6.656507 0.289132
84 15.320135 29.123026 0.000000 2.492180 1.283259 2.065028 3.633955 6.861008 0.255032
85 15.335213 29.118296 0.000000 2.375977 1.273322 2.043937 3.600419 6.834306 0.386971
86 15.269011 29.161530 0.000000 2.380816 1.269501 2.028998 3.556407 6.715138 0.360707
87 15.297594 29.123478 0.000000 2.508024 1.279129 2.061614 3.645604 6.943063 0.353925
88 15.429901 29.216423 0.000000 2.470041 1.278628 2.049506 3.588060 6.731908 0.245520
89 15.251079 29.086184 0.000000 2.564184 1.293106 2.107164 3.777272 7.310636 0.225555
90 15.403775 29.164585 0.000000 2.467392 1.275210 2.036525 3.552993 6.647175 0.217671
91 15.320807 29.210793 0.000000 2.263918 1.250597 1.969772 3.393497 6.283875 0.170525
92 15.241433 29.202810 0.000000 2.360234 1.258453 1.997682 3.476533 6.517467 0.297711
93 15.411884 29.324780 0.000000 2.440444 1.239806 1.939321 3.318992 6.110880 0.319258
94 15.337176 29.320127 0.000000 2.066271 1.244268 1.948244 3.336503 6.145788 0.296792
95 15.233680 29.232803 0.000000 2.670666 1.275542 2.052816 3.632525 6.943112 0.239713
96 15.241508 29.252855 0.000000 2.231145 1.264048 2.008715 3.499288 6.568097 0.213236
97 15.336323 29.179428 0.000000 2.574786 1.283396 2.070726 3.664374 6.982141 0.201037
98 15.339039 29.317324 0.000000 2.567980 1.254749 1.979738 3.416896 6.339496 0.166670
99 15.381964 29.217060 0.000000 2.612887 1.247036 1.957518 3.360936 6.204833 0.200129
100 15.330401 29.314121 0.000000 2.366413 1.272672 2.030372 3.539472 6.618371 0.200026
101 15.202735 29.257910 0.000000 2.722421 1.281669 2.067805 3.668488 7.034223 0.166695
102 15.393345 29.234253 0.000000 2.545573 1.284983 2.064833 3.625338 6.824996 0.166691
103 15.417739 29.279140 0.000000 2.449754 1.266627 2.018586 3.523632 6.618346 0.200028
104 15.283172 29.284142 0.000000 2.477432 1.258301 1.986489 3.429432 6.362242 0.166667
105 15.176179 29.347744 0.000000 2.246289 1.276920 2.048025 3.596359 6.790123 0.323436
106 15.254059 29.250845 0.000000 2.421609 1.292301 2.090361 3.700827 7.037176 0.255052
107 15.373177 29.429873 0.000000 2.445897 1.277280 2.045317 3.578335 6.712158 0.269869
108 15.377621 29.495605 0.000000 2.802495 1.304849 2.126368 3.791071 7.256598 0.304089
109 15.280158 29.669481 0.000000 2.393426 1.315001 2.167956 3.926769 7.665666 0.250010
110 15.416270 29.470322 0.000000 2.534909 1.295076 2.095900 3.701864 6.997200 0.250062
111 15.364536 29.445906 0.000000 2.734596 1.292798 2.085779 3.673269 6.926369 0.256377
112 15.393695 29.601688 0.000000 2.519892 1.276396 2.051919 3.623889 6.909281 0.472520
113 15.229987 29.313196 0.000000 2.287020 1.250721 1.969100 3.390933 6.277186 0.250022
114 15.501927 29.385744 0.000000 2.371469 1.288515 2.079512 3.670072 6.950741 0.336298
115 15.722180 29.571930 0.000000 2.267218 1.352144 2.297080 4.315376 8.788686 0.200003
116 15.758807 29.369385 0.000000 2.120526 1.323943 2.193577 3.983828 7.772787 0.245433
117 15.958543 29.379791 0.000000 2.050931 1.388768 2.406452 4.591830 9.443685 0.200176
118 16.005527 29.594210 0.000000 2.037479 1.378970 2.396677 4.619882 9.673621 0.200294
119 15.986402 29.655558 0.000000 1.788055 1.425678 2.565852 5.136025 11.169162 0.208102
120 16.242708 29.536896 0.000000 1.880232 1.370484 2.351786 4.464864 9.196883 0.250000
122 16.883926 29.938469 0.000000 1.703716 1.426607 2.552515 5.059001 10.855287 0.250000
