%% Trajectory 8
%% frame x (pixel)     y (pixel)    z (pixel)      m0         m1           m2           m3           m4           s 
22 31.969059 11.223888 0.000000 1.082257 1.305025 2.157419 3.935486 7.765875 0.250157
23 31.803297 11.420433 0.000000 1.422997 1.314713 2.177364 3.983876 7.908833 0.168226
24 31.859184 11.510211 0.000000 1.437296 1.351575 2.271991 4.202601 8.394296 0.166540
25 31.950001 11.524249 0.000000 1.933014 1.340451 2.253596 4.169587 8.323042 0.250000
26 31.811335 11.688648 0.000000 2.320430 1.325531 2.198704 3.998679 7.820392 0.200000
27 31.861347 11.652148 0.000000 2.312056 1.332148 2.224645 4.083072 8.080364 0.200000
28 31.842360 11.521998 0.000000 2.523847 1.333748 2.222851 4.065201 8.001298 0.250000
29 31.837109 11.415442 0.000000 2.947446 1.326714 2.210653 4.053999 8.023872 0.333333
30 31.845179 11.316431 0.000000 2.891519 1.332091 2.226126 4.099250 8.155528 0.250000
31 31.680489 11.446488 0.000000 3.235609 1.316513 2.172448 3.940605 7.711244 0.200000
32 31.733498 11.428315 0.000000 3.701812 1.330456 2.211248 4.033335 7.919694 0.333333
33 31.648558 11.492785 0.000000 4.192610 1.333883 2.238946 4.151639 8.348380 0.250000
34 31.651585 11.385571 0.000000 4.593461 1.305299 2.131069 3.810394 7.322059 0.250000
35 31.595224 11.419762 0.000000 5.016693 1.318919 2.172192 3.913364 7.563881 0.250002
36 31.523699 11.370872 0.000000 4.864124 1.325086 2.187184 3.946067 7.630027 0.250001
37 31.598457 11.393606 0.000000 4.865897 1.331808 2.217294 4.051735 7.972567 0.250001
38 31.624744 11.418961 0.000000 4.959106 1.329384 2.200597 3.985348 7.744395 0.250000
39 31.673174 11.354048 0.000000 5.340508 1.334946 2.225864 4.077045 8.047494 0.250000
40 31.595901 11.579295 0.000000 5.481196 1.332343 2.206045 3.991357 7.736011 0.250000
41 31.643387 11.324750 0.000000 5.603060 1.353960 2.287937 4.249351 8.505721 0.200000
42 31.581669 11.497433 0.000000 5.964565 1.341337 2.227857 4.036159 7.816113 0.250000
43 31.468203 11.409306 0.000000 5.909891 1.342260 2.239675 4.083081 7.970564 0.200000
44 31.630444 11.436090 0.000000 5.836078 1.334750 2.219707 4.044208 7.918017 0.200000
45 31.609426 11.489884 0.000000 6.640666 1.350542 2.264759 4.152487 8.160445 0.250000
46 31.573351 11.486464 0.000000 6.972155 1.378585 2.361641 4.441120 8.986751 0.250000
47 31.598450 11.456899 0.000000 7.235751 1.356343 2.294796 4.265942 8.545524 0.250000
48 31.528988 11.475882 0.000000 7.274274 1.372608 2.340682 4.377452 8.799400 0.166667
49 31.581629 11.424611 0.000000 6.944316 1.373998 2.354473 4.441591 9.044663 0.166667
50 31.548630 11.494102 0.000000 7.540254 1.383006 2.375168 4.481365 9.106946 0.250000
51 31.521111 11.326604 0.000000 7.768827 1.366263 2.321484 4.328146 8.679955 0.200000
52 31.565300 11.447270 0.000000 7.693086 1.393551 2.413414 4.596214 9.433232 0.200000
53 31.576849 11.511936 0.000000 7.873317 1.396070 2.421518 4.622520 9.519179 0.166667
54 31.527802 11.525519 0.000000 7.963731 1.397676 2.422530 4.611165 9.445473 0.166667
55 31.555710 11.532617 0.000000 8.036631 1.384416 2.373790 4.458715 8.987509 0.166667
56 31.468729 11.457208 0.000000 8.148283 1.388443 2.384747 4.485212 9.052831 0.166667
57 31.503744 11.535020 0.000000 7.941336 1.384667 2.374954 4.461509 8.995541 0.166667
58 31.465641 11.545272 0.000000 7.981263 1.406791 2.456479 4.715562 9.747224 0.166667
59 31.536505 11.598750 0.000000 8.209201 1.398610 2.423180 4.607773 9.421050 0.166667
60 31.465391 11.522685 0.000000 7.789970 1.401575 2.437274 4.653367 9.551306 0.166667
61 31.547138 11.722464 0.000000 7.330364 1.440751 2.580738 5.103465 10.900484 0.142857
62 31.369324 11.718802 0.000000 7.570521 1.426602 2.517273 4.881014 10.181314 0.200000
63 31.416166 11.782872 0.000000 7.756417 1.422160 2.506570 4.859736 10.148360 0.166667
64 31.460649 12.176402 0.000000 7.675420 1.417755 2.496500 4.841125 10.123948 0.166667
65 31.368757 12.237446 0.000000 7.687378 1.416769 2.483680 4.781416 9.896714 0.166667
66 31.293745 12.256281 0.000000 7.675546 1.400130 2.433485 4.643540 9.524783 0.166667
67 31.122339 12.378268 0.000000 7.227326 1.424182 2.520951 4.915940 10.334925 0.166667
68 31.209192 12.396677 0.000000 6.863780 1.424359 2.511100 4.856750 10.086214 0.166667
69 31.018251 12.429977 0.000000 7.219604 1.432692 2.558516 5.043188 10.729472 0.166667
70 31.090086 12.737058 0.000000 6.593543 1.396404 2.436314 4.691888 9.769694 0.200000
71 31.122141 12.884455 0.000000 6.208762 1.427267 2.538919 4.989531 10.603748 0.200000
72 30.850906 12.958850 0.000000 5.570076 1.452244 2.621199 5.222015 11.226927 0.200004
73 31.101038 13.201447 0.000000 4.961301 1.417528 2.502567 4.866080 10.196884 0.200013
74 31.410830 13.510307 0.000000 4.710085 1.379883 2.365692 4.451605 9.010012 0.200000
75 31.236145 13.355208 0.000000 3.848520 1.425566 2.529744 4.952270 10.461601 0.200022
76 31.501057 13.758598 0.000000 3.451370 1.420310 2.500540 4.842131 10.097139 0.200013
77 31.240646 13.696070 0.000000 2.764410 1.460172 2.650224 5.312107 11.490962 0.200678
78 31.368542 14.296465 0.000000 2.942636 1.512791 2.839011 5.890145 13.185693 0.200003
79 31.410299 14.349619 0.000000 2.693687 1.460503 2.636366 5.241202 11.224063 0.173131
