%% Trajectory 42
%% frame x (pixel)     y (pixel)    z (pixel)      m0         m1           m2           m3           m4           s 
186 32.289253 29.892801 0.000000 2.063115 1.325216 2.225572 4.139968 8.370934 0.250001
187 32.297070 30.281181 0.000000 1.888787 1.365724 2.366013 4.568624 9.639080 0.333333
189 32.410202 29.981514 0.000000 2.096285 1.344697 2.263841 4.188485 8.344738 0.250025
190 32.194942 29.770660 0.000000 2.182357 1.356982 2.296454 4.267552 8.535635 0.333333
191 32.371696 29.745724 0.000000 2.123086 1.260431 2.015964 3.552061 6.782886 0.250000
193 31.863596 29.868902 0.000000 2.348743 1.337011 2.255905 4.193079 8.410955 0.250000
194 32.420921 29.996754 0.000000 2.781431 1.308467 2.152476 3.888612 7.568200 0.250000
196 32.526344 29.851704 0.000000 2.716308 1.295305 2.112779 3.789186 7.341115 0.250000
197 32.582672 29.831259 0.000000 2.769473 1.362821 2.307161 4.297600 8.645035 0.250000
198 32.304909 29.832544 0.000000 3.365569 1.354497 2.287946 4.246655 8.493085 0.250587
199 32.585785 29.966417 0.000000 3.014897 1.319160 2.179427 3.949524 7.699695 0.200000
200 32.626316 30.249182 0.000000 2.939139 1.289576 2.095931 3.746346 7.234562 0.250000
201 32.643879 30.414307 0.000000 3.313546 1.287466 2.077493 3.660875 6.909893 0.250000
202 32.554485 30.537006 0.000000 2.928406 1.309086 2.133324 3.790940 7.200006 0.200000
203 32.908203 30.577581 0.000000 3.278927 1.375772 2.374652 4.532938 9.381056 0.200000
204 32.799965 30.622217 0.000000 2.665658 1.300032 2.112643 3.753741 7.155535 0.200000
205 32.721390 30.694313 0.000000 3.195828 1.321541 2.171104 3.890059 7.449708 0.200001
206 33.119991 30.955917 0.000000 2.580798 1.352917 2.297791 4.302744 8.702489 0.200000
