%% Trajectory 6
%% frame x (pixel)     y (pixel)    z (pixel)      m0         m1           m2           m3           m4           s 
12 20.359251 41.143482 0.000000 2.018622 1.333347 2.214685 4.032606 7.890337 0.250000
13 20.121290 40.816936 0.000000 1.939038 1.329355 2.237579 4.162448 8.388361 0.250000
14 20.213085 40.884476 0.000000 1.995631 1.364793 2.333951 4.397860 8.946174 0.250000
15 20.525923 41.149178 0.000000 2.582101 1.303943 2.124404 3.782240 7.216537 0.389351
16 20.493118 41.142361 0.000000 3.105583 1.323459 2.198651 4.010463 7.877742 0.250005
17 20.423708 41.208652 0.000000 3.312934 1.342332 2.246916 4.121860 8.121347 0.284834
18 20.396778 41.071602 0.000000 3.583717 1.341796 2.255753 4.177669 8.359233 0.250000
19 20.459005 41.068340 0.000000 3.588462 1.355915 2.287579 4.224113 8.362717 0.250000
20 20.486702 41.030533 0.000000 3.947585 1.323446 2.194369 3.993970 7.828300 0.293428
21 20.481836 41.115841 0.000000 4.154322 1.319250 2.172383 3.909667 7.536708 0.260616
23 20.514629 41.049908 0.000000 5.609360 1.362019 2.321581 4.362250 8.857921 0.250000
24 20.548376 41.101795 0.000000 6.199049 1.324029 2.184155 3.933538 7.579584 0.250000
25 20.470913 41.182529 0.000000 6.203239 1.327002 2.202657 4.008068 7.839341 0.250000
26 20.564878 41.093998 0.000000 6.502316 1.338122 2.241082 4.126656 8.195169 0.250000
27 20.395611 41.122818 0.000000 6.557345 1.343502 2.261261 4.191669 8.392189 0.250000
28 20.473024 41.064911 0.000000 7.021478 1.346645 2.262889 4.174783 8.288617 0.250000
29 20.496508 41.063683 0.000000 7.615488 1.353225 2.289847 4.265090 8.574755 0.250000
30 20.473724 40.992771 0.000000 6.877019 1.359214 2.313988 4.341548 8.798069 0.200000
31 20.531977 41.042068 0.000000 7.080883 1.366522 2.329343 4.364588 8.810061 0.333333
32 20.545763 41.031448 0.000000 7.675424 1.338385 2.239326 4.115344 8.145713 0.250000
33 20.533001 40.946514 0.000000 7.699263 1.365948 2.324417 4.343225 8.730441 0.250000
34 20.590845 40.970963 0.000000 7.730541 1.368216 2.341800 4.417535 8.999619 0.250000
35 20.603754 40.868874 0.000000 7.316622 1.340196 2.238318 4.095036 8.042448 0.250000
36 20.734142 40.871311 0.000000 8.091124 1.351934 2.283080 4.233701 8.446724 0.333333
37 20.837006 40.898560 0.000000 7.673453 1.377909 2.377260 4.524957 9.306773 0.250000
38 20.966948 40.965965 0.000000 8.369335 1.428557 2.552099 5.043602 10.780139 0.250000
39 20.951326 40.971466 0.000000 7.751251 1.429097 2.551191 5.033616 10.732619 0.250000
40 21.097027 40.923710 0.000000 7.758245 1.424633 2.537926 5.002271 10.672212 0.250000
41 21.163664 40.939854 0.000000 7.391169 1.413920 2.494897 4.860505 10.229927 0.250000
42 21.336456 40.945717 0.000000 6.809862 1.419179 2.503153 4.862392 10.180485 0.200000
43 21.228329 41.066940 0.000000 6.682600 1.418476 2.508466 4.900943 10.351739 0.250000
44 21.285933 41.087738 0.000000 7.256618 1.427411 2.536786 4.971670 10.512869 0.250000
45 21.302835 41.023052 0.000000 6.430005 1.440307 2.585930 5.135057 11.026404 0.250000
46 21.546995 41.071812 0.000000 5.944752 1.503820 2.806318 5.798392 12.952421 0.250000
47 21.473581 40.854568 0.000000 5.785894 1.515814 2.862730 5.996882 13.589822 0.200000
48 21.123907 40.715240 0.000000 5.811816 1.426829 2.545998 5.030523 10.769943 0.250533
49 20.840279 40.747650 0.000000 5.808898 1.420262 2.517573 4.935205 10.472703 0.258372
50 20.775343 40.669254 0.000000 5.523420 1.388631 2.418396 4.664658 9.767392 0.256903
52 20.810154 40.369659 0.000000 4.961632 1.370180 2.364151 4.526247 9.427752 0.209616
53 21.121143 40.049915 0.000000 4.463646 1.429584 2.544117 4.993218 10.574577 0.200000
54 21.164707 40.134853 0.000000 3.974358 1.398579 2.443221 4.716942 9.855621 0.200000
55 21.429575 40.280205 0.000000 3.965284 1.333843 2.234825 4.133318 8.284351 0.200000
56 21.281641 40.382023 0.000000 3.329431 1.350338 2.289702 4.285612 8.686946 0.203247
57 21.496595 40.298355 0.000000 3.310571 1.338275 2.247782 4.169906 8.388895 0.318426
58 21.749269 40.386955 0.000000 3.376200 1.370914 2.354312 4.468524 9.189782 0.200237
59 21.739029 40.351498 0.000000 3.058739 1.370027 2.357906 4.503894 9.363517 0.268445
60 22.162838 40.223461 0.000000 2.745516 1.380644 2.402527 4.640519 9.744535 0.167974
61 22.032108 40.324802 0.000000 2.527802 1.340938 2.276524 4.302042 8.879110 0.166676
62 22.331400 40.304085 0.000000 2.357069 1.394747 2.443213 4.769995 10.173031 0.166667
