%% Trajectory 5
%% frame x (pixel)     y (pixel)    z (pixel)      m0         m1           m2           m3           m4           s 
3 51.441971 21.854406 0.000000 1.682779 1.358422 2.306989 4.306404 8.660041 0.202950
4 51.744999 21.821732 0.000000 1.732681 1.313776 2.157894 3.885857 7.526222 0.250000
5 51.727245 21.840225 0.000000 1.687675 1.375174 2.383291 4.592240 9.638016 0.309390
7 51.641045 21.945017 0.000000 1.790958 1.308851 2.161206 3.927391 7.706617 0.185435
8 51.927975 21.899218 0.000000 1.555004 1.407986 2.516173 5.025589 10.958032 0.300830
9 51.506115 21.721012 0.000000 2.065825 1.323370 2.195283 4.002704 7.869623 0.166748
10 51.709671 21.841049 0.000000 2.243082 1.366184 2.327697 4.354086 8.758233 0.204516
11 51.540798 22.038033 0.000000 2.571927 1.407544 2.463776 4.746703 9.851982 0.167014
12 51.700676 22.081385 0.000000 2.330080 1.348080 2.279259 4.240717 8.510655 0.392037
13 51.735291 21.792320 0.000000 2.215724 1.325579 2.203224 4.033070 7.982084 0.205525
14 51.606129 21.821569 0.000000 2.640324 1.344473 2.266447 4.208944 8.448830 0.298768
15 51.382183 21.916805 0.000000 2.591983 1.380046 2.382109 4.531085 9.301340 0.234751
16 51.657784 22.101656 0.000000 2.585720 1.391057 2.415725 4.621573 9.538950 0.252737
17 51.883339 21.841827 0.000000 2.786469 1.332572 2.224353 4.079307 8.057394 0.293760
18 51.395584 21.892555 0.000000 2.452677 1.352889 2.288407 4.258626 8.550903 0.200044
19 51.540901 22.064207 0.000000 2.542718 1.403864 2.457961 4.746480 9.898455 0.227874
20 51.600819 22.271225 0.000000 2.686321 1.311274 2.159812 3.911615 7.645043 0.210647
21 51.441017 22.401020 0.000000 2.429334 1.339619 2.247836 4.142830 8.221844 0.303003
22 51.361374 22.876225 0.000000 2.793913 1.337751 2.246733 4.158597 8.317245 0.299040
23 51.252869 22.912741 0.000000 2.588229 1.380448 2.374960 4.490693 9.139664 0.263306
24 51.192436 22.974100 0.000000 2.834498 1.338874 2.269065 4.260569 8.686097 0.316828
25 51.028980 22.989456 0.000000 2.846353 1.433717 2.570094 5.087825 10.871535 0.250000
26 50.793571 23.268614 0.000000 2.858480 1.320702 2.179759 3.945740 7.682844 0.341414
27 50.749969 23.434231 0.000000 2.949261 1.334444 2.213171 4.008344 7.769429 0.356521
28 50.412113 23.895052 0.000000 2.671077 1.460034 2.641476 5.267571 11.323881 0.203532
29 50.325790 24.097330 0.000000 2.353821 1.411478 2.479762 4.805839 10.058548 0.200000
31 49.846123 23.469854 0.000000 2.747280 1.367289 2.339839 4.411500 8.979589 0.250005
32 49.837193 23.052296 0.000000 2.436227 1.357555 2.335783 4.465368 9.292925 0.250753
33 50.008682 23.377357 0.000000 2.054272 1.416768 2.526011 5.001456 10.751520 0.250000
