%% Trajectory 16
%% frame x (pixel)     y (pixel)    z (pixel)      m0         m1           m2           m3           m4           s 
78 45.741577 6.818230 0.000000 1.482451 1.340358 2.268039 4.259313 8.707772 0.200851
79 45.823784 6.964842 0.000000 1.973864 1.370295 2.373544 4.563993 9.540165 0.335241
80 45.815571 6.933663 0.000000 2.044493 1.396111 2.426451 4.637397 9.541114 0.220547
81 45.851421 6.839062 0.000000 2.308082 1.375077 2.372617 4.529212 9.370928 0.200005
82 45.813011 7.144059 0.000000 2.600856 1.341312 2.265002 4.223695 8.525038 0.341663
83 45.869770 7.050335 0.000000 2.720992 1.386884 2.413339 4.645830 9.687668 0.200182
84 45.997345 7.180883 0.000000 3.256393 1.377428 2.387506 4.581587 9.530477 0.414251
85 45.868332 7.152769 0.000000 2.880191 1.416823 2.502148 4.872551 10.237674 0.337796
86 45.869583 6.936741 0.000000 2.972072 1.383051 2.412172 4.668175 9.812722 0.310492
87 45.892033 7.152940 0.000000 2.848012 1.420423 2.519471 4.933133 10.430987 0.336869
88 46.056583 7.180515 0.000000 3.387158 1.443566 2.593732 5.151168 11.057994 0.336118
89 45.938354 7.236922 0.000000 3.708905 1.445660 2.594611 5.128665 10.917520 0.333333
90 45.954468 7.369018 0.000000 3.941528 1.422446 2.516819 4.900671 10.273697 0.333333
91 45.975761 7.272043 0.000000 3.743983 1.390020 2.426149 4.688257 9.819800 0.333333
92 45.886429 7.309796 0.000000 3.850298 1.418424 2.499364 4.847039 10.125361 0.333333
93 45.840340 7.264027 0.000000 4.167043 1.414391 2.480750 4.779194 9.898354 0.333333
94 45.865219 7.522792 0.000000 3.707762 1.442315 2.584596 5.101950 10.851574 0.333334
95 45.770779 7.383429 0.000000 4.348531 1.418880 2.501545 4.852638 10.139812 0.333333
96 45.957001 7.455202 0.000000 4.950158 1.445762 2.591748 5.118948 10.895067 0.333333
97 45.927929 7.419641 0.000000 4.869337 1.457266 2.625590 5.201011 11.076861 0.500000
98 45.942162 7.594131 0.000000 4.934440 1.453869 2.627856 5.245687 11.308575 0.333333
100 46.252239 7.761693 0.000000 5.694089 1.439068 2.565223 5.033023 10.640337 0.333333
101 46.166313 7.753548 0.000000 6.319642 1.448549 2.600224 5.140841 10.954364 0.500000
102 46.259384 7.839613 0.000000 6.406993 1.435135 2.556758 5.017830 10.617110 0.500000
103 46.238644 8.118906 0.000000 6.583733 1.449638 2.607713 5.174492 11.083384 0.333333
104 46.400745 7.832757 0.000000 7.038196 1.423671 2.515655 4.896000 10.274376 0.333333
105 46.404110 8.101390 0.000000 7.063821 1.449725 2.602851 5.149481 10.986528 0.500000
106 46.435165 7.814150 0.000000 6.597424 1.469623 2.680545 5.405211 11.779670 0.500000
107 46.517040 7.860540 0.000000 6.554939 1.429565 2.533460 4.943068 10.394394 0.333333
108 46.475365 7.903300 0.000000 5.859499 1.460853 2.638978 5.246934 11.228477 0.333333
109 46.519073 7.878598 0.000000 6.382827 1.440688 2.579175 5.094705 10.865138 0.333333
110 46.489513 7.899916 0.000000 6.816740 1.413059 2.488143 4.832526 10.135213 0.333333
111 46.537235 8.170968 0.000000 6.845062 1.451046 2.593174 5.090681 10.746523 0.333333
112 46.420284 8.291736 0.000000 6.769331 1.430011 2.543722 5.001126 10.642281 0.333333
113 46.478001 8.320545 0.000000 6.829666 1.432114 2.534478 4.930523 10.328018 0.333333
114 46.427845 8.355600 0.000000 7.672091 1.404429 2.433421 4.614153 9.379718 0.333333
115 46.398373 8.475673 0.000000 7.061518 1.419474 2.504065 4.875195 10.263921 0.333333
116 46.457962 8.646166 0.000000 6.467632 1.414943 2.475018 4.754410 9.826409 0.250000
117 46.482845 8.848671 0.000000 6.458834 1.417135 2.493281 4.827299 10.071096 0.500000
118 46.171154 9.235847 0.000000 6.103105 1.438706 2.555836 4.990406 10.483789 0.333333
119 46.355915 9.396185 0.000000 6.248387 1.392625 2.401927 4.540468 9.218444 0.500000
120 46.377293 9.290403 0.000000 5.454241 1.400760 2.433535 4.646832 9.556647 0.500000
121 46.270580 9.466255 0.000000 4.831697 1.427975 2.514673 4.850965 10.034983 0.500010
122 46.497280 10.001027 0.000000 4.577678 1.456726 2.646457 5.321874 11.574815 0.500008
123 46.918678 10.170815 0.000000 4.146350 1.461169 2.673281 5.427484 11.936197 0.500000
124 46.801178 10.159182 0.000000 4.005168 1.463033 2.668323 5.382705 11.735328 0.333333
125 47.066513 10.276320 0.000000 3.775403 1.463923 2.668555 5.372670 11.671438 0.333333
126 46.777325 10.124705 0.000000 3.156786 1.366633 2.358676 4.531139 9.483934 0.333333
128 48.074295 9.289266 0.000000 2.105703 1.532124 2.990602 6.545489 15.570457 0.333333
