%% Trajectory 30
%% frame x (pixel)     y (pixel)    z (pixel)      m0         m1           m2           m3           m4           s 
154 49.588314 11.398907 0.000000 1.215333 1.306358 2.146892 3.890816 7.642470 0.240143
157 49.386608 11.548100 0.000000 1.531692 1.313169 2.147434 3.832965 7.321939 0.386618
158 49.357891 11.592151 0.000000 1.577628 1.336740 2.237464 4.113426 8.148787 0.287239
159 49.282219 11.585980 0.000000 1.822129 1.354110 2.274858 4.172130 8.183063 0.184607
160 49.348022 11.645987 0.000000 1.680002 1.334657 2.221809 4.045957 7.898633 0.213128
161 49.024464 11.494874 0.000000 1.972505 1.398645 2.447866 4.730204 9.878069 0.215440
162 49.338806 11.580600 0.000000 1.869374 1.326683 2.189896 3.945381 7.604055 0.229145
163 49.337536 11.662728 0.000000 2.169556 1.357993 2.289681 4.222858 8.345836 0.200000
164 49.406868 11.644966 0.000000 2.289080 1.344274 2.256429 4.153841 8.220985 0.166667
165 49.358673 11.502047 0.000000 2.525841 1.321974 2.169570 3.877953 7.396682 0.166667
166 49.373901 11.604721 0.000000 2.270455 1.306502 2.142282 3.862180 7.519715 0.180491
167 49.380741 11.661888 0.000000 2.534181 1.361943 2.307105 4.279693 8.518564 0.166667
168 49.370853 11.466786 0.000000 2.348731 1.318225 2.164038 3.882049 7.463366 0.200144
169 49.237961 11.580821 0.000000 2.695421 1.384388 2.391287 4.547145 9.321180 0.166667
170 49.314804 11.641591 0.000000 2.877668 1.323701 2.197483 4.023636 7.982902 0.200000
171 49.253719 11.584136 0.000000 2.700150 1.327109 2.195945 3.971843 7.695928 0.200000
172 49.214756 11.530900 0.000000 3.081085 1.350040 2.268307 4.177710 8.266862 0.200000
173 49.130520 11.569263 0.000000 3.461748 1.368304 2.330787 4.356379 8.750773 0.200000
174 49.119873 11.549165 0.000000 3.521583 1.328140 2.203710 4.006333 7.821891 0.200000
175 49.076794 11.596522 0.000000 3.425134 1.352695 2.287241 4.252626 8.519803 0.200000
176 49.259098 11.540970 0.000000 3.790205 1.293965 2.094440 3.708111 7.047304 0.200000
177 49.053768 11.565439 0.000000 4.245803 1.354128 2.283028 4.218887 8.371402 0.200000
178 49.153049 11.564120 0.000000 4.441448 1.335461 2.219357 4.034936 7.867659 0.250000
179 49.081615 11.550854 0.000000 4.482609 1.344623 2.253059 4.138635 8.168510 0.250000
180 49.065323 11.572630 0.000000 5.006248 1.348164 2.267863 4.184513 8.299833 0.250000
181 49.077248 11.575670 0.000000 4.867597 1.344367 2.252785 4.131676 8.125111 0.250000
182 49.070854 11.556221 0.000000 5.354765 1.353221 2.281439 4.215653 8.365696 0.250000
183 49.054081 11.584108 0.000000 5.379950 1.343850 2.252182 4.134162 8.143326 0.250000
184 49.070187 11.490658 0.000000 5.146365 1.346997 2.259835 4.153072 8.193904 0.333333
185 49.148262 11.554039 0.000000 5.725568 1.335614 2.221822 4.043156 7.887232 0.333333
186 49.187786 11.474718 0.000000 6.025846 1.326143 2.189256 3.942522 7.588664 0.250000
187 49.071289 11.530866 0.000000 6.181366 1.333585 2.218562 4.041132 7.899139 0.333333
188 49.211002 11.480471 0.000000 6.498064 1.314589 2.154873 3.855808 7.381981 0.333333
189 49.137547 11.532078 0.000000 6.628793 1.344150 2.243654 4.089340 7.972897 0.333333
190 49.128681 11.510930 0.000000 7.342300 1.330006 2.202899 3.985023 7.715015 0.333333
191 49.048695 11.574119 0.000000 7.576318 1.357946 2.299856 4.278162 8.565301 0.500000
192 49.061676 11.465064 0.000000 7.287729 1.349991 2.270869 4.187450 8.294181 0.333333
193 49.019878 11.589695 0.000000 7.415259 1.361861 2.314229 4.317116 8.658726 0.333333
194 49.033264 11.516885 0.000000 7.912014 1.357375 2.297649 4.265290 8.506772 0.333333
195 49.073246 11.545746 0.000000 8.008355 1.353367 2.281353 4.216660 8.375034 0.333333
196 49.050560 11.585158 0.000000 7.496132 1.342998 2.248980 4.128620 8.144172 0.333333
197 49.021206 11.548756 0.000000 7.789899 1.367628 2.343227 4.429554 9.053320 0.333333
198 48.977432 11.567622 0.000000 8.435671 1.373554 2.356177 4.449739 9.065306 0.333333
199 48.973019 11.653427 0.000000 8.279005 1.351655 2.288608 4.265610 8.577677 0.250000
200 49.007210 11.700775 0.000000 8.229398 1.374455 2.362877 4.477267 9.160338 0.166667
201 48.910019 11.749754 0.000000 8.483706 1.369878 2.349263 4.443980 9.086791 0.250000
202 48.921070 11.743254 0.000000 7.959039 1.351598 2.291386 4.283758 8.657948 0.250000
203 48.895985 11.891857 0.000000 8.718940 1.396381 2.444390 4.734103 9.932747 0.333333
204 48.869556 11.902883 0.000000 8.215902 1.390206 2.419670 4.655815 9.699962 0.250000
205 48.776211 11.996149 0.000000 8.057979 1.396017 2.437914 4.703058 9.812175 0.250000
206 48.708427 12.057369 0.000000 7.908854 1.382277 2.392210 4.575971 9.478405 0.250000
207 48.714268 12.137902 0.000000 7.587605 1.363299 2.325111 4.371674 8.882911 0.333333
208 48.584679 12.135134 0.000000 7.593564 1.355052 2.293053 4.268315 8.568736 0.333333
209 48.523197 12.441619 0.000000 6.838094 1.356892 2.281548 4.187894 8.218661 0.333333
210 48.695927 12.535987 0.000000 7.131694 1.355620 2.285733 4.218161 8.348203 0.333333
211 48.653843 12.539688 0.000000 6.422966 1.394151 2.398705 4.507413 9.058489 0.333333
212 48.418839 12.718350 0.000000 6.435751 1.375117 2.349881 4.403459 8.867569 0.333333
213 48.317242 12.485664 0.000000 6.053112 1.345890 2.246548 4.084477 7.920245 0.333333
214 48.359482 12.354506 0.000000 5.443956 1.334853 2.217337 4.025419 7.829228 0.333333
215 48.372269 12.436728 0.000000 4.950297 1.349167 2.249276 4.083560 7.906699 0.333333
216 48.322994 12.607016 0.000000 4.660516 1.344691 2.254131 4.142799 8.185443 0.250000
217 48.348175 12.931631 0.000000 4.328513 1.397996 2.450952 4.753637 9.984877 0.250000
219 47.771252 12.881276 0.000000 3.175060 1.447986 2.614508 5.224411 11.299447 0.250000
220 48.030632 12.600994 0.000000 2.956138 1.435234 2.561780 5.036659 10.665483 0.212077
222 47.178963 12.541945 0.000000 1.905489 1.424968 2.551589 5.071693 10.928980 0.166735
223 47.435940 13.161917 0.000000 1.680913 1.380493 2.428984 4.785577 10.319691 0.166747
224 47.653866 13.051834 0.000000 1.479985 1.430914 2.602785 5.290136 11.717550 0.200000
