%% Trajectory 8
%% frame x (pixel)     y (pixel)    z (pixel)      m0         m1           m2           m3           m4           s 
7 29.903265 30.795284 0.000000 0.997314 1.547985 3.012160 6.497818 15.114434 0.212577
8 30.460569 31.465660 0.000000 1.011246 1.545190 2.920737 6.069771 13.538568 0.338340
9 30.001575 31.688690 0.000000 1.305423 1.440541 2.608832 5.228732 11.321785 0.143248
11 31.307997 31.999714 0.000000 1.226533 1.605627 3.178778 6.928458 16.199301 0.202704
13 30.473295 31.824234 0.000000 1.740797 1.541007 2.929297 6.155019 13.945682 0.250000
15 29.720795 32.392311 0.000000 1.956018 1.491624 2.768177 5.698767 12.711001 0.167493
16 30.072918 31.785591 0.000000 2.033619 1.534983 2.916972 6.111278 13.769516 0.338237
17 29.874273 31.566740 0.000000 2.380105 1.451651 2.641759 5.333810 11.673437 0.250000
18 30.239218 31.718994 0.000000 2.192722 1.498540 2.793163 5.766006 12.865801 0.250016
19 30.240314 31.824200 0.000000 2.696038 1.456013 2.622833 5.204100 11.127532 0.200000
20 30.272758 31.723722 0.000000 2.775781 1.527686 2.871891 5.945868 13.237741 0.333333
21 30.439241 31.748266 0.000000 2.887038 1.516587 2.847158 5.910631 13.241211 0.333333
22 30.652384 31.826742 0.000000 3.112637 1.443089 2.581787 5.100076 10.885656 0.333333
23 30.492811 31.806284 0.000000 3.547421 1.490625 2.749310 5.604788 12.346983 0.333333
24 30.281307 31.629978 0.000000 3.285356 1.423150 2.516807 4.910233 10.346479 0.200000
25 30.375263 31.887251 0.000000 3.404773 1.484665 2.730848 5.543005 12.128685 0.333333
26 30.302582 31.989344 0.000000 4.141095 1.504285 2.803452 5.764821 12.770974 0.333333
27 30.614727 31.945681 0.000000 3.967540 1.513144 2.832966 5.858851 13.068118 0.500000
28 30.388813 31.952431 0.000000 3.993239 1.472986 2.696541 5.449336 11.879892 0.333333
29 30.709023 32.087276 0.000000 4.646104 1.499500 2.777380 5.675259 12.501472 0.333333
30 30.828390 32.337391 0.000000 4.755795 1.497070 2.769634 5.647131 12.402469 0.333333
31 30.667944 32.274723 0.000000 4.390165 1.411698 2.464241 4.713413 9.674367 0.500000
32 31.068132 32.466946 0.000000 4.808733 1.538988 2.920980 6.112368 13.766583 0.333333
33 30.891941 32.378521 0.000000 5.456057 1.463479 2.654713 5.314511 11.482831 0.250000
34 31.246586 32.588535 0.000000 5.743794 1.446892 2.608356 5.201005 11.221811 0.500000
35 31.212284 32.594921 0.000000 5.546844 1.489407 2.736121 5.538038 12.075598 0.500000
37 31.234083 32.066959 0.000000 4.675446 1.491973 2.757242 5.624237 12.370433 0.500000
39 31.374849 32.128376 0.000000 3.597052 1.488770 2.745280 5.583897 12.241936 0.500000
41 31.582930 32.649319 0.000000 2.717607 1.592750 3.103432 6.655902 15.334976 0.250000
43 31.602161 32.329231 0.000000 1.990990 1.592639 3.085809 6.571223 15.016277 0.200000
44 31.721373 32.737007 0.000000 1.866260 1.549977 2.950888 6.204642 14.075123 0.333336
45 31.657784 32.337132 0.000000 1.460783 1.683516 3.463578 7.829888 18.940886 0.250000
47 32.038189 32.848969 0.000000 1.281777 1.647408 3.323238 7.375549 17.540762 0.200015
48 31.608618 32.600628 0.000000 1.245459 1.589234 3.040123 6.344292 14.117822 0.170989
51 32.178284 31.704046 0.000000 0.815282 1.488722 2.771981 5.744794 12.920411 0.287098
