%% Trajectory 10
%% frame x (pixel)     y (pixel)    z (pixel)      m0         m1           m2           m3           m4           s 
44 22.663940 37.771172 0.000000 2.665046 1.278751 2.044150 3.568491 6.677923 0.200142
45 22.628614 37.813004 0.000000 2.542214 1.271570 2.027596 3.532381 6.600939 0.200154
46 22.674826 37.933537 0.000000 2.782937 1.302363 2.127276 3.812062 7.353644 0.250000
47 22.728161 37.947083 0.000000 2.680109 1.306364 2.142930 3.855251 7.460526 0.287833
48 22.754732 37.983635 0.000000 2.847065 1.320967 2.192149 3.999051 7.861240 0.215157
49 22.743256 37.915089 0.000000 3.194850 1.292474 2.098230 3.738239 7.173292 0.202681
50 22.678942 37.960022 0.000000 3.312836 1.306961 2.144398 3.861984 7.488579 0.205742
51 22.679546 37.992657 0.000000 3.527108 1.303867 2.140907 3.865309 7.524909 0.250000
52 22.605400 38.001282 0.000000 3.069319 1.304107 2.140017 3.861317 7.518122 0.282299
53 22.720638 37.964115 0.000000 3.292894 1.344406 2.259632 4.173013 8.300961 0.251796
54 22.813166 38.010822 0.000000 3.375987 1.339210 2.268711 4.259580 8.689291 0.284494
55 23.162695 38.206547 0.000000 3.312182 1.286433 2.085349 3.717550 7.155711 0.374559
56 23.257959 38.215763 0.000000 3.426437 1.292011 2.093976 3.719991 7.109903 0.475408
57 23.324923 38.135571 0.000000 3.305743 1.277926 2.062176 3.665739 7.056117 0.250024
58 23.178837 38.326115 0.000000 2.991213 1.302652 2.133663 3.850592 7.522779 0.251015
59 23.597401 38.187202 0.000000 3.256095 1.262635 2.005994 3.483577 6.492296 0.200173
60 24.261375 37.907532 0.000000 3.022895 1.316965 2.185925 3.997165 7.897530 0.250694
61 24.543797 37.282848 0.000000 2.812474 1.289647 2.083263 3.680356 6.978768 0.250273
63 24.924339 36.125530 0.000000 2.804865 1.349648 2.296070 4.315815 8.782344 0.200000
64 24.910463 36.130486 0.000000 2.757810 1.350370 2.289762 4.287410 8.690224 0.250000
65 24.922403 36.083282 0.000000 2.808256 1.389682 2.410985 4.610505 9.511323 0.250000
66 24.987757 35.767735 0.000000 2.941872 1.347986 2.298094 4.353717 8.985397 0.251098
67 24.841787 36.065140 0.000000 2.193200 1.365433 2.339082 4.420678 9.030282 0.252890
68 24.711754 36.037663 0.000000 2.133181 1.323869 2.199759 4.008630 7.849789 0.250000
69 25.110653 35.829643 0.000000 1.446647 1.362260 2.374499 4.641760 9.959575 0.250000
70 24.836672 35.890633 0.000000 1.612495 1.352604 2.299281 4.324270 8.819302 0.250000
73 24.515690 35.465698 0.000000 1.321758 1.294964 2.107723 3.773104 7.299298 0.168972
74 25.292099 35.143227 0.000000 1.282176 1.329755 2.219324 4.079286 8.096354 0.196079
