%% Trajectory 17
%% frame x (pixel)     y (pixel)    z (pixel)      m0         m1           m2           m3           m4           s 
71 58.023293 39.685955 0.000000 1.712368 1.343755 2.269126 4.228386 8.529374 0.200013
73 58.275372 39.637115 0.000000 1.348387 1.308202 2.136555 3.835993 7.437776 0.321404
74 57.885468 39.834583 0.000000 1.887605 1.379109 2.386908 4.569953 9.480384 0.251347
75 58.154583 39.971806 0.000000 1.785918 1.362227 2.346409 4.495488 9.390656 0.280247
76 58.130375 39.883141 0.000000 1.725815 1.365299 2.333186 4.392688 8.924998 0.253775
77 57.977489 39.894775 0.000000 1.720361 1.438308 2.585219 5.138772 11.045282 0.250000
78 58.178486 39.879448 0.000000 1.599086 1.324348 2.218023 4.117754 8.319081 0.269386
79 58.155338 39.807186 0.000000 1.884273 1.330968 2.229165 4.109121 8.177501 0.204617
80 58.270618 40.151684 0.000000 1.869888 1.347077 2.267274 4.189737 8.332672 0.210306
81 57.908310 39.857624 0.000000 1.929141 1.345047 2.280921 4.279524 8.708796 0.278242
82 58.027905 40.171806 0.000000 1.937329 1.321972 2.205743 4.058915 8.073452 0.201543
83 58.196804 39.838806 0.000000 1.761430 1.296918 2.125284 3.844507 7.536913 0.290229
84 57.768089 39.951004 0.000000 1.865472 1.381051 2.394758 4.583793 9.481333 0.200000
85 57.482712 39.910477 0.000000 1.681243 1.315063 2.188115 4.031801 8.083816 0.255265
86 57.973209 40.165466 0.000000 1.665384 1.361066 2.326559 4.377735 8.884628 0.166667
88 57.379131 39.859890 0.000000 1.725318 1.311302 2.146744 3.845191 7.389581 0.200000
89 57.190285 39.829750 0.000000 1.684359 1.293518 2.101528 3.746542 7.193150 0.200025
90 56.989582 39.675541 0.000000 1.554660 1.349696 2.299598 4.343104 8.911682 0.212115
91 56.691998 39.974747 0.000000 1.729712 1.393941 2.440600 4.745550 10.032230 0.250000
92 56.748680 39.744110 0.000000 1.711305 1.365129 2.339211 4.420143 9.021944 0.200000
93 57.155121 39.764961 0.000000 1.564481 1.432650 2.565690 5.077138 10.857115 0.200015
