%% Trajectory 9
%% frame x (pixel)     y (pixel)    z (pixel)      m0         m1           m2           m3           m4           s 
9 59.548588 38.827499 0.000000 0.922097 1.340352 2.283553 4.323477 8.916263 0.176569
10 59.446728 39.192463 0.000000 1.038873 1.286602 2.073944 3.650566 6.881314 0.184497
12 59.256992 39.037914 0.000000 0.944688 1.339903 2.286367 4.347750 9.036471 0.191955
13 59.364716 39.182209 0.000000 1.152254 1.277636 2.056767 3.618144 6.820501 0.207216
14 59.123287 38.944317 0.000000 1.492205 1.347741 2.293474 4.295021 8.664171 0.249171
15 59.344715 39.058018 0.000000 1.702075 1.313571 2.177638 3.976458 7.842912 0.200892
16 59.307785 38.990700 0.000000 1.843168 1.318377 2.186419 3.991830 7.871005 0.256056
17 59.277008 38.918106 0.000000 1.877009 1.295269 2.107936 3.762870 7.232326 0.200149
18 59.143105 38.981625 0.000000 2.109612 1.331108 2.236221 4.142266 8.288420 0.200035
19 59.213203 38.868477 0.000000 2.202392 1.300915 2.123421 3.806281 7.355176 0.200043
20 59.155556 39.022018 0.000000 2.070100 1.372971 2.354786 4.440274 9.012755 0.250001
21 58.894642 38.776459 0.000000 1.900411 1.275593 2.050439 3.618083 6.881343 0.250000
22 58.547729 38.960491 0.000000 2.083272 1.320460 2.182467 3.939037 7.603441 0.333334
23 58.434128 38.923695 0.000000 1.861155 1.316038 2.166036 3.908237 7.584071 0.250018
24 58.102272 38.932190 0.000000 2.327848 1.354880 2.302378 4.297730 8.626573 0.250283
25 58.036972 38.645046 0.000000 1.574450 1.360186 2.328268 4.402432 9.010421 0.333333
26 57.754459 38.364933 0.000000 1.733121 1.368211 2.358564 4.524543 9.471238 0.200959
28 57.535625 37.500786 0.000000 2.366106 1.345250 2.249182 4.105774 8.014708 0.333806
29 57.837662 37.675842 0.000000 2.065368 1.415051 2.499742 4.891203 10.377806 0.250679
30 58.119236 37.655624 0.000000 1.788880 1.453550 2.612524 5.147821 10.876723 0.208691
31 58.213062 38.230747 0.000000 1.545825 1.399673 2.451679 4.756084 10.008128 0.340642
32 58.092091 38.187134 0.000000 1.283304 1.534205 2.905263 6.067339 13.630231 0.250012
