%% Trajectory 5
%% frame x (pixel)     y (pixel)    z (pixel)      m0         m1           m2           m3           m4           s 
20 20.453600 45.680626 0.000000 2.192205 1.342971 2.227265 4.020058 7.735132 0.250002
21 20.693100 45.645458 0.000000 2.282396 1.349871 2.274995 4.200861 8.327251 0.200000
22 20.719252 45.835464 0.000000 2.029232 1.334038 2.226702 4.087258 8.088564 0.259070
23 20.466635 45.948879 0.000000 2.538442 1.371202 2.376058 4.566494 9.529313 0.333333
24 20.464825 45.760994 0.000000 2.208049 1.331788 2.214498 4.045211 7.964682 0.387726
25 20.455532 45.844456 0.000000 2.327477 1.367357 2.335645 4.391263 8.905931 0.258324
26 20.566090 45.753979 0.000000 2.595222 1.384698 2.398057 4.593122 9.533308 0.250000
27 20.378332 45.847286 0.000000 3.156201 1.368091 2.343298 4.435589 9.096797 0.333333
28 20.390608 46.108841 0.000000 3.111420 1.357122 2.305222 4.308485 8.685960 0.250000
29 20.561022 45.664234 0.000000 3.176689 1.322191 2.183971 3.947190 7.652368 0.250000
30 20.380501 45.870373 0.000000 2.923125 1.316187 2.164976 3.900389 7.546053 0.255655
31 20.493242 45.904457 0.000000 3.611588 1.386815 2.408265 4.624208 9.615747 0.200000
32 20.459339 45.940632 0.000000 3.552404 1.400608 2.444690 4.705998 9.782217 0.200000
33 20.372400 45.782116 0.000000 4.082671 1.325502 2.202985 4.026485 7.943044 0.227253
34 20.582535 45.921082 0.000000 4.106824 1.408589 2.483343 4.844367 10.232564 0.200000
35 20.413326 45.962692 0.000000 4.142156 1.404707 2.466707 4.788584 10.056960 0.250230
36 20.491945 45.741306 0.000000 4.136218 1.393183 2.416816 4.615974 9.507492 0.250000
38 20.490038 45.923996 0.000000 4.516443 1.354487 2.296424 4.289606 8.653101 0.250000
39 20.531368 45.841064 0.000000 4.540945 1.364852 2.327524 4.368680 8.844944 0.333333
40 20.390894 45.931377 0.000000 5.128069 1.410140 2.488673 4.860818 10.282246 0.333333
41 20.615519 45.836372 0.000000 5.259902 1.361994 2.325239 4.380820 8.926156 0.333333
42 20.568874 45.912712 0.000000 5.525807 1.372798 2.362754 4.488151 9.215488 0.250000
43 20.652407 45.728508 0.000000 5.704794 1.358056 2.313830 4.354745 8.878080 0.250000
44 20.860680 45.778404 0.000000 5.694382 1.435543 2.573022 5.105069 10.965221 0.200000
45 21.083136 45.727531 0.000000 5.447825 1.404787 2.475028 4.835689 10.259655 0.200005
46 21.059383 45.655758 0.000000 5.463732 1.408111 2.485584 4.864219 10.331859 0.260687
47 20.856472 45.783043 0.000000 5.919605 1.456790 2.645615 5.318060 11.565041 0.200000
48 21.204414 45.747528 0.000000 5.709660 1.419490 2.529832 5.006196 10.762579 0.200000
49 21.340380 45.722351 0.000000 4.961622 1.444599 2.591173 5.131577 10.978595 0.200674
50 21.444035 45.619499 0.000000 5.483521 1.428098 2.538022 4.984468 10.590187 0.200031
51 21.379335 45.630196 0.000000 5.111542 1.411386 2.496150 4.896184 10.429869 0.328754
52 21.388895 45.825607 0.000000 5.486997 1.412694 2.496902 4.887114 10.368566 0.250007
53 21.285954 45.948711 0.000000 5.259981 1.517498 2.856981 5.954654 13.404839 0.250037
55 20.697397 45.894108 0.000000 4.383593 1.436697 2.568504 5.061642 10.748926 0.250000
56 20.565876 46.155636 0.000000 4.092018 1.454567 2.635643 5.284290 11.461386 0.251986
57 20.305202 45.967857 0.000000 3.790648 1.422668 2.525122 4.944215 10.441164 0.250091
58 20.351179 46.190865 0.000000 3.889139 1.433212 2.550725 4.995241 10.530519 0.250057
59 20.303228 46.107445 0.000000 3.287896 1.377423 2.382041 4.558768 9.457762 0.353037
60 20.349991 45.744175 0.000000 3.373224 1.315024 2.163469 3.898732 7.546871 0.253374
61 20.405676 45.621624 0.000000 3.349026 1.322247 2.186803 3.958363 7.687144 0.250025
62 20.360641 45.746693 0.000000 3.177449 1.327030 2.206448 4.036438 7.973188 0.428656
63 20.594410 45.790565 0.000000 3.480361 1.316086 2.168433 3.918725 7.619632 0.200235
64 20.769514 45.965630 0.000000 3.604294 1.401588 2.458871 4.757448 9.930017 0.250000
65 20.826830 45.881966 0.000000 3.781317 1.400192 2.444534 4.694497 9.709147 0.388164
66 20.869095 45.827190 0.000000 3.613514 1.402363 2.438040 4.642358 9.473814 0.250000
67 21.266665 46.120579 0.000000 3.216975 1.407972 2.490442 4.882495 10.380857 0.250000
69 21.928225 47.169071 0.000000 3.583137 1.447381 2.634133 5.328514 11.696148 0.250017
70 22.242580 47.256924 0.000000 3.340798 1.426836 2.547223 5.034831 10.776475 0.250001
71 22.314333 47.633232 0.000000 3.253887 1.385107 2.397021 4.570748 9.409037 0.284176
72 22.167423 47.522842 0.000000 2.534128 1.365759 2.348790 4.469945 9.221096 0.283854
73 22.010328 47.344196 0.000000 2.219464 1.418972 2.546469 5.092815 11.085127 0.176196
74 21.676605 46.602299 0.000000 2.323328 1.429242 2.505062 4.799419 9.841229 0.193106
75 21.576582 46.954571 0.000000 2.010749 1.426993 2.569571 5.160615 11.298289 0.200004
77 22.058516 48.360806 0.000000 0.950193 1.279503 2.085250 3.780022 7.492100 0.166667
