%% Trajectory 20
%% frame x (pixel)     y (pixel)    z (pixel)      m0         m1           m2           m3           m4           s 
70 46.205235 55.378071 0.000000 1.943316 1.339292 2.263201 4.237046 8.624478 0.250004
71 46.210564 55.163338 0.000000 2.116050 1.396636 2.438934 4.705392 9.819318 0.200000
72 46.356499 55.227287 0.000000 2.254599 1.397922 2.447215 4.742898 9.964765 0.200004
73 46.493362 55.558731 0.000000 2.172800 1.429698 2.568415 5.147745 11.255715 0.167852
74 45.863529 55.252769 0.000000 2.170638 1.434510 2.578524 5.134648 11.077062 0.167173
75 46.171650 55.229164 0.000000 2.299931 1.453618 2.643771 5.330791 11.640541 0.200092
76 46.148308 55.204044 0.000000 2.455959 1.453589 2.625002 5.231287 11.248835 0.250007
77 46.162758 55.372482 0.000000 2.143907 1.455701 2.639615 5.294924 11.483233 0.250000
78 46.124870 55.366554 0.000000 2.844935 1.469646 2.703320 5.523639 12.240292 0.200000
79 45.946182 54.951488 0.000000 2.422333 1.456041 2.659351 5.385316 11.805598 0.252892
80 45.904629 54.855869 0.000000 3.098249 1.373852 2.387452 4.616063 9.723425 0.333333
81 45.748089 54.545372 0.000000 2.572831 1.300608 2.115532 3.774863 7.252767 0.200000
82 45.970406 54.574379 0.000000 2.261152 1.371922 2.370719 4.540711 9.440548 0.200000
83 45.594563 54.619278 0.000000 2.383408 1.287486 2.091206 3.743986 7.259202 0.200005
85 45.899975 53.459763 0.000000 2.089958 1.413887 2.485955 4.823665 10.111906 0.209142
86 45.277458 53.358971 0.000000 1.677748 1.394620 2.437691 4.713138 9.871494 0.167357
