%% Trajectory 9
%% frame x (pixel)     y (pixel)    z (pixel)      m0         m1           m2           m3           m4           s 
26 44.989395 12.344830 0.000000 1.718261 1.368815 2.388299 4.649428 9.884397 0.201838
28 45.202183 12.238370 0.000000 1.874272 1.305894 2.142410 3.859226 7.487589 0.366999
29 44.978226 12.230070 0.000000 1.855249 1.431153 2.579280 5.158460 11.172871 0.250015
30 44.907623 12.536505 0.000000 2.100726 1.402751 2.463257 4.781675 10.042565 0.273624
31 44.782440 12.544720 0.000000 1.994232 1.384892 2.396540 4.563329 9.357972 0.335053
32 45.091019 12.284860 0.000000 2.376735 1.310104 2.157776 3.901708 7.593450 0.200000
33 45.006325 12.148470 0.000000 2.169020 1.320131 2.220565 4.151788 8.468589 0.200015
34 45.166801 12.136403 0.000000 2.510671 1.330054 2.219296 4.068930 8.031240 0.250001
35 45.275955 12.106952 0.000000 2.106158 1.319409 2.194040 4.026682 8.003569 0.444126
36 45.271797 12.121592 0.000000 2.141263 1.243077 1.958469 3.380046 6.277044 0.333688
37 45.297207 12.261598 0.000000 2.862295 1.250996 1.967453 3.385341 6.264345 0.333333
38 45.249058 12.326347 0.000000 2.693632 1.235369 1.925247 3.284789 6.035691 0.250000
39 45.116070 12.284790 0.000000 3.189267 1.288637 2.091489 3.723261 7.134258 0.333333
40 45.314896 12.246064 0.000000 2.801296 1.291590 2.084906 3.674406 6.934070 0.200000
42 45.182995 12.509829 0.000000 3.852263 1.300961 2.111838 3.740210 7.086338 0.250000
43 45.044155 12.394459 0.000000 3.324974 1.345549 2.277912 4.258540 8.615154 0.166667
44 44.991653 12.555309 0.000000 3.547356 1.342277 2.253610 4.156611 8.252660 0.250000
45 44.926048 12.915515 0.000000 3.342703 1.364954 2.343371 4.443731 9.116426 0.250000
46 44.855976 13.017428 0.000000 3.994509 1.331330 2.246235 4.205533 8.568626 0.250000
47 44.828148 13.215425 0.000000 3.978532 1.354513 2.309744 4.364202 8.956918 0.250000
48 44.623066 13.373739 0.000000 3.234848 1.328707 2.210696 4.031671 7.898890 0.250000
49 44.813271 13.515058 0.000000 3.514044 1.335188 2.237121 4.131812 8.256479 0.250000
50 44.549309 13.631936 0.000000 2.658590 1.365930 2.340856 4.431136 9.081494 0.254240
51 44.215458 13.637992 0.000000 2.686110 1.383506 2.386389 4.518523 9.195403 0.250013
52 44.679054 13.516467 0.000000 2.635867 1.361771 2.318101 4.326655 8.669382 0.250000
53 44.246262 13.172187 0.000000 2.420216 1.359038 2.320878 4.370982 8.897550 0.250000
55 43.309151 12.430494 0.000000 1.701198 1.487671 2.741152 5.596800 12.374803 0.250093
