%% Trajectory 17
%% frame x (pixel)     y (pixel)    z (pixel)      m0         m1           m2           m3           m4           s 
75 59.119091 42.768436 0.000000 1.568559 1.280649 2.069991 3.688991 7.129235 0.200000
78 58.739666 42.755283 0.000000 1.767902 1.347659 2.299540 4.351589 8.953197 0.200000
79 59.062119 42.596603 0.000000 2.023724 1.310749 2.161394 3.919669 7.674673 0.200000
80 58.929077 42.676796 0.000000 2.293642 1.310461 2.162873 3.924285 7.673148 0.200000
81 59.077648 42.869957 0.000000 2.529929 1.337073 2.249923 4.165257 8.311583 0.200136
82 58.682404 42.836700 0.000000 2.722477 1.320927 2.184789 3.963442 7.733037 0.200000
83 58.804089 43.025116 0.000000 2.540536 1.369596 2.345198 4.423564 8.997399 0.200000
84 58.751579 42.957451 0.000000 2.489073 1.347119 2.289152 4.302284 8.764905 0.200000
85 58.681763 43.052929 0.000000 2.479896 1.320524 2.196008 4.022871 7.959395 0.250000
86 58.273468 43.143177 0.000000 2.603073 1.300862 2.140058 3.887048 7.655137 0.250000
87 58.105621 43.036259 0.000000 2.815553 1.352382 2.304442 4.335577 8.821777 0.200000
88 57.917297 42.937164 0.000000 2.601185 1.361985 2.326190 4.388008 8.954750 0.200048
89 57.759876 42.999443 0.000000 2.712566 1.396776 2.441757 4.709211 9.804514 0.238213
90 57.476044 42.997448 0.000000 2.711246 1.333876 2.224225 4.069198 8.006639 0.166676
91 57.140778 42.468349 0.000000 2.260881 1.335780 2.228119 4.077347 8.027182 0.200006
92 56.786644 42.772873 0.000000 2.226077 1.313190 2.182557 4.012810 8.014359 0.214655
93 56.322777 43.210484 0.000000 2.128746 1.336329 2.234126 4.095495 8.070295 0.250171
94 56.704651 43.776684 0.000000 1.961568 1.369207 2.372058 4.570046 9.591683 0.231104
95 56.311237 44.060871 0.000000 1.619771 1.362819 2.339656 4.432192 9.067050 0.283612
