%% Trajectory 6
%% frame x (pixel)     y (pixel)    z (pixel)      m0         m1           m2           m3           m4           s 
26 41.795647 58.196766 0.000000 0.867697 1.353749 2.298299 4.295155 8.663780 0.250000
27 42.279984 57.740540 0.000000 0.735078 1.356723 2.334461 4.463262 9.294169 0.250000
29 41.423313 58.329750 0.000000 0.837416 1.464264 2.731390 5.720817 13.107033 0.251207
30 41.715527 57.777531 0.000000 0.838422 1.454069 2.664027 5.403660 11.850358 0.335999
31 41.278786 58.104740 0.000000 1.042535 1.474863 2.715845 5.547383 12.273626 0.318497
33 42.172039 57.796471 0.000000 0.964915 1.354360 2.347653 4.535217 9.551414 0.207887
34 41.777321 57.904125 0.000000 1.074630 1.442714 2.608018 5.222783 11.318006 0.200360
35 42.042610 58.022141 0.000000 0.889568 1.468108 2.707599 5.542631 12.287912 0.250182
36 41.828079 57.664536 0.000000 1.267271 1.507859 2.811044 5.778602 12.790788 0.200004
37 42.167152 57.866859 0.000000 1.291706 1.388525 2.431517 4.739098 10.060608 0.166667
38 41.860367 57.524529 0.000000 1.203281 1.375090 2.391748 4.647810 9.892878 0.200000
39 42.366909 57.816738 0.000000 1.269853 1.321691 2.199748 4.043386 8.054712 0.338322
40 42.091587 57.736229 0.000000 1.395026 1.338318 2.276135 4.303953 8.864966 0.252264
41 42.324902 58.046658 0.000000 1.527526 1.393185 2.435598 4.717851 9.914153 0.200306
42 42.372581 57.604050 0.000000 1.463800 1.349702 2.282136 4.249085 8.541736 0.166667
43 42.448963 57.677654 0.000000 1.461888 1.403795 2.453478 4.723774 9.807230 0.166671
44 42.631847 57.717987 0.000000 1.440495 1.307280 2.138114 3.838637 7.429116 0.166667
45 42.193180 57.453194 0.000000 1.889149 1.351100 2.275234 4.192404 8.280728 0.166667
46 42.183411 57.794369 0.000000 1.767639 1.413626 2.495965 4.870417 10.278729 0.200000
47 42.277454 57.831627 0.000000 1.426984 1.361961 2.325532 4.398487 9.036598 0.333373
48 42.429707 58.006664 0.000000 1.638594 1.337443 2.266196 4.238285 8.567608 0.442707
49 42.359810 57.714706 0.000000 1.735924 1.330570 2.233235 4.142460 8.327463 0.537833
50 42.262787 58.026005 0.000000 1.286622 1.397360 2.448278 4.747022 9.975656 0.250591
51 42.318127 57.873466 0.000000 1.511656 1.337212 2.269655 4.275026 8.756619 0.200055
52 42.120827 57.569164 0.000000 1.740035 1.470666 2.722246 5.605716 12.530779 0.200000
53 42.290218 57.902550 0.000000 1.626132 1.415528 2.491222 4.836091 10.132611 0.250000
54 42.147041 57.584839 0.000000 1.588828 1.388109 2.428889 4.731106 10.042850 0.250000
55 42.100269 57.421562 0.000000 1.752821 1.409114 2.479952 4.841921 10.268368 0.333333
56 42.132679 57.597820 0.000000 1.512003 1.409670 2.468593 4.779665 10.023178 0.251848
58 42.373425 56.270275 0.000000 1.473023 1.463051 2.653378 5.295733 11.372395 0.252322
59 42.412727 56.448811 0.000000 1.514007 1.442232 2.587208 5.113608 10.894248 0.250000
60 42.364555 55.752663 0.000000 1.194656 1.406600 2.494545 4.904513 10.454953 0.333333
61 42.426388 56.056465 0.000000 1.277167 1.476784 2.739770 5.643672 12.596472 0.250000
64 40.017128 55.744820 0.000000 1.260651 1.618704 3.224586 7.088254 16.739384 0.250000
66 40.010117 56.487938 0.000000 1.133915 1.556548 2.983061 6.285106 14.202221 0.264477
69 39.252644 54.480675 0.000000 0.815517 1.405476 2.474724 4.830170 10.222136 0.481081
