%% Trajectory 10
%% frame x (pixel)     y (pixel)    z (pixel)      m0         m1           m2           m3           m4           s 
40 38.645870 44.753052 0.000000 1.547449 1.389711 2.435422 4.758490 10.150853 0.250000
41 38.250294 44.735626 0.000000 1.552413 1.404282 2.462913 4.779017 10.041456 0.333333
42 38.286350 44.493984 0.000000 1.284177 1.424752 2.557710 5.083903 10.936201 0.263464
43 38.380451 44.679291 0.000000 1.426465 1.433686 2.576400 5.159565 11.260152 0.333333
44 38.379829 44.640522 0.000000 1.790721 1.323314 2.234159 4.206495 8.666278 0.333333
45 38.284100 44.711632 0.000000 1.449584 1.393066 2.439641 4.736379 9.980872 0.333333
46 38.226696 44.758480 0.000000 1.691247 1.401912 2.486137 4.915927 10.600277 0.333333
47 38.371002 44.687599 0.000000 2.116860 1.331649 2.248832 4.230862 8.705892 0.250000
48 38.357189 44.536999 0.000000 2.054612 1.496984 2.788611 5.754352 12.833504 0.267787
49 38.297386 44.494808 0.000000 2.268187 1.492682 2.773505 5.709335 12.710021 0.333333
50 38.286213 44.781681 0.000000 2.233438 1.429123 2.561100 5.094644 11.001131 0.333333
51 38.291805 44.702934 0.000000 2.624056 1.429980 2.547916 5.018626 10.691436 0.375308
52 38.236237 44.588974 0.000000 2.579973 1.443826 2.609586 5.241011 11.437059 0.531482
53 38.107201 44.800652 0.000000 2.569219 1.419207 2.536447 5.029781 10.816841 0.250000
54 38.282879 44.638477 0.000000 2.448888 1.358995 2.323848 4.400058 9.045423 0.333333
55 38.097668 44.904114 0.000000 2.022261 1.426070 2.564587 5.132446 11.166489 0.200000
56 38.070061 44.757145 0.000000 2.532013 1.393831 2.445035 4.765394 10.101347 0.250000
57 37.937737 44.731091 0.000000 2.170613 1.403072 2.488572 4.910365 10.540978 0.200001
58 38.175705 44.797241 0.000000 2.218939 1.406817 2.480222 4.845804 10.269979 0.250009
59 38.082130 44.789124 0.000000 2.659147 1.392935 2.431449 4.703710 9.874223 0.250000
60 38.269901 44.615002 0.000000 2.708747 1.403825 2.468697 4.814072 10.197798 0.200076
61 38.192646 44.650101 0.000000 2.809631 1.468735 2.700843 5.519408 12.243366 0.250014
62 38.094517 44.819954 0.000000 2.818271 1.411278 2.493637 4.879220 10.348590 0.334188
63 38.070866 44.615963 0.000000 2.940369 1.360187 2.313105 4.337183 8.792626 0.250000
64 38.313995 44.567699 0.000000 2.887884 1.332249 2.223299 4.091444 8.151447 0.250000
65 38.121037 44.681190 0.000000 3.698831 1.368448 2.352532 4.484354 9.291382 0.250000
66 38.159229 44.600826 0.000000 3.748244 1.323249 2.198503 4.022420 7.955946 0.333333
67 38.295521 44.729858 0.000000 3.546307 1.366815 2.362913 4.553384 9.588793 0.333333
68 38.329510 44.656303 0.000000 3.513827 1.355259 2.308568 4.354263 8.922711 0.333333
69 38.318775 44.713886 0.000000 3.658320 1.326033 2.211351 4.071308 8.125353 0.333333
70 38.304909 44.638405 0.000000 3.685990 1.368288 2.349631 4.467869 9.225263 0.333333
71 38.496208 44.560760 0.000000 3.814789 1.353613 2.300193 4.323838 8.824095 0.333333
72 38.462109 44.563946 0.000000 4.126853 1.338706 2.252855 4.192304 8.470412 0.333333
73 38.265110 44.568989 0.000000 4.357272 1.345910 2.272101 4.229153 8.515985 0.333333
74 38.251415 44.497318 0.000000 4.157547 1.355597 2.299444 4.296382 8.672544 0.333333
75 38.169292 44.659180 0.000000 4.560320 1.383217 2.404631 4.630253 9.673895 0.333333
76 38.312359 44.604462 0.000000 4.522150 1.363805 2.341946 4.461015 9.242876 0.333333
77 38.324944 44.685280 0.000000 4.555603 1.331442 2.229781 4.124194 8.270536 0.333333
78 38.304207 44.556534 0.000000 4.653112 1.346804 2.283743 4.289746 8.761607 0.333333
79 38.292027 44.513924 0.000000 4.699482 1.375210 2.373968 4.541901 9.441127 0.333333
80 38.386215 44.517467 0.000000 4.690897 1.372286 2.361639 4.499603 9.309926 0.333333
81 38.255253 44.478523 0.000000 4.814321 1.374743 2.373768 4.543578 9.452852 0.333333
82 38.281868 44.563679 0.000000 4.710845 1.357248 2.315047 4.371013 8.963715 0.333333
83 38.303932 44.589352 0.000000 4.825234 1.347040 2.282005 4.278129 8.712005 0.250000
84 38.248657 44.553474 0.000000 5.218460 1.388932 2.413433 4.640156 9.672701 0.333333
85 38.161896 44.518661 0.000000 4.476835 1.405750 2.467320 4.789761 10.071439 0.250000
86 38.252571 44.479141 0.000000 4.363412 1.415944 2.502170 4.890666 10.351277 0.250000
87 38.228172 44.441711 0.000000 5.139199 1.394093 2.431356 4.686857 9.784023 0.250000
88 38.163391 44.628639 0.000000 5.008401 1.399784 2.449716 4.741027 9.938165 0.200000
89 38.183907 44.663074 0.000000 5.029696 1.423245 2.543575 5.053145 10.916508 0.200000
90 38.214249 44.586571 0.000000 4.849194 1.432160 2.576861 5.159881 11.242107 0.200000
91 38.162418 44.454243 0.000000 5.007644 1.445298 2.625978 5.312331 11.689533 0.200000
92 38.327591 44.446308 0.000000 4.914795 1.405832 2.473825 4.827971 10.235332 0.200000
93 38.304569 44.443653 0.000000 5.220757 1.417594 2.519910 4.973356 10.666189 0.200000
94 38.168400 44.397778 0.000000 5.351072 1.425693 2.544419 5.037770 10.823673 0.200000
95 38.227478 44.482872 0.000000 5.037839 1.407971 2.488714 4.878710 10.382917 0.200000
96 38.165195 44.311768 0.000000 4.996866 1.425443 2.537901 5.006270 10.707900 0.200000
97 38.102837 44.310856 0.000000 5.098572 1.437581 2.587636 5.165944 11.185729 0.200000
98 38.137695 44.397575 0.000000 4.713629 1.436755 2.576703 5.113548 10.981995 0.200000
99 38.074413 44.393200 0.000000 4.472027 1.419946 2.526149 4.975183 10.611824 0.166667
101 38.295750 44.426628 0.000000 4.837750 1.439272 2.569130 5.056567 10.739996 0.200000
102 38.281990 44.400631 0.000000 4.846758 1.412875 2.495816 4.886207 10.381666 0.166667
103 38.167793 44.459568 0.000000 4.754984 1.411893 2.493956 4.877493 10.339433 0.200000
104 38.188030 44.249702 0.000000 5.000346 1.473165 2.708898 5.529740 12.242884 0.200000
105 38.165138 44.271656 0.000000 5.156532 1.454683 2.647341 5.347744 11.718147 0.166667
106 38.164261 44.293636 0.000000 5.262658 1.458182 2.646631 5.313497 11.537827 0.166667
107 38.323551 44.343937 0.000000 5.339005 1.449530 2.623898 5.274334 11.516006 0.200000
108 38.177151 44.190674 0.000000 5.454380 1.479877 2.732511 5.598396 12.432034 0.166667
109 38.196583 44.415352 0.000000 5.531960 1.420453 2.522688 4.956911 10.547754 0.200000
110 38.122776 44.402500 0.000000 5.597841 1.472877 2.709161 5.530291 12.237105 0.200000
111 38.173256 44.300568 0.000000 5.950716 1.447402 2.604840 5.180877 11.140692 0.200000
112 38.134926 44.272167 0.000000 6.260595 1.444396 2.591351 5.134246 10.990083 0.250000
113 38.203411 44.248863 0.000000 6.172146 1.430584 2.545802 5.003712 10.631192 0.200000
114 38.067352 44.319012 0.000000 5.872474 1.474189 2.694787 5.438170 11.843154 0.200000
115 37.942154 44.277092 0.000000 6.081260 1.419250 2.513165 4.917590 10.409434 0.200000
116 38.059265 44.403484 0.000000 6.214134 1.464782 2.664073 5.346437 11.573532 0.200000
117 38.092106 44.310017 0.000000 6.242122 1.456509 2.635803 5.271282 11.392338 0.200000
118 38.123463 44.434361 0.000000 6.487323 1.450778 2.619223 5.224298 11.258195 0.250000
119 37.908852 44.342373 0.000000 6.438321 1.460007 2.645135 5.287347 11.400622 0.250000
120 37.944481 44.208553 0.000000 6.955419 1.482433 2.727371 5.541378 12.147240 0.333333
121 37.747459 44.159447 0.000000 6.843396 1.432949 2.547640 4.988116 10.527648 0.333333
122 37.774387 43.919773 0.000000 6.756474 1.419874 2.517038 4.934131 10.469161 0.333333
123 37.778366 43.792843 0.000000 6.509256 1.404354 2.460557 4.763063 9.975975 0.333333
124 37.918537 43.677006 0.000000 7.087673 1.415805 2.502056 4.880786 10.285005 0.333333
125 37.776234 43.409908 0.000000 7.226136 1.392327 2.409507 4.582613 9.380058 0.250000
126 37.670929 43.525482 0.000000 6.462708 1.375145 2.350279 4.403190 8.858530 0.250000
127 37.655041 43.382610 0.000000 7.370819 1.364626 2.310261 4.279283 8.496991 0.250000
128 37.675713 42.983215 0.000000 6.702564 1.400082 2.452364 4.749846 9.960752 0.250000
129 38.051399 42.821365 0.000000 7.314160 1.410445 2.480528 4.813517 10.088026 0.250000
130 38.431473 42.810795 0.000000 6.676536 1.394222 2.427236 4.663064 9.686140 0.250000
132 38.576309 43.052677 0.000000 5.390790 1.399185 2.448215 4.735382 9.915895 0.250000
133 38.496449 43.173187 0.000000 4.968039 1.387662 2.408579 4.616984 9.577069 0.483957
134 38.868187 43.330406 0.000000 4.649575 1.407265 2.472711 4.799008 10.069921 0.290174
135 39.220318 43.328949 0.000000 4.078115 1.383967 2.384715 4.522060 9.252588 0.271870
137 39.241982 43.243328 0.000000 2.958664 1.473976 2.725713 5.605743 12.517022 0.200063
139 39.601387 41.843658 0.000000 2.698874 1.522315 2.888055 6.071721 13.787539 0.200002
