%% Trajectory 26
%% frame x (pixel)     y (pixel)    z (pixel)      m0         m1           m2           m3           m4           s 
129 54.481468 32.791855 0.000000 1.665849 1.300119 2.136535 3.873186 7.603806 0.245025
131 54.562004 32.840134 0.000000 1.573946 1.273682 2.037549 3.566746 6.709130 0.173030
132 54.550442 32.796116 0.000000 1.684864 1.321568 2.178598 3.926962 7.585797 0.200030
133 54.567558 32.802910 0.000000 1.739037 1.347715 2.293776 4.331300 8.898062 0.167409
134 54.559944 32.515911 0.000000 1.724628 1.313571 2.169630 3.959312 7.845049 0.314673
135 54.376415 32.640949 0.000000 2.018461 1.318461 2.172564 3.922958 7.612033 0.216090
136 54.622395 32.648087 0.000000 2.229034 1.378838 2.387208 4.585590 9.580512 0.245643
137 54.508148 32.715675 0.000000 2.438488 1.323320 2.200073 4.029972 7.984524 0.205434
138 54.424496 32.833046 0.000000 2.413652 1.360292 2.315392 4.341311 8.787132 0.200001
139 54.585796 32.796684 0.000000 2.094185 1.320920 2.173699 3.919936 7.600723 0.225203
140 54.452488 32.764065 0.000000 1.886369 1.302093 2.119618 3.779060 7.241135 0.264257
141 54.598133 33.092556 0.000000 2.190711 1.327930 2.212599 4.057806 8.031119 0.342023
142 54.478851 33.052696 0.000000 2.024859 1.339593 2.245567 4.138819 8.220923 0.169918
143 54.402637 32.946125 0.000000 2.470910 1.374490 2.364828 4.487852 9.204700 0.185322
144 54.372990 32.814507 0.000000 1.989645 1.362579 2.313201 4.314848 8.663983 0.222409
145 54.460697 32.898468 0.000000 2.433194 1.387920 2.397733 4.558238 9.342072 0.229026
146 54.352444 32.948944 0.000000 2.676689 1.382242 2.385936 4.536437 9.297790 0.200000
147 54.531292 32.807186 0.000000 2.100240 1.395378 2.421594 4.620594 9.493382 0.250090
148 54.238186 32.876015 0.000000 2.381299 1.442959 2.590286 5.135318 10.992027 0.250000
149 54.513420 32.783794 0.000000 2.509614 1.369912 2.336890 4.378859 8.828593 0.166667
150 54.342789 32.809738 0.000000 2.294248 1.409501 2.493089 4.892484 10.421618 0.200000
151 54.304562 32.821419 0.000000 2.664369 1.424917 2.538208 5.006697 10.698914 0.200000
152 54.351597 32.827438 0.000000 2.647567 1.407952 2.474477 4.804893 10.089326 0.200063
153 54.484879 32.689041 0.000000 2.556490 1.377780 2.372248 4.510773 9.285650 0.200005
154 54.453091 32.744072 0.000000 2.610639 1.349962 2.258445 4.127107 8.072978 0.250797
155 54.398388 32.856239 0.000000 2.661712 1.400494 2.447714 4.717466 9.813121 0.200046
156 54.185577 32.772564 0.000000 2.822993 1.422897 2.520402 4.928280 10.409140 0.200002
157 54.421455 32.660587 0.000000 3.017513 1.364705 2.320946 4.341500 8.754555 0.200000
158 54.385452 32.710213 0.000000 2.952596 1.376507 2.365127 4.476461 9.143005 0.250000
159 54.484478 32.699467 0.000000 3.073427 1.336375 2.231999 4.088879 8.053546 0.200000
160 54.234947 32.725079 0.000000 3.306759 1.434164 2.544477 4.955487 10.365652 0.200000
161 54.267220 32.738911 0.000000 3.468724 1.381180 2.366157 4.445591 8.972854 0.166667
162 54.326870 32.711716 0.000000 3.485846 1.410537 2.475398 4.783652 9.965947 0.200000
163 54.313969 32.860050 0.000000 3.421939 1.403396 2.452115 4.717711 9.782807 0.250000
164 54.287415 32.942986 0.000000 3.200522 1.458601 2.642698 5.288938 11.431282 0.200000
165 54.201088 32.743896 0.000000 2.577863 1.392844 2.416778 4.628727 9.585786 0.200000
166 54.233353 32.755486 0.000000 3.087494 1.451992 2.602367 5.130144 10.883211 0.166667
167 54.220032 32.487072 0.000000 3.209993 1.404993 2.450057 4.694893 9.683902 0.166667
168 54.193237 32.692173 0.000000 2.676253 1.436736 2.556556 5.002826 10.536567 0.166670
169 54.224731 32.776302 0.000000 2.629913 1.430835 2.557563 5.054889 10.802217 0.166667
170 54.237751 32.656052 0.000000 2.663503 1.409887 2.484951 4.842890 10.218106 0.166667
171 53.803719 32.797318 0.000000 2.549051 1.418898 2.518258 4.944834 10.509055 0.167004
172 54.177414 32.786057 0.000000 2.918545 1.435023 2.591668 5.210682 11.403357 0.200000
173 54.152885 32.417034 0.000000 2.809042 1.400889 2.462650 4.798526 10.148538 0.200000
174 54.247284 32.613861 0.000000 2.156895 1.378893 2.405334 4.669043 9.877815 0.247405
175 53.803024 32.637516 0.000000 2.422456 1.377797 2.377496 4.537015 9.385668 0.251647
176 53.818584 32.734253 0.000000 2.366882 1.445556 2.595403 5.143744 11.003514 0.239327
177 53.770638 32.664810 0.000000 2.249410 1.371033 2.350163 4.445369 9.091825 0.230178
178 53.866707 32.863029 0.000000 2.269570 1.486978 2.750804 5.620509 12.381343 0.172623
179 53.764923 32.534161 0.000000 2.739460 1.424053 2.529254 4.960923 10.513179 0.221610
180 53.503132 32.868366 0.000000 2.277811 1.401537 2.455368 4.751915 9.948765 0.268428
181 53.450558 32.901745 0.000000 2.732113 1.368798 2.345090 4.427576 9.017812 0.142878
182 53.373463 32.843750 0.000000 2.423179 1.390794 2.417963 4.642584 9.641507 0.226856
183 53.256977 32.870857 0.000000 3.145087 1.397126 2.443900 4.715650 9.824113 0.200002
184 53.137161 33.010242 0.000000 2.523834 1.386963 2.411815 4.634649 9.630744 0.393782
185 52.784714 33.181114 0.000000 2.554869 1.384878 2.411329 4.650869 9.725908 0.252068
186 52.563366 33.280354 0.000000 1.966678 1.309165 2.186474 4.078161 8.341250 0.200035
187 52.088486 33.723251 0.000000 1.926882 1.408535 2.480008 4.817071 10.093475 0.200000
190 51.766136 33.560932 0.000000 1.875317 1.306931 2.153332 3.908336 7.665427 0.200771
