%% Trajectory 18
%% frame x (pixel)     y (pixel)    z (pixel)      m0         m1           m2           m3           m4           s 
84 39.543343 55.254082 0.000000 2.879624 1.318547 2.192854 4.029321 8.034280 0.250039
85 39.443352 55.565620 0.000000 2.218256 1.316613 2.168820 3.932105 7.708138 0.200000
86 39.325268 55.443184 0.000000 2.664604 1.292399 2.093161 3.708929 7.056284 0.200586
87 39.341633 55.282753 0.000000 2.384208 1.274185 2.035946 3.570352 6.757907 0.337325
88 39.651627 55.160404 0.000000 2.208058 1.319750 2.201541 4.071300 8.195416 0.209016
89 39.431549 55.459007 0.000000 2.809019 1.274254 2.036092 3.561580 6.700036 0.250000
90 39.512783 55.289333 0.000000 3.165950 1.282640 2.059796 3.612684 6.790586 0.250000
91 39.545738 55.268295 0.000000 3.293160 1.278333 2.055799 3.634257 6.943684 0.250000
92 39.437843 55.485413 0.000000 3.260957 1.246586 1.955806 3.356281 6.193252 0.250443
93 39.390594 55.452332 0.000000 3.749609 1.261127 1.996655 3.455057 6.419190 0.298950
94 39.259048 55.397003 0.000000 3.788385 1.285630 2.067548 3.630748 6.830217 0.250000
95 39.453220 55.347534 0.000000 3.876329 1.271659 2.026256 3.527699 6.588553 0.250372
96 39.279068 55.464882 0.000000 3.800375 1.289495 2.083033 3.678662 6.968306 0.200001
97 39.534142 55.358902 0.000000 3.822530 1.290783 2.082157 3.665841 6.909283 0.202424
98 39.444908 55.374054 0.000000 4.210535 1.273821 2.032635 3.542969 6.622461 0.200000
99 39.347622 55.348640 0.000000 3.934062 1.276325 2.038768 3.557352 6.656021 0.166667
100 39.356804 55.334290 0.000000 3.645209 1.280781 2.065569 3.658193 6.991065 0.167213
101 39.370838 55.453964 0.000000 4.175366 1.275637 2.037577 3.555207 6.651639 0.200001
102 39.282104 55.339481 0.000000 5.103028 1.288566 2.077526 3.661300 6.921760 0.200000
103 39.438721 55.440250 0.000000 4.266652 1.293579 2.101369 3.748875 7.215745 0.200000
104 39.453625 55.356918 0.000000 4.761284 1.277249 2.044645 3.574880 6.699511 0.166667
105 39.341705 55.356094 0.000000 4.697917 1.269037 2.020002 3.513156 6.554839 0.200000
106 39.378277 55.535046 0.000000 4.623730 1.280930 2.052567 3.591798 6.736129 0.200000
107 39.298031 55.439121 0.000000 4.992313 1.290919 2.081863 3.664336 6.904655 0.200000
108 39.418777 55.477684 0.000000 4.863515 1.280239 2.050438 3.586597 6.724287 0.166667
109 39.231789 55.559929 0.000000 5.299801 1.277834 2.050449 3.606960 6.833486 0.166667
110 39.175591 55.426804 0.000000 5.140491 1.294768 2.095372 3.700639 6.993721 0.166667
111 39.045135 55.365009 0.000000 5.379482 1.319250 2.179877 3.948778 7.687227 0.166667
112 39.065102 55.240921 0.000000 4.927547 1.334688 2.230439 4.093126 8.085541 0.200020
113 39.138691 54.953415 0.000000 4.757497 1.344516 2.278893 4.270848 8.674185 0.200000
114 39.217228 54.928219 0.000000 5.674587 1.329053 2.221219 4.091477 8.146886 0.166667
115 39.263474 54.787441 0.000000 5.273623 1.298451 2.109734 3.748480 7.143637 0.200000
116 39.185883 54.852737 0.000000 4.888151 1.329692 2.222184 4.097652 8.179621 0.200000
117 39.323215 54.397644 0.000000 4.435857 1.266769 2.015944 3.506396 6.544967 0.166668
118 39.395931 54.522243 0.000000 4.845005 1.303560 2.126391 3.794352 7.266284 0.200000
119 39.368980 53.947147 0.000000 4.369816 1.354564 2.307608 4.350107 8.899082 0.169827
121 39.813194 55.077801 0.000000 3.550342 1.374666 2.355257 4.432762 8.974665 0.200000
122 39.447266 55.220623 0.000000 3.493846 1.344073 2.255895 4.161101 8.275888 0.200000
