%% Trajectory 23
%% frame x (pixel)     y (pixel)    z (pixel)      m0         m1           m2           m3           m4           s 
93 52.693298 32.102577 0.000000 1.255773 1.293533 2.104783 3.779449 7.367034 0.243390
94 52.662434 32.024239 0.000000 1.304558 1.275078 2.066024 3.715545 7.299690 0.133222
95 52.602997 31.974070 0.000000 1.419794 1.308985 2.173391 4.001126 8.017425 0.392481
96 52.385159 32.147320 0.000000 1.793254 1.275837 2.044773 3.598214 6.835340 0.198570
97 52.375114 32.046116 0.000000 1.558024 1.313561 2.180230 4.004071 7.994730 0.214253
98 52.680225 32.002522 0.000000 1.758742 1.342304 2.275587 4.274159 8.724830 0.291403
99 52.467518 32.166740 0.000000 1.880119 1.307975 2.144908 3.861729 7.494146 0.229794
100 52.422455 31.988649 0.000000 1.904865 1.321367 2.192179 3.997889 7.860322 0.244250
101 52.454742 31.971327 0.000000 2.338914 1.347554 2.275229 4.232003 8.501477 0.168306
102 52.299995 32.178043 0.000000 2.400357 1.312167 2.142785 3.817037 7.270345 0.417335
103 52.311039 32.201916 0.000000 2.324827 1.324742 2.194299 3.991417 7.824901 0.313591
104 52.166115 32.003036 0.000000 2.404882 1.359614 2.325101 4.388604 8.955688 0.258240
105 52.170933 31.979595 0.000000 2.315274 1.352155 2.297031 4.298879 8.683002 0.304729
106 52.122425 32.067429 0.000000 2.297108 1.368006 2.334298 4.377197 8.837241 0.318304
107 52.131870 31.999336 0.000000 2.262128 1.382304 2.395267 4.581493 9.469808 0.267891
108 51.799835 32.079029 0.000000 2.319470 1.333092 2.243779 4.173093 8.410858 0.205700
109 51.890926 32.190636 0.000000 1.931876 1.299640 2.144437 3.928636 7.850394 0.192513
110 51.651814 32.301163 0.000000 1.892982 1.253822 1.987668 3.467607 6.554498 0.200003
111 51.240391 32.278717 0.000000 1.766173 1.319174 2.183147 3.975621 7.821382 0.214492
112 51.664745 32.556526 0.000000 1.538398 1.273709 2.055314 3.678057 7.192777 0.200000
113 51.535324 32.639847 0.000000 1.293110 1.280710 2.094687 3.818296 7.637082 0.200000
115 51.666584 33.148842 0.000000 1.332213 1.365484 2.340516 4.440155 9.144885 0.200000
