%% Trajectory 47
%% frame x (pixel)     y (pixel)    z (pixel)      m0         m1           m2           m3           m4           s 
155 37.147385 16.155436 0.000000 2.118080 1.344508 2.287957 4.320358 8.870329 0.250000
157 37.117893 16.199366 0.000000 2.512711 1.355939 2.306857 4.343744 8.871942 0.333333
158 37.046894 16.324141 0.000000 2.806581 1.426689 2.544312 5.018886 10.707029 0.333333
159 36.832287 16.349180 0.000000 3.386247 1.316222 2.172289 3.936518 7.687786 0.333333
161 37.188000 16.471201 0.000000 3.199731 1.268530 2.032510 3.587423 6.861350 0.250000
162 37.095673 16.420166 0.000000 3.456034 1.344705 2.258799 4.175723 8.331420 0.200000
163 37.074013 16.359926 0.000000 3.253214 1.357669 2.323994 4.397392 9.004889 0.200000
164 36.903492 16.312214 0.000000 2.989439 1.441522 2.574616 5.059407 10.706490 0.166667
165 37.117924 16.622372 0.000000 3.423407 1.376963 2.359313 4.441954 8.998982 0.200000
166 36.822250 16.287268 0.000000 3.240345 1.372780 2.364045 4.510176 9.347898 0.200000
167 37.117432 16.826292 0.000000 3.354146 1.409803 2.494020 4.888980 10.387233 0.166667
168 37.118580 16.779997 0.000000 3.875956 1.334913 2.229043 4.092078 8.096183 0.250000
169 37.059097 16.940060 0.000000 3.266238 1.376767 2.417586 4.740374 10.140580 0.166667
171 37.709400 17.774038 0.000000 3.640799 1.374053 2.376342 4.560379 9.515263 0.200000
172 38.055416 17.705685 0.000000 3.340229 1.345291 2.279551 4.262389 8.622846 0.250000
173 38.088150 17.951244 0.000000 3.527145 1.439710 2.617707 5.298839 11.657415 0.250117
174 37.777046 17.565432 0.000000 3.411747 1.440085 2.569316 5.047055 10.678858 0.250011
176 37.696217 18.462667 0.000000 2.776242 1.334284 2.232286 4.097447 8.092578 0.250002
177 37.058880 18.476231 0.000000 2.751655 1.409761 2.485383 4.838309 10.178476 0.286969
179 36.793903 19.302279 0.000000 1.936630 1.402129 2.495763 4.947530 10.669306 0.173814
