%% Trajectory 19
%% frame x (pixel)     y (pixel)    z (pixel)      m0         m1           m2           m3           m4           s 
116 55.237946 31.841089 0.000000 2.038956 1.409724 2.478121 4.809361 10.085814 0.166673
117 55.075851 31.334505 0.000000 2.462357 1.422028 2.509281 4.875101 10.207125 0.200000
118 55.010258 31.502123 0.000000 2.694959 1.381704 2.403690 4.640416 9.735503 0.218152
120 54.721905 31.309317 0.000000 3.918084 1.432875 2.535826 4.924273 10.269801 0.200000
121 54.649239 31.283808 0.000000 3.552188 1.415190 2.477637 4.754982 9.792794 0.229278
122 54.605747 31.438158 0.000000 3.710290 1.419835 2.492731 4.799923 9.923571 0.166667
123 54.593491 31.355421 0.000000 4.239892 1.403250 2.425889 4.576029 9.220227 0.250000
124 54.538010 31.312536 0.000000 4.312858 1.444498 2.580907 5.069243 10.713687 0.250000
125 54.442127 31.420053 0.000000 4.619518 1.440351 2.555496 4.968251 10.358611 0.200000
126 54.565655 31.342216 0.000000 4.782899 1.443464 2.571851 5.027346 10.552915 0.200000
127 54.568523 31.372484 0.000000 4.463358 1.428613 2.517116 4.863029 10.085382 0.166667
128 54.425556 31.470762 0.000000 4.548518 1.433878 2.533290 4.900609 10.158348 0.333333
129 54.464283 31.330696 0.000000 4.931321 1.426470 2.516799 4.876899 10.160868 0.250000
130 54.584118 31.343306 0.000000 5.334046 1.400288 2.422736 4.585469 9.294614 0.250000
131 54.554649 31.286041 0.000000 5.431478 1.419711 2.482838 4.751453 9.744588 0.250000
132 54.613457 31.339035 0.000000 5.321060 1.411813 2.463393 4.715737 9.701199 0.250000
133 54.606380 31.331003 0.000000 5.619067 1.399174 2.417247 4.570959 9.266782 0.250000
134 54.634209 31.319555 0.000000 5.670090 1.390722 2.394790 4.513415 9.118295 0.200000
135 54.617683 31.381336 0.000000 5.950247 1.378606 2.355202 4.405719 8.840747 0.200000
136 54.624859 31.251070 0.000000 5.476798 1.375012 2.345653 4.383141 8.787233 0.200000
137 54.633041 31.287617 0.000000 5.371188 1.384174 2.366257 4.418914 8.827788 0.200000
138 54.696182 31.131916 0.000000 5.398988 1.372885 2.350441 4.422883 8.961562 0.200000
139 54.619019 31.160444 0.000000 5.589267 1.395053 2.415243 4.585556 9.347592 0.250000
140 54.607689 31.123823 0.000000 5.611614 1.390844 2.409111 4.593988 9.448308 0.250000
141 54.648735 31.112963 0.000000 5.891064 1.383212 2.380959 4.501659 9.157089 0.333333
142 54.677803 31.188543 0.000000 6.042432 1.371377 2.340144 4.387630 8.856943 0.166667
143 54.612926 31.168741 0.000000 5.938883 1.348886 2.263516 4.159663 8.203540 0.200000
144 54.717670 31.222290 0.000000 5.878784 1.354998 2.280567 4.202219 8.307608 0.250000
145 54.627460 31.277723 0.000000 5.950446 1.353031 2.275574 4.190526 8.281058 0.333333
146 54.589714 31.205576 0.000000 6.321194 1.364461 2.310726 4.282612 8.509892 0.250000
147 54.627701 31.252058 0.000000 6.617872 1.391989 2.409584 4.588983 9.420241 0.250000
148 54.570042 31.237356 0.000000 6.720950 1.372417 2.332919 4.334336 8.619721 0.250000
149 54.597839 31.253235 0.000000 6.426378 1.370769 2.325716 4.312254 8.557816 0.333333
150 54.589027 31.133133 0.000000 6.596470 1.362351 2.316525 4.326994 8.699199 0.250000
151 54.514797 31.229492 0.000000 7.019169 1.351754 2.278483 4.215366 8.390511 0.250000
152 54.544628 31.117260 0.000000 7.032846 1.339650 2.238523 4.097996 8.056225 0.200000
153 54.474373 31.117334 0.000000 6.934112 1.396925 2.424223 4.624060 9.494378 0.333333
154 54.539600 31.035172 0.000000 7.104431 1.395141 2.427903 4.657475 9.645370 0.333333
155 54.489449 31.044086 0.000000 7.220493 1.381465 2.381903 4.527759 9.296450 0.333333
156 54.509537 31.142023 0.000000 7.530932 1.356869 2.302727 4.300023 8.661273 0.333333
157 54.525570 31.152809 0.000000 7.489865 1.373051 2.344926 4.396004 8.864821 0.333333
158 54.468246 31.094316 0.000000 7.119036 1.352857 2.286968 4.252481 8.525914 0.250000
159 54.590534 31.111673 0.000000 7.504393 1.352525 2.284533 4.242218 8.490663 0.333333
160 54.503468 31.023540 0.000000 7.885501 1.359028 2.305367 4.298741 8.634503 0.333333
161 54.519474 31.156725 0.000000 7.680707 1.339345 2.231790 4.064466 7.927548 0.333333
162 54.507462 31.120131 0.000000 7.426497 1.370809 2.348494 4.433867 9.039818 0.333333
163 54.480892 31.145771 0.000000 7.984694 1.360129 2.311963 4.326860 8.742266 0.250000
164 54.497440 31.152988 0.000000 8.012544 1.369119 2.343874 4.424222 9.024802 0.250000
165 54.494408 31.188549 0.000000 7.799568 1.348624 2.270659 4.197029 8.349756 0.250000
166 54.362904 31.036201 0.000000 8.091138 1.373993 2.362370 4.480946 9.188148 0.250000
167 54.369057 31.013596 0.000000 7.930930 1.372033 2.355442 4.459288 9.121946 0.250000
168 54.231308 31.177723 0.000000 7.817087 1.373972 2.367845 4.516629 9.349132 0.333333
169 54.245892 31.118361 0.000000 7.028632 1.393104 2.433438 4.705757 9.866162 0.200000
170 54.186359 31.187855 0.000000 6.940215 1.382846 2.402467 4.632045 9.711579 0.250000
171 54.173462 31.185076 0.000000 6.700805 1.394934 2.452911 4.792486 10.184783 0.200000
172 54.101604 31.193979 0.000000 6.042867 1.383185 2.411590 4.670556 9.841889 0.381130
173 54.064995 31.249340 0.000000 6.031897 1.403584 2.482926 4.891126 10.502821 0.218022
174 54.222076 31.279516 0.000000 5.619140 1.352679 2.307429 4.366153 8.991159 0.231635
175 54.161007 31.337322 0.000000 5.179825 1.356604 2.335001 4.487606 9.444409 0.200045
176 54.313328 31.413738 0.000000 4.653379 1.355306 2.346911 4.571218 9.817327 0.200000
177 54.189102 31.362696 0.000000 4.307302 1.350756 2.340687 4.569643 9.846705 0.200000
178 54.346188 31.476469 0.000000 3.624638 1.228429 1.948116 3.468045 6.856586 0.203609
179 54.355518 31.614634 0.000000 3.180064 1.235107 2.004646 3.715855 7.766548 0.200638
180 54.162575 31.773861 0.000000 3.150646 1.286453 2.153383 4.088318 8.653760 0.304729
181 53.871807 31.859655 0.000000 3.681269 1.274471 2.074698 3.756623 7.445521 0.213649
182 53.843620 31.900679 0.000000 2.925238 1.262134 2.063321 3.794336 7.730548 0.200000
183 53.825985 31.863031 0.000000 3.037409 1.275977 2.090952 3.836882 7.762889 0.230955
184 53.711926 32.496571 0.000000 2.943094 1.396282 2.512177 5.098388 11.382837 0.222928
185 53.607159 32.452759 0.000000 2.723921 1.406066 2.551064 5.222025 11.743148 0.224600
186 53.482826 32.616497 0.000000 2.745068 1.383805 2.508821 5.184536 11.870093 0.202854
187 53.613186 32.842499 0.000000 2.938216 1.379773 2.480585 5.068333 11.458561 0.204204
188 53.461838 32.744301 0.000000 2.460572 1.410637 2.606786 5.498066 12.830523 0.200000
189 53.238003 32.853230 0.000000 2.372386 1.423374 2.638141 5.533815 12.759169 0.202782
