%% Trajectory 13
%% frame x (pixel)     y (pixel)    z (pixel)      m0         m1           m2           m3           m4           s 
44 19.082157 44.458462 0.000000 1.219222 1.339929 2.271880 4.277682 8.778797 0.250000
45 19.293394 44.479355 0.000000 1.606195 1.298497 2.120631 3.822575 7.478055 0.200000
46 19.277065 44.334969 0.000000 1.968823 1.361720 2.326960 4.398665 9.021994 0.346485
47 19.560837 44.174099 0.000000 1.910215 1.301925 2.120531 3.778131 7.223219 0.250000
48 19.177305 44.595051 0.000000 2.067339 1.345296 2.287323 4.321195 8.904323 0.250000
49 19.510683 44.568497 0.000000 1.910850 1.315925 2.185448 4.028811 8.105410 0.200000
50 19.323753 44.486145 0.000000 1.841932 1.438133 2.617546 5.335751 11.900330 0.333351
51 19.393593 44.435436 0.000000 1.923321 1.312478 2.157180 3.895532 7.588801 0.250000
52 19.426044 44.549686 0.000000 2.371166 1.322325 2.208987 4.094182 8.273130 0.333333
53 19.481045 44.666977 0.000000 2.218961 1.425887 2.548614 5.055390 10.887397 0.250064
54 19.294315 44.511574 0.000000 2.241104 1.363336 2.310639 4.298682 8.607174 0.142857
55 19.510561 44.564247 0.000000 3.055673 1.388371 2.447157 4.837979 10.502887 0.250000
56 19.422615 44.705093 0.000000 2.592800 1.378000 2.383956 4.570735 9.519464 0.420133
57 19.293026 44.358696 0.000000 2.444283 1.388705 2.422169 4.686650 9.857439 0.209113
58 19.295559 44.567307 0.000000 2.591590 1.390594 2.434545 4.751308 10.125227 0.456396
59 19.300669 44.715076 0.000000 2.757632 1.409957 2.501275 4.930118 10.565473 0.243412
60 19.541666 44.600971 0.000000 2.726767 1.382513 2.391455 4.570793 9.464000 0.263982
61 19.376534 44.532558 0.000000 2.599511 1.353840 2.297440 4.305163 8.740484 0.448857
62 19.530493 44.691452 0.000000 2.719445 1.452879 2.630996 5.285537 11.519187 0.175731
63 19.647991 44.579567 0.000000 2.967972 1.369132 2.356996 4.499116 9.339682 0.208362
64 19.537119 44.639923 0.000000 2.687394 1.378663 2.361829 4.446826 9.020260 0.285720
65 20.019951 44.695236 0.000000 2.735486 1.468836 2.719741 5.622459 12.657333 0.142881
66 19.626223 44.458206 0.000000 2.870362 1.409912 2.498841 4.917085 10.516209 0.178548
67 20.070744 44.647968 0.000000 3.116413 1.434625 2.570195 5.107576 11.012516 0.166927
68 20.095806 44.732048 0.000000 2.412037 1.449264 2.609524 5.190127 11.153437 0.170895
69 20.463327 44.370667 0.000000 2.858127 1.372028 2.352740 4.452396 9.120152 0.143375
70 20.460606 44.512783 0.000000 2.849555 1.324596 2.186752 3.947971 7.643931 0.233688
71 20.624037 44.474411 0.000000 3.464772 1.337948 2.233618 4.085667 8.028522 0.266493
72 20.633736 44.612476 0.000000 3.421903 1.342102 2.258464 4.194232 8.434281 0.134500
73 20.879772 44.600529 0.000000 2.646396 1.369424 2.344276 4.424691 9.029649 0.166667
74 21.105579 44.556698 0.000000 2.957271 1.443125 2.575928 5.061197 10.709641 0.144194
75 21.213854 43.878849 0.000000 3.126803 1.370193 2.352515 4.453485 9.109205 0.139747
76 20.913206 44.142544 0.000000 3.155389 1.367793 2.337678 4.398323 8.928638 0.142906
