%% Trajectory 26
%% frame x (pixel)     y (pixel)    z (pixel)      m0         m1           m2           m3           m4           s 
121 46.134739 14.386868 0.000000 1.210621 1.266550 2.028688 3.551419 6.664565 0.333333
122 46.566925 14.098191 0.000000 1.165004 1.326119 2.223143 4.115443 8.254719 0.250000
123 46.392258 14.373544 0.000000 1.449840 1.405311 2.471817 4.807647 10.126525 0.333333
124 45.793537 14.667467 0.000000 1.574877 1.385036 2.403930 4.604855 9.541026 0.333333
125 46.206566 14.270308 0.000000 1.493751 1.395953 2.423412 4.623927 9.493375 0.333333
126 46.186897 14.422913 0.000000 1.535474 1.419655 2.513026 4.903389 10.314598 0.333333
127 46.391777 13.911929 0.000000 1.305483 1.333141 2.242813 4.159462 8.336986 0.258820
128 46.379757 14.366164 0.000000 1.600449 1.393177 2.393754 4.496187 9.040177 0.203288
129 46.422958 14.477578 0.000000 1.768150 1.332461 2.202954 3.973435 7.663876 0.166909
130 46.486675 14.246294 0.000000 1.789922 1.364846 2.337007 4.419567 9.045082 0.250000
131 46.407761 14.337090 0.000000 1.901201 1.348722 2.259330 4.138672 8.122115 0.250000
132 46.175644 14.658807 0.000000 1.905322 1.420854 2.539208 5.025584 10.773351 0.250000
133 46.614033 14.331409 0.000000 1.488225 1.329793 2.224356 4.103910 8.196465 0.258884
134 46.369312 14.042579 0.000000 1.920834 1.332713 2.231428 4.105078 8.134936 0.250000
135 46.270905 14.407143 0.000000 2.005271 1.317652 2.175794 3.949928 7.733189 0.250000
136 46.745316 14.387336 0.000000 2.212092 1.320850 2.178776 3.934622 7.626320 0.200000
137 46.737122 14.526769 0.000000 2.892398 1.397659 2.418439 4.588236 9.347493 0.200000
138 46.699825 14.295006 0.000000 2.642787 1.331737 2.219984 4.060736 7.991768 0.250000
139 46.829792 14.466564 0.000000 2.805623 1.350946 2.271584 4.187356 8.290508 0.250000
140 46.812641 14.572623 0.000000 2.271115 1.358943 2.288812 4.215523 8.320658 0.250000
141 46.675266 14.563300 0.000000 2.359927 1.322443 2.187013 3.974827 7.794819 0.200000
143 46.563049 15.084151 0.000000 2.675491 1.373282 2.362226 4.485535 9.211262 0.200534
144 46.513466 14.881308 0.000000 2.679764 1.342120 2.247013 4.128462 8.162912 0.166767
145 46.319954 15.199946 0.000000 2.700965 1.376529 2.356614 4.429087 8.953530 0.348348
147 47.027454 16.196676 0.000000 2.772798 1.420814 2.532055 4.995886 10.672780 0.250001
148 47.217796 16.191465 0.000000 2.278844 1.415908 2.512489 4.952359 10.617332 0.250001
149 47.060471 16.226114 0.000000 2.166130 1.432686 2.559020 5.058669 10.830838 0.370578
150 46.944759 16.025452 0.000000 2.078277 1.382903 2.412898 4.686234 9.915277 0.273976
151 47.007214 15.798347 0.000000 1.827057 1.386378 2.425422 4.695718 9.838567 0.168848
152 46.665493 15.626383 0.000000 1.366952 1.283132 2.086282 3.762177 7.407359 0.227953
154 46.310326 16.118280 0.000000 1.173112 1.311786 2.187569 4.070943 8.314653 0.226063
