%% Trajectory 4
%% frame x (pixel)     y (pixel)    z (pixel)      m0         m1           m2           m3           m4           s 
3 16.977757 55.008583 0.000000 1.164768 1.370229 2.376581 4.570665 9.539013 0.250000
4 16.830311 55.117653 0.000000 1.141515 1.304470 2.159038 3.956083 7.876030 0.321585
5 16.981398 55.174545 0.000000 1.088914 1.382177 2.413338 4.680207 9.859349 0.422066
6 16.804737 55.035175 0.000000 1.042792 1.357251 2.316502 4.371161 8.939771 0.250361
7 16.879263 55.069839 0.000000 1.231492 1.322076 2.197869 4.020058 7.932066 0.364788
8 16.659513 54.991009 0.000000 1.550680 1.325836 2.208982 4.056179 8.053541 0.250001
9 16.727995 55.111240 0.000000 1.561990 1.297371 2.113323 3.783420 7.307936 0.250061
10 16.623409 54.928669 0.000000 1.533185 1.293889 2.116330 3.808706 7.403723 0.264811
11 16.867443 55.121517 0.000000 1.507282 1.336321 2.251990 4.186342 8.415052 0.200000
12 16.665100 54.824154 0.000000 1.848475 1.266272 2.030708 3.592627 6.901198 0.232783
13 16.780397 54.830883 0.000000 1.934548 1.283244 2.066297 3.634934 6.850428 0.377600
14 16.724112 54.886127 0.000000 1.890014 1.324885 2.196382 3.995816 7.826071 0.257677
15 16.654453 54.575874 0.000000 1.893271 1.267750 2.026022 3.558587 6.756687 0.299630
16 16.771202 54.588108 0.000000 2.084028 1.282047 2.056784 3.602028 6.756756 0.200803
17 16.743570 54.171452 0.000000 1.914662 1.297920 2.119798 3.806161 7.375171 0.300583
18 16.865665 54.116375 0.000000 1.915019 1.295381 2.117239 3.814906 7.438526 0.311709
19 17.118998 54.154095 0.000000 2.010841 1.316810 2.181596 3.971508 7.788318 0.345661
20 17.008121 53.688534 0.000000 1.721332 1.315979 2.190523 4.035746 8.071566 0.167000
21 17.071432 53.465794 0.000000 1.870094 1.260957 2.014772 3.544586 6.751332 0.200001
22 16.935131 53.587070 0.000000 1.680011 1.305389 2.181615 4.070159 8.322865 0.166667
23 17.176468 53.349396 0.000000 1.554678 1.250404 1.991866 3.502788 6.692562 0.166667
24 17.180765 53.313034 0.000000 1.298655 1.258461 2.014807 3.544323 6.725143 0.166667
