%% Trajectory 21
%% frame x (pixel)     y (pixel)    z (pixel)      m0         m1           m2           m3           m4           s 
99 28.828596 30.581083 0.000000 1.281171 1.188662 1.793347 2.962378 5.289340 0.166667
101 28.796438 30.807800 0.000000 1.777846 1.228614 1.913195 3.274974 6.068814 0.200037
102 29.080484 30.709860 0.000000 1.743359 1.219963 1.897134 3.237810 5.962088 0.200055
103 29.159933 30.860046 0.000000 2.008336 1.230327 1.931720 3.334438 6.222148 0.239676
104 28.745249 30.957041 0.000000 1.826316 1.313070 2.182533 3.991975 7.870521 0.175021
105 29.051441 30.702240 0.000000 1.552653 1.241939 1.981425 3.497801 6.721699 0.200000
106 29.095964 30.829071 0.000000 1.848049 1.291500 2.092623 3.715651 7.090597 0.200004
107 29.014982 30.804403 0.000000 2.395522 1.262159 2.018522 3.550190 6.747640 0.581150
108 29.025730 31.001255 0.000000 2.358294 1.296132 2.153689 3.974749 7.983721 0.301333
109 29.162659 31.074518 0.000000 2.359228 1.280092 2.095555 3.809182 7.549219 0.281882
110 29.118174 31.182707 0.000000 3.247588 1.301876 2.145925 3.911857 7.739224 0.166764
111 28.986839 31.037605 0.000000 3.055292 1.342049 2.295943 4.371954 9.073014 0.241243
112 29.000784 31.022882 0.000000 3.352497 1.369329 2.375549 4.555059 9.437579 0.200569
113 29.124784 30.855471 0.000000 3.179963 1.321681 2.195106 4.008665 7.893178 0.247943
114 28.906164 30.851408 0.000000 2.935492 1.295793 2.127841 3.856122 7.564603 0.167648
115 29.042809 31.015673 0.000000 3.391563 1.375927 2.397895 4.649139 9.813041 0.200515
116 28.940241 30.813742 0.000000 3.804498 1.286318 2.087183 3.729809 7.207707 0.200000
117 29.010399 31.037096 0.000000 4.029296 1.342371 2.286346 4.324481 8.896080 0.167843
118 28.976835 30.846714 0.000000 3.411013 1.352803 2.316926 4.409293 9.133135 0.211536
119 29.073277 30.863852 0.000000 4.196278 1.283470 2.085821 3.739380 7.260953 0.169827
120 28.970240 30.841845 0.000000 4.315201 1.325166 2.223701 4.136955 8.366844 0.166667
121 29.138374 30.955465 0.000000 4.417878 1.337156 2.253230 4.196243 8.468151 0.200000
122 29.180849 30.917877 0.000000 5.159518 1.332677 2.231259 4.107439 8.144465 0.200000
123 29.179712 30.982389 0.000000 5.066428 1.329687 2.229162 4.117959 8.217441 0.200000
124 29.108862 30.944729 0.000000 5.017697 1.358980 2.321886 4.376741 8.917571 0.333333
125 28.976566 30.931875 0.000000 5.016921 1.338691 2.272359 4.277341 8.745218 0.333333
126 29.069265 31.026531 0.000000 5.139087 1.362069 2.333675 4.413399 9.018134 0.333333
127 29.105453 30.874342 0.000000 5.009433 1.346433 2.269198 4.205787 8.398761 0.333333
128 29.251541 30.816715 0.000000 5.004509 1.324795 2.205575 4.044602 8.013636 0.333333
129 29.160383 30.978958 0.000000 4.935955 1.356653 2.331062 4.450193 9.253015 0.333333
130 29.040085 31.090336 0.000000 5.233021 1.342705 2.271920 4.244043 8.571435 0.333333
131 29.206110 31.120150 0.000000 4.562046 1.340298 2.249957 4.157767 8.290257 0.333333
132 29.195635 31.217125 0.000000 4.491010 1.313103 2.175132 3.973034 7.849410 0.333333
133 29.267681 31.279472 0.000000 4.442301 1.287148 2.087881 3.720752 7.151377 0.333333
134 29.337486 31.498383 0.000000 4.619924 1.284520 2.069031 3.648874 6.915066 0.250000
135 29.658073 31.574434 0.000000 4.996885 1.291224 2.094724 3.724202 7.120153 0.333333
136 29.615093 31.483315 0.000000 4.504377 1.272785 2.036238 3.560478 6.677907 0.250000
137 29.762272 31.571112 0.000000 4.984887 1.295562 2.108655 3.768133 7.259552 0.250000
139 30.709179 30.640238 0.000000 4.424756 1.530589 2.903355 6.084600 13.729355 0.250539
140 30.732635 30.394482 0.000000 3.948066 1.498000 2.769000 5.632327 12.303746 0.287765
141 30.592346 30.295282 0.000000 3.251662 1.573276 3.060731 6.574454 15.176896 0.250000
143 30.562817 30.201443 0.000000 3.361572 1.546825 2.963109 6.259149 14.209967 0.333333
