%% Trajectory 15
%% frame x (pixel)     y (pixel)    z (pixel)      m0         m1           m2           m3           m4           s 
54 60.751804 37.233212 0.000000 1.965158 1.393283 2.408571 4.565171 9.287203 0.267248
57 60.587112 37.798550 0.000000 2.280551 1.493561 2.755484 5.610090 12.321448 0.200373
58 60.726116 37.846428 0.000000 2.642590 1.463053 2.669909 5.394173 11.790849 0.200071
59 60.717419 38.262054 0.000000 2.311655 1.471106 2.706570 5.522451 12.202634 0.201186
60 60.614529 38.383362 0.000000 2.843649 1.490850 2.761477 5.665216 12.569572 0.200000
61 60.457409 38.510517 0.000000 2.812838 1.555911 2.984059 6.319016 14.406069 0.142857
62 60.370777 38.296520 0.000000 2.721512 1.618210 3.198432 6.950150 16.188589 0.200000
64 60.025887 39.381153 0.000000 2.643718 1.463988 2.690791 5.493939 12.155417 0.250000
65 59.943939 39.157784 0.000000 2.868577 1.571468 3.070847 6.659904 15.598997 0.250000
66 59.754852 39.036156 0.000000 2.602718 1.505064 2.831840 5.923415 13.433078 0.250000
67 59.726322 39.087105 0.000000 2.600598 1.462288 2.709972 5.632134 12.795368 0.250000
69 58.964680 38.979874 0.000000 3.659807 1.477015 2.734926 5.632185 12.581960 0.250000
70 58.994858 38.613129 0.000000 3.808422 1.480708 2.726306 5.539155 12.127403 0.250000
72 58.723053 38.996632 0.000000 4.321236 1.395754 2.453456 4.787466 10.148592 0.250296
73 58.826244 38.924316 0.000000 4.637679 1.392723 2.414853 4.616555 9.531517 0.250000
74 58.780441 38.651306 0.000000 4.062545 1.373186 2.344262 4.383545 8.790277 0.250000
75 58.492725 38.904961 0.000000 3.807153 1.399161 2.437782 4.677779 9.682410 0.257699
77 58.716377 39.154934 0.000000 2.231763 1.393899 2.447551 4.780937 10.174319 0.250000
78 58.487576 39.286903 0.000000 1.770550 1.351079 2.282964 4.231938 8.432271 0.467106
