%% Trajectory 53
%% frame x (pixel)     y (pixel)    z (pixel)      m0         m1           m2           m3           m4           s 
155 36.327553 19.261452 0.000000 1.279335 1.457617 2.685217 5.528672 12.413833 0.250616
157 36.259418 18.755331 0.000000 1.556971 1.439925 2.629486 5.356608 11.885826 0.200481
158 36.139774 19.457401 0.000000 1.663242 1.400257 2.459983 4.788258 10.110567 0.250000
159 36.195728 19.344326 0.000000 1.899619 1.316784 2.191061 4.036154 8.078956 0.333333
160 36.077286 19.598261 0.000000 1.822234 1.486186 2.778700 5.771915 12.987685 0.250006
161 36.378212 19.754093 0.000000 1.875517 1.442464 2.624567 5.312736 11.678276 0.205755
162 36.394428 19.614326 0.000000 1.866657 1.523588 2.912461 6.191133 14.245287 0.204385
164 36.441597 19.805439 0.000000 2.021432 1.613784 3.210223 7.049224 16.630362 0.195728
165 36.364151 19.521387 0.000000 2.038077 1.473943 2.732395 5.651134 12.714095 0.252642
166 36.201557 19.587135 0.000000 2.301225 1.377015 2.392863 4.618847 9.697601 0.202505
167 35.984028 19.570335 0.000000 2.183391 1.439726 2.609020 5.249675 11.450183 0.227333
168 36.001640 19.706329 0.000000 1.915825 1.381105 2.403372 4.626495 9.639776 0.203310
169 35.959290 19.569439 0.000000 1.833850 1.420618 2.525835 4.963824 10.544229 0.250000
170 36.302132 19.638998 0.000000 2.077419 1.391833 2.428405 4.667679 9.666865 0.250000
171 36.244598 19.626253 0.000000 2.149760 1.409487 2.497368 4.899792 10.402624 0.166685
172 35.864395 19.897070 0.000000 2.391635 1.393582 2.461592 4.842703 10.378050 0.252441
173 35.982479 20.164076 0.000000 2.151749 1.469587 2.771405 5.888386 13.708884 0.219008
174 36.058270 20.161329 0.000000 1.840543 1.406067 2.551455 5.237547 11.855656 0.213891
175 35.611938 20.335247 0.000000 1.539311 1.273653 2.113823 3.995389 8.464294 0.250002
176 35.873623 20.508068 0.000000 2.165209 1.348934 2.311384 4.419889 9.255940 0.250810
177 35.694843 20.584814 0.000000 2.175064 1.326651 2.253107 4.288913 8.983643 0.254663
178 35.767986 20.674915 0.000000 1.845075 1.414143 2.528446 5.050380 11.013412 0.250009
180 34.524761 20.165308 0.000000 1.331734 1.287757 2.088338 3.726701 7.184788 0.250090
