%% Trajectory 50
%% frame x (pixel)     y (pixel)    z (pixel)      m0         m1           m2           m3           m4           s 
141 46.538883 46.120281 0.000000 2.561313 1.364752 2.331312 4.400832 9.003047 0.200118
143 46.514233 46.003761 0.000000 2.923008 1.370498 2.367554 4.528849 9.386567 0.208061
144 46.485874 46.001377 0.000000 2.538360 1.407606 2.478077 4.808882 10.061832 0.251890
145 46.511387 45.673985 0.000000 2.486795 1.277827 2.051488 3.614145 6.868226 0.324411
146 46.436188 46.080856 0.000000 2.937912 1.360988 2.320267 4.362574 8.862356 0.250000
147 46.310024 45.931206 0.000000 3.162461 1.356232 2.304433 4.309526 8.690421 0.333333
148 46.521725 46.124035 0.000000 2.484552 1.386545 2.394234 4.559908 9.385687 0.333333
149 46.442520 46.019459 0.000000 2.529680 1.351400 2.287533 4.261401 8.557854 0.333337
150 46.623337 46.035351 0.000000 2.934380 1.383010 2.399431 4.595546 9.506107 0.333333
151 46.278046 46.068222 0.000000 2.811301 1.377433 2.364741 4.459724 9.046801 0.250017
152 46.587933 46.077991 0.000000 2.967531 1.364557 2.330840 4.381591 8.879631 0.333333
153 46.397068 45.698891 0.000000 3.119277 1.342572 2.252481 4.157664 8.285628 0.250000
154 46.206150 45.773624 0.000000 2.938632 1.366350 2.342914 4.440259 9.118798 0.250000
155 46.453777 45.818142 0.000000 3.192105 1.367092 2.326300 4.350149 8.757834 0.250489
156 45.907742 45.508266 0.000000 2.780181 1.321087 2.200617 4.058877 8.142482 0.250004
157 45.827160 45.322998 0.000000 2.697196 1.363889 2.334502 4.415085 9.045231 0.200000
158 45.708729 45.407249 0.000000 3.057098 1.337542 2.245516 4.159461 8.344260 0.250000
159 45.652962 45.090008 0.000000 2.752637 1.332604 2.241009 4.152735 8.311391 0.333333
160 45.546719 44.998081 0.000000 3.437922 1.334005 2.233113 4.113527 8.173873 0.250000
162 44.635586 45.230122 0.000000 3.095139 1.285406 2.068581 3.635112 6.842565 0.166667
163 44.601639 45.220108 0.000000 3.361574 1.364461 2.337416 4.418478 9.035300 0.166667
164 44.333992 45.282139 0.000000 3.074452 1.303005 2.133321 3.838133 7.450708 0.166667
166 43.852322 44.844963 0.000000 2.142371 1.458371 2.674327 5.460799 12.118618 0.327692
167 44.273182 44.685131 0.000000 1.514470 1.528755 2.902027 6.101952 13.861413 0.200000
