%% Trajectory 20
%% frame x (pixel)     y (pixel)    z (pixel)      m0         m1           m2           m3           m4           s 
103 23.375750 37.422218 0.000000 1.587712 1.325445 2.184546 3.937537 7.613169 0.201023
104 23.077440 37.443779 0.000000 1.412156 1.432940 2.580222 5.176919 11.314528 0.301157
105 23.112698 37.413845 0.000000 1.624049 1.424799 2.545588 5.039336 10.812057 0.224734
106 23.520531 37.094933 0.000000 1.338172 1.409523 2.478538 4.810606 10.082603 0.187715
107 23.016762 37.404148 0.000000 1.634737 1.383655 2.432570 4.787007 10.318046 0.313526
108 23.090580 37.383820 0.000000 1.654010 1.312243 2.185944 4.045702 8.168708 0.339384
109 23.410156 37.475212 0.000000 1.927867 1.338431 2.233585 4.079326 7.993020 0.412319
110 23.462732 37.127285 0.000000 1.889879 1.399543 2.416889 4.581423 9.337173 0.369961
111 23.186808 37.210617 0.000000 1.825589 1.416253 2.491675 4.839365 10.159149 0.290195
112 23.179502 37.486145 0.000000 2.087365 1.392851 2.408634 4.583130 9.407319 0.220057
113 23.320847 37.402702 0.000000 2.374348 1.440189 2.576087 5.080872 10.805781 0.200006
114 23.189999 37.323540 0.000000 2.343134 1.434137 2.571327 5.109755 11.006227 0.166667
115 23.425962 37.415127 0.000000 2.544572 1.384427 2.384355 4.517921 9.232727 0.200000
116 23.166031 37.336555 0.000000 2.277108 1.410557 2.469021 4.765455 9.930630 0.166673
117 23.307060 37.375904 0.000000 2.250765 1.432632 2.546266 4.987121 10.535092 0.250014
118 23.180300 37.123184 0.000000 2.350747 1.422076 2.517000 4.917780 10.382147 0.200000
119 23.166292 37.256496 0.000000 2.800514 1.446609 2.594126 5.132512 10.963004 0.166667
120 23.156927 37.410145 0.000000 2.818074 1.377639 2.382528 4.557893 9.447392 0.200000
121 23.179886 37.125824 0.000000 2.668788 1.433860 2.568074 5.096761 10.963066 0.200000
122 22.887915 37.160290 0.000000 2.487513 1.440863 2.584126 5.116787 10.941299 0.200000
123 23.131290 37.273426 0.000000 2.663099 1.386186 2.415218 4.673830 9.832533 0.200000
124 22.939491 37.101437 0.000000 2.696814 1.482307 2.734317 5.585912 12.342490 0.166667
125 23.043318 37.200237 0.000000 2.812888 1.388758 2.425662 4.698280 9.876288 0.250000
126 23.181129 37.347748 0.000000 2.685768 1.372627 2.365595 4.521534 9.394065 0.200000
127 23.207611 37.425133 0.000000 3.023186 1.380183 2.367358 4.457119 9.025338 0.200000
128 23.135857 37.390774 0.000000 2.705323 1.427556 2.523573 4.909878 10.288485 0.200000
129 23.486452 37.849949 0.000000 2.582932 1.426009 2.534875 4.979287 10.576026 0.200001
130 23.621813 37.675636 0.000000 2.829020 1.412775 2.467666 4.719033 9.668995 0.250000
131 23.712284 37.940491 0.000000 2.536569 1.416321 2.499367 4.866920 10.234619 0.166672
132 23.607901 37.904346 0.000000 2.573877 1.461700 2.639876 5.247217 11.223999 0.214693
133 24.051451 38.193760 0.000000 2.732189 1.466451 2.682510 5.428344 11.867328 0.166667
134 24.145535 38.268978 0.000000 2.663482 1.431656 2.535204 4.934900 10.329881 0.166667
135 24.286741 37.936092 0.000000 2.740538 1.391799 2.424079 4.659684 9.682040 0.200000
136 24.516762 38.296413 0.000000 2.995047 1.388855 2.385796 4.480127 9.002599 0.200000
137 24.745722 37.635540 0.000000 2.888183 1.388882 2.397954 4.544863 9.256802 0.200001
139 24.286625 36.903728 0.000000 3.180972 1.408646 2.484765 4.850985 10.263439 0.200000
140 24.432039 36.887363 0.000000 3.136835 1.406460 2.466527 4.782299 10.042989 0.250000
142 24.571114 36.185131 0.000000 2.022086 1.503322 2.801657 5.770618 12.820956 0.172149
143 24.633484 35.850044 0.000000 2.171272 1.376146 2.364212 4.476974 9.158969 0.188259
