%% Trajectory 9
%% frame x (pixel)     y (pixel)    z (pixel)      m0         m1           m2           m3           m4           s 
29 55.827724 32.972275 0.000000 2.388112 1.320739 2.205113 4.063643 8.100490 0.142857
31 55.723103 32.999012 0.000000 2.795809 1.333696 2.235542 4.122428 8.195745 0.200007
32 55.803619 33.092060 0.000000 2.912678 1.323197 2.201452 4.032879 7.978514 0.179903
33 55.806335 32.961479 0.000000 2.824129 1.372318 2.372876 4.535171 9.380692 0.148658
34 55.749355 32.924370 0.000000 3.102441 1.315235 2.181970 3.996223 7.929201 0.175679
35 55.693115 32.944538 0.000000 3.276131 1.335277 2.236968 4.125245 8.210889 0.169328
36 55.764660 32.777718 0.000000 3.578420 1.308372 2.146430 3.860101 7.464898 0.199626
37 55.983929 32.690834 0.000000 3.367853 1.341675 2.258319 4.183648 8.360782 0.336398
38 55.779758 32.796181 0.000000 3.730980 1.300050 2.122267 3.795711 7.294088 0.200012
39 55.804291 32.749146 0.000000 3.380570 1.297976 2.114930 3.779997 7.272507 0.201580
40 55.804268 32.826546 0.000000 3.826359 1.310154 2.158063 3.903239 7.600243 0.200000
41 55.736801 32.821640 0.000000 3.961024 1.321365 2.197849 4.029516 7.990534 0.166667
42 55.809414 32.708591 0.000000 4.149838 1.303731 2.125509 3.792516 7.265476 0.166667
43 55.844101 32.782658 0.000000 4.412263 1.353041 2.294149 4.283627 8.634158 0.250001
44 55.796238 32.632713 0.000000 3.902756 1.299484 2.117592 3.781459 7.261429 0.250006
45 55.748657 32.635361 0.000000 4.149514 1.305215 2.124969 3.775771 7.179328 0.250084
46 55.890953 32.685009 0.000000 4.305441 1.322380 2.196157 4.012688 7.914196 0.200000
47 55.795933 32.645962 0.000000 4.564593 1.316000 2.163633 3.895838 7.535140 0.200000
48 55.746075 32.702530 0.000000 4.652762 1.307083 2.145188 3.869580 7.529644 0.200000
49 55.770885 32.658665 0.000000 4.265113 1.322344 2.184346 3.948295 7.657347 0.236995
50 55.828285 32.708992 0.000000 3.870604 1.334843 2.233000 4.106606 8.141114 0.206630
51 55.806435 32.612148 0.000000 3.853039 1.314160 2.165090 3.914670 7.620561 0.250013
52 55.786297 32.635269 0.000000 4.263568 1.329049 2.203810 3.998389 7.780347 0.288195
53 55.708347 32.625004 0.000000 4.207620 1.377672 2.375224 4.517107 9.285041 0.250000
54 55.543407 32.660755 0.000000 4.371588 1.353256 2.285414 4.241325 8.481627 0.200102
55 55.559036 32.691082 0.000000 3.937020 1.375056 2.366621 4.494117 9.230393 0.200000
56 55.333878 32.653713 0.000000 3.675162 1.361011 2.306762 4.287107 8.564522 0.250074
57 55.407776 33.042648 0.000000 3.912347 1.385230 2.416036 4.679640 9.861897 0.250000
58 54.942810 32.956390 0.000000 4.325074 1.394777 2.448411 4.761497 10.034294 0.447740
59 54.867462 32.869308 0.000000 3.549266 1.392052 2.431650 4.700897 9.845618 0.200000
60 54.576633 32.732643 0.000000 3.630983 1.385402 2.393112 4.547252 9.310021 0.203545
61 54.633453 32.711067 0.000000 3.251012 1.412546 2.478443 4.781217 9.928598 0.200000
63 54.237995 33.015434 0.000000 3.587307 1.404200 2.463694 4.760851 9.914797 0.200000
64 54.240761 33.142490 0.000000 3.468650 1.457459 2.648319 5.322517 11.562553 0.233115
66 54.611862 32.859623 0.000000 2.284768 1.352032 2.295058 4.309262 8.777703 0.201977
