%% Trajectory 10
%% frame x (pixel)     y (pixel)    z (pixel)      m0         m1           m2           m3           m4           s 
44 51.553379 18.025837 0.000000 1.290669 1.329479 2.212354 4.048706 7.991628 0.250000
45 51.281727 18.117344 0.000000 1.449274 1.360129 2.324309 4.371087 8.858594 0.250008
46 51.359074 17.987890 0.000000 1.540262 1.276979 2.053858 3.619231 6.859512 0.250000
47 51.469326 18.015347 0.000000 1.502068 1.363327 2.335026 4.415163 9.028345 0.250000
48 51.452442 18.054131 0.000000 1.889845 1.283103 2.073602 3.681120 7.052639 0.250000
49 51.451542 18.087336 0.000000 1.445573 1.337290 2.246895 4.164291 8.345230 0.250000
50 51.710403 18.068203 0.000000 1.978645 1.377984 2.391562 4.605327 9.644091 0.252974
51 51.569614 18.032461 0.000000 1.906331 1.300240 2.131082 3.844532 7.490237 0.250009
52 51.455921 18.040983 0.000000 2.504702 1.349150 2.272846 4.207695 8.394423 0.250255
53 51.645439 18.083801 0.000000 2.540890 1.356954 2.301975 4.301793 8.683666 0.333333
54 51.740265 18.155848 0.000000 2.821669 1.321159 2.203526 4.065950 8.147321 0.345282
55 51.616283 18.290611 0.000000 2.958488 1.344869 2.256068 4.153958 8.232833 0.333520
56 51.544945 18.229851 0.000000 3.305022 1.332376 2.206451 3.988916 7.714269 0.404542
57 51.656563 18.194483 0.000000 3.085884 1.328800 2.207375 4.028568 7.922494 0.333333
58 51.763657 18.262329 0.000000 3.137396 1.342813 2.253569 4.159408 8.281152 0.333333
59 51.750488 18.094133 0.000000 3.518805 1.327479 2.223954 4.119509 8.278054 0.333334
60 51.733238 18.202974 0.000000 3.551931 1.356415 2.300517 4.303875 8.712208 0.333333
61 51.736004 18.184793 0.000000 3.549276 1.373575 2.356661 4.462588 9.142787 0.333668
62 51.816307 18.182959 0.000000 3.352202 1.381489 2.401311 4.627658 9.683748 0.333334
63 51.671780 18.338203 0.000000 3.975351 1.340296 2.245748 4.138267 8.226933 0.546384
64 51.820763 18.347204 0.000000 4.082033 1.355068 2.303228 4.321218 8.776011 0.333416
65 51.773643 18.380297 0.000000 4.076195 1.347665 2.270200 4.202917 8.386151 0.333341
66 51.741524 18.417860 0.000000 3.995549 1.307221 2.141683 3.845839 7.426529 0.388982
67 51.597969 18.391739 0.000000 4.554299 1.285061 2.068923 3.642774 6.885494 0.333333
68 51.558949 18.341438 0.000000 4.482798 1.301377 2.112944 3.741789 7.085598 0.333333
69 51.567375 18.389114 0.000000 4.259934 1.306833 2.133960 3.815595 7.331519 0.333333
70 51.565060 18.517628 0.000000 4.619894 1.320795 2.166716 3.871942 7.385271 0.333333
71 51.418793 18.635895 0.000000 4.279902 1.328562 2.195456 3.960562 7.645294 0.250000
72 51.225739 18.892851 0.000000 4.633428 1.360333 2.314548 4.336384 8.766886 0.250000
73 51.059361 18.944742 0.000000 4.283638 1.409431 2.486841 4.850820 10.236040 0.250000
74 51.037354 19.183151 0.000000 4.080465 1.357783 2.311916 4.344388 8.831800 0.250000
75 51.008266 19.370331 0.000000 3.391111 1.331555 2.238632 4.164138 8.405187 0.250000
77 51.487820 20.152590 0.000000 3.383334 1.301732 2.128492 3.832177 7.465876 0.250000
78 51.510544 19.749540 0.000000 2.798074 1.322583 2.195128 4.008249 7.904731 0.250000
79 51.674057 19.866308 0.000000 2.488451 1.353854 2.280277 4.212768 8.369831 0.333333
80 51.497334 20.207552 0.000000 2.059999 1.331015 2.205992 4.008204 7.833101 0.333968
81 51.539974 20.374428 0.000000 1.903859 1.264682 2.012576 3.514205 6.621781 0.322381
82 51.148537 20.066452 0.000000 1.945296 1.375707 2.378334 4.555787 9.476752 0.256495
85 49.189144 18.067894 0.000000 0.849276 1.384629 2.480030 5.010938 11.134982 0.250000
