%% Trajectory 24
%% frame x (pixel)     y (pixel)    z (pixel)      m0         m1           m2           m3           m4           s 
100 20.186951 27.137255 0.000000 0.505087 1.202439 1.840626 3.090172 5.605662 0.202795
102 20.556231 27.397448 0.000000 0.892700 1.224113 1.902695 3.272912 6.158728 0.171509
103 20.475782 27.445526 0.000000 1.087437 1.257656 1.990684 3.456815 6.479891 0.223646
104 20.282621 27.363968 0.000000 1.528013 1.272292 2.026302 3.533000 6.628890 0.270493
105 20.319656 27.542372 0.000000 1.291858 1.228887 1.924917 3.328655 6.266875 0.179395
106 20.330730 27.320768 0.000000 1.826629 1.256551 1.990859 3.459307 6.481096 0.166667
107 20.241665 27.235640 0.000000 1.245046 1.223601 1.901875 3.238137 5.940911 0.166667
108 20.336290 27.104362 0.000000 1.458596 1.263188 2.002598 3.474435 6.480125 0.200109
109 20.430733 27.221848 0.000000 1.325886 1.239865 1.935921 3.306850 6.078079 0.166675
110 20.529131 27.122820 0.000000 1.296645 1.274812 2.069484 3.700871 7.161489 0.143316
111 20.221260 27.052399 0.000000 1.173396 1.253699 2.013686 3.587894 6.970682 0.324613
112 20.637766 27.172907 0.000000 1.534279 1.211224 1.863654 3.141780 5.714967 0.200014
113 20.756350 27.296436 0.000000 1.730875 1.273133 2.054424 3.656852 7.060942 0.390688
114 20.670858 27.222769 0.000000 2.125692 1.301731 2.116601 3.755215 7.125759 0.289998
115 20.562006 27.186481 0.000000 1.777088 1.243502 1.955432 3.364160 6.221287 0.204846
116 20.436007 27.112257 0.000000 1.772638 1.244871 1.971525 3.464351 6.665626 0.200000
117 20.702795 27.228504 0.000000 2.100218 1.263959 2.012097 3.510434 6.597570 0.203451
118 20.451157 27.273413 0.000000 1.839076 1.238561 1.931981 3.298805 6.065551 0.209166
119 20.561895 27.138767 0.000000 2.124686 1.325553 2.215489 4.084611 8.150670 0.217219
120 20.571014 27.140560 0.000000 2.043516 1.279896 2.077890 3.716946 7.196303 0.225601
121 20.588671 27.052078 0.000000 2.148871 1.268096 2.025880 3.539425 6.635041 0.188120
122 20.656246 27.253855 0.000000 2.214639 1.239812 1.941208 3.325945 6.129169 0.205999
123 20.497478 27.208855 0.000000 1.866316 1.256601 1.993528 3.483328 6.602551 0.209569
124 20.670029 27.096882 0.000000 1.861604 1.316046 2.177361 3.968081 7.817959 0.304790
125 20.636576 27.305647 0.000000 2.003469 1.277900 2.043703 3.573666 6.708381 0.166936
126 20.835941 27.142918 0.000000 2.401538 1.306791 2.138965 3.835757 7.388896 0.355513
127 20.635279 27.010405 0.000000 2.342685 1.335201 2.235876 4.121350 8.197864 0.276842
128 20.635569 26.955296 0.000000 2.426604 1.261690 2.006303 3.496717 6.561508 0.224825
129 20.841949 27.067574 0.000000 2.683660 1.338413 2.250868 4.168997 8.339302 0.316524
130 20.627953 27.127892 0.000000 2.317502 1.312554 2.157727 3.887505 7.530325 0.200035
131 20.725695 27.136446 0.000000 2.576763 1.301929 2.127331 3.814939 7.368096 0.432468
132 20.785482 27.277111 0.000000 2.394518 1.308763 2.138855 3.816434 7.287327 0.250031
133 20.757734 27.353643 0.000000 2.282671 1.256705 1.986533 3.433790 6.375877 0.200491
134 20.941427 27.537466 0.000000 2.576643 1.296448 2.113129 3.777291 7.263219 0.201508
135 20.953405 27.605364 0.000000 2.331039 1.290213 2.099839 3.766041 7.312940 0.200000
136 21.184652 27.621746 0.000000 2.267518 1.308550 2.154793 3.903414 7.633798 0.268995
137 21.042984 27.553589 0.000000 1.738934 1.356934 2.318191 4.377353 8.957947 0.363346
138 21.048403 27.639378 0.000000 1.945153 1.327969 2.241686 4.202808 8.577523 0.250000
139 21.141546 27.955160 0.000000 1.788751 1.326188 2.256012 4.288384 8.928102 0.250000
