%% Trajectory 23
%% frame x (pixel)     y (pixel)    z (pixel)      m0         m1           m2           m3           m4           s 
87 19.757561 39.988274 0.000000 0.860549 1.431365 2.574125 5.124445 11.038883 0.202900
90 19.342979 38.745480 0.000000 0.904022 1.396487 2.448768 4.762331 10.059781 0.228476
91 19.572899 38.640350 0.000000 1.001539 1.322153 2.183656 3.975576 7.839371 0.306878
93 19.822353 39.298935 0.000000 1.142250 1.404905 2.451768 4.725623 9.861306 0.250000
94 19.990696 39.152367 0.000000 1.144486 1.342261 2.277809 4.303979 8.876730 0.297224
95 19.703840 39.142269 0.000000 1.580445 1.282413 2.056493 3.603199 6.769131 0.200000
96 19.839771 39.029556 0.000000 1.960002 1.356304 2.310264 4.334244 8.770879 0.252860
97 19.856411 38.741329 0.000000 1.392392 1.319842 2.169017 3.888577 7.450834 0.217919
98 19.686377 39.165150 0.000000 1.821041 1.306370 2.136306 3.835645 7.426024 0.166667
99 19.725935 39.028618 0.000000 2.240983 1.307084 2.156953 3.930713 7.765726 0.200001
100 19.793188 39.018852 0.000000 2.191087 1.341473 2.269372 4.232049 8.524658 0.236207
101 19.823742 39.154278 0.000000 2.384822 1.340708 2.240089 4.106155 8.096879 0.223997
102 19.888487 39.121582 0.000000 2.770429 1.322208 2.199961 4.036480 8.008367 0.200014
103 19.865614 39.105602 0.000000 2.547572 1.331250 2.226493 4.097091 8.130606 0.229886
104 19.888756 39.167469 0.000000 2.871852 1.350065 2.276488 4.212184 8.378975 0.226593
105 19.867941 38.986637 0.000000 2.997830 1.360204 2.318896 4.357059 8.838350 0.200017
106 19.836927 39.190018 0.000000 3.366765 1.316366 2.170701 3.928146 7.653230 0.200049
107 19.979158 39.077400 0.000000 3.688876 1.372790 2.371521 4.534882 9.401169 0.200000
108 20.075506 39.005707 0.000000 2.910624 1.362100 2.354298 4.526471 9.476797 0.201638
109 20.035385 38.911507 0.000000 3.008388 1.346291 2.294095 4.332645 8.883799 0.200001
110 20.387232 38.565792 0.000000 3.213182 1.303114 2.120966 3.764370 7.140543 0.391445
111 20.650694 38.480461 0.000000 2.821489 1.352169 2.294431 4.295832 8.707180 0.336287
112 20.707375 38.376583 0.000000 3.151525 1.298316 2.118238 3.790861 7.301725 0.201644
113 20.824131 38.249168 0.000000 2.952401 1.334295 2.247422 4.184711 8.448961 0.346925
114 21.142178 38.363621 0.000000 3.300566 1.352225 2.307722 4.366925 8.986894 0.250006
115 21.460361 38.726879 0.000000 2.755891 1.349745 2.266397 4.165977 8.212812 0.322504
116 21.606407 39.330009 0.000000 2.332770 1.303316 2.119259 3.765744 7.172591 0.250259
118 21.533102 39.661427 0.000000 2.029713 1.281762 2.071927 3.694352 7.149403 0.200215
