%% Trajectory 53
%% frame x (pixel)     y (pixel)    z (pixel)      m0         m1           m2           m3           m4           s 
100 42.056286 54.483025 0.000000 1.502260 1.217929 1.901933 3.274668 6.118109 0.250000
102 41.742554 54.318256 0.000000 1.984221 1.194543 1.808597 2.995058 5.352046 0.250000
103 41.622375 54.131405 0.000000 1.848588 1.313038 2.155301 3.880368 7.521268 0.250000
104 41.774799 53.945480 0.000000 2.290336 1.395792 2.464843 4.833961 10.302694 0.250000
105 42.016499 54.369595 0.000000 2.171804 1.291666 2.109379 3.792148 7.362500 0.250000
106 41.940262 54.225319 0.000000 2.001918 1.285875 2.082824 3.717373 7.189055 0.250000
107 42.027798 54.253548 0.000000 2.274827 1.295752 2.125235 3.857940 7.617934 0.250000
108 41.972214 54.354351 0.000000 3.140095 1.307161 2.145098 3.869486 7.534461 0.358044
109 41.798222 54.470345 0.000000 2.569389 1.262383 2.011285 3.517318 6.638513 0.250000
110 41.947823 54.466217 0.000000 2.345149 1.320251 2.205027 4.082852 8.228567 0.333333
111 41.764835 54.259640 0.000000 3.012036 1.288007 2.076792 3.655783 6.889909 0.333333
112 41.729797 54.216560 0.000000 3.026402 1.340895 2.257115 4.191040 8.421165 0.333333
113 41.815498 54.362320 0.000000 3.389568 1.276770 2.047185 3.584095 6.721687 0.355718
114 41.931084 54.450920 0.000000 3.636330 1.313692 2.174557 3.982450 7.930979 0.465765
115 41.909687 54.181309 0.000000 3.445548 1.318666 2.181619 3.968094 7.788125 0.280794
116 42.056496 54.332321 0.000000 3.723202 1.295007 2.100955 3.723373 7.067701 0.255005
118 42.200470 54.218575 0.000000 3.786374 1.329370 2.203496 4.001044 7.803927 0.250002
119 42.230015 54.231842 0.000000 4.014339 1.320047 2.194636 4.020577 7.963551 0.200000
120 41.950512 54.117939 0.000000 3.587745 1.363609 2.319249 4.335637 8.726177 0.362641
121 41.763496 54.102058 0.000000 3.724670 1.327703 2.221020 4.105329 8.230658 0.250000
122 42.001442 54.099850 0.000000 3.563616 1.346939 2.295091 4.334837 8.895247 0.258511
123 42.056099 54.035858 0.000000 3.928416 1.362721 2.330969 4.400159 8.977222 0.333353
124 41.960152 54.193035 0.000000 3.887926 1.322881 2.204162 4.060841 8.120374 0.364703
125 42.054100 53.966778 0.000000 3.384186 1.342145 2.265243 4.204772 8.403985 0.250412
126 42.255180 53.864719 0.000000 3.722795 1.305507 2.141093 3.861340 7.513747 0.442157
127 42.244995 53.657707 0.000000 3.689779 1.256653 1.983821 3.423720 6.347461 0.200000
129 42.020325 53.170929 0.000000 4.060815 1.327176 2.220099 4.096224 8.169107 0.200000
130 42.080524 53.053688 0.000000 4.643996 1.422023 2.538245 5.023873 10.777397 0.333333
131 41.704590 52.626099 0.000000 4.235934 1.355314 2.292246 4.262107 8.542258 0.200000
132 41.887085 52.556198 0.000000 3.453670 1.318960 2.185944 3.982471 7.824847 0.200000
133 41.955700 52.283829 0.000000 3.243280 1.395910 2.437601 4.698754 9.776875 0.200537
134 41.375450 52.429356 0.000000 2.793539 1.375081 2.372341 4.531407 9.388971 0.166711
135 41.910168 52.613865 0.000000 2.878554 1.428964 2.527201 4.932842 10.406224 0.166667
137 42.573109 52.607052 0.000000 1.700358 1.394629 2.456846 4.826824 10.357176 0.318720
139 42.320415 52.099895 0.000000 1.255277 1.289438 2.134331 3.922663 7.859855 0.166667
