%% Trajectory 12
%% frame x (pixel)     y (pixel)    z (pixel)      m0         m1           m2           m3           m4           s 
51 46.755760 20.323999 0.000000 0.739790 1.169287 1.744132 2.852631 5.055116 0.333333
52 46.771622 20.439272 0.000000 1.472088 1.226122 1.908710 3.270647 6.081299 0.333333
53 46.804173 20.342791 0.000000 1.041053 1.219435 1.884553 3.205941 5.925495 0.333333
54 46.504581 20.422440 0.000000 1.343541 1.211403 1.853757 3.105637 5.613402 0.333333
55 46.591938 20.411665 0.000000 1.173575 1.275912 2.084621 3.809886 7.672391 0.333333
56 46.551525 20.342995 0.000000 1.333346 1.246279 1.968451 3.418988 6.426057 0.333333
57 46.897079 20.474607 0.000000 1.841838 1.258852 1.987121 3.438020 6.413324 0.333333
58 46.776955 20.310688 0.000000 1.959724 1.254959 1.978297 3.416324 6.356080 0.333333
59 46.802795 20.509686 0.000000 2.481288 1.291721 2.095656 3.734974 7.186337 0.500000
60 46.659859 20.445019 0.000000 2.503414 1.333107 2.236877 4.153630 8.382847 0.500000
61 46.771603 20.469021 0.000000 2.234205 1.315224 2.159517 3.883787 7.508007 0.250000
62 46.887264 20.602554 0.000000 3.167935 1.260223 1.995295 3.452764 6.414041 0.471021
63 46.757290 20.612091 0.000000 3.566438 1.295220 2.096223 3.708695 7.038964 0.333333
64 47.079269 20.596506 0.000000 4.064707 1.287000 2.084216 3.705420 7.102656 0.500000
65 46.874962 20.654577 0.000000 4.927190 1.333097 2.221786 4.068419 8.029180 0.500000
66 46.985256 20.742756 0.000000 4.967988 1.344919 2.261360 4.179086 8.320263 0.500000
67 46.903187 20.807154 0.000000 5.238039 1.334161 2.223037 4.063839 7.989675 0.200000
68 47.019154 20.737324 0.000000 4.926648 1.333721 2.227033 4.083942 8.061250 0.250000
69 46.892284 20.794176 0.000000 5.718194 1.330766 2.219682 4.066648 8.021811 0.166667
70 47.006355 20.945065 0.000000 5.471414 1.379031 2.392383 4.593456 9.552613 0.166667
71 47.004711 20.872652 0.000000 5.806653 1.359546 2.322219 4.374421 8.899037 0.250000
72 46.920773 20.960388 0.000000 5.971447 1.363435 2.328634 4.389583 8.946625 0.250000
73 46.922169 20.920931 0.000000 6.370505 1.350410 2.287707 4.273952 8.630014 0.250000
74 46.933815 21.011734 0.000000 6.344422 1.384637 2.414698 4.669079 9.799345 0.200000
75 46.906013 21.077671 0.000000 6.629765 1.355912 2.314917 4.369051 8.933623 0.200000
76 46.901566 21.162928 0.000000 6.839171 1.347254 2.272466 4.220963 8.463570 0.200000
77 46.749275 21.325233 0.000000 6.932448 1.292610 2.093421 3.712027 7.074372 0.250000
78 46.610977 21.539810 0.000000 6.854974 1.300246 2.113780 3.753443 7.139816 0.250000
80 46.638573 21.724892 0.000000 6.244617 1.275894 2.038741 3.558312 6.658747 0.333333
81 46.552105 21.831718 0.000000 6.393794 1.291376 2.082243 3.664157 6.902450 0.333333
82 46.365990 21.860872 0.000000 5.539675 1.320183 2.176870 3.935969 7.655729 0.333333
83 46.327126 21.964792 0.000000 5.765668 1.318444 2.186335 3.990389 7.863888 0.333333
85 46.090343 22.597588 0.000000 3.773655 1.282312 2.067598 3.659268 6.980515 0.333333
86 46.013893 22.519577 0.000000 3.416733 1.324822 2.213260 4.076204 8.115177 0.333333
87 45.913231 22.586006 0.000000 2.765062 1.273222 2.041791 3.598396 6.849627 0.634267
88 45.824673 22.666533 0.000000 2.080692 1.218145 1.879381 3.177496 5.796478 0.333342
