%% Trajectory 17
%% frame x (pixel)     y (pixel)    z (pixel)      m0         m1           m2           m3           m4           s 
105 53.213955 55.341007 0.000000 1.121887 1.351918 2.277589 4.214458 8.402225 0.333333
107 53.041683 55.745270 0.000000 1.201532 1.294869 2.131721 3.890728 7.734215 0.250000
108 52.907784 55.425873 0.000000 1.558062 1.281636 2.061722 3.630889 6.869884 0.279110
109 52.817379 55.289234 0.000000 1.566215 1.333691 2.225583 4.096355 8.166038 0.253836
110 52.900215 55.259331 0.000000 1.433426 1.323052 2.191364 3.967754 7.690728 0.250000
111 52.653301 55.309135 0.000000 1.753203 1.345517 2.279090 4.259981 8.617058 0.332496
112 53.001850 55.035156 0.000000 1.846704 1.368852 2.371994 4.558096 9.506128 0.287021
113 52.845451 55.172417 0.000000 1.853246 1.300298 2.121946 3.808633 7.379926 0.250235
114 52.835423 55.203400 0.000000 2.033878 1.339246 2.251201 4.178107 8.401219 0.250863
115 53.135864 55.257416 0.000000 2.082512 1.326576 2.207147 4.037755 7.964417 0.250000
116 52.990921 55.230335 0.000000 2.148907 1.379427 2.397629 4.617135 9.644314 0.376628
117 52.916351 55.140049 0.000000 2.039487 1.373416 2.375859 4.537599 9.367392 0.254637
118 53.119282 55.337143 0.000000 2.178391 1.263873 2.025117 3.562233 6.754692 0.200001
119 52.907028 55.135128 0.000000 2.393055 1.347737 2.274766 4.220798 8.438292 0.200018
120 52.978432 55.392944 0.000000 2.366883 1.331501 2.217735 4.060099 8.018668 0.250001
121 52.479958 55.320530 0.000000 2.387966 1.330662 2.207949 4.015088 7.849720 0.250002
122 52.481010 54.994648 0.000000 2.063424 1.332087 2.234415 4.136186 8.285949 0.200000
123 52.102821 55.330612 0.000000 2.286970 1.370798 2.367606 4.527073 9.385998 0.201769
124 52.145443 54.702660 0.000000 2.071826 1.408893 2.460570 4.725829 9.769713 0.202401
125 52.212639 54.223053 0.000000 1.941459 1.322885 2.199181 4.017996 7.911698 0.200012
127 52.503395 53.411190 0.000000 2.082905 1.390725 2.422446 4.677431 9.809542 0.576554
128 52.742088 52.974773 0.000000 1.777591 1.472180 2.742180 5.717559 13.010866 0.204476
