%% Trajectory 4
%% frame x (pixel)     y (pixel)    z (pixel)      m0         m1           m2           m3           m4           s 
5 47.629417 42.734169 0.000000 0.917721 1.383672 2.409433 4.657553 9.790524 0.548402
6 47.667229 42.164761 0.000000 0.873464 1.415732 2.516688 4.945289 10.499795 0.483279
8 47.131886 42.452686 0.000000 1.402582 1.457251 2.671716 5.441932 12.015042 0.500000
9 47.143391 42.074028 0.000000 1.746441 1.487379 2.762575 5.695383 12.711487 0.500000
10 47.189640 42.446869 0.000000 1.760029 1.406927 2.488571 4.877397 10.354382 0.500000
11 47.163322 42.294048 0.000000 2.260722 1.329459 2.220847 4.096590 8.182433 0.500000
12 47.153320 42.344349 0.000000 2.343089 1.382871 2.391895 4.565088 9.408920 0.333333
13 47.292267 42.473289 0.000000 1.815992 1.353411 2.300422 4.318551 8.772364 0.250000
14 47.148460 42.340343 0.000000 1.981895 1.326142 2.234767 4.185775 8.539042 0.333333
15 47.104668 42.685501 0.000000 2.068453 1.320582 2.192173 4.005543 7.908222 0.250000
16 47.160503 42.466095 0.000000 2.197671 1.314855 2.174224 3.959630 7.795342 0.250000
17 47.144436 42.642342 0.000000 2.199516 1.314211 2.177591 3.985035 7.906349 0.200000
18 47.121017 42.580421 0.000000 2.249059 1.273690 2.044923 3.606688 6.869092 0.250000
19 47.068127 42.770130 0.000000 2.420450 1.329580 2.211815 4.032287 7.895825 0.250008
20 47.065071 42.833118 0.000000 2.143322 1.355984 2.306307 4.319018 8.722794 0.333335
21 47.096844 42.727283 0.000000 2.342870 1.303000 2.130270 3.816809 7.351715 0.250000
22 47.136497 42.735233 0.000000 2.010262 1.281936 2.065598 3.652518 6.961494 0.250005
23 46.979244 42.572224 0.000000 1.789781 1.295993 2.129092 3.873462 7.660364 0.250000
24 46.777058 42.513386 0.000000 1.616204 1.271028 2.037612 3.602644 6.913986 0.200000
25 46.876850 42.604218 0.000000 1.656213 1.328149 2.232755 4.175827 8.529255 0.250000
27 46.847801 42.712715 0.000000 1.309329 1.293782 2.135489 3.930066 7.931757 0.200148
29 46.302853 42.667912 0.000000 1.139565 1.354748 2.298247 4.308185 8.753352 0.250000
