%% Trajectory 20
%% frame x (pixel)     y (pixel)    z (pixel)      m0         m1           m2           m3           m4           s 
95 53.310543 54.092587 0.000000 1.465937 1.254478 2.002446 3.527672 6.752298 0.250000
96 53.193890 54.053085 0.000000 1.786711 1.243501 1.959485 3.395257 6.362715 0.200000
97 53.050510 54.214317 0.000000 1.799370 1.252958 1.995185 3.512451 6.725197 0.203602
98 53.396637 54.141239 0.000000 1.998893 1.223970 1.896276 3.216351 5.877429 0.200000
99 53.287975 54.094223 0.000000 2.039047 1.248206 1.966486 3.393964 6.306873 0.166970
100 53.317043 53.953579 0.000000 1.999851 1.248335 1.964606 3.386379 6.282835 0.167178
101 53.323910 53.909252 0.000000 2.166908 1.279518 2.055686 3.611395 6.804418 0.200422
102 53.430443 54.119446 0.000000 2.147733 1.217696 1.874177 3.156618 5.730934 0.200055
103 53.317657 53.922531 0.000000 2.684696 1.274484 2.039946 3.571940 6.713106 0.200000
104 53.239807 53.953228 0.000000 2.501526 1.272274 2.040868 3.586384 6.772664 0.166670
105 53.223888 54.192974 0.000000 2.336069 1.247605 1.974815 3.445661 6.520879 0.296315
106 53.166763 54.191463 0.000000 2.298554 1.250500 1.974419 3.411233 6.334634 0.289595
107 53.227863 54.024055 0.000000 2.399196 1.263469 2.009955 3.504597 6.579885 0.573648
108 53.229092 54.172894 0.000000 2.629020 1.265102 2.020608 3.542883 6.700897 0.183452
109 53.266541 53.949112 0.000000 2.975967 1.288041 2.096269 3.757692 7.285361 0.166667
110 53.392616 54.006683 0.000000 2.862304 1.307989 2.165968 3.973387 7.930702 0.166764
111 53.140034 53.984146 0.000000 3.087774 1.310604 2.173293 3.980515 7.897840 0.241190
112 53.248241 53.952133 0.000000 3.151105 1.286273 2.098650 3.777716 7.362958 0.200569
113 53.145073 53.966259 0.000000 3.020292 1.338665 2.250525 4.174987 8.380725 0.247943
114 53.200352 54.012226 0.000000 3.255921 1.292869 2.124105 3.855065 7.581799 0.167648
115 53.141666 53.695423 0.000000 3.520470 1.285404 2.077562 3.680655 7.014552 0.200515
116 53.144890 53.781059 0.000000 2.894831 1.282946 2.078598 3.697366 7.084318 0.200000
117 53.091045 53.432831 0.000000 2.780345 1.265451 2.033086 3.600290 6.908038 0.188099
118 53.056896 53.328106 0.000000 2.979842 1.300985 2.119043 3.779809 7.241236 0.200004
119 52.894531 53.131653 0.000000 2.612737 1.286777 2.072190 3.651995 6.912937 0.179198
120 52.992088 53.048634 0.000000 2.496538 1.347407 2.309290 4.410502 9.188429 0.195297
121 52.854950 52.803349 0.000000 2.565109 1.293146 2.109128 3.796469 7.410304 0.202375
122 52.665756 52.662872 0.000000 2.440378 1.226365 1.899382 3.228684 5.937117 0.204127
123 52.190754 52.619762 0.000000 2.429571 1.294415 2.105788 3.765347 7.269990 0.210800
