%% Trajectory 34
%% frame x (pixel)     y (pixel)    z (pixel)      m0         m1           m2           m3           m4           s 
151 59.648083 24.436682 0.000000 1.179891 1.175157 1.766665 2.910359 5.187006 0.142858
152 59.743000 24.215178 0.000000 1.509206 1.278911 2.081305 3.761252 7.424695 0.227364
153 59.897762 24.639612 0.000000 1.629847 1.285027 2.097512 3.791734 7.461662 0.200031
154 60.137188 24.408072 0.000000 1.456903 1.301605 2.120359 3.789367 7.295792 0.177497
155 59.808304 24.719070 0.000000 1.997636 1.277544 2.050764 3.618972 6.899816 0.250000
156 59.638344 24.638508 0.000000 2.493401 1.266337 2.016796 3.525421 6.651180 0.250000
157 59.671806 24.867493 0.000000 2.814629 1.316784 2.174248 3.936939 7.665287 0.333333
158 59.665779 24.819859 0.000000 2.730862 1.289940 2.097382 3.751530 7.251830 0.200043
159 59.730114 24.616375 0.000000 2.520587 1.269299 2.025120 3.535624 6.632392 0.200237
161 59.649052 24.789688 0.000000 2.937971 1.303439 2.125756 3.789935 7.241605 0.250000
162 59.742977 24.726883 0.000000 3.420434 1.301324 2.128333 3.827436 7.433008 0.333333
163 59.688747 24.570967 0.000000 3.515267 1.294434 2.109476 3.789346 7.376498 0.340274
164 59.523155 24.743319 0.000000 3.405545 1.288376 2.078028 3.665320 6.939456 0.333579
165 59.680275 24.759520 0.000000 3.084625 1.301519 2.127285 3.813428 7.359413 0.333333
166 59.852947 24.658714 0.000000 2.908053 1.315223 2.166876 3.919469 7.640433 0.333333
167 59.798759 24.859636 0.000000 3.387428 1.354914 2.290746 4.267135 8.589956 0.333333
168 59.676769 24.780960 0.000000 3.093210 1.327717 2.214523 4.077183 8.137840 0.250137
169 59.678547 24.858492 0.000000 3.220097 1.293237 2.106151 3.774930 7.314884 0.333333
170 59.436802 24.873644 0.000000 3.074511 1.313766 2.165871 3.927273 7.689517 0.250000
171 59.697212 24.637680 0.000000 2.808278 1.326732 2.183972 3.929179 7.577219 0.333358
172 59.901485 24.776957 0.000000 2.990254 1.337782 2.255830 4.205410 8.501268 0.250094
173 59.696056 24.929932 0.000000 3.836996 1.364911 2.334007 4.397630 8.943584 0.333333
174 59.851124 24.701241 0.000000 3.473417 1.299994 2.127180 3.827511 7.433168 0.333333
175 59.716606 24.858582 0.000000 3.185113 1.323554 2.205867 4.053701 8.060286 0.253747
176 59.664860 24.727863 0.000000 3.308956 1.297134 2.103049 3.722523 7.053786 0.337125
177 59.774738 24.778322 0.000000 3.936435 1.340780 2.250916 4.159589 8.300138 0.200000
178 59.694992 24.914684 0.000000 3.223681 1.349437 2.277694 4.227866 8.460575 0.202486
179 59.678680 25.009380 0.000000 3.206495 1.341202 2.265530 4.219955 8.495101 0.206179
180 59.623417 24.929838 0.000000 3.371462 1.343601 2.265404 4.194788 8.354954 0.492724
181 59.772514 24.821318 0.000000 3.073780 1.323643 2.187294 3.962745 7.718313 0.250000
182 59.758698 24.745495 0.000000 3.526436 1.316984 2.185166 4.008706 7.987141 0.250604
183 59.712437 24.761497 0.000000 4.014174 1.270427 2.027775 3.548354 6.690067 0.253120
184 59.770092 24.733738 0.000000 4.126670 1.320412 2.188300 3.990911 7.863138 0.250000
185 59.580738 24.835497 0.000000 4.257233 1.325395 2.181716 3.918311 7.525157 0.250000
186 59.796787 24.873098 0.000000 3.472648 1.351728 2.288404 4.269192 8.606607 0.478337
187 59.712517 24.731653 0.000000 4.297939 1.308447 2.131908 3.792430 7.222385 0.200000
188 59.708313 24.695690 0.000000 4.205043 1.294978 2.098541 3.720800 7.084540 0.333333
189 59.701351 24.760967 0.000000 3.913433 1.323996 2.191508 3.978642 7.773187 0.333333
190 59.771523 24.730824 0.000000 4.552473 1.304565 2.126071 3.787843 7.234987 0.250000
191 59.635036 24.770794 0.000000 4.390377 1.285538 2.072409 3.658802 6.946662 0.250000
192 59.804100 24.781610 0.000000 4.742095 1.331922 2.228943 4.114671 8.223630 0.250000
193 59.717865 24.703751 0.000000 5.108409 1.325441 2.191880 3.964037 7.686093 0.250000
194 59.570637 24.820076 0.000000 4.414824 1.276232 2.049402 3.604894 6.821444 0.250000
195 59.634716 24.717463 0.000000 5.066836 1.303082 2.124681 3.793658 7.279670 0.250000
196 59.609600 24.742062 0.000000 5.642612 1.309751 2.140491 3.820081 7.300446 0.200000
197 59.615879 24.807825 0.000000 5.412726 1.308887 2.143150 3.844460 7.414513 0.250000
198 59.655525 24.763672 0.000000 5.205402 1.319825 2.179080 3.950286 7.718096 0.250000
199 59.581074 24.930386 0.000000 5.508057 1.326840 2.204886 4.026770 7.929403 0.250000
200 59.532276 25.047348 0.000000 5.351887 1.350441 2.280707 4.239900 8.504971 0.250000
201 59.021282 25.241999 0.000000 5.200508 1.379652 2.400014 4.639940 9.759909 0.250000
202 59.137501 25.343662 0.000000 5.248660 1.377453 2.362638 4.453976 9.044312 0.333333
203 58.774532 25.362642 0.000000 5.136263 1.362910 2.312387 4.294563 8.549036 0.250000
204 58.659134 25.413517 0.000000 4.911028 1.327754 2.201625 4.009615 7.873042 0.333333
205 58.584473 25.464813 0.000000 5.270081 1.314764 2.148927 3.832361 7.312029 0.333333
206 58.478073 25.533081 0.000000 5.320408 1.338483 2.223600 4.024098 7.769412 0.333333
207 58.576080 25.715324 0.000000 5.359221 1.310518 2.142386 3.828076 7.331152 0.333333
208 58.438133 25.568493 0.000000 4.774586 1.334112 2.209431 3.992090 7.712356 0.250000
210 58.411987 26.551479 0.000000 3.858109 1.285565 2.077214 3.683161 7.041371 0.250000
212 58.537441 27.484829 0.000000 2.426551 1.401592 2.469585 4.814105 10.164390 0.252103
213 58.815910 27.135799 0.000000 1.777849 1.421333 2.537400 5.043615 10.922337 0.250005
214 58.611275 26.707102 0.000000 1.730103 1.349550 2.281913 4.246771 8.521268 0.250000
215 58.355614 26.248055 0.000000 1.691296 1.372374 2.367640 4.537001 9.468514 0.250000
