%% Trajectory 27
%% frame x (pixel)     y (pixel)    z (pixel)      m0         m1           m2           m3           m4           s 
138 16.963953 49.293682 0.000000 1.169483 1.398559 2.466075 4.825277 10.253428 0.177793
140 17.130096 49.191349 0.000000 1.315792 1.391355 2.418183 4.630157 9.565641 0.186683
141 16.724760 49.318932 0.000000 1.450068 1.270625 2.022320 3.515640 6.554280 0.249830
142 16.377983 49.182705 0.000000 1.271327 1.264056 2.034200 3.618947 7.005574 0.210427
143 16.779839 49.121620 0.000000 1.422580 1.337981 2.266423 4.263605 8.742007 0.204330
144 16.522804 49.088760 0.000000 1.484327 1.276222 2.046118 3.587853 6.752875 0.323688
145 16.721035 48.936283 0.000000 1.922347 1.311000 2.181914 4.024137 8.073903 0.263267
146 16.761377 48.847874 0.000000 1.866351 1.289314 2.083811 3.697533 7.077953 0.260234
147 16.700338 48.788105 0.000000 2.136768 1.284061 2.064096 3.623829 6.816906 0.327829
148 16.675552 48.730408 0.000000 2.249269 1.314476 2.170040 3.939526 7.721824 0.206353
149 16.699591 48.850533 0.000000 1.720531 1.291287 2.095140 3.728629 7.142507 0.197135
150 16.733902 48.736183 0.000000 2.444963 1.308348 2.148914 3.873806 7.522335 0.182071
151 16.953926 48.585709 0.000000 2.222491 1.330735 2.240129 4.172888 8.438114 0.166671
152 17.231562 48.716423 0.000000 1.965313 1.261636 2.001900 3.479707 6.511487 0.166667
153 17.365286 48.643345 0.000000 2.208692 1.249621 1.966721 3.383879 6.255126 0.166667
154 17.383825 48.281223 0.000000 1.899332 1.263175 2.005929 3.479152 6.471896 0.166963
155 17.609367 48.307171 0.000000 1.968976 1.308822 2.138681 3.816772 7.294947 0.200394
156 17.739729 48.180527 0.000000 2.181916 1.260897 2.015181 3.550678 6.783251 0.205842
157 17.883703 48.249851 0.000000 1.730520 1.308547 2.133683 3.804859 7.279461 0.200781
158 18.077429 47.893986 0.000000 1.821020 1.347676 2.298543 4.347196 8.931358 0.250000
159 17.758415 47.834591 0.000000 1.576575 1.360687 2.322619 4.376788 8.927252 0.250000
