%% Trajectory 26
%% frame x (pixel)     y (pixel)    z (pixel)      m0         m1           m2           m3           m4           s 
162 60.265556 38.742569 0.000000 1.536302 1.315149 2.200064 4.089694 8.297865 0.210398
164 60.136639 38.786335 0.000000 1.659585 1.409584 2.502411 4.936157 10.579215 0.200001
165 60.274624 38.810818 0.000000 1.854788 1.338934 2.246583 4.140920 8.219370 0.333333
166 60.132206 39.008003 0.000000 1.951893 1.390755 2.425435 4.675002 9.748467 0.250002
167 60.064846 38.656441 0.000000 2.054617 1.375476 2.379553 4.569104 9.546914 0.250002
168 60.058163 38.734390 0.000000 2.214234 1.369969 2.387591 4.653310 9.934785 0.200076
169 59.966263 38.414181 0.000000 2.374942 1.376445 2.406471 4.696729 10.020100 0.200000
171 60.247101 38.727753 0.000000 3.287599 1.287255 2.083068 3.707830 7.136337 0.250000
172 60.115013 38.810085 0.000000 3.427356 1.367701 2.345636 4.442714 9.105133 0.200000
173 60.100246 38.820591 0.000000 3.935718 1.365854 2.348454 4.472106 9.242329 0.250000
174 59.948868 38.807434 0.000000 3.922726 1.338666 2.249084 4.163628 8.325882 0.333333
175 60.104347 38.749775 0.000000 4.027200 1.354469 2.308602 4.355529 8.916739 0.250000
176 60.075893 38.809845 0.000000 4.220619 1.338103 2.256048 4.196298 8.437684 0.250000
177 59.936165 38.709496 0.000000 4.220517 1.369293 2.350209 4.456478 9.151429 0.250000
178 60.021320 38.696934 0.000000 4.519275 1.372335 2.370162 4.532818 9.406796 0.333333
179 60.145500 38.850372 0.000000 4.195336 1.333819 2.245366 4.185872 8.477232 0.333333
180 60.192776 38.918690 0.000000 4.698362 1.330299 2.221074 4.082073 8.098407 0.333333
181 60.146133 38.854290 0.000000 4.731638 1.358670 2.327339 4.427817 9.174461 0.250000
182 60.150082 38.869373 0.000000 4.904943 1.339675 2.255785 4.192769 8.437798 0.200000
183 60.178448 38.822006 0.000000 4.908388 1.345223 2.268630 4.219119 8.488374 0.250000
184 60.117146 38.827461 0.000000 5.234597 1.358922 2.326079 4.407998 9.063055 0.250000
185 60.230286 38.885838 0.000000 4.892697 1.369981 2.357855 4.493522 9.292584 0.250000
186 60.204674 38.796127 0.000000 5.175103 1.307929 2.144525 3.856091 7.461210 0.250000
187 60.184059 38.849186 0.000000 4.875303 1.361805 2.319890 4.354176 8.823133 0.250000
188 60.172928 38.965527 0.000000 4.866675 1.394888 2.438478 4.711777 9.848927 0.250001
189 60.214344 38.987354 0.000000 4.750602 1.383375 2.398319 4.588675 9.487836 0.250000
190 60.204624 38.944618 0.000000 5.247952 1.378822 2.385249 4.553986 9.395658 0.250000
191 60.235168 39.042927 0.000000 5.096210 1.396110 2.432081 4.669052 9.670076 0.250000
192 60.211464 39.111835 0.000000 5.597110 1.370475 2.347651 4.433264 9.045295 0.200648
193 60.291740 39.042477 0.000000 5.809832 1.371927 2.343380 4.393047 8.851821 0.250000
194 60.127789 39.044197 0.000000 5.847097 1.385336 2.409723 4.634835 9.651770 0.250000
195 60.107315 39.076614 0.000000 6.128365 1.400466 2.454957 4.756249 9.969945 0.200000
196 60.102173 39.056736 0.000000 5.983468 1.444085 2.606553 5.206809 11.254656 0.200000
197 60.123474 39.045689 0.000000 5.561707 1.413677 2.496608 4.867909 10.254030 0.200000
198 60.267059 38.998505 0.000000 5.614680 1.379882 2.382271 4.537305 9.339492 0.200000
199 60.134682 38.995903 0.000000 5.630610 1.412265 2.501662 4.906257 10.419035 0.200000
200 60.082428 39.111813 0.000000 5.738523 1.402676 2.459798 4.767151 9.994629 0.250000
201 60.270149 39.065533 0.000000 5.954085 1.379048 2.372570 4.492505 9.170404 0.200000
202 60.094814 39.065086 0.000000 5.648953 1.434107 2.586581 5.179115 11.244769 0.250000
203 60.139488 38.955498 0.000000 5.526115 1.384477 2.407873 4.632814 9.655861 0.200000
204 60.144104 38.949444 0.000000 6.119561 1.373891 2.362291 4.477057 9.158207 0.250000
205 60.202660 38.966812 0.000000 6.378736 1.382069 2.395638 4.585061 9.487147 0.333333
206 60.123974 39.064014 0.000000 6.336493 1.397384 2.437611 4.686785 9.723484 0.200000
207 59.914799 39.006771 0.000000 5.744158 1.400980 2.475519 4.856093 10.345099 0.250000
208 60.076633 38.970798 0.000000 6.130935 1.405929 2.486060 4.876480 10.377482 0.200000
209 60.000233 39.070713 0.000000 6.338016 1.410548 2.493375 4.873550 10.303011 0.333333
210 60.189503 38.972507 0.000000 6.354997 1.381336 2.392181 4.577488 9.476754 0.250000
211 60.223843 39.058842 0.000000 5.787988 1.343977 2.260461 4.171254 8.270856 0.200000
212 60.141811 38.945522 0.000000 5.987303 1.365941 2.332022 4.382269 8.875882 0.250000
213 60.131302 39.133888 0.000000 6.152895 1.375728 2.360412 4.453755 9.053305 0.250000
214 60.131386 39.171505 0.000000 6.112345 1.357485 2.301658 4.284572 8.577319 0.250000
215 60.157494 39.256630 0.000000 6.044505 1.364501 2.309367 4.279258 8.504311 0.250000
216 60.122219 39.321903 0.000000 6.305959 1.356685 2.295891 4.261007 8.495437 0.250000
217 60.106007 39.368160 0.000000 5.961591 1.364843 2.318261 4.325661 8.684186 0.250000
218 60.209282 39.445946 0.000000 5.691768 1.300069 2.113064 3.755467 7.158744 0.200000
219 60.203915 39.515594 0.000000 5.479610 1.317751 2.176321 3.953645 7.754365 0.250000
220 60.077515 39.457485 0.000000 5.388888 1.337304 2.240784 4.130534 8.215932 0.250000
221 59.900627 39.616287 0.000000 5.533648 1.333030 2.234911 4.141650 8.330573 0.250000
222 59.739697 39.659454 0.000000 5.357008 1.305637 2.140407 3.863912 7.547964 0.250000
223 59.627785 39.706856 0.000000 5.149393 1.286006 2.084288 3.718705 7.180541 0.200000
224 59.457119 39.668221 0.000000 5.006553 1.306431 2.141251 3.853477 7.476653 0.250000
225 59.369179 39.651073 0.000000 4.712489 1.252318 1.971888 3.394421 6.277733 0.200000
226 59.370800 39.817589 0.000000 4.348598 1.295645 2.101152 3.722544 7.065316 0.250000
227 59.316452 40.244572 0.000000 4.647482 1.299124 2.111613 3.753554 7.157478 0.200000
229 59.554852 40.605370 0.000000 3.893233 1.287652 2.083941 3.704154 7.105815 0.250000
231 59.612072 41.113548 0.000000 3.099480 1.372173 2.343857 4.395788 8.867192 0.205532
233 59.949539 40.779133 0.000000 1.835114 1.396361 2.451424 4.768227 10.059969 0.250000
234 59.618496 40.524784 0.000000 1.752798 1.290391 2.121149 3.877015 7.753112 0.250000
235 59.215141 40.126076 0.000000 1.545166 1.371354 2.381760 4.601441 9.682962 0.250000
