%% Trajectory 17
%% frame x (pixel)     y (pixel)    z (pixel)      m0         m1           m2           m3           m4           s 
61 30.142635 49.559357 0.000000 3.112663 1.291905 2.089597 3.698107 7.026883 0.154368
62 30.118477 49.615219 0.000000 3.678333 1.311352 2.159914 3.908883 7.625967 0.171447
63 30.186430 49.629902 0.000000 3.597729 1.281793 2.067810 3.662163 6.993811 0.153028
64 30.222908 49.455215 0.000000 3.729180 1.284308 2.073849 3.679155 7.047750 0.172405
65 30.168901 49.390274 0.000000 3.565192 1.318616 2.175836 3.935348 7.651783 0.166667
66 30.075718 49.339066 0.000000 3.875835 1.313238 2.159399 3.893117 7.548559 0.200000
67 30.139484 49.376495 0.000000 3.728498 1.325865 2.196780 3.990775 7.794523 0.200000
68 30.052092 49.482212 0.000000 3.856995 1.291589 2.095887 3.734110 7.174380 0.200000
69 30.210667 49.504387 0.000000 4.265610 1.318100 2.175610 3.943117 7.699799 0.200000
70 30.109030 49.519821 0.000000 4.098726 1.300458 2.123424 3.810010 7.375548 0.200000
71 30.084824 49.321182 0.000000 3.953681 1.322673 2.192210 3.989654 7.820142 0.200000
72 30.004496 49.535393 0.000000 4.177573 1.324002 2.202479 4.037972 8.009285 0.200013
73 30.092539 49.425320 0.000000 3.870786 1.313522 2.155763 3.871583 7.459939 0.200026
74 30.058060 49.405888 0.000000 3.669539 1.315061 2.171014 3.943352 7.736443 0.200000
75 29.959475 49.571121 0.000000 3.990666 1.332840 2.226540 4.095876 8.142297 0.200013
76 30.073170 49.410812 0.000000 4.066611 1.322710 2.188002 3.975993 7.789065 0.200000
77 30.066570 49.473747 0.000000 4.547680 1.312879 2.163270 3.918019 7.654919 0.250000
78 30.168888 49.515694 0.000000 4.628035 1.303241 2.128250 3.811547 7.348630 0.250000
79 30.084002 49.474583 0.000000 4.448302 1.320468 2.181510 3.953058 7.707886 0.361743
80 30.062937 49.346096 0.000000 4.187421 1.316469 2.173987 3.940529 7.690108 0.250920
81 30.124453 49.440742 0.000000 5.033215 1.294221 2.093977 3.702101 7.016987 0.250000
82 30.130495 49.422195 0.000000 4.759761 1.319966 2.185108 3.977577 7.814087 0.250402
83 30.133890 49.415798 0.000000 4.895740 1.324530 2.185938 3.948347 7.655707 0.250000
84 30.122103 49.489597 0.000000 4.599166 1.308256 2.147420 3.877928 7.566345 0.250000
85 30.140598 49.420719 0.000000 5.068369 1.323027 2.189891 3.977251 7.774612 0.200000
86 29.979347 49.506828 0.000000 4.548797 1.338788 2.251214 4.171433 8.351020 0.200000
87 30.151840 49.706444 0.000000 4.542264 1.303838 2.138871 3.860937 7.529686 0.200003
88 30.319889 49.643932 0.000000 4.795152 1.275962 2.041976 3.569528 6.688626 0.200000
89 30.168060 49.666092 0.000000 4.719624 1.302363 2.129296 3.819778 7.378675 0.250000
90 30.284056 49.651505 0.000000 4.827890 1.306422 2.133743 3.814016 7.317990 0.250000
91 30.262674 49.643490 0.000000 4.688407 1.287999 2.077198 3.661601 6.923119 0.250000
93 30.449541 49.282211 0.000000 3.919199 1.281975 2.058726 3.610429 6.784397 0.298950
94 30.587492 49.119251 0.000000 3.175216 1.287772 2.079229 3.668755 6.939173 0.311190
95 30.687479 49.184429 0.000000 2.880937 1.300968 2.116931 3.775661 7.246906 0.250000
96 30.655312 48.984337 0.000000 2.574810 1.332495 2.241469 4.175182 8.452780 0.200000
97 30.687487 48.847847 0.000000 2.017398 1.305170 2.176301 4.043481 8.223287 0.203602
99 31.276709 48.341724 0.000000 1.796480 1.328462 2.226009 4.109179 8.197503 0.166970
100 31.760420 48.497635 0.000000 1.660192 1.252605 1.990640 3.489615 6.647159 0.167298
