%% Trajectory 5
%% frame x (pixel)     y (pixel)    z (pixel)      m0         m1           m2           m3           m4           s 
6 15.572442 11.666800 0.000000 1.794076 1.335445 2.241209 4.159928 8.387534 0.200000
7 15.725093 11.781078 0.000000 2.006512 1.417450 2.522101 4.982599 10.695012 0.200000
9 15.672686 11.692501 0.000000 2.340955 1.393736 2.431723 4.698839 9.853202 0.250000
10 15.847247 11.800381 0.000000 2.396664 1.466620 2.687575 5.462787 12.030817 0.250000
11 15.752876 12.171347 0.000000 2.748163 1.375642 2.368605 4.507565 9.298119 0.250011
12 15.781411 12.086124 0.000000 3.070097 1.414632 2.504023 4.907323 10.422587 0.481090
13 15.789698 11.787283 0.000000 2.842931 1.439754 2.599301 5.218430 11.387765 0.331287
14 15.652176 11.740697 0.000000 3.405814 1.405988 2.460562 4.747292 9.891835 0.250112
15 15.723718 11.662654 0.000000 3.548334 1.402870 2.465760 4.802390 10.151752 0.250000
16 15.773664 11.682837 0.000000 3.616997 1.385779 2.398430 4.577455 9.436967 0.250000
17 15.661504 11.791541 0.000000 3.522702 1.376226 2.366963 4.486034 9.181912 0.200000
18 15.666188 12.070350 0.000000 3.566448 1.381723 2.405202 4.656862 9.826775 0.250000
20 15.778835 11.860393 0.000000 4.469219 1.418321 2.516566 4.944880 10.529409 0.250000
21 15.744360 11.771936 0.000000 4.294523 1.442887 2.584122 5.099658 10.849298 0.250000
22 15.787447 12.065063 0.000000 4.561342 1.447817 2.611915 5.217986 11.288662 0.250000
23 15.689979 11.806073 0.000000 4.982865 1.434278 2.555766 5.024881 10.670883 0.166667
24 15.752608 12.091681 0.000000 5.369550 1.440146 2.575050 5.079098 10.811759 0.142857
25 15.816600 12.120397 0.000000 5.263909 1.419795 2.512333 4.911933 10.388365 0.250000
26 15.822428 12.195500 0.000000 5.524627 1.428686 2.542021 4.998407 10.628573 0.200000
27 15.680361 12.146429 0.000000 5.073570 1.419354 2.508981 4.897278 10.333887 0.200000
28 15.786522 12.175580 0.000000 5.737429 1.402476 2.444708 4.689572 9.694676 0.250000
29 15.814354 12.298575 0.000000 5.748073 1.409410 2.472560 4.782963 9.991277 0.333333
30 15.912855 12.316578 0.000000 5.415146 1.418930 2.508083 4.891864 10.303662 0.250000
31 15.868443 12.423617 0.000000 5.505581 1.437570 2.558506 5.011189 10.570084 0.200000
32 15.773873 12.594221 0.000000 6.009147 1.381855 2.377347 4.491096 9.127301 0.333333
33 15.854854 12.638873 0.000000 5.573513 1.397392 2.423563 4.620995 9.488607 0.250000
34 15.829421 12.787609 0.000000 4.931820 1.430508 2.546550 5.003894 10.621019 0.250000
35 15.973763 12.921150 0.000000 5.059866 1.459932 2.650466 5.320644 11.543547 0.250002
36 16.219076 13.092357 0.000000 5.182249 1.441014 2.565876 5.022803 10.575431 0.250001
37 16.110189 12.930066 0.000000 4.547987 1.443694 2.592495 5.128471 10.929232 0.250001
38 16.252312 13.168308 0.000000 4.515692 1.414899 2.490368 4.833090 10.122103 0.250000
39 16.392483 13.456837 0.000000 4.465420 1.402657 2.425815 4.580150 9.244579 0.250000
40 16.234636 13.494699 0.000000 4.562711 1.409516 2.459747 4.709896 9.689925 0.250000
41 16.245253 13.718513 0.000000 3.771528 1.364316 2.306421 4.253597 8.378974 0.200000
43 17.256689 13.114100 0.000000 2.991278 1.497714 2.770891 5.654885 12.438612 0.323173
44 17.532354 13.468872 0.000000 2.405533 1.501525 2.785831 5.692676 12.513490 0.200068
