%% Trajectory 14
%% frame x (pixel)     y (pixel)    z (pixel)      m0         m1           m2           m3           m4           s 
34 26.148705 60.117409 0.000000 1.209751 1.349109 2.292568 4.317721 8.837562 0.200001
35 26.249777 60.235226 0.000000 1.133366 1.307385 2.122719 3.761935 7.136981 0.142857
36 26.489391 59.978184 0.000000 1.427966 1.400359 2.474038 4.852967 10.340462 0.257536
37 26.212622 59.904636 0.000000 1.728639 1.298904 2.140368 3.895265 7.684191 0.142857
38 26.250309 60.160683 0.000000 1.709444 1.320914 2.185233 3.973611 7.797926 0.125000
39 26.371031 59.705917 0.000000 2.022342 1.290648 2.108717 3.802478 7.438780 0.166667
40 26.311611 60.120632 0.000000 1.925449 1.366581 2.318795 4.312183 8.608305 0.142857
41 26.351469 60.000668 0.000000 2.060878 1.346995 2.271447 4.217211 8.452991 0.166667
42 26.218607 60.020802 0.000000 2.629136 1.362119 2.335451 4.426159 9.084214 0.200000
43 26.236547 59.887913 0.000000 3.034362 1.320468 2.186018 3.978593 7.808091 0.166667
44 26.104582 59.902554 0.000000 2.368745 1.332770 2.237813 4.150520 8.338861 0.166667
45 26.147356 59.869659 0.000000 2.676013 1.302433 2.137128 3.862338 7.549939 0.200034
46 26.096806 59.898079 0.000000 2.831250 1.335553 2.247967 4.180176 8.420604 0.142857
47 26.106031 60.063454 0.000000 3.376525 1.328597 2.230886 4.146017 8.363976 0.200000
48 26.267021 60.125080 0.000000 3.427562 1.316902 2.169548 3.922519 7.636450 0.166716
49 26.218306 59.980312 0.000000 3.664966 1.335549 2.250110 4.197862 8.505802 0.250000
50 26.323591 59.957966 0.000000 3.325995 1.311991 2.164451 3.931728 7.720984 0.200010
51 26.300468 59.826122 0.000000 3.981446 1.288527 2.094247 3.747770 7.255391 0.166667
52 26.182867 59.867062 0.000000 4.253397 1.336527 2.253455 4.199580 8.482329 0.200000
53 26.239746 60.114880 0.000000 4.051673 1.333818 2.228903 4.092096 8.095011 0.166667
54 26.160082 59.976646 0.000000 4.313285 1.323035 2.210361 4.088988 8.219975 0.200000
55 26.118528 59.835503 0.000000 4.249782 1.316453 2.178190 3.974952 7.852322 0.200000
56 26.118835 59.956512 0.000000 4.244677 1.332042 2.238482 4.152550 8.333806 0.250000
57 26.060369 59.774456 0.000000 4.600317 1.337740 2.250823 4.181290 8.410104 0.250000
58 26.032282 59.649948 0.000000 4.461648 1.335282 2.237011 4.128686 8.235039 0.200000
59 26.047785 59.443729 0.000000 4.455166 1.306882 2.144597 3.858425 7.464703 0.250000
60 25.942589 59.246635 0.000000 4.240551 1.317983 2.186297 3.987784 7.840888 0.250004
61 26.040705 58.920467 0.000000 4.117518 1.365951 2.344560 4.446909 9.129945 0.353188
62 26.128901 58.753475 0.000000 4.002094 1.309063 2.156606 3.912151 7.670100 0.329456
63 26.132446 58.620754 0.000000 3.922620 1.290589 2.097682 3.744893 7.210642 0.200000
64 26.343964 58.311821 0.000000 4.068836 1.278939 2.048924 3.590871 6.761373 0.200000
65 26.811279 58.369125 0.000000 3.590059 1.325436 2.181077 3.924762 7.576662 0.200000
66 27.057915 58.710289 0.000000 3.423028 1.344646 2.264944 4.197923 8.390757 0.200000
67 26.717762 58.665886 0.000000 2.854332 1.294355 2.098913 3.713379 7.026016 0.200000
68 26.726921 58.710979 0.000000 2.066958 1.263796 2.011310 3.502478 6.554086 0.212395
69 26.965433 58.962734 0.000000 1.578726 1.399754 2.475594 4.862690 10.368770 0.200000
70 27.159706 58.758572 0.000000 1.611285 1.289483 2.103523 3.799613 7.477093 0.352710
71 26.925241 58.360977 0.000000 1.609830 1.383993 2.383227 4.521888 9.261258 0.338613
