%% Trajectory 6
%% frame x (pixel)     y (pixel)    z (pixel)      m0         m1           m2           m3           m4           s 
14 40.833504 46.527172 0.000000 2.977939 1.567590 3.026039 6.441154 14.748773 0.166707
15 40.991047 46.638218 0.000000 3.160980 1.622742 3.222183 7.026638 16.399662 0.166667
17 40.916203 46.450062 0.000000 2.972687 1.620342 3.207252 6.981614 16.299974 0.250000
18 40.726898 46.410099 0.000000 3.502212 1.642086 3.271167 7.142829 16.680061 0.200000
19 41.174011 46.399124 0.000000 3.939654 1.631583 3.226022 6.986475 16.165667 0.250000
20 41.259071 46.566227 0.000000 3.755116 1.606914 3.133019 6.695247 15.306828 0.250000
21 40.634663 46.447243 0.000000 4.017330 1.636342 3.248611 7.075884 16.497166 0.250000
22 40.632019 46.685043 0.000000 4.168393 1.583527 3.059144 6.489910 14.759599 0.250000
23 40.674568 46.683350 0.000000 3.580366 1.636738 3.239010 7.020887 16.268311 0.250000
24 40.580093 46.826218 0.000000 3.605801 1.565882 3.008652 6.366128 14.474231 0.250000
25 40.576580 46.757030 0.000000 3.636504 1.559932 2.987720 6.306570 14.318810 0.200000
26 40.541779 46.722210 0.000000 4.056319 1.521545 2.846635 5.862589 12.985327 0.200000
27 40.513111 46.670177 0.000000 4.367018 1.547694 2.928523 6.083729 13.554899 0.200000
28 40.758835 46.620010 0.000000 4.481458 1.579948 3.050923 6.474484 14.742370 0.200000
29 40.660023 46.650982 0.000000 4.199559 1.563590 3.000180 6.333184 14.358718 0.200000
30 40.837051 46.617115 0.000000 4.316133 1.550386 2.953322 6.199420 13.998775 0.200033
31 40.720459 46.667343 0.000000 4.518320 1.569418 3.023520 6.413222 14.616529 0.200000
32 40.500954 46.700611 0.000000 4.960114 1.504972 2.781014 5.642803 12.288211 0.200000
33 40.676128 46.705479 0.000000 5.452618 1.466829 2.663467 5.329973 11.493499 0.200000
34 40.666321 46.684113 0.000000 4.901150 1.445855 2.592850 5.120050 10.887197 0.200000
35 40.470486 46.666836 0.000000 5.463384 1.433280 2.540135 4.944465 10.345299 0.250000
36 40.513355 46.596844 0.000000 5.067290 1.436302 2.552876 4.985625 10.472096 0.250000
37 40.263260 46.453159 0.000000 4.618327 1.467166 2.657020 5.297326 11.370574 0.166667
38 40.192577 46.490257 0.000000 4.475971 1.455288 2.617461 5.173256 10.988615 0.250000
39 39.844704 46.597885 0.000000 3.890519 1.439473 2.571624 5.073035 10.822787 0.200000
40 39.595318 46.459957 0.000000 4.173962 1.466865 2.659675 5.300822 11.357810 0.250000
41 39.525665 46.562325 0.000000 4.145078 1.457694 2.619052 5.173630 11.002529 0.200000
42 39.088001 46.738762 0.000000 4.064425 1.421032 2.519158 4.926719 10.396320 0.250000
43 39.156281 46.672710 0.000000 4.003073 1.389914 2.399021 4.546703 9.264157 0.312417
44 39.203693 46.641136 0.000000 3.926819 1.321032 2.185847 3.963856 7.721348 0.320867
45 39.069717 46.428562 0.000000 3.512245 1.422178 2.522158 4.936770 10.433277 0.250021
46 39.391499 46.092411 0.000000 2.870038 1.456594 2.635813 5.272048 11.398465 0.250000
47 39.517597 46.624954 0.000000 2.400219 1.361675 2.336074 4.446715 9.206751 0.436344
48 39.728851 46.446556 0.000000 1.937722 1.297202 2.128638 3.867782 7.653543 0.250000
