%% Trajectory 14
%% frame x (pixel)     y (pixel)    z (pixel)      m0         m1           m2           m3           m4           s 
45 15.826069 36.756676 0.000000 1.138797 1.266410 2.020764 3.555222 6.786609 0.166667
47 15.888309 36.631088 0.000000 1.307239 1.281294 2.091837 3.786447 7.473124 0.180751
48 15.669204 36.548710 0.000000 1.502733 1.291348 2.096336 3.736013 7.176799 0.208960
49 16.168489 36.861237 0.000000 1.441253 1.272849 2.043048 3.594178 6.797550 0.186354
50 15.739990 36.668594 0.000000 1.449622 1.347655 2.294603 4.349005 8.997211 0.200000
51 15.714882 36.540710 0.000000 1.622781 1.260460 1.999786 3.479115 6.524942 0.200033
52 15.905993 36.531490 0.000000 1.727918 1.290735 2.158417 4.080023 8.568180 0.291048
53 15.725204 36.421638 0.000000 2.084260 1.258297 2.019941 3.599866 7.017999 0.250000
54 15.693697 36.672935 0.000000 2.272866 1.227618 1.900208 3.219747 5.879487 0.333333
55 15.662073 36.702740 0.000000 2.748976 1.284034 2.059637 3.611983 6.798654 0.250176
56 15.805649 36.371288 0.000000 2.479258 1.273209 2.035079 3.553324 6.651740 0.200120
57 15.730291 36.443859 0.000000 3.004797 1.303203 2.125413 3.802801 7.330871 0.250000
58 15.774670 36.516094 0.000000 2.845907 1.309593 2.164217 3.961625 7.898213 0.250000
60 15.690183 36.480156 0.000000 3.389969 1.339376 2.262491 4.235219 8.625956 0.250224
61 15.829623 36.502476 0.000000 3.318137 1.329462 2.206043 4.003320 7.785597 0.200000
62 15.880794 36.255886 0.000000 3.432540 1.328167 2.216717 4.083024 8.147803 0.250001
63 15.934743 36.320152 0.000000 3.534044 1.360891 2.334233 4.440713 9.187773 0.250000
64 16.013411 36.363228 0.000000 3.316268 1.361520 2.341401 4.467522 9.272862 0.200000
65 16.026674 36.248241 0.000000 3.935380 1.414640 2.515750 4.965478 10.642131 0.200457
66 16.083393 36.266319 0.000000 3.923638 1.390728 2.426122 4.695630 9.879347 0.250000
67 16.452686 36.267624 0.000000 4.097086 1.362744 2.313698 4.312343 8.646007 0.251737
68 16.503399 36.163467 0.000000 3.985914 1.328520 2.204353 4.013316 7.866211 0.250000
69 16.837442 36.143864 0.000000 3.987979 1.345616 2.269560 4.216428 8.461183 0.250000
70 16.913452 36.340034 0.000000 3.878250 1.341575 2.266333 4.236829 8.597036 0.250000
71 17.175955 36.156910 0.000000 3.051226 1.349946 2.305794 4.383673 9.092359 0.264078
72 17.253019 36.233295 0.000000 3.072132 1.317197 2.185158 4.005090 7.963096 0.250000
73 17.842020 36.456791 0.000000 2.897258 1.276504 2.063060 3.682191 7.140747 0.250008
74 17.748283 36.991455 0.000000 2.921314 1.350821 2.294739 4.309734 8.767260 0.417192
76 18.045530 37.134590 0.000000 1.919418 1.431953 2.565142 5.071272 10.809989 0.327263
78 18.190224 35.475571 0.000000 1.344231 1.433535 2.569275 5.075901 10.807658 0.250000
79 18.618704 35.022469 0.000000 1.042454 1.422505 2.514838 4.919741 10.417507 0.200007
