%% Trajectory 19
%% frame x (pixel)     y (pixel)    z (pixel)      m0         m1           m2           m3           m4           s 
102 36.485332 23.293707 0.000000 1.578151 1.360485 2.314061 4.346477 8.847530 0.245371
104 36.695282 23.467318 0.000000 1.397121 1.416693 2.515705 4.964969 10.662769 0.301594
105 36.411415 23.416946 0.000000 1.502551 1.364743 2.337009 4.433871 9.144082 0.243807
106 36.702637 23.326185 0.000000 1.568955 1.415085 2.505612 4.918813 10.483843 0.185447
107 36.750713 23.435307 0.000000 1.753798 1.413989 2.506299 4.923145 10.488791 0.455285
108 37.019840 23.440474 0.000000 1.613302 1.443874 2.600659 5.179157 11.143039 0.200292
111 36.729099 22.957993 0.000000 1.614189 1.433812 2.571089 5.094365 10.909273 0.220371
112 36.872990 23.329521 0.000000 1.294630 1.394866 2.430182 4.662448 9.645881 0.210227
113 36.822052 23.316319 0.000000 1.931700 1.468530 2.697026 5.500725 12.168495 0.238606
114 36.733448 23.109200 0.000000 1.565271 1.426829 2.545002 5.040309 10.848372 0.169289
115 36.846157 22.902597 0.000000 1.533206 1.415922 2.524809 4.991228 10.694427 0.243385
116 36.837597 22.926416 0.000000 1.537734 1.456345 2.665044 5.425657 12.002420 0.166667
117 36.625679 23.192566 0.000000 1.579577 1.399318 2.450759 4.756088 10.024643 0.258894
118 36.600895 23.177244 0.000000 1.539749 1.441141 2.599842 5.218410 11.398334 0.222951
119 36.771023 23.317711 0.000000 1.955436 1.488865 2.761006 5.673402 12.616254 0.167601
120 36.865288 23.300673 0.000000 2.009995 1.473431 2.681395 5.375087 11.606400 0.200000
121 36.824261 23.067196 0.000000 1.768654 1.464364 2.685373 5.483447 12.176173 0.210457
122 36.736229 23.533182 0.000000 1.509444 1.494032 2.794866 5.818717 13.152665 0.205462
123 36.750576 23.505079 0.000000 1.968250 1.435861 2.567077 5.080450 10.891953 0.200444
124 36.803856 23.212357 0.000000 1.959779 1.432250 2.570981 5.120617 11.065443 0.166667
125 36.739231 23.519735 0.000000 1.925292 1.375270 2.346709 4.393037 8.845785 0.250001
126 36.838188 22.917933 0.000000 1.997841 1.482879 2.768821 5.754405 12.980922 0.224822
127 36.978222 23.473806 0.000000 1.967694 1.427402 2.547392 5.034000 10.773496 0.200006
128 36.980988 23.368427 0.000000 2.011099 1.517434 2.866272 5.997594 13.559114 0.200035
129 37.102428 23.527388 0.000000 2.117942 1.474555 2.711136 5.524201 12.186852 0.200001
130 36.841671 23.539591 0.000000 2.161121 1.505533 2.820577 5.855303 13.144033 0.250000
131 36.709145 23.204617 0.000000 1.806683 1.426109 2.540074 5.003884 10.673258 0.166668
132 36.926853 23.198959 0.000000 2.349023 1.467659 2.683038 5.425296 11.858293 0.217969
133 37.173008 23.224293 0.000000 2.059306 1.470605 2.689483 5.446288 11.937720 0.168151
134 37.089001 23.271536 0.000000 1.974949 1.455129 2.647300 5.347423 11.725447 0.166668
135 37.369831 23.477795 0.000000 2.190369 1.385088 2.422055 4.708196 9.969278 0.202204
136 37.405903 23.261469 0.000000 1.944797 1.446643 2.613797 5.247617 11.450262 0.200271
137 37.363712 23.722462 0.000000 2.309010 1.394468 2.436354 4.714960 9.903064 0.205306
138 37.492451 23.792593 0.000000 1.776515 1.431504 2.587480 5.217221 11.466401 0.200109
139 37.273495 24.155035 0.000000 1.841605 1.458314 2.674074 5.463664 12.150864 0.200000
141 37.399208 24.120321 0.000000 1.702983 1.412561 2.499545 4.907702 10.470507 0.296690
142 37.530586 24.570848 0.000000 1.874309 1.472813 2.701561 5.483150 12.032059 0.192867
144 36.609879 24.818682 0.000000 1.644256 1.367165 2.331788 4.375446 8.855949 0.176636
