%% Trajectory 15
%% frame x (pixel)     y (pixel)    z (pixel)      m0         m1           m2           m3           m4           s 
63 30.428949 15.576431 0.000000 1.413331 1.271935 2.023231 3.515568 6.553737 0.190726
65 30.221064 15.662959 0.000000 1.322021 1.221796 1.890428 3.202554 5.846990 0.166667
66 30.082767 15.452366 0.000000 1.491377 1.252112 1.982277 3.453413 6.515983 0.315567
67 30.186375 15.713947 0.000000 1.659516 1.296278 2.108618 3.762242 7.228292 0.282871
68 30.112228 15.746553 0.000000 1.556782 1.291317 2.084753 3.676628 6.946418 0.184345
69 30.390831 15.443519 0.000000 1.613700 1.272068 2.026460 3.526270 6.581945 0.200000
70 30.192358 15.553523 0.000000 1.473181 1.274552 2.038008 3.572314 6.746690 0.200433
71 30.217735 15.784636 0.000000 1.753682 1.286183 2.086414 3.727430 7.208035 0.284546
72 30.270704 15.695612 0.000000 2.014826 1.255561 1.983896 3.427306 6.359573 0.203651
73 30.233522 15.689572 0.000000 2.027574 1.237323 1.932167 3.300306 6.064246 0.200121
74 30.409199 15.610560 0.000000 2.166205 1.273843 2.031642 3.538548 6.607999 0.201388
75 30.332230 15.785776 0.000000 2.170360 1.309258 2.153442 3.901197 7.647263 0.208527
76 30.533104 15.595871 0.000000 2.116752 1.287685 2.073757 3.645177 6.860106 0.338541
77 30.578337 15.653997 0.000000 1.842886 1.285499 2.072109 3.659509 6.952995 0.250000
78 30.642031 15.752724 0.000000 1.787179 1.307220 2.140240 3.843614 7.428216 0.200860
79 30.783283 15.859208 0.000000 1.923541 1.354758 2.300792 4.308680 8.716067 0.335241
80 30.992231 15.848291 0.000000 1.859791 1.355125 2.319690 4.401639 9.070556 0.220546
81 31.188850 16.100765 0.000000 1.535251 1.380063 2.390173 4.579242 9.509061 0.200000
82 31.220121 16.188490 0.000000 1.813507 1.318706 2.192670 4.021100 7.978107 0.200000
83 31.117670 16.092760 0.000000 1.570054 1.294462 2.110178 3.795572 7.397796 0.200024
84 31.294485 16.124693 0.000000 1.631324 1.268808 2.041531 3.621999 6.961377 0.250000
86 32.236477 15.561450 0.000000 1.887032 1.276467 2.048267 3.601892 6.819495 0.250000
87 32.356045 15.862099 0.000000 1.802113 1.374117 2.351776 4.427522 8.984534 0.250000
