%% Trajectory 12
%% frame x (pixel)     y (pixel)    z (pixel)      m0         m1           m2           m3           m4           s 
50 59.551609 35.590843 0.000000 1.570580 1.193614 1.807532 3.003805 5.413335 0.200000
51 59.811859 35.681274 0.000000 1.863060 1.240493 1.942582 3.338018 6.194584 0.250000
53 59.525082 35.826931 0.000000 1.947983 1.237787 1.930324 3.295621 6.059299 0.257354
54 59.585827 35.983860 0.000000 1.964333 1.298188 2.121266 3.803160 7.337509 0.210546
55 59.675652 35.769188 0.000000 2.070513 1.271858 2.028170 3.534607 6.608708 0.200046
56 59.498432 35.677803 0.000000 1.867063 1.237046 1.928490 3.286926 6.024753 0.170083
57 59.607571 35.928497 0.000000 2.311028 1.297968 2.115979 3.795794 7.357849 0.187345
58 59.507317 35.964798 0.000000 2.554719 1.321730 2.214325 4.128100 8.415770 0.167207
59 59.465206 36.105629 0.000000 2.427648 1.300247 2.136434 3.878700 7.647476 0.190243
60 59.671154 36.090832 0.000000 2.392658 1.300280 2.141210 3.893976 7.679707 0.142938
61 59.510780 36.052086 0.000000 3.136657 1.322624 2.200707 4.041028 8.041360 0.250000
62 59.433956 36.177921 0.000000 3.102331 1.313227 2.165716 3.935650 7.743620 0.200000
63 59.315853 36.161819 0.000000 2.782721 1.323522 2.199437 4.031721 8.006629 0.250000
64 59.440666 36.219032 0.000000 3.341186 1.310885 2.162432 3.934309 7.756670 0.200000
65 59.375015 35.898815 0.000000 3.408687 1.335302 2.236943 4.129793 8.247153 0.200000
66 59.332691 35.827415 0.000000 3.396969 1.327497 2.207973 4.040525 7.986354 0.200000
67 59.394920 35.812801 0.000000 3.280856 1.335171 2.218669 4.038240 7.898841 0.200287
68 59.456448 35.843441 0.000000 3.499651 1.325204 2.198463 4.001111 7.837639 0.200000
69 59.287495 35.752632 0.000000 3.685973 1.332376 2.214996 4.034139 7.895218 0.200000
70 59.398823 35.658852 0.000000 3.507402 1.351303 2.278797 4.226148 8.457145 0.166667
71 59.409981 35.539318 0.000000 3.592827 1.314268 2.148896 3.829795 7.292141 0.142857
72 59.458744 35.580811 0.000000 3.609577 1.299518 2.107439 3.729679 7.064030 0.142857
73 59.506527 35.645672 0.000000 3.800146 1.329565 2.199818 3.970660 7.661953 0.142857
74 59.454826 35.594658 0.000000 3.314862 1.293531 2.092633 3.701772 7.027812 0.142857
75 59.317642 35.597477 0.000000 3.991844 1.329899 2.193494 3.942293 7.565529 0.166667
76 59.370758 35.627193 0.000000 3.726185 1.337144 2.234932 4.105566 8.133421 0.166667
77 59.369377 35.789375 0.000000 3.959762 1.369071 2.337955 4.394324 8.913965 0.142857
78 59.412106 35.594776 0.000000 4.250793 1.314158 2.148794 3.828974 7.287249 0.166667
79 59.411636 35.576557 0.000000 4.421530 1.318681 2.169827 3.908317 7.560415 0.166667
80 59.414719 35.714455 0.000000 4.649409 1.344015 2.247810 4.115787 8.090476 0.166667
81 59.361988 35.682671 0.000000 4.450903 1.335950 2.214362 4.007571 7.762884 0.200000
82 59.485794 35.821564 0.000000 4.438627 1.343941 2.259815 4.180772 8.347669 0.200000
83 59.461147 35.758263 0.000000 4.541623 1.339009 2.244035 4.142870 8.271399 0.142857
84 59.447113 35.924744 0.000000 4.406592 1.335376 2.233642 4.109166 8.155392 0.200000
85 59.186089 35.916687 0.000000 4.641855 1.392623 2.423963 4.653676 9.652214 0.166667
86 59.312740 35.832466 0.000000 4.714142 1.328720 2.202600 4.004796 7.837661 0.166667
87 59.263828 35.814442 0.000000 4.757717 1.335594 2.236322 4.121484 8.203527 0.166667
88 59.343681 36.028809 0.000000 4.916667 1.363431 2.322133 4.349697 8.779128 0.166667
89 59.320358 35.998482 0.000000 4.641217 1.351670 2.289171 4.270608 8.603048 0.166667
90 59.079144 35.888630 0.000000 4.978710 1.411758 2.498458 4.904230 10.450812 0.200000
91 59.118614 36.034618 0.000000 4.541940 1.408839 2.488165 4.870507 10.341302 0.200000
92 59.241177 35.958298 0.000000 5.150509 1.399277 2.455417 4.771561 10.055017 0.200000
93 58.881588 35.935184 0.000000 4.644787 1.457788 2.650975 5.332601 11.595482 0.200000
94 59.188374 36.067188 0.000000 4.539215 1.385914 2.418496 4.683370 9.854685 0.200000
95 59.289074 36.271908 0.000000 4.273190 1.351478 2.297350 4.325518 8.853951 0.216293
96 59.196869 36.212757 0.000000 3.834370 1.347713 2.287506 4.301325 8.790865 0.200057
97 59.099247 36.283501 0.000000 3.996000 1.329586 2.223897 4.104137 8.200872 0.200000
98 58.853306 36.564335 0.000000 4.225298 1.348161 2.274003 4.223370 8.472241 0.200001
99 58.681820 36.743511 0.000000 3.979249 1.395742 2.443582 4.735490 9.947256 0.235529
100 58.592049 36.666836 0.000000 3.984650 1.335279 2.230963 4.105250 8.167454 0.200006
101 58.586311 36.730724 0.000000 3.634287 1.308781 2.147964 3.869992 7.511127 0.208115
102 58.530231 36.879158 0.000000 3.242342 1.330034 2.216658 4.065603 8.051817 0.206641
103 58.386856 37.110424 0.000000 3.853641 1.376798 2.360514 4.449363 9.037264 0.200000
105 57.384514 38.140900 0.000000 3.322951 1.433003 2.540460 4.945956 10.348295 0.200000
