%% Trajectory 11
%% frame x (pixel)     y (pixel)    z (pixel)      m0         m1           m2           m3           m4           s 
20 55.709332 39.719276 0.000000 0.899975 1.258136 1.996012 3.469255 6.484598 0.166730
22 55.349396 40.291447 0.000000 0.853072 1.321258 2.236679 4.237290 8.819255 0.174991
23 55.745407 40.138756 0.000000 1.071140 1.369210 2.411004 4.769268 10.367550 0.271292
24 55.785690 40.304825 0.000000 1.191137 1.383363 2.411810 4.674166 9.856035 0.236648
25 55.948872 40.237991 0.000000 1.133275 1.335662 2.264457 4.250863 8.649704 0.331093
26 56.049828 40.265266 0.000000 1.101426 1.303144 2.180430 4.059516 8.249009 0.200092
27 55.648457 40.167999 0.000000 1.404228 1.225371 1.911779 3.295148 6.194129 0.250205
28 55.603390 40.402157 0.000000 1.385245 1.212099 1.860929 3.126608 5.663277 0.250504
29 55.770866 40.593121 0.000000 1.471546 1.278988 2.072738 3.712420 7.230058 0.200002
30 55.825600 40.556030 0.000000 1.672911 1.289586 2.083764 3.679268 6.963449 0.250001
31 55.886089 40.320705 0.000000 1.592847 1.311996 2.175597 3.985789 7.918804 0.260574
32 55.711262 40.612030 0.000000 1.997815 1.270443 2.020019 3.510531 6.548794 0.250000
33 55.745708 40.621437 0.000000 2.074717 1.259401 1.996628 3.463715 6.458919 0.250000
34 55.635357 40.635090 0.000000 1.997406 1.315775 2.170667 3.943110 7.743166 0.251432
35 55.818111 40.617836 0.000000 2.142544 1.302444 2.119126 3.773104 7.211740 0.200000
36 55.550831 40.367317 0.000000 2.702545 1.299725 2.105479 3.722472 7.043467 0.250000
37 55.717430 40.501789 0.000000 2.452568 1.260646 1.997723 3.460640 6.436108 0.200000
38 55.627304 40.355190 0.000000 2.645866 1.258623 1.991909 3.446102 6.402209 0.200041
39 55.609676 40.417507 0.000000 2.871029 1.286712 2.078946 3.674874 6.973016 0.251032
40 55.638142 40.488136 0.000000 2.754572 1.271632 2.029884 3.539938 6.620159 0.200003
41 55.518967 40.285526 0.000000 3.243951 1.259227 1.997127 3.465337 6.462237 0.166667
42 55.559605 40.406559 0.000000 3.277960 1.245142 1.952637 3.349332 6.178119 0.200000
43 55.419361 40.436367 0.000000 3.662369 1.262967 2.001390 3.466358 6.445598 0.166675
44 55.489399 40.475800 0.000000 3.825771 1.265725 2.008646 3.483513 6.484776 0.200000
45 55.446728 40.696098 0.000000 4.158633 1.266194 2.010997 3.490540 6.502938 0.166667
46 55.410606 40.517883 0.000000 3.994734 1.283726 2.064258 3.631398 6.862080 0.166747
47 55.278629 40.419487 0.000000 3.774696 1.286788 2.073227 3.644809 6.857724 0.200006
48 55.299465 40.487320 0.000000 3.886022 1.280870 2.051648 3.588241 6.725523 0.166667
49 54.825665 40.351048 0.000000 3.652029 1.300897 2.131602 3.844062 7.493244 0.166689
50 54.679317 40.439003 0.000000 3.470033 1.263833 2.007598 3.484785 6.490796 0.166667
51 54.649292 40.567642 0.000000 3.787149 1.267744 2.017275 3.507904 6.544867 0.200000
52 54.280006 40.326752 0.000000 3.208535 1.264868 2.026110 3.579083 6.862704 0.166667
53 54.170963 40.365971 0.000000 3.078609 1.291472 2.099798 3.751426 7.232949 0.250000
54 53.786980 40.676949 0.000000 3.296477 1.304514 2.140352 3.866924 7.556705 0.250000
55 53.739147 41.204552 0.000000 3.353235 1.346766 2.280834 4.267643 8.646895 0.250000
57 53.790688 41.662209 0.000000 2.765524 1.278262 2.054432 3.612874 6.823793 0.250000
58 53.611237 42.282871 0.000000 2.889423 1.303985 2.122341 3.768757 7.157232 0.250000
60 53.227650 43.852898 0.000000 2.697139 1.395130 2.425347 4.643684 9.592252 0.250000
