%% Trajectory 23
%% frame x (pixel)     y (pixel)    z (pixel)      m0         m1           m2           m3           m4           s 
130 30.529381 51.664772 0.000000 1.705094 1.480041 2.710434 5.454224 11.784307 0.250000
131 30.595297 51.674915 0.000000 1.716109 1.403770 2.459317 4.754441 9.928518 0.250000
133 30.505125 51.768215 0.000000 1.668054 1.549852 2.987584 6.385370 14.754897 0.250000
135 30.232779 51.769669 0.000000 2.057705 1.473207 2.718401 5.567926 12.351912 0.252464
136 30.086180 51.947254 0.000000 2.108376 1.441008 2.602964 5.228132 11.406736 0.254114
137 29.783600 52.149937 0.000000 1.964071 1.499494 2.788378 5.722266 12.657769 0.224584
138 29.597282 51.924164 0.000000 2.270174 1.445783 2.607044 5.199010 11.215656 0.171289
139 30.159555 51.855915 0.000000 2.356238 1.429845 2.570992 5.144547 11.199048 0.200001
140 29.651058 51.712811 0.000000 1.961656 1.426835 2.542816 5.018382 10.734562 0.143563
141 29.867733 52.162415 0.000000 2.441028 1.480742 2.706912 5.445117 11.780898 0.250105
142 29.756701 51.733566 0.000000 2.048363 1.427381 2.555472 5.088461 11.023602 0.209414
143 29.924019 51.974773 0.000000 2.465520 1.441407 2.614544 5.253402 11.420502 0.250000
144 29.967306 51.926296 0.000000 2.712833 1.423428 2.532480 4.990933 10.658120 0.250001
145 29.734623 51.819565 0.000000 2.741703 1.431204 2.573716 5.148067 11.203110 0.200001
146 29.800783 51.996803 0.000000 2.546605 1.418414 2.531385 5.018770 10.809820 0.200005
147 29.840532 51.974567 0.000000 2.779478 1.399145 2.460468 4.798518 10.158195 0.200000
148 29.860935 51.904625 0.000000 2.846521 1.417137 2.508183 4.906161 10.378788 0.200000
149 29.960875 51.790459 0.000000 2.108176 1.404779 2.512179 5.033226 11.037032 0.274775
150 29.890041 51.452732 0.000000 2.713187 1.288869 2.087802 3.717482 7.150148 0.250000
151 30.171799 51.519909 0.000000 2.913320 1.278618 2.044642 3.571804 6.691379 0.250005
152 30.264132 51.478821 0.000000 3.002438 1.253807 1.975512 3.404887 6.310056 0.250000
153 30.148296 51.491360 0.000000 3.416748 1.291122 2.089417 3.710589 7.103298 0.250000
154 30.346926 51.624313 0.000000 2.791943 1.289286 2.094843 3.736739 7.186161 0.250029
155 30.830448 51.221924 0.000000 2.958340 1.329586 2.223993 4.102509 8.187034 0.205931
156 30.457386 51.233353 0.000000 3.340754 1.311731 2.144882 3.836613 7.365527 0.210446
158 31.291637 51.521004 0.000000 1.730082 1.423876 2.520768 4.924555 10.395325 0.292097
160 31.742632 51.404259 0.000000 1.919171 1.322147 2.185299 3.960094 7.719678 0.186470
