%% Trajectory 23
%% frame x (pixel)     y (pixel)    z (pixel)      m0         m1           m2           m3           m4           s 
108 54.302982 36.024887 0.000000 1.256650 1.287645 2.100371 3.774961 7.332572 0.250000
109 54.413002 35.771381 0.000000 1.493490 1.237714 1.935253 3.311438 6.097827 0.250000
110 54.333897 35.706959 0.000000 1.995024 1.307063 2.126065 3.771214 7.152157 0.250000
111 53.920727 35.815506 0.000000 1.740941 1.310120 2.180885 4.021914 8.059707 0.250000
112 54.199295 35.809147 0.000000 2.059799 1.231287 1.918338 3.271885 6.008245 0.250000
113 54.238125 35.982422 0.000000 1.564023 1.297446 2.132182 3.878882 7.675731 0.250000
114 54.120777 35.784546 0.000000 1.748589 1.268644 2.022918 3.526572 6.597025 0.250000
115 54.398540 36.078384 0.000000 1.609326 1.287852 2.095423 3.774135 7.407377 0.250000
116 54.300694 35.845127 0.000000 2.105928 1.299293 2.119839 3.794012 7.309402 0.250000
117 54.104397 35.852879 0.000000 2.706544 1.347508 2.276921 4.228809 8.456380 0.250000
118 53.991623 36.100109 0.000000 2.526430 1.329380 2.234452 4.162885 8.433353 0.250000
119 53.878227 35.948372 0.000000 2.347488 1.360087 2.343093 4.492809 9.392170 0.250000
120 54.153324 35.688515 0.000000 2.365730 1.262619 2.005632 3.487239 6.520035 0.250000
121 53.674351 35.788570 0.000000 2.452676 1.268966 2.039164 3.611929 6.935518 0.250000
122 53.553127 35.649361 0.000000 2.444267 1.263410 2.005206 3.478085 6.473188 0.265837
123 53.453403 35.740536 0.000000 2.071248 1.267590 2.029912 3.573184 6.793138 0.212353
124 53.235016 35.796047 0.000000 2.310020 1.289260 2.089047 3.698443 7.013263 0.250000
125 52.899975 35.746780 0.000000 2.426886 1.307394 2.149006 3.886018 7.587390 0.218887
126 52.934361 35.746769 0.000000 1.899708 1.320468 2.203134 4.067031 8.151029 0.200019
127 52.798389 35.803925 0.000000 2.222162 1.291192 2.113899 3.820662 7.488801 0.200042
128 52.477516 35.895672 0.000000 2.166337 1.304491 2.133248 3.829469 7.408104 0.167217
130 52.604656 36.583786 0.000000 1.502218 1.415866 2.527464 5.038864 10.973639 0.200000
131 52.472603 36.196449 0.000000 1.370109 1.276676 2.058245 3.651803 7.008497 0.174652
132 52.292580 36.744144 0.000000 1.504134 1.345007 2.373055 4.767057 10.642479 0.200000
