%% Trajectory 19
%% frame x (pixel)     y (pixel)    z (pixel)      m0         m1           m2           m3           m4           s 
116 38.283813 42.312431 0.000000 1.707109 1.212198 1.869302 3.174934 5.858167 0.200000
117 38.137501 42.240047 0.000000 1.859587 1.208739 1.872583 3.216071 6.044637 0.202029
118 38.183281 42.239403 0.000000 1.741687 1.229867 1.927200 3.339042 6.306232 0.187031
119 38.286057 42.103611 0.000000 2.328554 1.243832 1.960941 3.407275 6.425477 0.167057
120 38.218834 42.274033 0.000000 1.995263 1.232465 1.914322 3.254801 5.961849 0.246008
121 38.367664 42.182453 0.000000 1.870728 1.191056 1.793779 2.957423 5.271717 0.200000
122 38.371380 42.296185 0.000000 2.080559 1.179867 1.764877 2.887275 5.105111 0.250000
123 38.312885 42.201107 0.000000 2.081836 1.216673 1.882618 3.213115 5.966570 0.250027
124 38.335564 42.292595 0.000000 2.094024 1.192525 1.804249 2.989314 5.351836 0.333333
125 38.326122 42.339321 0.000000 2.106158 1.168309 1.733857 2.815838 4.950651 0.250000
126 38.079044 42.270317 0.000000 2.686666 1.276991 2.065559 3.697484 7.206213 0.250000
127 37.923656 42.247238 0.000000 3.387741 1.358470 2.355859 4.587533 9.824566 0.250000
128 38.021618 42.265629 0.000000 3.381430 1.301493 2.156212 3.966587 7.956176 0.250000
129 38.148705 42.219368 0.000000 3.057641 1.322312 2.209246 4.086323 8.209749 0.200000
130 38.336720 42.087753 0.000000 3.285730 1.309642 2.154083 3.897584 7.611825 0.269004
131 38.313587 42.093224 0.000000 3.618280 1.289236 2.103152 3.789249 7.405343 0.200000
132 38.377270 42.187595 0.000000 3.719338 1.270978 2.028934 3.548796 6.682151 0.200000
133 38.455070 42.087528 0.000000 3.431257 1.262512 2.004193 3.478390 6.480864 0.200000
134 38.375992 42.024128 0.000000 3.490269 1.289191 2.101988 3.762126 7.249399 0.200000
135 38.444679 42.164207 0.000000 3.610599 1.263132 2.001264 3.465628 6.443399 0.200000
136 38.360973 42.188877 0.000000 4.195752 1.257303 1.989543 3.441441 6.391762 0.250000
137 38.297279 42.026646 0.000000 3.846476 1.306372 2.155203 3.910288 7.650029 0.250052
138 38.396965 42.053226 0.000000 4.103058 1.296259 2.127105 3.845773 7.517523 0.250000
139 38.416271 42.164448 0.000000 3.814607 1.257736 1.985884 3.428176 6.357548 0.250000
140 38.392815 42.277103 0.000000 3.513747 1.260507 1.994945 3.452119 6.416477 0.250000
141 38.460220 42.143246 0.000000 3.563025 1.271811 2.024671 3.521667 6.572301 0.250000
142 38.433838 42.166702 0.000000 3.990254 1.276902 2.041831 3.566327 6.678061 0.250000
143 38.379402 42.152931 0.000000 4.460641 1.291437 2.096297 3.733117 7.158827 0.333333
144 38.336727 42.239185 0.000000 4.759597 1.247077 1.954717 3.350622 6.175893 0.250000
145 38.382595 42.285404 0.000000 4.487201 1.273152 2.031343 3.540186 6.615676 0.200000
146 38.438698 42.249878 0.000000 4.030403 1.268095 2.014279 3.496190 6.512895 0.200000
147 38.303177 42.163326 0.000000 4.101474 1.270878 2.025742 3.528630 6.594115 0.200000
148 38.300526 42.264050 0.000000 4.126501 1.258507 1.988349 3.434172 6.370749 0.200000
149 38.290001 42.216747 0.000000 4.135479 1.254110 1.973875 3.397814 6.288238 0.200000
150 38.348164 42.242111 0.000000 4.123329 1.272429 2.030444 3.539555 6.616720 0.200000
151 38.298218 42.216873 0.000000 3.948502 1.274409 2.037097 3.560939 6.684508 0.250000
152 38.390011 42.281551 0.000000 4.256224 1.263070 2.004880 3.478264 6.476556 0.166667
153 38.289375 42.216087 0.000000 4.133173 1.276909 2.043906 3.575964 6.712744 0.200000
154 38.497513 42.204758 0.000000 4.429410 1.285318 2.066746 3.628582 6.824263 0.200000
155 38.507126 42.191532 0.000000 4.595479 1.267812 2.014615 3.497328 6.513345 0.125000
156 38.475948 42.107498 0.000000 3.754133 1.281071 2.054279 3.598037 6.754312 0.142857
157 38.417435 42.203369 0.000000 3.661960 1.251100 1.970613 3.393645 6.279142 0.166667
158 38.586479 42.100327 0.000000 3.726487 1.257319 1.991735 3.451167 6.423509 0.142857
159 38.535961 42.090096 0.000000 3.854359 1.286608 2.070591 3.638620 6.849155 0.166667
160 38.456062 42.067524 0.000000 4.140842 1.306815 2.140084 3.834930 7.372673 0.200000
161 38.585381 42.104973 0.000000 3.867668 1.285814 2.072238 3.648197 6.880902 0.250000
162 38.534416 42.030396 0.000000 4.235272 1.300533 2.137760 3.874921 7.601297 0.250000
163 38.499905 42.044617 0.000000 3.791952 1.290414 2.103969 3.777953 7.339088 0.200605
164 38.438255 42.007172 0.000000 3.533648 1.300573 2.141405 3.889607 7.647887 0.166674
165 38.417366 41.917175 0.000000 3.470844 1.243271 1.966364 3.422010 6.444351 0.166672
166 38.524475 41.960987 0.000000 3.755533 1.265516 2.025595 3.569133 6.806306 0.200031
167 38.499649 42.010715 0.000000 3.670909 1.289721 2.104708 3.783084 7.353827 0.250321
168 38.426098 41.906883 0.000000 4.109128 1.257712 2.009238 3.548312 6.820889 0.200000
169 38.384571 41.909843 0.000000 3.742454 1.260494 2.006054 3.499028 6.568141 0.200023
170 38.510281 42.003017 0.000000 3.167569 1.255199 1.997247 3.496448 6.621262 0.200000
171 38.263191 41.940506 0.000000 3.977821 1.284248 2.091529 3.749038 7.257147 0.200003
172 38.153435 42.097221 0.000000 4.104790 1.327861 2.228924 4.148807 8.404282 0.200000
173 38.078373 42.174503 0.000000 3.814904 1.314228 2.203369 4.128761 8.494936 0.200023
174 38.254799 41.928177 0.000000 3.213922 1.262804 2.023060 3.559545 6.750228 0.200000
175 38.003761 41.945095 0.000000 3.219642 1.313093 2.185769 4.024253 8.031608 0.200204
176 37.819481 41.870827 0.000000 2.399091 1.288351 2.123477 3.886943 7.751091 0.200001
177 38.121605 41.564610 0.000000 2.861094 1.223054 1.894662 3.215126 5.881927 0.281637
178 37.922852 41.537167 0.000000 2.595036 1.257636 2.007358 3.539295 6.784517 0.203350
179 38.048870 41.574085 0.000000 1.813448 1.234085 1.944671 3.372209 6.322998 0.168133
180 37.980904 41.306229 0.000000 1.755059 1.272516 2.056808 3.665619 7.073152 0.166667
182 36.464867 42.010632 0.000000 2.128509 1.452945 2.669077 5.472935 12.191080 0.250000
