%% Trajectory 28
%% frame x (pixel)     y (pixel)    z (pixel)      m0         m1           m2           m3           m4           s 
86 34.793949 20.540674 0.000000 2.017810 1.694749 3.520842 8.059625 19.767616 0.200000
88 34.052570 20.857893 0.000000 1.591999 1.450192 2.678149 5.529757 12.448895 0.200199
89 33.986633 20.685490 0.000000 1.297075 1.303928 2.267572 4.538988 10.199886 0.319347
91 33.707390 20.730415 0.000000 2.069278 1.361168 2.303418 4.264058 8.455924 0.333333
92 33.821400 21.108622 0.000000 2.519053 1.304359 2.161768 3.973078 7.950695 0.345199
93 33.722912 21.067326 0.000000 2.550197 1.352493 2.325425 4.440026 9.221828 0.333333
95 33.853367 20.799053 0.000000 3.440535 1.304481 2.136175 3.837683 7.420149 0.510300
96 33.797916 20.790634 0.000000 4.089031 1.316221 2.165750 3.905282 7.567439 0.539115
97 33.943058 20.864595 0.000000 4.322535 1.345581 2.281244 4.281582 8.723771 0.386183
98 33.830494 20.942205 0.000000 4.164314 1.316724 2.182638 3.983078 7.848164 0.352655
100 33.980328 20.847733 0.000000 5.490951 1.363429 2.346735 4.478383 9.281125 0.333333
101 33.908680 20.868607 0.000000 5.549108 1.333074 2.224978 4.081932 8.069285 0.333333
102 33.827053 20.895922 0.000000 5.033759 1.325481 2.206786 4.052732 8.056158 0.497663
104 33.870525 21.089939 0.000000 6.115086 1.381346 2.395459 4.597636 9.565475 0.333333
105 33.720940 20.881487 0.000000 6.810327 1.316610 2.181073 3.982441 7.866499 0.333333
106 33.695274 20.905378 0.000000 7.043318 1.328995 2.215078 4.061694 8.036244 0.333333
107 33.786243 20.983477 0.000000 6.936945 1.348181 2.285812 4.278430 8.665143 0.333333
108 33.813900 21.167509 0.000000 7.307124 1.338120 2.250205 4.171129 8.358158 0.333333
109 33.870384 21.283043 0.000000 7.230681 1.336314 2.238154 4.125457 8.208959 0.333333
111 34.028366 21.804520 0.000000 8.084049 1.378814 2.370447 4.478032 9.098395 0.333333
112 34.086533 21.891336 0.000000 7.342646 1.351539 2.289190 4.267673 8.578024 0.333333
113 34.008564 22.208637 0.000000 6.855684 1.373355 2.356270 4.449320 9.052365 0.333333
114 34.149185 22.532482 0.000000 6.727522 1.310052 2.149609 3.862011 7.451539 0.250000
115 34.158897 22.429380 0.000000 6.640703 1.293157 2.100269 3.735499 7.138846 0.200000
116 34.031643 22.898838 0.000000 6.636673 1.396047 2.447045 4.743121 9.952354 0.200000
118 34.086372 22.623520 0.000000 4.615547 1.314149 2.168175 3.930110 7.681420 0.333333
120 34.110260 22.942982 0.000000 3.329759 1.394417 2.461672 4.848703 10.416939 0.250000
121 34.205311 23.278856 0.000000 2.717021 1.334615 2.253612 4.227794 8.652179 0.250000
122 34.501244 23.115282 0.000000 2.383909 1.316256 2.190847 4.070836 8.307226 0.166667
