%% Trajectory 8
%% frame x (pixel)     y (pixel)    z (pixel)      m0         m1           m2           m3           m4           s 
16 62.244041 32.707687 0.000000 1.085210 1.252503 1.975534 3.406985 6.312341 0.142867
17 62.161995 32.747166 0.000000 0.931403 1.251856 1.977244 3.417707 6.350285 0.143364
18 62.114716 32.795334 0.000000 1.110976 1.278345 2.071532 3.713610 7.247245 0.200000
19 62.025894 32.652420 0.000000 1.353697 1.308815 2.146278 3.862748 7.484159 0.200000
20 62.113194 32.864727 0.000000 1.427149 1.310750 2.157102 3.894154 7.559890 0.200090
21 62.182716 32.951733 0.000000 1.449152 1.293284 2.108712 3.785764 7.345532 0.200080
22 62.134747 32.888420 0.000000 1.377213 1.278668 2.060253 3.644388 6.948631 0.166667
23 62.093723 32.774460 0.000000 1.601930 1.271266 2.033641 3.557590 6.677499 0.200000
24 62.175308 32.652363 0.000000 1.559638 1.283928 2.063879 3.622822 6.812646 0.166667
25 62.116722 32.809177 0.000000 1.772764 1.281445 2.070268 3.673993 7.031523 0.200000
26 62.113811 32.699097 0.000000 1.703736 1.278576 2.055307 3.617261 6.841839 0.200000
27 62.194630 32.665218 0.000000 1.835052 1.267703 2.017398 3.508975 6.549579 0.200000
28 62.102184 32.610081 0.000000 1.809207 1.258812 1.991060 3.444358 6.401816 0.200000
29 62.175980 32.874664 0.000000 1.994596 1.298492 2.116198 3.782918 7.278055 0.250010
30 62.196148 32.782764 0.000000 1.900605 1.273445 2.034183 3.552136 6.655271 0.250138
31 62.136547 32.828976 0.000000 2.013193 1.295736 2.108332 3.761739 7.221805 0.380795
32 62.084656 32.688457 0.000000 2.285655 1.303896 2.131416 3.824178 7.390824 0.415497
33 62.142311 32.777573 0.000000 2.183673 1.279229 2.060129 3.642019 6.941037 0.189997
34 62.167469 32.958374 0.000000 2.141113 1.322214 2.193653 3.996234 7.834826 0.167713
35 62.162876 32.934467 0.000000 2.345250 1.311126 2.158126 3.898662 7.578133 0.200500
36 62.176239 32.869072 0.000000 2.555144 1.309501 2.146643 3.852735 7.422236 0.166667
37 62.230556 32.945099 0.000000 2.373885 1.302480 2.129271 3.810446 7.317357 0.200010
38 62.046024 32.863091 0.000000 2.477581 1.311643 2.160743 3.909792 7.619776 0.166672
39 62.114449 32.807537 0.000000 2.410482 1.305773 2.134077 3.815148 7.314744 0.166667
40 62.138683 32.897316 0.000000 2.592352 1.304616 2.137079 3.842441 7.438043 0.200000
41 62.217960 32.898109 0.000000 2.845461 1.299709 2.116562 3.773608 7.223660 0.200000
42 62.113968 32.938103 0.000000 2.713197 1.334827 2.231477 4.087456 8.033976 0.250000
43 62.111912 33.074154 0.000000 2.395854 1.320880 2.192979 4.005856 7.893602 0.250023
44 62.155853 33.036407 0.000000 2.708237 1.330651 2.234259 4.152877 8.382168 0.200000
45 62.106907 33.000206 0.000000 2.704742 1.336374 2.250798 4.184103 8.411813 0.200000
46 62.135605 33.046661 0.000000 2.817052 1.330206 2.218355 4.066129 8.028735 0.250000
47 62.068989 33.176147 0.000000 2.821530 1.315462 2.174098 3.950444 7.738846 0.166667
48 62.122162 33.000397 0.000000 3.164979 1.343069 2.270729 4.236915 8.547547 0.200000
49 62.103920 33.182541 0.000000 3.061916 1.324548 2.203406 4.030235 7.947227 0.250000
50 62.154575 33.107845 0.000000 3.114001 1.305789 2.144400 3.868777 7.521007 0.250000
51 62.108803 33.088326 0.000000 2.820159 1.325784 2.210585 4.066840 8.097746 0.200000
52 62.137287 33.098309 0.000000 2.870934 1.319355 2.183301 3.968453 7.767571 0.200001
53 62.084476 33.146248 0.000000 2.648247 1.318951 2.187717 3.992232 7.858649 0.200022
54 62.082676 33.156796 0.000000 3.032790 1.325412 2.205873 4.032914 7.937564 0.200000
55 62.091129 33.160954 0.000000 3.029328 1.312926 2.157785 3.889870 7.543168 0.166667
56 62.031788 33.164036 0.000000 2.664979 1.324670 2.209842 4.058592 8.043635 0.200056
57 61.730164 33.127823 0.000000 2.876086 1.283974 2.071007 3.659138 6.949229 0.166667
58 61.510372 33.009716 0.000000 2.400416 1.292770 2.100310 3.742518 7.179921 0.200002
59 61.418030 33.057755 0.000000 2.304783 1.314979 2.179042 3.983112 7.881614 0.200648
60 61.210621 32.913017 0.000000 2.584480 1.307301 2.147234 3.880650 7.576725 0.200000
61 60.964535 32.965778 0.000000 2.756505 1.349322 2.301925 4.351621 8.927293 0.200000
63 60.587917 33.652279 0.000000 2.200604 1.264066 2.006228 3.480141 6.479939 0.211025
