%% Trajectory 6
%% frame x (pixel)     y (pixel)    z (pixel)      m0         m1           m2           m3           m4           s 
5 55.607544 28.721872 0.000000 0.977464 1.238854 1.944160 3.360397 6.300541 0.200000
6 55.168781 28.626129 0.000000 1.003298 1.450414 2.626197 5.243887 11.277291 0.278884
7 55.395302 28.220539 0.000000 1.055621 1.292637 2.100089 3.732362 7.118423 0.346339
8 55.190647 28.570063 0.000000 1.336194 1.356535 2.310812 4.342809 8.828754 0.182998
9 55.254440 28.658951 0.000000 1.224332 1.321650 2.231459 4.181911 8.528076 0.304904
10 55.249763 28.441036 0.000000 1.893067 1.321412 2.171849 3.894449 7.468354 0.166703
11 55.344624 28.361147 0.000000 1.960117 1.291615 2.091755 3.706488 7.052943 0.201121
12 55.352463 28.444723 0.000000 2.020873 1.381160 2.375980 4.500871 9.200387 0.194743
13 55.252460 28.355337 0.000000 2.441628 1.310714 2.153437 3.890316 7.590184 0.200000
14 55.415230 28.311769 0.000000 2.540757 1.286234 2.068506 3.631864 6.830889 0.166667
15 55.249214 28.438690 0.000000 2.805430 1.324172 2.181873 3.929312 7.581291 0.200000
16 55.233463 28.431829 0.000000 2.815099 1.363032 2.322221 4.359847 8.840984 0.200000
17 55.364777 28.343193 0.000000 3.154400 1.294526 2.098668 3.728367 7.127798 0.200000
18 55.287949 28.297626 0.000000 3.176596 1.313753 2.159082 3.887094 7.519713 0.200000
19 55.249378 28.110775 0.000000 3.075472 1.349156 2.267296 4.181429 8.296015 0.200000
20 55.168999 28.248213 0.000000 3.386384 1.340363 2.253726 4.175296 8.360812 0.250000
21 54.849495 28.179680 0.000000 3.371128 1.353845 2.297654 4.309103 8.757728 0.250000
22 54.875763 28.261805 0.000000 3.064576 1.387178 2.402831 4.596861 9.515471 0.333334
23 54.691776 28.683531 0.000000 3.546022 1.336932 2.223374 4.040648 7.866150 0.250000
24 54.521877 28.669344 0.000000 3.459600 1.354191 2.261097 4.109459 7.962637 0.250000
25 54.423965 28.753340 0.000000 3.108028 1.359588 2.288067 4.198512 8.226350 0.368372
26 54.229820 28.766993 0.000000 3.183130 1.393844 2.417510 4.615691 9.500596 0.205655
27 54.497417 29.161211 0.000000 2.815191 1.404745 2.451520 4.718709 9.817977 0.333333
28 54.779667 29.229742 0.000000 2.489832 1.438921 2.589547 5.170789 11.198626 0.333806
29 54.625744 29.060760 0.000000 2.337103 1.478893 2.710323 5.482682 11.964783 0.250679
30 54.772755 29.563478 0.000000 2.019803 1.419278 2.506416 4.874261 10.217037 0.207920
31 55.132446 29.064968 0.000000 1.813090 1.450123 2.621817 5.247293 11.365310 0.251660
32 54.860138 28.966612 0.000000 1.652910 1.452291 2.655430 5.410534 11.985689 0.250063
33 54.518902 29.282736 0.000000 1.532432 1.470403 2.672646 5.334868 11.438004 0.250114
34 54.679298 29.203312 0.000000 1.257523 1.408286 2.464088 4.739784 9.812219 0.229397
