%% Trajectory 31
%% frame x (pixel)     y (pixel)    z (pixel)      m0         m1           m2           m3           m4           s 
169 48.030479 36.723427 0.000000 1.393632 1.277234 2.081928 3.765655 7.427235 0.250046
170 47.852390 36.887684 0.000000 1.813376 1.364073 2.344495 4.452507 9.150462 0.333333
171 48.294731 36.904762 0.000000 1.308666 1.323884 2.193316 3.990000 7.821157 0.333333
172 48.135204 36.799839 0.000000 1.305537 1.270437 2.038595 3.590984 6.821824 0.250026
173 48.272762 36.815407 0.000000 1.032708 1.313727 2.185994 4.039032 8.143180 0.344256
174 48.322701 36.762852 0.000000 1.231475 1.320310 2.185012 3.981004 7.841749 0.258668
175 48.065548 36.827927 0.000000 1.567538 1.386755 2.417293 4.649431 9.660770 0.333333
176 48.281883 36.929832 0.000000 1.424856 1.283671 2.082096 3.706754 7.104984 0.333333
177 47.816330 36.717587 0.000000 1.505533 1.353945 2.333287 4.498069 9.512841 0.333333
178 48.159462 36.890114 0.000000 1.786685 1.337840 2.250664 4.168326 8.326666 0.333333
179 48.006824 36.906044 0.000000 1.731602 1.384107 2.419170 4.685895 9.845278 0.333333
180 48.066906 37.111324 0.000000 1.831560 1.363670 2.329337 4.394969 8.974298 0.250000
181 47.778046 36.888817 0.000000 1.608828 1.328733 2.218011 4.082026 8.126680 0.333333
182 48.219765 36.734974 0.000000 2.047648 1.308517 2.148724 3.880290 7.568671 0.250037
183 48.239212 36.939976 0.000000 1.778932 1.334296 2.259883 4.242358 8.652670 0.251124
184 48.220024 36.905342 0.000000 1.748457 1.317770 2.175361 3.946357 7.722001 0.202186
185 47.793495 37.036903 0.000000 2.035825 1.391853 2.425138 4.662357 9.675855 0.202909
186 47.911255 37.045525 0.000000 1.699347 1.310100 2.180521 4.019300 8.044253 0.257658
187 47.763912 37.140610 0.000000 2.258938 1.304375 2.134798 3.839002 7.444482 0.200728
188 47.385162 37.063839 0.000000 2.014265 1.360129 2.342884 4.465496 9.216613 0.294132
189 47.213970 36.934479 0.000000 2.142007 1.343793 2.272590 4.252635 8.634384 0.252822
190 46.857975 37.258915 0.000000 1.915644 1.313654 2.163328 3.911326 7.615908 0.201674
191 46.640205 37.066959 0.000000 2.058733 1.445858 2.607692 5.202333 11.221178 0.201448
192 46.732216 37.373302 0.000000 1.803501 1.348541 2.248521 4.086281 7.928228 0.200227
193 46.549435 36.954098 0.000000 1.724409 1.433213 2.573505 5.121539 11.043085 0.211307
194 46.162468 36.780304 0.000000 1.539339 1.339450 2.269525 4.258288 8.681540 0.250000
195 46.547440 36.970921 0.000000 1.471478 1.314980 2.172385 3.954307 7.787329 0.201816
