%% Trajectory 31
%% frame x (pixel)     y (pixel)    z (pixel)      m0         m1           m2           m3           m4           s 
152 56.742485 36.075760 0.000000 2.114564 1.313809 2.173587 3.955474 7.764138 0.169560
153 56.698437 36.079403 0.000000 2.146224 1.311937 2.176093 3.989115 7.933746 0.166667
155 56.895500 36.410259 0.000000 2.388123 1.301502 2.131068 3.837967 7.459996 0.183522
156 56.774422 36.181030 0.000000 2.740216 1.296084 2.111664 3.789549 7.357149 0.166684
157 56.687073 36.109283 0.000000 2.619446 1.425671 2.551382 5.068898 10.931412 0.166676
158 56.664635 36.216339 0.000000 2.939144 1.360280 2.322576 4.385241 8.976604 0.224658
159 56.787910 36.297409 0.000000 2.587140 1.316481 2.188698 4.031178 8.078142 0.172488
160 57.040844 36.490696 0.000000 3.080432 1.293886 2.112635 3.808022 7.450119 0.243499
161 56.718262 36.259720 0.000000 3.489467 1.303705 2.145622 3.896866 7.670703 0.142857
162 56.729538 36.331230 0.000000 3.646791 1.321175 2.193037 4.004285 7.891862 0.169019
163 56.724979 36.406719 0.000000 3.767319 1.322536 2.192588 3.986127 7.794202 0.200000
164 56.713947 36.377747 0.000000 4.033232 1.275830 2.053423 3.638007 6.977767 0.250000
165 56.855186 36.349667 0.000000 3.472960 1.297966 2.125955 3.840394 7.518316 0.250247
166 56.716923 36.339996 0.000000 3.941317 1.302084 2.129380 3.825949 7.415928 0.333333
167 56.585377 36.433178 0.000000 4.578548 1.281198 2.058812 3.620540 6.840982 0.333333
168 56.632694 36.264053 0.000000 4.746402 1.305038 2.130993 3.808730 7.309794 0.333665
169 56.789261 36.280632 0.000000 5.158498 1.313222 2.161409 3.904367 7.596236 0.333333
170 56.760849 36.404385 0.000000 4.954871 1.290450 2.088863 3.710541 7.105521 0.333333
171 56.849068 36.331554 0.000000 5.073020 1.314183 2.173967 3.971137 7.868199 0.333334
172 56.884029 36.419525 0.000000 5.372999 1.301782 2.129610 3.824052 7.398472 0.334059
173 56.669289 36.395046 0.000000 5.789530 1.285244 2.078308 3.682760 7.020951 0.333333
174 56.739998 36.386219 0.000000 5.690560 1.290474 2.083560 3.680973 6.985000 0.333334
175 56.709568 36.307987 0.000000 5.569221 1.292563 2.089183 3.689374 6.982029 0.333333
176 56.814869 36.447163 0.000000 5.974666 1.285961 2.072150 3.650351 6.899138 0.333333
177 56.665882 36.489342 0.000000 6.065500 1.301865 2.128316 3.822073 7.404576 0.333384
178 56.390148 36.658279 0.000000 6.394644 1.278944 2.054565 3.608764 6.801624 0.333392
179 56.234489 36.678753 0.000000 6.240362 1.299003 2.105641 3.723944 7.045589 0.333341
180 55.874557 36.607998 0.000000 6.600965 1.331521 2.230032 4.123436 8.260517 0.333336
181 55.764141 36.677677 0.000000 6.001324 1.312577 2.154701 3.874745 7.487389 0.333930
182 55.469566 36.498680 0.000000 5.799566 1.290475 2.081130 3.663358 6.904264 0.333360
183 55.506229 36.624638 0.000000 5.917548 1.298892 2.110853 3.748748 7.135672 0.333334
185 55.066097 37.210522 0.000000 5.331155 1.353311 2.299932 4.307489 8.708987 0.333333
186 54.962906 37.492920 0.000000 4.655295 1.353060 2.295273 4.296146 8.701978 0.333333
187 55.342361 37.879765 0.000000 4.182102 1.322455 2.188227 3.971917 7.755606 0.333333
188 55.337921 38.012215 0.000000 3.995548 1.337036 2.255603 4.206861 8.505698 0.333333
189 55.108887 38.020699 0.000000 3.769170 1.402507 2.478994 4.856536 10.312732 0.333333
191 55.136284 37.453789 0.000000 2.500546 1.368467 2.353022 4.466780 9.169295 0.366535
192 55.317120 37.619041 0.000000 2.068120 1.259106 2.018156 3.582747 6.940174 0.250006
193 54.700829 37.785049 0.000000 1.887161 1.398356 2.435938 4.668356 9.643856 0.214061
194 55.017715 38.069359 0.000000 1.534006 1.459522 2.711671 5.627375 12.696745 0.204313
195 54.607105 38.417053 0.000000 1.482990 1.323344 2.211710 4.089254 8.208591 0.310507
