%% Trajectory 37
%% frame x (pixel)     y (pixel)    z (pixel)      m0         m1           m2           m3           m4           s 
208 33.569157 56.029465 0.000000 1.750133 1.316507 2.194599 4.051861 8.132049 0.250343
209 33.407650 55.986607 0.000000 2.009509 1.323755 2.213373 4.092900 8.212465 0.333333
210 33.411404 55.908497 0.000000 2.374183 1.290875 2.112911 3.817327 7.476226 0.333333
211 33.315094 55.845268 0.000000 2.622391 1.281292 2.074799 3.698135 7.130363 0.333333
212 33.173275 55.728737 0.000000 2.404466 1.335182 2.241481 4.151993 8.326518 0.333333
213 33.135635 55.935066 0.000000 2.461657 1.345328 2.290811 4.320704 8.850133 0.333333
214 32.920212 55.742443 0.000000 2.437937 1.330187 2.222840 4.097599 8.175739 0.333333
215 32.943790 55.718063 0.000000 2.498421 1.327897 2.209125 4.032908 7.919549 0.333333
216 32.747650 55.424599 0.000000 2.666313 1.321631 2.172246 3.894290 7.463154 0.333333
217 32.924522 55.215523 0.000000 2.680242 1.325253 2.196669 3.994496 7.810796 0.250000
218 32.641224 55.105614 0.000000 2.554695 1.305539 2.137335 3.839723 7.430223 0.333333
219 32.844601 55.174984 0.000000 2.382649 1.339230 2.261109 4.224559 8.569564 0.333333
220 32.663742 54.730240 0.000000 2.308545 1.358133 2.311410 4.341917 8.827672 0.333333
221 32.611511 54.376476 0.000000 2.216327 1.276575 2.051377 3.613114 6.850977 0.250000
