%% Trajectory 9
%% frame x (pixel)     y (pixel)    z (pixel)      m0         m1           m2           m3           m4           s 
24 51.534767 18.890001 0.000000 1.823040 1.312549 2.166028 3.950422 7.826527 0.185212
25 51.419498 19.073452 0.000000 1.851214 1.357623 2.322007 4.403076 9.079554 0.214402
26 51.724884 18.940048 0.000000 1.859315 1.381617 2.389001 4.565396 9.442117 0.326383
27 51.358814 18.957460 0.000000 2.214136 1.328249 2.214838 4.062366 8.037780 0.250003
28 51.632938 19.023314 0.000000 1.807017 1.425636 2.553307 5.063614 10.864657 0.209353
29 51.063808 19.104877 0.000000 2.167798 1.391656 2.417183 4.619032 9.505021 0.213517
30 51.403019 19.132029 0.000000 2.074505 1.345684 2.255726 4.147580 8.202812 0.200484
31 51.136555 19.089252 0.000000 1.708780 1.434433 2.560795 5.043528 10.720760 0.166966
32 51.149956 19.313564 0.000000 2.310525 1.414168 2.495494 4.865250 10.260807 0.200010
33 51.011475 19.688965 0.000000 2.249555 1.407711 2.489907 4.894632 10.471079 0.200000
34 51.157223 19.473854 0.000000 2.752103 1.405976 2.461154 4.740488 9.834934 0.166707
35 51.377563 19.620703 0.000000 2.513505 1.362934 2.329381 4.382535 8.891947 0.168427
36 50.562149 19.439222 0.000000 2.514529 1.396342 2.419793 4.601977 9.412930 0.232647
37 50.897877 19.637262 0.000000 2.155576 1.419873 2.524578 4.973907 10.627886 0.168166
40 50.762363 20.519682 0.000000 1.661883 1.517554 2.870315 6.025149 13.694189 0.315751
42 50.545502 21.049303 0.000000 1.561990 1.527347 2.922598 6.210912 14.288898 0.250000
44 50.366173 21.454271 0.000000 1.773178 1.508137 2.826406 5.831637 12.929077 0.224176
47 50.555874 21.580769 0.000000 1.481886 1.423408 2.548837 5.076108 10.991957 0.174655
