%% Trajectory 14
%% frame x (pixel)     y (pixel)    z (pixel)      m0         m1           m2           m3           m4           s 
47 8.289895 19.915758 0.000000 1.774089 1.361126 2.310883 4.316212 8.687846 0.250058
48 8.365823 19.907925 0.000000 2.010928 1.340569 2.252043 4.167443 8.335210 0.172301
49 8.437544 19.588585 0.000000 2.060251 1.268531 2.020950 3.518800 6.573629 0.171950
50 8.497855 19.728745 0.000000 2.257031 1.329166 2.210503 4.033004 7.912803 0.250010
51 8.313477 19.632494 0.000000 2.348942 1.300858 2.119175 3.781303 7.250649 0.200030
52 8.547685 19.587984 0.000000 2.475449 1.284689 2.066359 3.634693 6.864191 0.200000
53 8.233422 19.634769 0.000000 2.452850 1.293195 2.093951 3.712084 7.070910 0.167719
54 8.384842 19.755756 0.000000 2.424948 1.309202 2.140031 3.828064 7.349772 0.166667
55 8.321079 19.709541 0.000000 2.496422 1.309550 2.145676 3.855707 7.457029 0.166671
56 8.386185 19.771790 0.000000 2.562246 1.329073 2.217791 4.083997 8.149117 0.166667
57 8.527497 19.663628 0.000000 2.730293 1.294163 2.094043 3.700511 7.004846 0.171410
58 8.433403 19.838572 0.000000 2.644216 1.319017 2.181278 3.967612 7.792304 0.166992
59 8.488191 19.670816 0.000000 3.061310 1.314137 2.151472 3.849597 7.382929 0.166667
60 8.439363 19.710533 0.000000 3.219917 1.291453 2.086026 3.677324 6.938338 0.167126
61 8.403985 19.708364 0.000000 3.168513 1.321829 2.177144 3.915788 7.536719 0.142858
62 8.417713 19.845015 0.000000 3.456262 1.321582 2.184682 3.967865 7.771505 0.200001
63 8.442000 19.697535 0.000000 3.485407 1.275413 2.037245 3.555319 6.654155 0.166667
64 8.505503 19.876875 0.000000 3.688181 1.328746 2.210416 4.036614 7.935436 0.166667
65 8.385554 19.764339 0.000000 3.702967 1.304351 2.129550 3.804981 7.297975 0.166667
66 8.452345 19.681585 0.000000 3.714632 1.295482 2.095217 3.698466 6.989018 0.166667
67 8.405596 19.566652 0.000000 3.726518 1.285741 2.067466 3.629606 6.825365 0.188355
68 8.562849 19.690971 0.000000 3.644727 1.308692 2.136605 3.806443 7.253550 0.166671
69 8.504844 19.711815 0.000000 3.527603 1.301363 2.107086 3.722246 7.035963 0.166668
70 8.466803 19.889133 0.000000 3.612121 1.336317 2.229930 4.080550 8.025912 0.200032
71 8.576121 19.899151 0.000000 3.095729 1.320806 2.184529 3.962790 7.732804 0.301502
72 8.674102 20.011833 0.000000 3.197559 1.389227 2.411520 4.612831 9.518921 0.200000
73 8.739902 19.999105 0.000000 2.909180 1.370103 2.345378 4.418113 8.968896 0.200015
74 9.054926 20.199093 0.000000 3.466650 1.372842 2.383768 4.609574 9.724886 0.200014
75 8.804620 20.097668 0.000000 3.433657 1.391680 2.427900 4.682663 9.778208 0.200022
76 9.061525 20.325310 0.000000 3.071379 1.342566 2.279511 4.300725 8.844739 0.200013
77 9.027402 20.370060 0.000000 2.969408 1.373014 2.382438 4.605479 9.718621 0.200678
78 9.230274 20.315241 0.000000 2.951222 1.366901 2.364556 4.556149 9.588284 0.200003
79 9.260773 20.481125 0.000000 2.938504 1.370350 2.370070 4.547203 9.485996 0.166908
80 9.355803 20.396936 0.000000 2.116187 1.364422 2.349345 4.511051 9.475824 0.200000
82 8.438096 20.918648 0.000000 2.042716 1.446786 2.620962 5.259913 11.431413 0.250000
