%% Trajectory 11
%% frame x (pixel)     y (pixel)    z (pixel)      m0         m1           m2           m3           m4           s 
18 47.297314 55.164143 0.000000 1.373236 1.181646 1.778006 2.937412 5.265486 0.180166
19 47.334534 55.193375 0.000000 1.550662 1.183917 1.778296 2.926939 5.214515 0.200000
20 47.211590 55.147549 0.000000 1.707105 1.203878 1.845897 3.119669 5.737183 0.166667
21 47.280399 55.030033 0.000000 1.813828 1.217218 1.910992 3.351047 6.484416 0.200000
22 47.236778 55.154072 0.000000 2.053222 1.186603 1.787819 2.948391 5.253635 0.200045
23 47.186466 55.180668 0.000000 2.069911 1.196105 1.812265 3.006279 5.386897 0.144555
24 47.160179 55.158405 0.000000 2.080731 1.209766 1.862380 3.159203 5.825901 0.191816
25 47.177395 55.123047 0.000000 1.941822 1.196993 1.817618 3.024685 5.440922 0.166667
26 47.180660 55.193485 0.000000 2.261730 1.164419 1.731528 2.820533 4.974924 0.166668
27 47.229164 55.219566 0.000000 1.776220 1.158977 1.707197 2.751775 4.805275 0.200000
28 47.145241 55.130241 0.000000 2.267551 1.207619 1.857390 3.137911 5.738567 0.262505
29 47.198250 55.149406 0.000000 2.631906 1.190834 1.798422 2.974307 5.317342 0.166726
30 47.211071 55.205544 0.000000 2.750155 1.197167 1.816353 3.016807 5.410643 0.166667
31 47.228287 55.152958 0.000000 2.888287 1.219749 1.879555 3.171092 5.768763 0.166679
32 47.293560 55.111198 0.000000 3.033900 1.224288 1.896506 3.221311 5.909250 0.292504
33 47.291153 54.925259 0.000000 2.882964 1.227474 1.932496 3.368564 6.407725 0.143248
34 47.190704 54.999985 0.000000 2.921791 1.244724 1.968989 3.423955 6.434328 0.166671
35 47.148472 54.871105 0.000000 2.993524 1.269653 2.042320 3.616491 6.926809 0.259744
36 47.201130 54.732738 0.000000 2.755000 1.215730 1.872933 3.160668 5.752883 0.200000
37 47.048531 54.525051 0.000000 2.485470 1.225162 1.901286 3.232211 5.922449 0.170749
38 47.080105 54.383827 0.000000 3.082155 1.235405 1.924904 3.282424 6.026004 0.257894
39 46.824203 54.228569 0.000000 2.860579 1.277535 2.078950 3.744581 7.338795 0.167140
40 46.819328 54.177383 0.000000 2.720312 1.289015 2.128109 3.920171 7.924082 0.171811
41 46.919128 54.197563 0.000000 2.753544 1.302207 2.166313 3.994272 8.005575 0.166685
42 46.407383 54.090904 0.000000 2.445400 1.321813 2.263512 4.377398 9.372427 0.201810
43 46.392948 53.960243 0.000000 2.117720 1.282584 2.089118 3.765543 7.375451 0.200865
