%% Trajectory 13
%% frame x (pixel)     y (pixel)    z (pixel)      m0         m1           m2           m3           m4           s 
42 47.546459 22.886353 0.000000 0.627793 1.422000 2.527415 4.985534 10.672867 0.167587
43 47.235023 23.308247 0.000000 1.044866 1.337991 2.258704 4.194469 8.397009 0.166671
44 47.219929 23.356070 0.000000 0.978518 1.226031 1.910549 3.285999 6.151449 0.166668
45 47.347908 23.765945 0.000000 0.810376 1.340718 2.262998 4.215308 8.501904 0.179871
46 47.107513 23.611677 0.000000 0.968377 1.239669 1.935499 3.308432 6.089781 0.200000
47 47.205402 23.695992 0.000000 1.750195 1.276426 2.037214 3.554813 6.657024 0.333361
48 47.056816 23.943905 0.000000 1.577282 1.346735 2.304231 4.384948 9.091825 0.442707
49 47.094639 23.535713 0.000000 1.819178 1.352503 2.286529 4.250139 8.513393 0.537833
50 47.225033 23.741720 0.000000 2.129797 1.300730 2.123640 3.808391 7.363938 0.250000
51 47.236092 23.674150 0.000000 1.861841 1.280864 2.064919 3.655504 6.978877 0.200053
52 47.147846 23.533455 0.000000 2.231769 1.266871 2.018319 3.513204 6.558516 0.200000
53 47.440342 23.694181 0.000000 2.654816 1.246487 1.957142 3.361852 6.209846 0.250000
54 47.038464 23.583630 0.000000 2.575360 1.320595 2.205617 4.079975 8.205135 0.250000
55 47.018917 23.636078 0.000000 2.623082 1.338692 2.245070 4.148088 8.282641 0.333333
56 47.188793 23.625626 0.000000 2.435254 1.292101 2.096352 3.726091 7.119235 0.250000
57 47.201218 23.715010 0.000000 2.493390 1.277131 2.044768 3.575959 6.703264 0.250000
58 47.140697 23.559351 0.000000 2.854316 1.287565 2.073863 3.647258 6.870852 0.250000
59 47.264381 23.793440 0.000000 2.975485 1.308861 2.135887 3.810546 7.289848 0.250000
60 47.265347 23.716909 0.000000 2.880016 1.329264 2.207915 4.028599 7.922287 0.333333
61 46.972343 23.772663 0.000000 2.779701 1.328357 2.220323 4.097471 8.193343 0.250000
62 47.231823 23.556656 0.000000 2.716863 1.352606 2.294990 4.306099 8.768653 0.250001
63 47.197441 23.688456 0.000000 2.859370 1.341197 2.252951 4.165358 8.314721 0.333450
64 47.119522 23.819708 0.000000 2.887147 1.291905 2.106321 3.784493 7.359134 0.250000
65 47.270142 23.685993 0.000000 2.932167 1.297491 2.112245 3.779941 7.306240 0.333333
66 47.001461 23.718628 0.000000 3.086600 1.322869 2.218933 4.137354 8.423539 0.250000
67 47.123482 23.821508 0.000000 3.310987 1.300292 2.127532 3.824347 7.408909 0.333333
68 47.047779 23.679989 0.000000 3.578069 1.341199 2.274869 4.283121 8.780224 0.333333
69 47.133492 23.793903 0.000000 4.032348 1.306100 2.141210 3.857419 7.492804 0.200000
70 47.141685 23.810061 0.000000 4.150814 1.318531 2.178550 3.948783 7.698475 0.500000
71 47.182095 24.127832 0.000000 3.809523 1.331865 2.232957 4.136594 8.306993 0.250000
72 47.210629 24.204655 0.000000 3.894257 1.324927 2.195794 3.981586 7.739592 0.200000
73 47.315792 24.345533 0.000000 3.664252 1.271482 2.030549 3.550467 6.675556 0.250000
74 47.397507 24.356039 0.000000 3.938489 1.305507 2.127104 3.786737 7.224326 0.250000
75 47.287968 24.450636 0.000000 3.438846 1.277084 2.046978 3.582381 6.716271 0.250000
76 47.151119 24.751982 0.000000 3.300364 1.372579 2.347880 4.416190 8.946611 0.333333
77 47.170170 24.800463 0.000000 3.183146 1.321872 2.207122 4.074793 8.159184 0.337856
78 47.155270 24.990234 0.000000 2.899173 1.360886 2.332479 4.423564 9.087881 0.250131
79 47.048641 25.295116 0.000000 2.337134 1.372816 2.362870 4.482609 9.181422 0.254292
80 47.053375 25.687586 0.000000 2.410056 1.396158 2.444951 4.737060 9.935950 0.256627
82 47.420010 26.808411 0.000000 1.914192 1.333091 2.259383 4.276804 8.874853 0.355003
84 45.781460 26.969625 0.000000 1.771220 1.418372 2.525030 4.973803 10.590456 0.429858
86 44.456165 27.726889 0.000000 1.560772 1.294008 2.083095 3.658975 6.882351 0.250044
