%% Trajectory 7
%% frame x (pixel)     y (pixel)    z (pixel)      m0         m1           m2           m3           m4           s 
18 55.942379 35.540298 0.000000 2.093661 1.426428 2.544953 5.024849 10.739695 0.250387
20 55.791260 35.701485 0.000000 2.469375 1.447180 2.617456 5.258146 11.471314 0.250606
21 55.813347 35.553852 0.000000 2.682394 1.459800 2.642149 5.276643 11.372298 0.250000
22 55.671204 35.571598 0.000000 2.952016 1.422100 2.508456 4.871254 10.197876 0.250000
23 55.617092 35.566952 0.000000 2.909042 1.428111 2.532434 4.952547 10.461625 0.250234
24 55.634396 35.589054 0.000000 3.242765 1.423596 2.514344 4.891912 10.270598 0.250000
25 55.669430 35.566288 0.000000 2.914323 1.415130 2.487867 4.820779 10.085885 0.250233
26 55.678688 35.690811 0.000000 3.544961 1.415746 2.491295 4.830741 10.109255 0.307700
27 55.658504 35.517647 0.000000 3.607135 1.399479 2.443300 4.705782 9.796918 0.250001
28 55.732243 35.296299 0.000000 3.241587 1.392162 2.405365 4.558768 9.281741 0.250387
29 55.682541 35.502926 0.000000 3.540812 1.423616 2.529852 4.979105 10.626966 0.250000
30 55.637093 35.550446 0.000000 3.736234 1.407888 2.462329 4.739369 9.834460 0.333333
31 55.619759 35.566349 0.000000 3.914973 1.385843 2.389574 4.532279 9.267405 0.333333
32 55.691689 35.565594 0.000000 4.027170 1.377623 2.363732 4.463935 9.095854 0.333333
33 55.699936 35.585144 0.000000 3.887298 1.403499 2.451108 4.721943 9.832190 0.333333
34 55.616772 35.548473 0.000000 4.204222 1.358692 2.301216 4.282607 8.589417 0.333333
35 55.636585 35.432434 0.000000 3.948143 1.382829 2.368108 4.439969 8.929633 0.333333
36 55.601902 35.582272 0.000000 4.335098 1.362599 2.309095 4.289979 8.565372 0.333510
37 55.726940 35.524143 0.000000 4.534473 1.385626 2.385042 4.509188 9.175058 0.333333
38 55.572952 35.543285 0.000000 4.751001 1.352904 2.273657 4.183463 8.263312 0.333333
39 55.635014 35.438797 0.000000 4.822423 1.372469 2.338911 4.369020 8.767538 0.333333
40 55.476383 35.591236 0.000000 4.561459 1.404700 2.457429 4.744023 9.905364 0.333339
41 55.566715 35.568951 0.000000 4.610960 1.397394 2.432565 4.670945 9.696691 0.333335
42 55.599907 35.643265 0.000000 4.838232 1.400044 2.436848 4.669926 9.655883 0.333333
43 55.562820 35.587910 0.000000 4.716329 1.387233 2.398372 4.569571 9.404589 0.333333
44 55.600040 35.662388 0.000000 4.876038 1.378110 2.371293 4.499970 9.232789 0.333333
45 55.545391 35.659740 0.000000 5.113101 1.380992 2.376868 4.504274 9.213240 0.250000
46 55.512512 35.742802 0.000000 4.804881 1.415433 2.481638 4.785903 9.944674 0.250000
47 55.518372 35.673130 0.000000 5.463953 1.377436 2.354261 4.410986 8.877277 0.333333
48 55.472912 35.738018 0.000000 4.782870 1.397496 2.423286 4.623152 9.512397 0.333333
49 55.406780 35.766529 0.000000 4.909972 1.372376 2.341501 4.386449 8.843473 0.333333
50 55.454491 35.668072 0.000000 5.329716 1.381464 2.369976 4.464406 9.051291 0.333333
51 55.444626 35.694920 0.000000 5.201165 1.405151 2.452473 4.708659 9.742859 0.250000
52 55.480637 35.715252 0.000000 5.038180 1.390776 2.411268 4.607355 9.509283 0.333333
53 55.420158 35.628204 0.000000 5.354529 1.387696 2.404547 4.597220 9.507329 0.250000
54 55.691868 35.770107 0.000000 4.651512 1.416082 2.500693 4.880723 10.307808 0.333333
55 55.547108 35.883915 0.000000 4.735044 1.422673 2.534594 5.010163 10.754242 0.250000
56 55.570587 35.780045 0.000000 4.844351 1.405650 2.466777 4.786401 10.059082 0.333333
57 55.596699 35.797577 0.000000 4.621401 1.414556 2.504924 4.918769 10.485085 0.333333
58 55.547832 35.747253 0.000000 4.309492 1.423395 2.530909 4.987289 10.664811 0.250000
59 55.564072 35.717411 0.000000 4.511602 1.399234 2.454800 4.781230 10.130580 0.250000
60 55.500786 35.762810 0.000000 4.304628 1.401592 2.461654 4.796218 10.158786 0.250000
61 55.398846 35.797844 0.000000 4.515891 1.405205 2.489368 4.917670 10.607296 0.250000
62 55.449425 35.682713 0.000000 4.396131 1.420644 2.530791 5.010919 10.798018 0.250000
63 55.165863 35.656879 0.000000 4.436695 1.446983 2.624794 5.292623 11.595406 0.250000
64 54.928562 35.764103 0.000000 4.471904 1.474829 2.719675 5.566552 12.349132 0.250000
65 54.836376 35.850132 0.000000 3.855467 1.421244 2.549786 5.103204 11.139051 0.250000
66 54.780586 35.857029 0.000000 3.889657 1.420135 2.544595 5.088223 11.104068 0.250000
67 54.751602 36.422565 0.000000 3.864009 1.499743 2.803366 5.818563 13.093943 0.250000
68 54.631855 36.478043 0.000000 3.528397 1.430114 2.566696 5.124693 11.135529 0.250000
70 54.370892 35.869949 0.000000 2.585281 1.403960 2.505587 5.020606 11.046358 0.200000
71 54.225452 36.467182 0.000000 2.576198 1.422017 2.553923 5.120006 11.203954 0.166667
