%% Trajectory 16
%% frame x (pixel)     y (pixel)    z (pixel)      m0         m1           m2           m3           m4           s 
73 66.602455 43.632568 0.000000 2.154608 1.497235 2.793714 5.778070 12.928952 0.250000
74 66.815750 43.647861 0.000000 2.031389 1.412558 2.487160 4.823982 10.089542 0.250046
75 66.504356 43.287109 0.000000 2.044455 1.388249 2.423853 4.689038 9.847400 0.250913
76 66.531868 43.504387 0.000000 2.510931 1.337001 2.217471 4.018215 7.799877 0.454656
77 66.677338 43.465122 0.000000 2.681714 1.329089 2.196303 3.961678 7.644805 0.250005
78 66.516701 43.578377 0.000000 2.471298 1.361366 2.303273 4.274380 8.533502 0.257459
79 66.679672 43.640381 0.000000 2.720184 1.286028 2.075281 3.670933 6.991479 0.333333
80 66.574539 43.684715 0.000000 3.128758 1.360250 2.311620 4.328527 8.761292 0.250000
81 66.611038 43.446091 0.000000 3.144416 1.336859 2.233304 4.100098 8.117437 0.250000
82 66.508743 43.504601 0.000000 3.505347 1.299736 2.114391 3.763412 7.191736 0.250000
83 66.457779 43.356213 0.000000 3.681740 1.363271 2.303887 4.257102 8.430467 0.250000
84 66.613052 43.529488 0.000000 3.780264 1.318068 2.167689 3.889327 7.460984 0.250000
85 66.535370 43.467842 0.000000 4.055791 1.313058 2.157230 3.885795 7.532058 0.250000
86 66.457726 43.354145 0.000000 4.279848 1.339517 2.230250 4.055639 7.894259 0.333333
87 66.423477 43.537334 0.000000 4.105788 1.316144 2.160025 3.876020 7.458776 0.333333
88 66.380646 43.377407 0.000000 3.943829 1.316877 2.155974 3.847348 7.334303 0.333333
89 66.262466 43.411137 0.000000 4.077394 1.350112 2.274448 4.206637 8.377801 0.250099
90 66.252266 43.241257 0.000000 3.754540 1.337946 2.230485 4.062895 7.922154 0.333334
91 66.394119 43.306110 0.000000 4.225249 1.319944 2.167715 3.882622 7.433375 0.250000
92 66.359100 43.372616 0.000000 3.742129 1.327414 2.206791 4.026748 7.912544 0.382223
93 66.079773 43.524410 0.000000 3.585705 1.388958 2.408045 4.602754 9.500946 0.333333
94 66.468872 43.300110 0.000000 3.710742 1.336121 2.225917 4.062030 7.963120 0.250000
95 66.359909 43.236134 0.000000 3.878106 1.313459 2.147511 3.826289 7.280496 0.333333
96 66.380997 43.256584 0.000000 3.654068 1.314995 2.169380 3.928093 7.661431 0.250000
97 66.390701 43.316971 0.000000 4.082050 1.283542 2.062280 3.618165 6.800674 0.333333
98 66.408134 43.259193 0.000000 3.990110 1.325623 2.181153 3.908081 7.469915 0.250000
99 66.422821 43.321484 0.000000 3.994363 1.319113 2.163991 3.867022 7.375019 0.333333
100 66.435295 43.154987 0.000000 4.014520 1.295611 2.095520 3.697840 6.981784 0.333333
101 66.331436 43.166706 0.000000 4.394135 1.307754 2.141875 3.844418 7.417485 0.333333
102 66.359749 43.116840 0.000000 4.194217 1.320582 2.182950 3.957378 7.717304 0.250000
103 66.328407 43.159519 0.000000 4.012381 1.301047 2.117059 3.766113 7.183455 0.333333
104 66.222557 43.371918 0.000000 4.147335 1.351659 2.275811 4.198122 8.312082 0.333333
105 65.934029 43.175880 0.000000 3.857005 1.346223 2.278201 4.253038 8.584981 0.333333
106 65.644646 43.159359 0.000000 3.803020 1.352540 2.290178 4.274983 8.628210 0.333339
107 65.461189 43.098415 0.000000 4.028753 1.300849 2.118356 3.778911 7.247222 0.333334
108 65.382843 43.152634 0.000000 4.319186 1.316463 2.163561 3.887070 7.484361 0.333333
109 65.155632 43.085121 0.000000 4.322184 1.374957 2.357123 4.442121 9.012197 0.333333
110 65.135857 43.121952 0.000000 3.746463 1.373681 2.362463 4.487968 9.226297 0.333501
112 64.992531 44.010033 0.000000 3.437120 1.408419 2.492395 4.879902 10.337896 0.333334
113 65.230873 44.106445 0.000000 2.805715 1.332706 2.222164 4.071366 8.034066 0.250000
114 65.252075 44.064884 0.000000 2.619826 1.351905 2.299660 4.323668 8.809628 0.250302
115 64.996651 44.300522 0.000000 1.898006 1.405703 2.480994 4.846380 10.250410 0.250000
116 64.906006 44.381008 0.000000 1.808200 1.329162 2.243528 4.222339 8.700029 0.250000
