%% Trajectory 37
%% frame x (pixel)     y (pixel)    z (pixel)      m0         m1           m2           m3           m4           s 
178 29.161066 28.779016 0.000000 1.371503 1.432619 2.597744 5.266853 11.661749 0.197888
179 29.291498 28.305244 0.000000 1.151234 1.384513 2.431968 4.776294 10.260620 0.200331
181 28.864630 28.538872 0.000000 1.338757 1.399877 2.496160 4.948314 10.641860 0.159444
183 28.712160 28.830994 0.000000 1.298227 1.459093 2.652836 5.340954 11.633265 0.365108
184 28.616152 28.610201 0.000000 1.810216 1.424547 2.582753 5.231393 11.550097 0.200997
185 28.815594 28.679972 0.000000 1.822466 1.335585 2.263700 4.269108 8.785118 0.205267
187 28.627609 28.944576 0.000000 1.598350 1.422467 2.545356 5.072463 10.993521 0.200043
188 28.770712 28.857609 0.000000 1.960624 1.590160 3.169240 7.004121 16.667185 0.201223
189 28.849995 28.860153 0.000000 1.887891 1.507223 2.827076 5.876086 13.195223 0.200318
191 29.343649 29.529716 0.000000 2.426496 1.638592 3.319675 7.418066 17.776909 0.250000
192 29.283392 29.551268 0.000000 2.501039 1.585361 3.139800 6.900825 16.359926 0.250002
193 29.170624 29.498409 0.000000 2.551382 1.576771 3.081150 6.663344 15.520830 0.250000
195 29.122965 29.585636 0.000000 2.293839 1.545788 2.977416 6.361767 14.685159 0.215238
196 29.427149 29.454353 0.000000 2.179541 1.664997 3.407708 7.677541 18.511635 0.250000
197 29.186581 29.383694 0.000000 2.600041 1.536611 2.946111 6.277796 14.478374 0.250010
198 29.453199 29.508848 0.000000 2.668751 1.491941 2.803383 5.878030 13.394003 0.250000
199 29.215122 29.460850 0.000000 2.271534 1.561219 3.027849 6.497987 15.028616 0.250001
200 29.374052 29.568068 0.000000 3.007347 1.544286 2.961689 6.293732 14.440527 0.200002
201 29.396368 29.510744 0.000000 3.136518 1.523568 2.878546 6.017779 13.574965 0.250000
202 29.064690 28.924807 0.000000 2.747750 1.513311 2.891696 6.140042 14.088592 0.250002
203 29.406824 29.418079 0.000000 3.108504 1.530563 2.941405 6.290322 14.563087 0.250000
204 29.475620 29.467945 0.000000 3.541788 1.586801 3.087143 6.618930 15.251843 0.200000
205 29.624468 29.418392 0.000000 3.493626 1.490445 2.761933 5.662066 12.533792 0.200000
206 29.494415 29.662506 0.000000 3.589879 1.522194 2.859673 5.933833 13.272250 0.250000
207 29.432383 29.512861 0.000000 3.854836 1.473403 2.721355 5.595677 12.498934 0.250019
208 29.672216 29.875227 0.000000 3.786448 1.511096 2.844976 5.945480 13.446596 0.250000
209 29.604841 30.188755 0.000000 3.535693 1.422336 2.536679 5.023467 10.803653 0.250010
210 29.577301 30.678268 0.000000 3.323261 1.516238 2.841479 5.864399 13.018543 0.250000
212 29.352098 31.246536 0.000000 3.310465 1.550810 2.960330 6.220151 14.047343 0.250000
213 29.388218 31.243979 0.000000 2.633746 1.407879 2.468944 4.773129 9.958599 0.333333
215 29.172403 32.640862 0.000000 2.831270 1.567052 3.027094 6.466369 14.896795 0.250000
