%% Trajectory 9
%% frame x (pixel)     y (pixel)    z (pixel)      m0         m1           m2           m3           m4           s 
27 21.620289 51.182331 0.000000 2.027560 1.419074 2.531580 5.017293 10.801533 0.358757
28 21.992453 50.833054 0.000000 2.238699 1.392195 2.439732 4.741545 9.994898 0.200001
29 21.917358 51.059017 0.000000 2.483616 1.451226 2.621477 5.227756 11.249773 0.200000
30 21.616833 51.254234 0.000000 2.403970 1.321059 2.181364 3.957029 7.736220 0.260630
31 21.686495 50.956638 0.000000 1.946309 1.395679 2.454316 4.789749 10.152374 0.166672
32 21.707432 51.386627 0.000000 2.174248 1.360027 2.334999 4.440862 9.174293 0.204362
33 21.667938 51.230976 0.000000 2.655211 1.385810 2.386099 4.509720 9.159657 0.286080
34 21.776131 51.234180 0.000000 2.595788 1.415388 2.490913 4.826256 10.071010 0.250000
35 21.579012 51.242825 0.000000 2.520686 1.315559 2.159785 3.886471 7.521514 0.250012
36 21.474539 51.225906 0.000000 2.310330 1.339411 2.233768 4.082268 8.012884 0.200078
37 21.838060 51.308334 0.000000 2.532555 1.363384 2.325902 4.365684 8.828822 0.200000
38 21.882467 51.091553 0.000000 2.700732 1.386568 2.409505 4.625917 9.601761 0.333333
39 21.672937 51.287338 0.000000 2.509207 1.385437 2.387110 4.514194 9.170658 0.200024
40 21.652561 51.185665 0.000000 2.790852 1.352250 2.273631 4.192975 8.312459 0.250000
41 21.754532 51.132057 0.000000 2.827547 1.377447 2.367198 4.486760 9.188049 0.250000
42 21.661491 51.145134 0.000000 2.740090 1.390696 2.408430 4.590620 9.424449 0.200000
43 21.602852 51.204037 0.000000 2.389762 1.342061 2.245558 4.115364 8.093087 0.250000
44 21.780092 51.253960 0.000000 2.744594 1.371974 2.349237 4.429067 9.003322 0.333333
45 21.893288 51.162151 0.000000 2.571078 1.398107 2.442494 4.709516 9.808187 0.200000
46 22.121197 50.939095 0.000000 2.709126 1.406731 2.477935 4.832411 10.204318 0.333333
47 22.121019 50.920673 0.000000 2.521270 1.411059 2.489390 4.851508 10.214224 0.250000
48 22.256893 50.631306 0.000000 2.893883 1.330101 2.208594 4.023911 7.887416 0.250000
49 22.435053 50.623131 0.000000 2.842390 1.304641 2.145473 3.895364 7.673016 0.250081
50 22.495792 50.620274 0.000000 2.360545 1.325935 2.224673 4.139420 8.381977 0.219554
52 23.172068 50.201366 0.000000 2.613077 1.438752 2.584482 5.120377 10.939094 0.166667
53 23.353119 49.497551 0.000000 2.568594 1.446533 2.590578 5.105453 10.828288 0.200000
55 23.407604 49.636868 0.000000 2.035792 1.595787 3.101624 6.626183 15.188909 0.166667
56 23.274408 49.972878 0.000000 1.833780 1.467407 2.713926 5.597299 12.547283 0.185030
57 23.260664 49.801842 0.000000 0.974895 1.525565 2.931328 6.281846 14.605022 0.316085
58 23.518751 49.542393 0.000000 1.309487 1.413826 2.515652 4.989502 10.779550 0.202600
