%% Trajectory 11
%% frame x (pixel)     y (pixel)    z (pixel)      m0         m1           m2           m3           m4           s 
31 35.263123 23.512426 0.000000 1.530324 1.341364 2.269116 4.254848 8.676105 0.250565
32 35.314098 23.961369 0.000000 1.682894 1.312818 2.200079 4.115456 8.439803 0.250008
33 35.341656 23.628733 0.000000 2.017889 1.385773 2.409953 4.654164 9.783314 0.255718
34 35.432896 23.647499 0.000000 2.225166 1.365823 2.326826 4.369669 8.874883 0.250000
35 35.303520 23.737980 0.000000 2.407035 1.360229 2.320850 4.377281 8.951398 0.250000
36 35.666634 23.812649 0.000000 2.477401 1.365059 2.346105 4.462536 9.204284 0.250001
37 35.680981 23.824316 0.000000 3.180546 1.369207 2.360662 4.509457 9.352406 0.341737
38 35.694214 23.923843 0.000000 3.404782 1.367242 2.357888 4.527157 9.484224 0.251611
39 35.849293 24.121811 0.000000 4.013281 1.433436 2.567707 5.090326 10.924373 0.333333
40 35.722324 24.011089 0.000000 3.699080 1.412203 2.503254 4.928948 10.551296 0.499210
41 35.693222 24.079399 0.000000 3.778182 1.424349 2.555594 5.102857 11.089501 0.339929
42 35.891582 23.993670 0.000000 4.250498 1.407169 2.499930 4.955050 10.714154 0.375613
43 35.929317 23.874935 0.000000 3.771335 1.403457 2.480752 4.870998 10.391521 0.333338
44 35.804146 23.831425 0.000000 4.231541 1.333117 2.248275 4.206638 8.565417 0.333383
45 35.662235 23.691324 0.000000 4.175784 1.315446 2.173648 3.956149 7.789465 0.250016
46 35.774467 23.677029 0.000000 3.588279 1.261703 1.997425 3.460615 6.448132 0.653194
47 35.645817 23.795393 0.000000 4.502523 1.316598 2.193018 4.045962 8.120956 0.333414
48 35.682365 23.678461 0.000000 4.262341 1.290298 2.096077 3.741517 7.209117 0.333334
49 35.688435 23.759407 0.000000 4.759069 1.297205 2.118573 3.810236 7.413569 0.333792
50 35.740467 23.786173 0.000000 4.112881 1.287473 2.089640 3.735935 7.228406 0.333333
51 35.673428 23.835993 0.000000 4.653914 1.292737 2.096989 3.733921 7.165617 0.250044
52 35.724018 23.727930 0.000000 4.206057 1.290814 2.091658 3.719480 7.129631 0.250141
53 35.682125 23.870743 0.000000 4.729284 1.346590 2.286633 4.306828 8.826007 0.250000
54 35.584274 23.868925 0.000000 4.897481 1.337075 2.257238 4.227806 8.624245 0.166667
55 35.645023 23.703865 0.000000 4.701188 1.277622 2.047484 3.592673 6.779068 0.200000
56 35.693718 23.813416 0.000000 4.673187 1.276867 2.059211 3.662695 7.068810 0.200000
57 35.620178 23.901970 0.000000 4.955878 1.334638 2.250264 4.204063 8.536858 0.250000
58 35.698296 23.893404 0.000000 4.663025 1.315968 2.183701 4.001834 7.950360 0.250000
59 35.747887 23.918751 0.000000 4.728544 1.318082 2.192699 4.035844 8.066590 0.250000
60 35.750244 23.789488 0.000000 5.033207 1.309612 2.158291 3.918233 7.690566 0.333333
61 35.693966 23.796511 0.000000 4.846111 1.287049 2.084793 3.713774 7.148976 0.250000
62 35.769920 23.963364 0.000000 5.323352 1.352047 2.298840 4.323516 8.815561 0.250000
63 35.991692 23.903503 0.000000 4.969362 1.381113 2.396532 4.598666 9.548986 0.333333
64 36.023529 24.166698 0.000000 5.037938 1.408629 2.483701 4.842624 10.217016 0.333333
65 36.197250 24.478878 0.000000 4.979975 1.366321 2.326461 4.355691 8.789092 0.250000
66 36.325924 24.640530 0.000000 4.946939 1.322343 2.188564 3.974774 7.773475 0.333333
67 36.159573 24.725544 0.000000 4.935611 1.345394 2.274559 4.236064 8.523000 0.333334
68 36.181290 24.829140 0.000000 4.335977 1.352757 2.284693 4.232872 8.432278 0.380708
69 36.241753 24.991299 0.000000 4.685716 1.382400 2.389067 4.553455 9.372962 0.333333
70 36.218819 25.044775 0.000000 5.193680 1.354796 2.309023 4.363007 8.964061 0.333333
71 36.058281 25.292490 0.000000 4.749346 1.370836 2.345217 4.410490 8.929489 0.333579
72 36.117966 25.586807 0.000000 4.195262 1.323154 2.191692 3.980754 7.773150 0.531143
73 35.740841 25.785923 0.000000 4.048763 1.385847 2.407998 4.630736 9.655063 0.580858
74 35.519787 25.962404 0.000000 3.345424 1.396617 2.467663 4.867731 10.489010 0.333333
75 35.777443 26.133718 0.000000 3.415024 1.437183 2.573548 5.099355 10.940080 0.333333
77 36.905556 25.606035 0.000000 2.437124 1.431298 2.563348 5.076955 10.871790 0.333333
78 36.752640 25.437513 0.000000 1.933949 1.368983 2.344814 4.429178 9.041975 0.333333
79 36.384388 25.289383 0.000000 1.369530 1.454402 2.640112 5.304557 11.534897 0.333333
