%% Trajectory 18
%% frame x (pixel)     y (pixel)    z (pixel)      m0         m1           m2           m3           m4           s 
90 38.956619 60.274952 0.000000 1.317775 1.336914 2.255788 4.219440 8.590357 0.230407
92 38.809826 60.369762 0.000000 1.599088 1.329894 2.202201 3.989515 7.753022 0.437650
93 38.898525 60.212181 0.000000 1.367836 1.370594 2.347282 4.437599 9.071925 0.250431
94 38.917313 60.522045 0.000000 1.223217 1.299545 2.106862 3.728932 7.063566 0.166668
95 39.190826 60.248333 0.000000 1.338797 1.372701 2.340695 4.380681 8.814933 0.265783
96 39.126919 60.275486 0.000000 1.486073 1.346765 2.258357 4.159483 8.256809 0.200477
97 38.935310 60.217258 0.000000 1.522239 1.378245 2.386125 4.588585 9.603783 0.253665
98 38.919914 60.185585 0.000000 1.847786 1.339380 2.249400 4.152442 8.255178 0.388961
99 38.980137 60.227627 0.000000 1.931432 1.373529 2.365580 4.495989 9.234807 0.259377
100 39.116879 60.175320 0.000000 2.209716 1.351794 2.281213 4.222220 8.396624 0.200009
101 38.878265 60.208500 0.000000 1.812298 1.362540 2.330004 4.405350 9.028506 0.269826
102 39.000492 59.920189 0.000000 1.841221 1.399227 2.466827 4.811497 10.153096 0.206584
103 38.911472 60.135067 0.000000 1.827389 1.385242 2.403813 4.602881 9.521878 0.234796
104 38.990299 60.087864 0.000000 1.917164 1.393198 2.449493 4.801208 10.260994 0.178802
105 38.819401 60.266182 0.000000 1.916089 1.334181 2.239984 4.165699 8.419537 0.211417
106 38.819569 60.069603 0.000000 2.012083 1.408025 2.487198 4.867010 10.318666 0.166676
107 38.810589 60.212166 0.000000 2.123031 1.316460 2.187002 4.017764 8.012616 0.200002
108 38.701199 60.120865 0.000000 1.762015 1.320609 2.217871 4.141280 8.438478 0.442445
109 38.639771 60.233772 0.000000 2.009111 1.304662 2.144023 3.896805 7.696630 0.372441
110 38.635632 60.030548 0.000000 1.902740 1.348143 2.281969 4.267921 8.642070 0.464404
111 38.546799 60.275665 0.000000 1.829383 1.338043 2.240316 4.117679 8.142094 0.303423
112 38.635365 60.112965 0.000000 1.918324 1.303764 2.125977 3.798451 7.296339 0.200883
113 38.601715 59.998619 0.000000 1.938562 1.323921 2.205549 4.038851 7.971016 0.205102
114 38.812431 60.118595 0.000000 1.816595 1.375994 2.371083 4.506173 9.251679 0.330550
115 39.036953 59.858158 0.000000 1.792561 1.312537 2.183311 4.017958 8.027827 0.203286
116 38.943470 59.717976 0.000000 1.914826 1.316417 2.200378 4.084556 8.268830 0.166673
117 38.912537 59.628326 0.000000 1.833054 1.383353 2.401041 4.608282 9.583701 0.258908
118 38.664528 59.346413 0.000000 1.746796 1.440940 2.622177 5.330180 11.820970 0.222873
119 38.878498 59.193596 0.000000 1.646053 1.455514 2.671804 5.470207 12.185964 0.174094
120 38.800652 59.276897 0.000000 1.241262 1.366110 2.393283 4.710333 10.186413 0.260255
122 38.337360 58.597115 0.000000 1.331242 1.428071 2.594236 5.279729 11.752799 0.205462
