%% Trajectory 13
%% frame x (pixel)     y (pixel)    z (pixel)      m0         m1           m2           m3           m4           s 
42 27.089586 49.981216 0.000000 1.639660 1.494465 2.783333 5.736981 12.774624 0.166697
43 27.433289 49.838428 0.000000 1.912537 1.478311 2.709506 5.483481 11.982988 0.212830
44 27.384939 49.723804 0.000000 2.067821 1.495147 2.783401 5.744608 12.834009 0.272880
45 27.087076 49.669170 0.000000 2.427050 1.449684 2.621866 5.237501 11.298423 0.200023
46 27.222300 50.052471 0.000000 2.262863 1.471776 2.702862 5.489974 12.043099 0.166667
47 27.126902 49.910675 0.000000 2.521141 1.450478 2.624633 5.259217 11.408898 0.250245
48 27.178095 49.894161 0.000000 3.244675 1.461173 2.662966 5.375963 11.751229 0.333982
49 27.179081 49.843056 0.000000 3.578213 1.488013 2.751822 5.637046 12.495413 0.250001
50 27.119429 49.857170 0.000000 3.330304 1.457843 2.662059 5.394631 11.855356 0.250000
51 27.325129 49.881130 0.000000 3.376914 1.444534 2.605244 5.210252 11.302143 0.250045
52 27.191465 49.869141 0.000000 3.596796 1.476957 2.711421 5.508872 12.106280 0.250000
53 27.270218 50.032616 0.000000 3.783791 1.462004 2.661885 5.351810 11.608436 0.250000
54 27.207197 50.059696 0.000000 3.603892 1.453647 2.631781 5.262074 11.353839 0.333333
55 27.066988 49.872524 0.000000 3.398852 1.430065 2.558815 5.067682 10.863835 0.250000
56 27.234058 49.891281 0.000000 3.511753 1.405424 2.469062 4.798935 10.106730 0.333333
57 27.149977 50.124660 0.000000 3.746114 1.435167 2.566325 5.068036 10.812299 0.333333
58 27.194914 50.147251 0.000000 3.459610 1.463996 2.662203 5.350437 11.618035 0.333333
59 27.161833 49.966145 0.000000 3.403725 1.446061 2.608587 5.217336 11.313493 0.333333
60 27.219200 50.213985 0.000000 3.706980 1.398987 2.440588 4.689607 9.718483 0.333333
61 27.163130 50.112865 0.000000 3.788636 1.441336 2.579430 5.091908 10.846575 0.333333
62 27.161060 49.920052 0.000000 3.290987 1.450412 2.619410 5.236834 11.333793 0.333333
63 26.982897 49.979042 0.000000 3.924581 1.455990 2.649429 5.346926 11.689857 0.333333
64 27.186472 49.923889 0.000000 4.028443 1.457700 2.640944 5.285422 11.427572 0.333333
65 27.251493 50.138233 0.000000 4.183142 1.429644 2.534767 4.948765 10.412472 0.333333
66 27.270006 50.278538 0.000000 4.209314 1.399577 2.441658 4.694256 9.739992 0.333333
67 27.198299 50.160339 0.000000 4.139209 1.441472 2.574393 5.051473 10.650935 0.250000
68 27.308355 50.221657 0.000000 4.327708 1.427928 2.528085 4.923470 10.322759 0.200000
69 27.490366 50.259144 0.000000 4.745741 1.396205 2.415861 4.583561 9.338389 0.250006
70 27.443323 50.281731 0.000000 4.668165 1.386554 2.381146 4.476674 9.024327 0.250000
71 27.430716 50.294212 0.000000 5.604500 1.392536 2.398691 4.524500 9.153822 0.290906
72 27.398298 50.238506 0.000000 5.532907 1.391588 2.398674 4.531373 9.188071 0.207442
73 27.494497 50.352570 0.000000 5.743450 1.369156 2.320981 4.296581 8.508747 0.219517
74 27.459873 50.309361 0.000000 6.147383 1.391993 2.398623 4.523369 9.141906 0.200000
75 27.462578 50.349228 0.000000 5.828020 1.357075 2.282323 4.193785 8.249853 0.200014
76 27.484806 50.367561 0.000000 5.930033 1.374894 2.332372 4.311767 8.504837 0.267584
77 27.469885 50.374302 0.000000 5.748680 1.378456 2.347410 4.363126 8.668472 0.296384
78 27.459337 50.413319 0.000000 5.919163 1.371805 2.328841 4.318225 8.566999 0.200000
79 27.543081 50.398479 0.000000 6.212275 1.347378 2.247568 4.085351 7.926384 0.250000
80 27.611448 50.474838 0.000000 5.877921 1.355592 2.274758 4.159982 8.119803 0.200000
81 27.573513 50.452164 0.000000 5.901145 1.370343 2.324252 4.303745 8.522930 0.200000
82 27.526716 50.381653 0.000000 6.626872 1.376862 2.351014 4.395412 8.815618 0.166667
83 27.506145 50.433102 0.000000 7.278259 1.360218 2.286721 4.186087 8.170121 0.166667
84 27.509640 50.479759 0.000000 7.288334 1.358458 2.286951 4.206057 8.281004 0.166667
85 27.586493 50.375294 0.000000 7.217829 1.368530 2.319024 4.291101 8.493393 0.166667
86 27.570202 50.441978 0.000000 7.264901 1.386165 2.371983 4.430787 8.848507 0.200000
87 27.620110 50.438866 0.000000 7.284232 1.366004 2.310784 4.268300 8.435248 0.200000
88 27.618809 50.447121 0.000000 7.907921 1.359626 2.288464 4.207876 8.284148 0.166667
89 27.557123 50.411156 0.000000 8.202917 1.363973 2.308201 4.271006 8.465960 0.166667
90 27.543545 50.480278 0.000000 8.305175 1.360512 2.289191 4.199809 8.230472 0.166667
91 27.617222 50.441502 0.000000 7.976475 1.373157 2.329833 4.312545 8.530994 0.166667
92 27.634033 50.503113 0.000000 8.003983 1.340001 2.227841 4.039540 7.827178 0.200000
93 27.653858 50.481659 0.000000 7.549397 1.342531 2.242267 4.094460 8.012532 0.200000
94 27.601614 50.480999 0.000000 7.637408 1.358881 2.296585 4.252544 8.458405 0.200000
95 27.641840 50.482491 0.000000 7.796913 1.362143 2.300748 4.249370 8.410243 0.200000
96 27.581268 50.412403 0.000000 8.307421 1.386403 2.379789 4.473853 9.028265 0.200000
97 27.558941 50.413639 0.000000 8.302597 1.375500 2.348185 4.393857 8.834126 0.200000
98 27.560795 50.472118 0.000000 8.325715 1.350098 2.259604 4.124520 8.044400 0.166667
99 27.591486 50.463993 0.000000 7.885759 1.375352 2.347115 4.390878 8.827983 0.200000
100 27.615627 50.488403 0.000000 8.245951 1.374036 2.337537 4.349447 8.674869 0.200000
101 27.630951 50.421841 0.000000 7.814678 1.363238 2.308716 4.282955 8.532948 0.166667
102 27.663219 50.357483 0.000000 7.599315 1.377808 2.358753 4.431591 8.958049 0.166667
103 27.698784 50.393459 0.000000 7.291090 1.390214 2.399968 4.552135 9.297532 0.200000
104 27.637859 50.370792 0.000000 7.481047 1.374410 2.352760 4.427303 8.979902 0.166667
105 27.714832 50.382069 0.000000 7.393429 1.406778 2.464651 4.764232 9.956178 0.200000
106 27.788752 50.410610 0.000000 7.560634 1.408064 2.464334 4.749837 9.876688 0.250000
107 27.891113 50.338940 0.000000 6.649110 1.441914 2.592346 5.157043 11.104766 0.250000
108 27.916769 50.361916 0.000000 6.924320 1.431901 2.559900 5.062961 10.837562 0.250000
109 27.969830 50.307152 0.000000 7.138588 1.452352 2.629785 5.266877 11.407758 0.250000
110 27.967478 50.304066 0.000000 6.377034 1.473293 2.704043 5.493329 12.070836 0.250000
111 27.921127 50.365974 0.000000 6.436354 1.463982 2.670598 5.395467 11.802822 0.250000
112 27.999388 50.435745 0.000000 5.501971 1.415032 2.498356 4.863068 10.206926 0.250000
114 28.162323 50.100910 0.000000 6.369786 1.425487 2.528413 4.944942 10.436689 0.250000
115 28.258263 50.293251 0.000000 5.681026 1.364118 2.310633 4.285003 8.526033 0.200000
116 28.208279 50.302315 0.000000 5.386935 1.375121 2.346301 4.388929 8.821068 0.200000
117 28.306129 50.235394 0.000000 5.276574 1.365601 2.314167 4.289503 8.520689 0.200000
118 28.328579 49.981922 0.000000 4.761687 1.414562 2.492373 4.840982 10.145172 0.200000
119 28.252874 49.936855 0.000000 4.585837 1.402449 2.458874 4.763136 9.978307 0.200000
120 28.286287 49.887321 0.000000 4.867514 1.382037 2.386182 4.541296 9.330609 0.250000
121 28.251284 49.707943 0.000000 4.952323 1.381780 2.373442 4.471042 9.046969 0.333333
122 28.269224 49.656601 0.000000 4.482053 1.398828 2.425035 4.608866 9.402328 0.250000
123 28.242386 49.661640 0.000000 4.556564 1.360087 2.308163 4.298743 8.611217 0.333333
124 28.427650 49.228355 0.000000 3.970851 1.394650 2.422906 4.631797 9.546662 0.336666
125 28.687614 48.882561 0.000000 3.529899 1.444903 2.611504 5.235863 11.385982 0.333333
126 28.561844 49.235157 0.000000 2.999802 1.448110 2.609397 5.192046 11.160617 0.250000
127 28.640879 48.896263 0.000000 2.597429 1.454899 2.650896 5.366041 11.792961 0.333333
128 28.750326 48.346310 0.000000 2.543373 1.351437 2.295088 4.303331 8.740191 0.200000
130 30.356981 48.854656 0.000000 1.648044 1.439452 2.612087 5.266223 11.518459 0.385418
