%% Trajectory 35
%% frame x (pixel)     y (pixel)    z (pixel)      m0         m1           m2           m3           m4           s 
126 14.558666 35.045715 0.000000 1.341610 1.398946 2.464363 4.816422 10.211875 0.307969
129 14.590014 34.565754 0.000000 1.419340 1.236632 1.928795 3.291091 6.042227 0.244460
130 14.521283 34.818924 0.000000 1.368916 1.329675 2.241095 4.178747 8.451725 0.200016
131 14.444450 34.620541 0.000000 1.171203 1.298356 2.147001 3.959048 8.010268 0.206994
132 14.463213 35.281590 0.000000 1.290787 1.335631 2.225056 4.068192 8.003239 0.200049
133 14.676446 35.330486 0.000000 1.327268 1.380389 2.377198 4.521777 9.319988 0.207824
134 14.657096 34.970119 0.000000 1.638015 1.297192 2.119919 3.816818 7.436309 0.204440
135 14.549007 34.768784 0.000000 1.699684 1.333511 2.232843 4.114830 8.186363 0.259789
136 14.667811 34.831707 0.000000 1.800484 1.348332 2.289734 4.307275 8.806510 0.204446
137 14.885193 34.820194 0.000000 1.991514 1.430550 2.541138 4.958371 10.397559 0.200001
138 14.758262 34.742676 0.000000 1.799650 1.441203 2.595740 5.177608 11.182730 0.167071
139 14.961330 34.791710 0.000000 1.520948 1.378937 2.394924 4.616854 9.682425 0.167635
140 15.035892 34.516113 0.000000 1.866709 1.448451 2.610900 5.201478 11.199064 0.166771
141 15.097013 34.687588 0.000000 1.964995 1.350877 2.295215 4.299506 8.697321 0.202306
142 15.377254 34.752007 0.000000 1.648797 1.337647 2.247282 4.163723 8.342812 0.351003
144 16.217617 34.720284 0.000000 1.653563 1.466713 2.731713 5.685466 12.866635 0.221625
145 16.268520 34.595856 0.000000 1.775583 1.464093 2.665339 5.364510 11.671897 0.223642
146 16.642344 34.518028 0.000000 1.732380 1.379962 2.370759 4.482979 9.143178 0.378319
148 17.223904 34.579353 0.000000 2.342816 1.397452 2.451977 4.773026 10.098100 0.250080
149 16.945377 34.675358 0.000000 1.540630 1.409026 2.491567 4.905847 10.527438 0.287557
