%% Trajectory 32
%% frame x (pixel)     y (pixel)    z (pixel)      m0         m1           m2           m3           m4           s 
160 33.264580 21.481098 0.000000 1.743110 1.342182 2.243462 4.107781 8.076594 0.213309
162 33.726322 21.695677 0.000000 2.033119 1.334914 2.255162 4.225292 8.611202 0.250066
163 33.784000 21.467127 0.000000 2.321897 1.383811 2.409739 4.657026 9.787041 0.333738
164 33.776085 21.884518 0.000000 2.277784 1.342108 2.280453 4.303079 8.845239 0.333338
165 33.772961 21.729797 0.000000 2.246905 1.311403 2.162802 3.930760 7.725307 0.564015
166 34.007874 21.589287 0.000000 2.402097 1.419522 2.512319 4.915678 10.405740 0.250054
167 33.846207 21.661341 0.000000 3.204262 1.389012 2.424292 4.686497 9.823945 0.250000
168 33.896751 21.590427 0.000000 2.972703 1.381098 2.377580 4.502149 9.188108 0.250050
169 34.027519 21.685127 0.000000 3.312232 1.377078 2.373554 4.510413 9.255035 0.250005
170 33.911915 21.597055 0.000000 3.102448 1.365578 2.341035 4.435441 9.102829 0.311274
171 33.883114 21.719551 0.000000 2.665174 1.376197 2.373929 4.528796 9.363881 0.251339
172 33.723804 21.765005 0.000000 3.217660 1.336107 2.249109 4.180761 8.418855 0.250419
173 33.827927 21.653200 0.000000 3.335575 1.331577 2.226412 4.094229 8.118104 0.363287
174 33.682644 21.839434 0.000000 3.627649 1.370631 2.355108 4.477420 9.236854 0.250144
175 33.847561 21.723104 0.000000 3.371022 1.372031 2.367573 4.524610 9.384830 0.201250
176 33.795082 21.742596 0.000000 3.829074 1.353850 2.299246 4.314229 8.772380 0.301174
177 33.897690 21.823675 0.000000 3.664654 1.408334 2.479554 4.830785 10.193625 0.201393
178 33.836212 22.041073 0.000000 3.875929 1.406392 2.494908 4.917864 10.535812 0.202266
179 33.604198 21.759979 0.000000 3.426071 1.399905 2.450941 4.748598 9.970975 0.200011
180 33.923088 22.147169 0.000000 3.494278 1.419793 2.518229 4.943819 10.516071 0.200212
181 34.023869 22.426075 0.000000 3.377248 1.415755 2.512500 4.938149 10.513040 0.200000
182 33.940475 22.298229 0.000000 3.514155 1.409785 2.473595 4.780138 9.960489 0.200205
183 33.975887 22.378832 0.000000 3.177960 1.346242 2.278167 4.254436 8.601654 0.200040
184 34.054970 22.638016 0.000000 3.381703 1.340227 2.249030 4.144401 8.218376 0.215551
185 33.959782 22.867477 0.000000 3.487903 1.372809 2.360142 4.470348 9.139055 0.210718
186 33.968235 23.162457 0.000000 3.865123 1.410471 2.498512 4.902529 10.421576 0.250000
187 33.732716 23.308516 0.000000 3.440412 1.282844 2.061302 3.615160 6.789453 0.166667
189 33.341087 23.701485 0.000000 3.316422 1.328796 2.215980 4.074997 8.114842 0.200467
191 33.280392 23.538813 0.000000 3.013524 1.329879 2.214383 4.059562 8.045424 0.250452
192 33.321091 23.456127 0.000000 2.578839 1.263563 2.010829 3.496369 6.520224 0.250000
