%% Trajectory 19
%% frame x (pixel)     y (pixel)    z (pixel)      m0         m1           m2           m3           m4           s 
99 49.432262 64.351738 0.000000 2.597646 1.369850 2.356646 4.496301 9.332230 0.200088
100 49.465221 64.295670 0.000000 2.309000 1.337590 2.246272 4.164384 8.368227 0.250000
101 49.449383 64.322708 0.000000 2.144721 1.366794 2.345624 4.463724 9.234963 0.250000
102 49.602573 64.198242 0.000000 2.450727 1.329622 2.208762 4.019719 7.855004 0.252312
103 49.599716 64.395470 0.000000 2.598097 1.289598 2.090053 3.722021 7.157465 0.250004
104 49.552776 63.937599 0.000000 2.541016 1.365537 2.362206 4.559472 9.623533 0.250130
105 49.687622 64.256676 0.000000 2.759826 1.372899 2.364829 4.507183 9.317366 0.250580
106 49.656845 64.276955 0.000000 2.940435 1.359471 2.316317 4.357481 8.879209 0.252662
107 49.537361 64.024483 0.000000 2.821342 1.358196 2.348813 4.541907 9.622963 0.431544
108 49.620411 64.050163 0.000000 3.035373 1.349498 2.290385 4.297543 8.745242 0.253044
109 49.564796 64.297935 0.000000 3.095289 1.347844 2.267403 4.189556 8.339382 0.250004
110 49.424023 64.187233 0.000000 3.032906 1.347728 2.277619 4.247479 8.573953 0.250005
111 49.514164 64.176285 0.000000 2.751117 1.370726 2.362777 4.512804 9.362716 0.250001
112 49.563969 64.236221 0.000000 3.398579 1.408275 2.478655 4.826233 10.178625 0.333397
113 49.574875 64.207626 0.000000 3.103281 1.338762 2.230313 4.066734 7.956379 0.333333
114 49.671432 64.223946 0.000000 3.211156 1.346734 2.272081 4.228665 8.519667 0.434330
115 49.524410 64.249588 0.000000 3.407863 1.373037 2.343086 4.386187 8.826883 0.250148
116 49.595909 64.268127 0.000000 3.785798 1.361881 2.311983 4.312613 8.666511 0.333333
117 49.572906 64.291969 0.000000 3.297674 1.331411 2.211638 4.026527 7.880686 0.334546
118 49.551960 64.294884 0.000000 3.218959 1.338927 2.241959 4.137187 8.259775 0.335312
119 49.523285 64.194481 0.000000 3.237031 1.342193 2.251763 4.155798 8.279796 0.333333
120 49.281986 64.194763 0.000000 3.057314 1.369307 2.360125 4.504650 9.324231 0.566122
121 49.595329 64.255516 0.000000 2.753672 1.334743 2.246353 4.189832 8.503597 0.333333
122 49.459469 64.235535 0.000000 2.497874 1.279603 2.072368 3.714051 7.250837 0.333333
123 49.502186 64.090233 0.000000 3.173972 1.352747 2.300327 4.336092 8.893889 0.376434
124 49.421707 64.332985 0.000000 2.372387 1.353724 2.314152 4.400910 9.136105 0.333333
125 49.270008 64.349648 0.000000 2.268988 1.381828 2.388849 4.556474 9.395413 0.333333
126 49.479153 64.424942 0.000000 2.457009 1.336206 2.228405 4.072887 7.998495 0.333333
127 49.323250 64.430130 0.000000 2.492635 1.376292 2.366632 4.483567 9.172560 0.250000
128 49.470848 64.019173 0.000000 2.532882 1.370629 2.369121 4.551884 9.527865 0.250000
129 49.361893 63.848820 0.000000 2.030379 1.423424 2.529212 4.975310 10.606427 0.333333
130 49.423889 64.105721 0.000000 2.268357 1.341675 2.271142 4.265896 8.727468 0.250000
131 49.345818 63.937618 0.000000 2.088247 1.388940 2.418827 4.669515 9.794363 0.250000
132 49.250038 63.926197 0.000000 1.864020 1.358852 2.328947 4.447359 9.283972 0.250005
133 49.157330 63.516724 0.000000 1.937999 1.359872 2.305503 4.303388 8.672039 0.250000
134 49.063644 63.873131 0.000000 1.881382 1.445049 2.610554 5.220981 11.301898 0.200000
135 49.042156 63.629131 0.000000 1.951690 1.377058 2.384567 4.573323 9.516840 0.201106
136 48.809246 63.578796 0.000000 2.071383 1.416275 2.511296 4.927897 10.473707 0.200000
137 49.117725 63.341057 0.000000 1.965003 1.373680 2.358377 4.465604 9.138679 0.200040
138 48.979820 62.751869 0.000000 1.962200 1.373181 2.367367 4.514445 9.324801 0.202563
139 48.465408 62.728252 0.000000 1.865463 1.360805 2.314686 4.340962 8.803491 0.355337
141 48.226292 62.998108 0.000000 1.756388 1.361352 2.317394 4.346725 8.801394 0.333333
142 48.578041 63.047634 0.000000 1.208998 1.359887 2.328477 4.403795 9.012616 0.250000
143 48.770905 62.945580 0.000000 1.435452 1.358295 2.342536 4.506970 9.484353 0.250000
144 48.452209 63.529350 0.000000 1.205070 1.328999 2.196949 3.983057 7.773535 0.250000
145 47.659561 63.613987 0.000000 1.101820 1.270911 2.032124 3.572067 6.787559 0.200000
