%% Trajectory 33
%% frame x (pixel)     y (pixel)    z (pixel)      m0         m1           m2           m3           m4           s 
173 39.174984 51.642803 0.000000 0.895231 1.444307 2.625405 5.290968 11.551023 0.430208
176 39.909851 51.711800 0.000000 0.652855 1.303322 2.176522 4.049773 8.232732 0.299869
178 39.376095 51.251667 0.000000 1.296529 1.397118 2.444857 4.733784 9.933290 0.318614
179 39.535686 50.993465 0.000000 0.997210 1.374552 2.430448 4.862021 10.748359 0.174721
182 39.231133 51.613621 0.000000 1.125059 1.383040 2.416187 4.671958 9.782227 0.252095
183 39.677799 51.039410 0.000000 1.243767 1.408976 2.491015 4.884048 10.396890 0.166713
185 39.493416 51.631706 0.000000 1.283359 1.375139 2.355719 4.434509 8.980378 0.250000
186 39.618568 51.690437 0.000000 1.529080 1.321425 2.169457 3.903808 7.553187 0.250000
187 39.535316 51.665874 0.000000 1.452073 1.287401 2.080400 3.688461 7.046179 0.464592
188 39.716110 52.226677 0.000000 1.089058 1.332125 2.247897 4.213458 8.613310 0.467908
190 39.420063 51.399220 0.000000 1.392144 1.322267 2.179914 3.946965 7.705702 0.296289
191 39.359554 51.066219 0.000000 2.028605 1.373733 2.379052 4.572312 9.556122 0.250042
192 39.770882 51.428699 0.000000 1.819464 1.335942 2.238276 4.126456 8.209371 0.278755
193 39.600307 51.485031 0.000000 1.830804 1.395324 2.432225 4.672502 9.693341 0.434817
194 39.608192 51.474953 0.000000 2.422299 1.373456 2.347313 4.419117 8.986750 0.250159
195 39.753883 51.002987 0.000000 2.268137 1.348788 2.318980 4.473121 9.486406 0.263689
196 39.800228 51.353436 0.000000 2.260526 1.308416 2.146605 3.864388 7.492903 0.429792
197 39.871338 51.339035 0.000000 2.582282 1.328160 2.218705 4.088006 8.144474 0.250000
198 39.623928 51.132812 0.000000 3.412052 1.356292 2.314245 4.366736 8.935262 0.250000
199 39.700722 51.439915 0.000000 2.931295 1.323371 2.200017 4.031209 7.993445 0.167134
200 39.824821 51.431026 0.000000 3.499386 1.379226 2.391594 4.596739 9.596821 0.200000
201 39.898365 51.467339 0.000000 3.246112 1.348173 2.273237 4.219789 8.458551 0.326269
202 39.980572 51.392460 0.000000 3.903164 1.363718 2.324949 4.367080 8.855895 0.200000
203 39.870174 51.419128 0.000000 4.096666 1.416035 2.516382 4.958555 10.598527 0.200000
204 39.998421 51.386734 0.000000 3.837613 1.389255 2.416292 4.631079 9.575024 0.200000
205 39.797146 51.411324 0.000000 3.557896 1.294300 2.093908 3.696564 6.982765 0.200000
206 39.866955 51.471798 0.000000 4.228632 1.376687 2.378142 4.542721 9.401024 0.200000
207 40.112595 51.321362 0.000000 4.127431 1.342343 2.253996 4.164465 8.302309 0.200000
208 39.988632 51.541012 0.000000 3.988544 1.363423 2.335634 4.417370 9.039547 0.200000
209 39.974815 51.276569 0.000000 3.854113 1.368336 2.357193 4.485075 9.231308 0.200401
210 40.095268 51.317398 0.000000 4.468379 1.339864 2.240178 4.113667 8.136312 0.250000
211 39.993992 51.361111 0.000000 4.518206 1.335420 2.231378 4.092104 8.072667 0.250000
212 39.980030 51.422760 0.000000 4.548587 1.372301 2.359559 4.473306 9.159648 0.250000
213 39.928455 51.373516 0.000000 5.282908 1.391299 2.421528 4.657953 9.699234 0.250000
214 39.753635 51.281727 0.000000 5.167809 1.339755 2.236813 4.089744 8.028388 0.250000
215 40.047634 51.374203 0.000000 4.991335 1.376129 2.359384 4.445834 9.017381 0.250000
216 40.093143 51.573429 0.000000 4.764698 1.336542 2.235534 4.108273 8.136384 0.250000
217 40.147888 51.279518 0.000000 5.465660 1.345876 2.258219 4.152624 8.201564 0.250000
218 39.970158 51.197315 0.000000 5.110565 1.394720 2.430608 4.676171 9.724304 0.333333
219 40.127354 50.972084 0.000000 4.976762 1.379275 2.394331 4.601562 9.586251 0.333333
220 40.017090 50.749084 0.000000 4.360051 1.358279 2.312195 4.335871 8.774060 0.291116
221 40.127766 50.756474 0.000000 4.584817 1.322588 2.195581 4.001176 7.845910 0.333333
222 40.108467 50.316441 0.000000 4.936068 1.336801 2.230952 4.086216 8.055782 0.333334
223 40.050041 50.420834 0.000000 4.396997 1.341238 2.259764 4.190491 8.381473 0.250000
224 40.002007 50.226700 0.000000 4.739383 1.352043 2.299021 4.307130 8.704905 0.250000
225 39.891811 50.220249 0.000000 4.343249 1.377693 2.367297 4.478377 9.137933 0.395673
227 39.574932 49.432705 0.000000 5.055642 1.327216 2.216515 4.088228 8.179014 0.333333
229 39.514023 49.374134 0.000000 4.065246 1.306134 2.145399 3.882289 7.604613 0.333522
231 40.009563 49.211117 0.000000 1.969171 1.369140 2.359285 4.497699 9.289338 0.333333
232 39.799995 48.798420 0.000000 2.202989 1.274402 2.050074 3.638479 7.010589 0.250000
