%% Trajectory 18
%% frame x (pixel)     y (pixel)    z (pixel)      m0         m1           m2           m3           m4           s 
70 22.363186 29.599621 0.000000 1.199497 1.177652 1.763114 2.891528 5.132490 0.250000
71 22.176439 29.779318 0.000000 1.335934 1.267046 2.040671 3.637395 7.052324 0.250000
72 22.211964 29.616009 0.000000 1.655188 1.239945 1.953954 3.401857 6.447291 0.250000
74 21.497101 30.549026 0.000000 1.568085 1.440138 2.633458 5.386434 12.006512 0.250033
76 22.218193 29.894346 0.000000 1.193184 1.295753 2.144677 3.957863 7.988395 0.250023
77 22.198601 29.644733 0.000000 1.457760 1.238693 1.959654 3.426441 6.516912 0.251043
78 22.137777 29.646641 0.000000 1.846323 1.246048 1.962981 3.385131 6.277334 0.333333
79 22.164886 29.832272 0.000000 2.516514 1.284013 2.103310 3.819448 7.551547 0.333359
80 22.218327 29.621075 0.000000 2.794617 1.259242 2.002448 3.498607 6.602232 0.333333
81 22.137043 29.754635 0.000000 2.370686 1.285677 2.088310 3.732116 7.203171 0.250008
82 21.966499 29.775932 0.000000 2.602634 1.319954 2.203435 4.065492 8.125337 0.333338
83 22.027773 29.788021 0.000000 3.129601 1.312433 2.186008 4.023044 8.017550 0.333333
84 22.129623 29.861568 0.000000 3.341080 1.334006 2.251982 4.227937 8.658206 0.333333
85 22.132097 29.786009 0.000000 3.349612 1.295030 2.123427 3.846304 7.557060 0.333333
86 22.212629 29.839054 0.000000 3.155402 1.321042 2.204920 4.067897 8.140449 0.333333
87 22.148914 29.695192 0.000000 3.406845 1.308148 2.140194 3.839169 7.407719 0.250000
88 22.163549 29.750616 0.000000 3.527609 1.312321 2.164823 3.923230 7.660685 0.250000
89 22.260532 29.688217 0.000000 3.744361 1.277449 2.052987 3.623246 6.899238 0.250000
90 22.215807 29.629242 0.000000 4.016005 1.314503 2.161405 3.892148 7.526768 0.200000
91 22.323954 29.822529 0.000000 3.645975 1.281033 2.066624 3.655725 6.960769 0.200000
92 22.517405 29.711105 0.000000 3.991409 1.262650 2.001532 3.466551 6.442894 0.250000
93 22.304262 29.775259 0.000000 3.762989 1.303060 2.131600 3.826294 7.394944 0.200000
94 22.408337 29.823051 0.000000 3.410756 1.286071 2.078938 3.691870 7.078766 0.250000
95 22.742144 30.255203 0.000000 3.532675 1.314636 2.157499 3.875247 7.474980 0.200000
96 22.993767 30.350933 0.000000 3.469462 1.376161 2.379004 4.555242 9.466267 0.333333
97 22.747330 30.284855 0.000000 3.059112 1.321679 2.171110 3.891641 7.460516 0.333333
98 23.057991 30.321997 0.000000 2.953217 1.335857 2.251151 4.194426 8.479317 0.500000
99 23.111418 30.357056 0.000000 2.405622 1.369609 2.337115 4.378318 8.819250 0.500000
100 23.674067 30.153339 0.000000 2.266126 1.483956 2.708965 5.432723 11.707896 0.333333
102 24.088150 31.345480 0.000000 2.335253 1.348862 2.280866 4.252208 8.573401 0.250000
104 23.214039 31.729494 0.000000 1.876639 1.336417 2.249940 4.182298 8.416299 0.166667
107 25.363420 31.000832 0.000000 1.280648 1.374784 2.393053 4.641127 9.822947 0.111444
