%% Trajectory 35
%% frame x (pixel)     y (pixel)    z (pixel)      m0         m1           m2           m3           m4           s 
83 25.591881 58.867245 0.000000 0.559992 1.142988 1.698832 2.778944 4.939359 0.144160
84 25.257971 58.738293 0.000000 0.816294 1.242185 1.971769 3.467477 6.656658 0.166840
85 24.925543 58.508125 0.000000 0.478861 1.160658 1.758046 2.943156 5.378563 0.111111
86 25.246634 58.709049 0.000000 0.518584 1.173422 1.745813 2.845932 5.027328 0.111127
87 25.295229 58.677158 0.000000 0.675261 1.161733 1.712439 2.761460 4.821174 0.142857
88 24.921774 58.297718 0.000000 0.912363 1.297796 2.162428 4.039680 8.311921 0.167321
89 24.964914 58.471920 0.000000 0.897527 1.272837 2.046128 3.594452 6.767014 0.200002
90 25.104925 58.532036 0.000000 1.109038 1.221057 1.900005 3.261063 6.090167 0.200002
91 25.307499 58.455578 0.000000 1.191668 1.163957 1.730948 2.816854 4.958460 0.200000
92 25.267847 58.310154 0.000000 1.239595 1.183333 1.773685 2.913732 5.184512 0.250000
93 25.160814 58.458462 0.000000 1.469237 1.227083 1.907826 3.249439 5.965394 0.200000
94 25.318010 58.718945 0.000000 1.436058 1.205533 1.844934 3.091757 5.588901 0.200001
95 25.237324 58.537426 0.000000 1.876096 1.286381 2.098051 3.784949 7.426596 0.166667
96 25.306725 58.442757 0.000000 1.967870 1.217335 1.877216 3.167830 5.759604 0.250000
97 25.198734 58.471016 0.000000 2.130905 1.211057 1.853285 3.104296 5.609759 0.200000
98 25.337860 58.391857 0.000000 2.190246 1.219994 1.879653 3.169261 5.759359 0.250000
99 25.393726 58.620815 0.000000 2.033034 1.200572 1.828017 3.044782 5.470069 0.333333
100 25.228973 58.492905 0.000000 2.312196 1.253771 1.980114 3.421744 6.355259 0.333333
101 25.448917 58.386456 0.000000 2.155073 1.212312 1.855803 3.109202 5.620450 0.250000
102 25.338947 58.562473 0.000000 2.370620 1.235610 1.933375 3.338962 6.281960 0.250000
103 25.175835 58.490536 0.000000 2.308769 1.236012 1.933787 3.316497 6.133323 0.333333
104 25.355112 58.502861 0.000000 3.216989 1.237833 1.929460 3.289757 6.036027 0.250000
105 25.192574 58.410583 0.000000 2.632969 1.235006 1.923173 3.278387 6.018609 0.250000
106 25.158991 58.465641 0.000000 2.664845 1.269789 2.022574 3.522657 6.586592 0.250000
107 25.266861 58.422352 0.000000 2.886339 1.259941 1.994197 3.450466 6.410936 0.333333
108 25.182228 58.480370 0.000000 3.299864 1.262487 2.008756 3.501362 6.567153 0.333333
109 25.089745 58.426140 0.000000 3.313007 1.268321 2.024946 3.536125 6.627761 0.250000
110 25.146935 58.383034 0.000000 3.484551 1.252154 1.975883 3.416725 6.365466 0.250000
111 25.277168 58.503727 0.000000 3.626041 1.276535 2.041990 3.571798 6.709099 0.250000
112 25.253574 58.452122 0.000000 4.053832 1.277485 2.044004 3.571866 6.690572 0.200000
113 25.147173 58.421146 0.000000 3.539811 1.286442 2.073464 3.662103 6.961410 0.166667
114 25.308134 58.375984 0.000000 4.303190 1.265682 2.009731 3.486619 6.490479 0.200000
115 25.318533 58.513893 0.000000 4.117602 1.276802 2.041689 3.566572 6.680362 0.142857
116 25.178741 58.449692 0.000000 3.844876 1.288830 2.084853 3.696133 7.050946 0.166667
117 25.379084 58.494228 0.000000 4.053550 1.290869 2.089863 3.704385 7.057099 0.166667
118 25.350725 58.440811 0.000000 4.250331 1.269341 2.023287 3.523750 6.582244 0.166667
119 25.261032 58.400032 0.000000 4.480848 1.261685 2.004411 3.487484 6.531095 0.166667
120 25.365648 58.438709 0.000000 4.006572 1.277449 2.043665 3.571274 6.690382 0.166667
121 25.305105 58.398193 0.000000 4.764148 1.293519 2.097958 3.729759 7.136964 0.142857
122 25.266155 58.475010 0.000000 4.689714 1.300515 2.117676 3.774551 7.226694 0.166667
123 25.314331 58.471748 0.000000 4.774225 1.295134 2.093196 3.691699 6.968215 0.142857
124 25.307690 58.353584 0.000000 5.051875 1.302276 2.119385 3.771702 7.200493 0.166667
125 25.389944 58.366703 0.000000 5.714715 1.255978 1.982484 3.420753 6.339872 0.166667
126 25.336952 58.356197 0.000000 5.409811 1.298178 2.102794 3.716036 7.025840 0.166667
127 25.323425 58.396019 0.000000 5.770794 1.283118 2.060897 3.613913 6.788214 0.166667
128 25.343863 58.283867 0.000000 5.506724 1.296512 2.095435 3.695384 6.974650 0.166667
129 25.341101 58.273907 0.000000 5.816321 1.310733 2.151573 3.874864 7.513841 0.166667
130 25.354296 58.282730 0.000000 5.105723 1.298919 2.103590 3.716149 7.022221 0.166667
131 25.281536 58.214180 0.000000 5.356781 1.328624 2.197425 3.972317 7.693253 0.166667
132 25.285568 57.919022 0.000000 4.949503 1.333122 2.233941 4.130412 8.268147 0.142857
133 25.368565 57.742905 0.000000 5.065210 1.300192 2.113755 3.757558 7.164987 0.170473
134 25.319435 57.579174 0.000000 5.093991 1.300956 2.113565 3.749871 7.124531 0.166706
135 25.366699 57.436077 0.000000 4.905754 1.314981 2.162471 3.892601 7.523718 0.200000
136 25.553001 57.497360 0.000000 4.653372 1.333697 2.205284 3.973924 7.644778 0.200000
137 25.506140 57.372742 0.000000 4.511406 1.310236 2.138309 3.804480 7.232365 0.200000
138 25.653652 57.202278 0.000000 4.189595 1.385354 2.390749 4.537623 9.281739 0.200000
139 25.629469 57.297314 0.000000 4.010885 1.344522 2.243422 4.088029 7.972270 0.232351
140 25.517117 57.248035 0.000000 3.840243 1.386517 2.389683 4.524190 9.218298 0.200007
142 26.127769 56.781292 0.000000 3.021703 1.438444 2.594246 5.196973 11.301029 0.250000
143 26.343878 56.944630 0.000000 2.862650 1.448266 2.614385 5.222732 11.291302 0.207927
