%% Trajectory 21
%% frame x (pixel)     y (pixel)    z (pixel)      m0         m1           m2           m3           m4           s 
104 52.622280 51.962704 0.000000 1.857659 1.340352 2.254569 4.184831 8.405203 0.297363
105 52.639008 52.167770 0.000000 2.124301 1.281838 2.054924 3.597330 6.748966 0.280971
106 52.584480 51.980762 0.000000 1.930850 1.281732 2.082714 3.736415 7.273867 0.200150
107 52.638699 51.971046 0.000000 2.255203 1.283162 2.086692 3.754638 7.348847 0.200000
108 52.770039 52.189892 0.000000 2.533811 1.288809 2.093399 3.736618 7.197972 0.239311
109 52.703865 52.079086 0.000000 2.649439 1.285968 2.077528 3.686885 7.061984 0.200142
110 52.670219 52.122654 0.000000 2.906340 1.300640 2.111712 3.740688 7.086868 0.283775
111 52.711483 52.184906 0.000000 2.777432 1.269872 2.022760 3.521435 6.577788 0.231159
112 52.638260 52.225262 0.000000 2.162990 1.253149 1.974543 3.402815 6.304384 0.200000
113 52.717304 52.007885 0.000000 2.695370 1.315478 2.187697 4.027678 8.057588 0.216671
114 52.587448 52.051716 0.000000 2.795455 1.278214 2.048025 3.584010 6.721957 0.200449
115 52.552483 52.164131 0.000000 3.197458 1.262075 2.003276 3.476259 6.475734 0.250000
116 52.552074 52.145634 0.000000 2.881165 1.278603 2.057852 3.639143 6.951435 0.166667
117 52.422733 51.995079 0.000000 2.776959 1.286207 2.089591 3.746685 7.287627 0.250261
118 52.573994 52.156147 0.000000 2.912548 1.278737 2.054526 3.621485 6.883292 0.200000
119 52.325184 52.067795 0.000000 2.342526 1.304820 2.148595 3.910205 7.731043 0.281281
120 52.130348 51.951576 0.000000 2.397471 1.301788 2.154296 3.953871 7.900078 0.405856
121 52.161358 51.737717 0.000000 1.810876 1.278125 2.055759 3.633221 6.935821 0.250559
122 52.000977 51.605026 0.000000 1.809962 1.257825 1.997878 3.474611 6.494187 0.250000
123 52.073433 51.722450 0.000000 1.773149 1.261075 2.000548 3.473442 6.481155 0.250000
124 51.553825 51.364830 0.000000 1.887440 1.295698 2.121519 3.837271 7.539051 0.239037
125 51.310143 50.955082 0.000000 1.425906 1.306042 2.160318 3.952694 7.858678 0.245656
