%% Trajectory 11
%% frame x (pixel)     y (pixel)    z (pixel)      m0         m1           m2           m3           m4           s 
59 32.584072 23.442766 0.000000 2.229978 1.255420 1.978509 3.409080 6.311953 0.200000
60 32.588203 23.331795 0.000000 2.295250 1.291847 2.093824 3.727444 7.162099 0.248955
61 32.689884 23.392387 0.000000 2.306345 1.294502 2.097206 3.719095 7.086957 0.200000
62 32.650631 23.194824 0.000000 2.500591 1.309639 2.139035 3.818765 7.306914 0.250001
63 32.745705 23.243904 0.000000 2.453296 1.285653 2.071984 3.653093 6.915100 0.250000
64 32.665203 23.387220 0.000000 3.029100 1.341599 2.270418 4.256905 8.680769 0.308188
65 32.711628 23.601490 0.000000 2.970709 1.309690 2.159868 3.923523 7.710864 0.283381
66 32.702618 23.397419 0.000000 3.178350 1.277193 2.044853 3.576976 6.708822 0.167578
67 32.753536 23.156610 0.000000 2.959575 1.337017 2.233326 4.096966 8.096398 0.202489
68 32.674847 23.400614 0.000000 3.130769 1.345770 2.249527 4.112878 8.061737 0.184795
69 32.792645 23.374130 0.000000 3.320228 1.314642 2.155028 3.859719 7.404895 0.200024
70 32.759369 23.322670 0.000000 3.493798 1.300489 2.112634 3.744122 7.096089 0.200007
71 32.731495 23.331964 0.000000 3.831748 1.289781 2.079062 3.657927 6.890341 0.166718
72 32.626072 23.428890 0.000000 3.921172 1.308349 2.133280 3.793931 7.213875 0.200000
73 32.706833 23.482580 0.000000 3.969756 1.297915 2.100437 3.708519 7.005541 0.250000
74 32.683907 23.396219 0.000000 4.457423 1.298947 2.103282 3.714756 7.018001 0.258982
75 32.692554 23.493753 0.000000 4.194328 1.305777 2.122985 3.763684 7.133033 0.200142
76 32.691959 23.491367 0.000000 4.593976 1.326681 2.190588 3.951387 7.633926 0.250000
77 32.743557 23.556168 0.000000 4.885687 1.318763 2.168025 3.898825 7.523636 0.250000
78 32.882153 23.488997 0.000000 5.167941 1.346267 2.262877 4.178103 8.310284 0.250000
79 32.928158 23.563015 0.000000 4.748290 1.346945 2.272034 4.216027 8.436863 0.250000
80 33.074970 23.645924 0.000000 4.749643 1.345558 2.265517 4.192493 8.359222 0.200000
81 33.036961 23.804249 0.000000 4.935721 1.351576 2.289834 4.269022 8.580053 0.250000
82 33.212875 23.928879 0.000000 5.128706 1.357199 2.298660 4.275540 8.557154 0.200000
83 33.295502 24.065815 0.000000 4.697130 1.336152 2.237925 4.127615 8.220694 0.250000
84 33.401424 24.051403 0.000000 4.752235 1.339935 2.252517 4.173952 8.363751 0.250000
86 33.325058 24.336889 0.000000 4.583722 1.289464 2.079387 3.659370 6.893120 0.250000
87 33.293045 24.422720 0.000000 4.276989 1.311536 2.150415 3.856499 7.416759 0.250000
88 33.337074 24.701786 0.000000 3.702374 1.302169 2.113707 3.742733 7.087928 0.200000
89 33.678268 24.634933 0.000000 3.748907 1.337558 2.225893 4.052317 7.910297 0.250000
90 33.421947 24.888998 0.000000 3.095257 1.359827 2.301928 4.275233 8.539166 0.200000
91 33.116596 24.724308 0.000000 2.768031 1.393147 2.413028 4.582758 9.339820 0.166669
92 32.580849 24.504662 0.000000 2.335697 1.323959 2.180539 3.916344 7.516101 0.200143
93 32.421177 25.088528 0.000000 2.086460 1.345277 2.260566 4.174703 8.309451 0.330095
94 32.536869 24.823202 0.000000 1.744541 1.337713 2.238992 4.116473 8.151030 0.200109
95 32.379368 24.437105 0.000000 1.392121 1.445689 2.607403 5.194471 11.175799 0.250000
96 33.055687 24.673635 0.000000 1.367710 1.413286 2.503301 4.909504 10.421630 0.166689
97 33.322487 24.264809 0.000000 0.961957 1.421872 2.537937 5.013848 10.721120 0.200000
