%% Trajectory 5
%% frame x (pixel)     y (pixel)    z (pixel)      m0         m1           m2           m3           m4           s 
14 27.226555 55.211922 0.000000 1.521453 1.448927 2.611566 5.192648 11.136255 0.333333
16 27.254011 55.553284 0.000000 1.459385 1.340815 2.273620 4.296650 8.888380 0.333333
17 27.268534 55.061504 0.000000 1.407742 1.405631 2.469683 4.796278 10.069201 0.333333
18 27.025064 55.155811 0.000000 1.788679 1.409541 2.503132 4.949841 10.665614 0.333333
19 27.276497 55.265972 0.000000 1.954669 1.356212 2.303713 4.323051 8.794065 0.333333
20 27.307880 55.287613 0.000000 1.889960 1.456654 2.625703 5.218276 11.191582 0.333333
21 26.937769 55.420017 0.000000 1.759950 1.387851 2.405900 4.596128 9.474993 0.333333
22 26.893017 55.208557 0.000000 1.898113 1.409480 2.498313 4.923814 10.560868 0.333333
23 27.153145 55.119015 0.000000 2.342076 1.384970 2.406222 4.624260 9.631596 0.333333
24 27.148031 55.191540 0.000000 1.940704 1.452411 2.647433 5.370780 11.854502 0.250000
25 27.396318 55.068504 0.000000 2.634215 1.412007 2.498439 4.882073 10.300146 0.363521
26 27.119659 55.216862 0.000000 2.345846 1.427581 2.524258 4.898007 10.209819 0.250011
27 27.419189 55.183208 0.000000 2.671534 1.412834 2.471471 4.741275 9.766730 0.250000
28 27.516737 54.945446 0.000000 2.618120 1.384418 2.394749 4.565107 9.390858 0.250000
29 27.558622 54.767090 0.000000 2.748785 1.366738 2.329664 4.358956 8.770047 0.250000
30 27.667915 54.401146 0.000000 2.472053 1.373427 2.337667 4.364161 8.760583 0.250000
31 27.384392 54.205940 0.000000 2.881090 1.436456 2.565769 5.053223 10.740842 0.250000
32 27.436716 53.835636 0.000000 2.698247 1.428352 2.517700 4.869590 10.120608 0.333333
33 27.551798 53.741268 0.000000 2.362596 1.360454 2.316122 4.340795 8.782053 0.333333
35 27.809002 53.272923 0.000000 2.307107 1.458811 2.616579 5.143622 10.842031 0.166667
36 28.123814 53.165043 0.000000 2.271826 1.516546 2.844372 5.889306 13.145234 0.166667
37 27.878889 52.959072 0.000000 2.537292 1.497364 2.789258 5.748624 12.801379 0.142857
38 27.308252 52.577629 0.000000 2.222264 1.559890 2.970969 6.215551 13.950539 0.250000
40 27.308359 50.949944 0.000000 1.578172 1.563479 3.030620 6.515526 15.131796 0.250000
