%% Trajectory 14
%% frame x (pixel)     y (pixel)    z (pixel)      m0         m1           m2           m3           m4           s 
44 22.005386 21.206991 0.000000 1.595273 1.394725 2.435493 4.687172 9.728279 0.200000
45 21.934460 21.327463 0.000000 1.682553 1.410023 2.471491 4.759015 9.848415 0.203972
46 21.839682 21.317682 0.000000 1.973314 1.360173 2.307386 4.298893 8.622026 0.250052
47 21.930092 21.222172 0.000000 1.813139 1.390515 2.415165 4.624030 9.553129 0.254491
49 22.079197 21.294477 0.000000 2.100501 1.405266 2.461498 4.756311 9.930429 0.250000
50 21.914719 21.220867 0.000000 2.029345 1.445236 2.582980 5.076306 10.731525 0.250157
51 21.976807 21.428009 0.000000 2.064207 1.456806 2.640453 5.282954 11.403648 0.200000
52 22.242357 21.231098 0.000000 2.516855 1.435343 2.547575 4.974932 10.466769 0.200000
53 22.100267 21.507069 0.000000 2.785255 1.446305 2.592145 5.117826 10.891511 0.200022
54 22.118773 21.343615 0.000000 2.707608 1.453343 2.619051 5.206190 11.167095 0.200000
55 22.147882 21.380251 0.000000 2.654980 1.417460 2.498358 4.843503 10.109806 0.166667
56 22.257429 21.311449 0.000000 2.965038 1.413612 2.481276 4.791721 9.971684 0.200056
57 22.266964 21.405090 0.000000 3.271055 1.489540 2.744463 5.580924 12.245237 0.166667
58 22.517221 21.261440 0.000000 3.373594 1.430577 2.528618 4.906537 10.233314 0.200000
59 22.231506 21.449974 0.000000 3.392556 1.523250 2.849803 5.871120 13.017131 0.200000
60 22.330051 21.416447 0.000000 3.857060 1.442844 2.576830 5.064826 10.723294 0.200000
61 22.307373 21.278835 0.000000 3.633578 1.461076 2.635352 5.225981 11.145669 0.200000
62 22.397911 21.307880 0.000000 4.099502 1.437812 2.555578 4.990592 10.482378 0.200000
63 22.449831 21.333767 0.000000 3.995626 1.491619 2.736670 5.524781 12.004375 0.200000
64 22.520947 21.507097 0.000000 4.062136 1.477289 2.694419 5.411497 11.705069 0.250006
65 22.405994 21.538538 0.000000 3.899595 1.498690 2.760573 5.583397 12.123653 0.250000
66 22.284636 21.438875 0.000000 3.897486 1.511620 2.810164 5.752173 12.669893 0.200000
67 22.390839 21.555798 0.000000 4.329081 1.509721 2.796628 5.691092 12.440473 0.250000
68 22.408247 21.618473 0.000000 4.382851 1.460208 2.629277 5.207423 11.103557 0.250000
69 22.563551 21.570040 0.000000 4.755375 1.495268 2.743565 5.525805 11.949251 0.250000
70 22.540882 21.580957 0.000000 4.843212 1.482906 2.703128 5.413163 11.651038 0.252797
71 22.647446 21.542906 0.000000 5.059521 1.530759 2.862903 5.874690 12.930270 0.250588
72 22.713570 21.579943 0.000000 4.759228 1.516106 2.830141 5.821779 12.894829 0.250106
73 22.944426 21.407413 0.000000 4.698059 1.538303 2.917698 6.101810 13.728213 0.200000
74 22.840580 21.666735 0.000000 4.966665 1.501016 2.771049 5.628035 12.298838 0.284429
75 23.030495 21.643988 0.000000 5.455967 1.459535 2.659892 5.375434 11.769774 0.200006
76 22.869089 21.755787 0.000000 4.981612 1.478192 2.699478 5.438108 11.822149 0.200000
77 23.080666 21.773365 0.000000 4.586170 1.490516 2.767620 5.698938 12.703122 0.200000
79 23.171938 21.920506 0.000000 4.695038 1.469273 2.695954 5.494652 12.150927 0.200158
80 23.090361 21.957596 0.000000 4.563769 1.455385 2.658049 5.405447 11.951762 0.258049
81 23.207193 21.873507 0.000000 4.421722 1.419345 2.542664 5.079574 11.058887 0.351532
82 23.190847 21.939154 0.000000 4.114283 1.445359 2.621403 5.283849 11.562430 0.249916
83 23.404722 21.857533 0.000000 4.745664 1.374976 2.368611 4.514733 9.331914 0.200000
84 23.394783 21.642515 0.000000 4.712639 1.324278 2.192337 3.982798 7.790357 0.200000
85 23.343342 21.804859 0.000000 4.146558 1.353708 2.314991 4.398204 9.104184 0.171952
86 23.415997 21.737778 0.000000 4.175642 1.323263 2.205569 4.062904 8.120533 0.166667
87 23.523624 21.861946 0.000000 4.026682 1.363602 2.341658 4.459857 9.236576 0.166667
88 23.632763 21.746532 0.000000 3.727021 1.344826 2.267216 4.218907 8.504055 0.200006
89 23.725319 21.729799 0.000000 4.152990 1.335048 2.245675 4.182539 8.469725 0.200000
90 23.816267 21.687632 0.000000 3.206321 1.381948 2.411114 4.676964 9.884338 0.166774
92 24.233784 21.095627 0.000000 2.037197 1.205656 1.862515 3.184242 5.943900 0.166747
93 24.362480 21.152084 0.000000 1.672790 1.145759 1.686004 2.720237 4.763227 0.142857
94 24.255810 21.260319 0.000000 1.710841 1.151185 1.701468 2.762630 4.878878 0.142857
95 24.568666 21.314686 0.000000 1.491569 1.086518 1.521331 2.321105 3.843908 0.142857
