%% Trajectory 23
%% frame x (pixel)     y (pixel)    z (pixel)      m0         m1           m2           m3           m4           s 
116 58.626007 47.252193 0.000000 2.174048 1.284544 2.078078 3.695901 7.098607 0.171308
118 58.490070 47.374367 0.000000 2.129145 1.259794 1.990064 3.433792 6.359307 0.200000
119 58.538895 47.240726 0.000000 2.249935 1.280498 2.051460 3.588046 6.724118 0.281281
120 58.519047 47.243263 0.000000 2.300287 1.313370 2.156701 3.874903 7.468648 0.405856
121 58.349464 47.249969 0.000000 2.156795 1.295682 2.104718 3.743780 7.155493 0.250559
122 58.214249 47.317799 0.000000 2.487086 1.279103 2.049707 3.592095 6.759851 0.250000
123 58.297291 47.451473 0.000000 2.366042 1.289372 2.076122 3.649492 6.870778 0.250000
124 58.203751 47.325993 0.000000 2.395348 1.318290 2.165819 3.882921 7.445379 0.200000
125 58.264561 47.449886 0.000000 2.483243 1.286067 2.070536 3.646802 6.898684 0.200000
126 58.242237 47.419918 0.000000 2.494218 1.278701 2.046636 3.578212 6.706554 0.333333
127 58.183693 47.215668 0.000000 2.404028 1.337614 2.238387 4.107023 8.097188 0.446565
128 57.934299 47.307732 0.000000 2.388999 1.311234 2.168183 3.951650 7.787828 0.415041
129 57.888550 47.269943 0.000000 2.597122 1.343525 2.261106 4.186643 8.357407 0.250000
130 57.648094 47.121819 0.000000 2.604098 1.329286 2.219134 4.082038 8.114355 0.250000
131 57.731613 47.095577 0.000000 2.631279 1.342567 2.265846 4.223444 8.524143 0.250000
132 57.392082 47.075760 0.000000 2.596433 1.360384 2.308225 4.297149 8.597587 0.333333
133 57.239708 47.180965 0.000000 2.191034 1.361157 2.322736 4.370197 8.881330 0.500000
134 57.327068 46.938736 0.000000 2.139888 1.315957 2.181459 3.989323 7.900859 0.250000
135 57.301289 46.758980 0.000000 2.015022 1.307920 2.147785 3.874416 7.537828 0.333333
136 57.177116 46.522354 0.000000 1.660419 1.397647 2.434059 4.660274 9.604794 0.500000
137 57.542633 46.604065 0.000000 1.408968 1.357066 2.271206 4.132899 8.006145 0.333340
138 57.017567 46.615604 0.000000 1.141188 1.378808 2.381865 4.554001 9.440767 0.333333
