%% Trajectory 11
%% frame x (pixel)     y (pixel)    z (pixel)      m0         m1           m2           m3           m4           s 
59 30.524181 22.816448 0.000000 1.799557 1.383658 2.379751 4.500733 9.172293 0.166869
60 30.843054 22.768293 0.000000 2.014478 1.425153 2.513076 4.859671 10.085762 0.208932
61 30.933186 22.743643 0.000000 2.144516 1.379946 2.411543 4.697023 9.978758 0.257870
62 30.769331 22.936638 0.000000 2.504088 1.375126 2.358744 4.446378 9.022665 0.352047
63 30.739489 22.934944 0.000000 2.528953 1.390237 2.406058 4.579476 9.388015 0.338984
64 30.765907 22.865000 0.000000 2.460480 1.385599 2.390404 4.528221 9.222956 0.200086
65 30.765596 22.902122 0.000000 2.503153 1.393037 2.420833 4.633121 9.563483 0.250001
66 30.950699 22.756369 0.000000 2.474441 1.398800 2.466162 4.829604 10.278852 0.250001
67 30.660795 22.801886 0.000000 2.898702 1.369418 2.339043 4.393550 8.893740 0.250338
68 30.785479 22.788500 0.000000 2.729244 1.361619 2.305996 4.282859 8.548333 0.250156
69 30.706306 22.865191 0.000000 2.882978 1.386476 2.394706 4.546614 9.292262 0.250012
70 31.023176 22.857571 0.000000 2.946677 1.372252 2.370803 4.544875 9.471837 0.250070
71 30.942219 22.838583 0.000000 3.114521 1.404110 2.489300 4.912317 10.553084 0.263067
72 30.794201 22.828619 0.000000 3.641491 1.366186 2.315617 4.293971 8.531688 0.250019
73 30.783087 22.760706 0.000000 3.669349 1.364743 2.318179 4.315269 8.626539 0.250000
74 30.837814 22.740780 0.000000 3.684899 1.363084 2.315165 4.315841 8.652951 0.200000
75 30.837055 22.740183 0.000000 3.622436 1.366327 2.331361 4.378654 8.870853 0.200031
76 30.962158 22.718216 0.000000 3.516004 1.381060 2.408383 4.677048 9.904793 0.200008
77 30.784100 22.775541 0.000000 3.615571 1.368805 2.329914 4.350131 8.728269 0.209816
78 30.824478 22.784094 0.000000 3.904727 1.385959 2.385190 4.503895 9.139669 0.202785
79 30.984243 22.836731 0.000000 4.166443 1.383751 2.411268 4.661092 9.785129 0.200000
80 30.823408 22.808081 0.000000 4.228395 1.374210 2.351301 4.420203 8.944659 0.200000
81 30.767149 22.835379 0.000000 4.388349 1.363962 2.316595 4.321756 8.679583 0.200000
82 30.845417 22.832390 0.000000 4.027443 1.355642 2.287329 4.228598 8.391129 0.250000
83 30.809210 22.861021 0.000000 4.607148 1.372274 2.348342 4.417907 8.951264 0.142857
84 30.821777 22.889538 0.000000 4.583393 1.382919 2.384972 4.529197 9.279038 0.166667
85 30.802809 22.921026 0.000000 4.506364 1.377704 2.365921 4.465951 9.075201 0.166667
86 30.884331 22.908672 0.000000 4.660408 1.389821 2.408469 4.594444 9.447535 0.200000
87 30.705906 22.953165 0.000000 4.201992 1.373125 2.348250 4.412269 8.923829 0.142857
88 30.784332 23.101263 0.000000 4.138762 1.396898 2.434663 4.677793 9.701345 0.142857
89 30.955879 23.078224 0.000000 3.406833 1.416549 2.530473 5.028930 10.868671 0.137991
90 30.906736 23.193346 0.000000 3.816513 1.380093 2.385492 4.551420 9.387952 0.142859
91 31.179434 23.332804 0.000000 3.783459 1.331619 2.240452 4.187835 8.542953 0.125055
92 31.015945 23.468458 0.000000 3.863039 1.343709 2.279730 4.296703 8.831607 0.142858
93 31.119614 23.535927 0.000000 3.917576 1.341256 2.274499 4.290663 8.841266 0.198212
94 31.290901 23.615458 0.000000 3.826911 1.337918 2.247198 4.162556 8.344588 0.142865
95 31.433695 23.732138 0.000000 3.252428 1.329995 2.214887 4.054075 8.004262 0.185498
96 31.520489 23.900871 0.000000 3.150078 1.369926 2.344166 4.419924 9.000150 0.142991
97 31.454618 23.915419 0.000000 2.843492 1.353136 2.280469 4.216689 8.384315 0.172958
98 31.462858 23.500105 0.000000 2.191961 1.291197 2.085209 3.683678 6.988060 0.143207
