%% Trajectory 22
%% frame x (pixel)     y (pixel)    z (pixel)      m0         m1           m2           m3           m4           s 
167 38.740181 12.265798 0.000000 0.792478 1.305683 2.140259 3.837699 7.378786 0.333333
168 38.644924 12.237772 0.000000 0.940451 1.293478 2.114883 3.784042 7.255798 0.333333
170 39.103199 11.847886 0.000000 0.749569 1.292876 2.143444 3.967630 8.061522 0.205365
171 38.870853 12.194560 0.000000 1.453868 1.341421 2.259627 4.185695 8.352164 0.500000
172 39.148830 12.099914 0.000000 1.474489 1.361265 2.353661 4.537260 9.551085 0.333333
173 38.739136 12.065758 0.000000 1.292672 1.308905 2.175188 4.003170 8.009824 0.500000
174 39.170151 12.064871 0.000000 1.631580 1.354253 2.294838 4.267527 8.527714 0.500000
175 38.843613 12.253509 0.000000 1.465603 1.372683 2.339367 4.361995 8.709699 0.500000
176 39.015045 12.086823 0.000000 1.654310 1.406406 2.508665 4.986600 10.792565 0.500000
177 39.060261 12.135938 0.000000 1.759050 1.340285 2.253057 4.170965 8.331968 0.333333
178 39.282055 12.353359 0.000000 1.403443 1.343487 2.251459 4.150636 8.258994 0.333333
179 39.300720 12.068364 0.000000 1.791884 1.309351 2.156670 3.917543 7.704411 0.333333
180 38.967850 12.244684 0.000000 1.592877 1.309288 2.157501 3.912863 7.659008 0.333333
181 39.249649 11.819698 0.000000 1.434744 1.278460 2.062297 3.649294 6.956536 0.500000
183 38.899048 11.945850 0.000000 1.703154 1.351746 2.318768 4.410141 9.105873 0.500000
184 39.272118 12.285882 0.000000 1.931491 1.289643 2.104528 3.786792 7.381048 0.333333
185 39.093170 12.235939 0.000000 1.799008 1.310469 2.151911 3.889724 7.597702 0.500000
186 38.934807 12.281314 0.000000 2.035258 1.328375 2.233399 4.153056 8.380276 0.500000
187 39.073208 12.218863 0.000000 2.193280 1.369935 2.367659 4.546712 9.502891 0.500000
188 39.203022 12.164880 0.000000 2.263641 1.345897 2.266320 4.194129 8.358058 0.500000
189 39.066563 12.234374 0.000000 2.573787 1.352376 2.291644 4.274582 8.602073 0.500000
190 39.022137 11.967480 0.000000 2.262386 1.364277 2.354039 4.504497 9.361193 0.500000
191 39.065643 12.176921 0.000000 2.362955 1.358352 2.315235 4.356717 8.868736 0.500000
192 39.279507 12.005394 0.000000 2.336032 1.358083 2.319794 4.367379 8.879135 0.500000
193 39.366516 12.186370 0.000000 2.343465 1.323948 2.211205 4.082559 8.181345 0.500000
194 39.148518 12.250636 0.000000 2.315666 1.316463 2.180874 3.993070 7.938350 0.333333
195 39.358654 12.368167 0.000000 2.694657 1.289666 2.084540 3.690005 7.021685 0.500000
196 39.476208 12.202154 0.000000 2.816693 1.329794 2.211778 4.032847 7.904835 0.500000
197 39.591461 12.465578 0.000000 2.458116 1.296900 2.122578 3.824997 7.456663 0.500000
198 39.542839 12.188211 0.000000 2.321298 1.323833 2.191378 3.984528 7.812524 0.500000
199 39.204678 12.360372 0.000000 2.365751 1.322485 2.195300 4.025428 8.009911 0.500000
200 39.346092 12.703178 0.000000 2.218906 1.293416 2.107438 3.780612 7.338418 0.500000
201 39.471592 12.757801 0.000000 2.281471 1.329356 2.235433 4.155817 8.383494 0.500000
202 39.557579 12.729713 0.000000 2.181412 1.297382 2.100673 3.711555 7.016908 0.500000
203 39.443829 13.184126 0.000000 2.208026 1.390809 2.403264 4.586997 9.481236 0.500000
204 39.418945 13.323352 0.000000 2.170895 1.346928 2.264811 4.171604 8.244919 0.500000
205 39.163475 13.038052 0.000000 1.948954 1.441208 2.625769 5.347809 11.883973 0.500000
207 39.412498 13.783470 0.000000 1.509374 1.456357 2.651532 5.338646 11.617625 0.333333
208 39.735809 14.041801 0.000000 1.363224 1.479104 2.752254 5.690629 12.741122 0.500000
