%% Trajectory 18
%% frame x (pixel)     y (pixel)    z (pixel)      m0         m1           m2           m3           m4           s 
88 26.972361 54.052944 0.000000 0.528174 1.299538 2.234605 4.358613 9.406201 0.295779
91 26.608463 54.193764 0.000000 0.697228 1.338386 2.304466 4.489934 9.700629 0.250000
92 26.527918 54.316322 0.000000 0.855925 1.329471 2.249107 4.273387 8.947954 0.333333
93 27.141317 54.123085 0.000000 1.006096 1.280997 2.081970 3.724419 7.194176 0.333333
94 26.964462 53.847549 0.000000 1.297242 1.372633 2.402614 4.704576 10.079287 0.250000
95 26.887751 54.132980 0.000000 1.832061 1.316232 2.183542 4.000032 7.943574 0.200000
96 27.100758 54.186909 0.000000 1.881758 1.325613 2.209789 4.060871 8.070849 0.335300
97 27.197460 54.259537 0.000000 1.730250 1.306944 2.145662 3.864750 7.488115 0.250000
98 27.069191 54.246323 0.000000 1.842757 1.321922 2.205066 4.057756 8.075714 0.250871
99 27.075024 54.174377 0.000000 2.057751 1.303527 2.167272 4.011164 8.116482 0.250387
100 27.174232 54.160721 0.000000 2.035319 1.277904 2.080016 3.754842 7.387663 0.250051
101 27.245319 54.252193 0.000000 2.544593 1.291433 2.114978 3.841905 7.611835 0.333333
102 27.070471 54.229351 0.000000 2.747008 1.325439 2.200951 4.025160 7.951532 0.333333
103 27.162588 54.372322 0.000000 3.311182 1.297502 2.111893 3.759790 7.180188 0.333333
104 27.231092 54.313198 0.000000 3.940649 1.305444 2.133316 3.823932 7.378905 0.333333
105 27.344015 54.245667 0.000000 4.106538 1.285160 2.067936 3.633365 6.837875 0.250000
106 27.143181 54.117104 0.000000 3.871650 1.363008 2.339921 4.454299 9.216799 0.250000
107 27.285181 54.179634 0.000000 4.112548 1.320055 2.172246 3.916061 7.587689 0.333333
108 27.367096 54.271854 0.000000 4.993860 1.290414 2.093415 3.729898 7.170579 0.250000
109 27.203568 54.209118 0.000000 4.354903 1.307571 2.143377 3.863770 7.521345 0.333333
110 27.297039 54.220104 0.000000 4.797493 1.287238 2.073684 3.653141 6.907116 0.500000
111 27.294052 54.244625 0.000000 5.282860 1.303352 2.118118 3.756769 7.129954 0.333333
112 27.162674 54.244778 0.000000 5.265226 1.318808 2.175093 3.926784 7.607413 0.333333
113 27.187773 53.958275 0.000000 5.616097 1.362216 2.329756 4.403521 9.016896 0.333333
114 27.212507 53.967865 0.000000 5.544572 1.344716 2.277463 4.263230 8.648136 0.500000
115 27.229273 53.729759 0.000000 4.942766 1.320684 2.188663 3.985126 7.817287 0.500000
116 27.267769 53.519772 0.000000 5.149106 1.301149 2.120227 3.780396 7.236588 0.500000
117 27.422039 53.388557 0.000000 4.713545 1.278572 2.049400 3.588507 6.736656 0.500000
118 27.395920 53.285618 0.000000 5.261387 1.309173 2.134289 3.792617 7.200421 0.500000
119 27.460812 53.047775 0.000000 5.597827 1.328762 2.206824 4.022043 7.886478 0.500000
120 27.758060 53.071732 0.000000 5.105390 1.336007 2.239204 4.127563 8.202176 0.500000
121 27.848618 52.908302 0.000000 5.108599 1.378704 2.379958 4.535675 9.348871 0.500000
122 28.182478 52.544678 0.000000 4.850107 1.363236 2.325673 4.377200 8.913715 0.500000
124 28.862110 53.008560 0.000000 3.514382 1.406000 2.490146 4.896563 10.456138 0.500000
125 29.326492 52.790070 0.000000 3.549442 1.325419 2.202219 4.022152 7.920460 0.333333
127 28.275015 52.672890 0.000000 3.117066 1.300532 2.124233 3.811780 7.374985 0.500000
129 29.349121 52.875164 0.000000 1.705903 1.477369 2.703311 5.452034 11.847084 0.500000
