%% Trajectory 16
%% frame x (pixel)     y (pixel)    z (pixel)      m0         m1           m2           m3           m4           s 
89 45.779938 24.231579 0.000000 1.798270 1.400129 2.488358 4.949299 10.777411 0.270710
91 45.972260 24.177280 0.000000 2.776753 1.423087 2.540134 5.028878 10.798497 0.250000
92 45.817711 24.675329 0.000000 2.357382 1.377428 2.372757 4.519460 9.333334 0.250774
93 45.911797 24.480665 0.000000 2.307704 1.322287 2.208535 4.091645 8.259714 0.250000
94 45.705956 24.657312 0.000000 2.839864 1.347594 2.270067 4.208397 8.424434 0.259675
95 45.724972 24.698538 0.000000 2.516786 1.355976 2.295764 4.281124 8.623136 0.200380
96 45.890297 24.930012 0.000000 2.708762 1.347495 2.285054 4.275912 8.658879 0.200892
97 45.898727 24.875273 0.000000 2.653558 1.369429 2.349727 4.447088 9.100804 0.200012
98 45.778091 24.980642 0.000000 2.863815 1.318007 2.228964 4.221025 8.775855 0.215403
99 45.793114 25.008177 0.000000 2.893930 1.372654 2.384975 4.614518 9.730551 0.200001
100 45.828865 25.061567 0.000000 3.225422 1.303544 2.151284 3.927599 7.783938 0.200000
101 45.760883 25.084089 0.000000 2.881490 1.317599 2.188070 4.010533 7.959451 0.250000
102 45.829899 25.171724 0.000000 3.183076 1.313309 2.176239 3.988393 7.932226 0.295194
103 45.957214 25.085478 0.000000 3.376488 1.340236 2.276719 4.298459 8.839436 0.250702
104 45.775627 25.370399 0.000000 4.142333 1.317921 2.173966 3.936859 7.682292 0.250000
105 45.757954 25.473068 0.000000 3.938256 1.339734 2.234690 4.095879 8.093038 0.333333
106 46.022278 25.537489 0.000000 3.625209 1.435552 2.584347 5.166529 11.211250 0.250301
107 45.900814 25.219023 0.000000 4.115857 1.360524 2.330524 4.423206 9.113058 0.333452
108 45.973949 25.370430 0.000000 4.442058 1.366088 2.338125 4.421176 9.053043 0.333385
109 46.061302 25.264730 0.000000 4.145657 1.378272 2.393653 4.606902 9.624662 0.337322
110 45.956383 25.334578 0.000000 4.277395 1.311316 2.165070 3.927654 7.675895 0.333333
111 45.745823 25.402332 0.000000 4.340871 1.311428 2.166814 3.950095 7.799615 0.200000
112 45.574863 25.377737 0.000000 4.972705 1.353635 2.280693 4.216216 8.384380 0.200000
113 45.668327 25.509052 0.000000 4.344898 1.288983 2.079465 3.660736 6.896941 0.166667
114 45.563747 25.751989 0.000000 4.356542 1.297491 2.113268 3.779542 7.290392 0.200000
115 45.557640 25.612213 0.000000 4.163783 1.305736 2.124026 3.770215 7.160779 0.250000
116 45.514114 25.913858 0.000000 3.924484 1.321140 2.174987 3.917883 7.574690 0.200000
117 45.546074 25.955109 0.000000 3.935050 1.371361 2.350199 4.429895 9.001499 0.210489
118 45.495636 26.155313 0.000000 3.563161 1.302579 2.127266 3.816065 7.382918 0.200000
119 45.223278 26.484856 0.000000 3.615079 1.353194 2.300992 4.318789 8.768598 0.250000
121 45.924473 26.566395 0.000000 2.234826 1.336525 2.252292 4.186557 8.419620 0.207808
