%% Trajectory 16
%% frame x (pixel)     y (pixel)    z (pixel)      m0         m1           m2           m3           m4           s 
64 36.664246 21.726320 0.000000 1.663906 1.521253 2.834096 5.789365 12.679578 0.250000
65 37.019112 21.650867 0.000000 1.417797 1.424711 2.537840 4.983883 10.551867 0.250000
66 36.889755 22.202461 0.000000 1.454065 1.523153 2.848817 5.835860 12.784826 0.224682
68 36.459396 21.562042 0.000000 1.576217 1.626224 3.221737 6.996892 16.249632 0.254343
70 36.707771 22.266302 0.000000 1.618010 1.555844 2.968337 6.227575 14.020555 0.285827
71 36.629509 21.642433 0.000000 1.645092 1.482767 2.728822 5.539485 12.124180 0.358581
74 36.448307 21.825499 0.000000 1.977213 1.574170 3.008058 6.287518 14.043317 0.252138
75 36.331013 21.615042 0.000000 1.646462 1.574254 3.061049 6.576655 15.222058 0.258576
76 36.328461 21.592340 0.000000 2.081413 1.562166 3.019802 6.451828 14.860048 0.282883
77 36.514637 21.494560 0.000000 1.782317 1.492975 2.774244 5.696942 12.623120 0.293041
78 36.520927 21.379595 0.000000 1.640846 1.451403 2.623997 5.240849 11.300636 0.437019
81 36.668793 22.024122 0.000000 1.513506 1.545513 2.972397 6.331737 14.559840 0.250088
82 36.354797 21.910707 0.000000 1.758410 1.573336 3.038715 6.452068 14.696743 0.333333
83 36.508850 22.539513 0.000000 1.556485 1.580977 3.029522 6.343040 14.176405 0.361928
84 36.774746 21.902403 0.000000 1.515598 1.545146 2.957859 6.272126 14.369337 0.250669
85 36.752087 22.052279 0.000000 1.493816 1.578434 3.095414 6.699609 15.595864 0.269345
87 37.003662 23.113659 0.000000 1.528596 1.563602 3.083111 6.748551 15.942923 0.200011
88 36.449081 23.378063 0.000000 1.663364 1.557602 2.984644 6.308547 14.354920 0.250000
89 36.355476 23.316425 0.000000 1.846283 1.501373 2.804608 5.822463 13.119345 0.250000
90 36.341698 23.246653 0.000000 1.535831 1.535318 2.955236 6.322262 14.643921 0.204723
91 36.338932 23.577229 0.000000 1.423388 1.677332 3.402295 7.582345 18.098671 0.166667
93 36.283047 23.962816 0.000000 1.575456 1.574557 3.113762 6.848454 16.289633 0.250003
94 36.061493 23.605028 0.000000 1.933259 1.491363 2.779426 5.767388 12.997668 0.250192
95 36.179230 23.156340 0.000000 1.747473 1.636440 3.291274 7.282054 17.268461 0.200000
96 36.195301 23.233677 0.000000 1.928378 1.513793 2.840487 5.916675 13.352476 0.250000
97 36.454136 22.742231 0.000000 1.608697 1.470035 2.687543 5.432221 11.867309 0.200006
98 36.304867 23.582226 0.000000 1.692366 1.479015 2.717796 5.539183 12.238474 0.190829
99 36.099339 23.723721 0.000000 1.586269 1.581869 3.080949 6.602647 15.178086 0.200000
100 36.187885 23.352636 0.000000 1.480045 1.391083 2.434743 4.750015 10.116923 0.200191
