%% Trajectory 9
%% frame x (pixel)     y (pixel)    z (pixel)      m0         m1           m2           m3           m4           s 
48 34.874031 18.537933 0.000000 1.391169 1.288326 2.095434 3.744430 7.212826 0.250569
49 34.913227 18.658400 0.000000 1.527045 1.277386 2.068198 3.691710 7.134417 0.250080
50 34.821121 18.477753 0.000000 1.720199 1.250837 1.970394 3.395840 6.292260 0.250021
51 34.980450 18.600460 0.000000 1.837080 1.312089 2.185323 4.031799 8.082470 0.250000
52 35.043633 18.458221 0.000000 2.128938 1.352504 2.295854 4.289108 8.634689 0.250741
54 34.858292 18.340866 0.000000 2.144125 1.267291 2.025508 3.562646 6.782974 0.250016
55 34.791351 18.294193 0.000000 2.177319 1.258694 1.999118 3.479397 6.519051 0.250000
56 34.800068 18.275417 0.000000 2.265036 1.253297 1.979671 3.423552 6.368397 0.250000
57 34.819469 18.373074 0.000000 2.051100 1.245504 1.957167 3.366537 6.230268 0.205958
58 34.743305 18.372345 0.000000 2.327746 1.256536 1.997437 3.499612 6.653132 0.200246
59 34.763824 18.298841 0.000000 2.585591 1.259724 2.000589 3.485599 6.548800 0.205578
60 34.832130 18.360065 0.000000 2.325885 1.269575 2.029445 3.554698 6.700726 0.249392
61 34.766636 18.419989 0.000000 2.527133 1.228065 1.905721 3.238133 5.928466 0.201757
62 34.676945 18.330166 0.000000 2.357960 1.215099 1.865047 3.133486 5.678042 0.200000
63 34.816704 18.449030 0.000000 2.389933 1.236520 1.932950 3.307952 6.093317 0.200000
64 34.860191 18.639914 0.000000 2.159376 1.239930 1.941569 3.328106 6.139727 0.200000
65 34.720322 18.775736 0.000000 2.324235 1.226905 1.910760 3.275093 6.089770 0.201127
66 34.612507 19.040585 0.000000 2.289527 1.262956 2.021355 3.577538 6.895854 0.201404
67 34.775173 19.127293 0.000000 2.339241 1.275750 2.056513 3.649823 7.007126 0.171010
68 34.770969 19.135933 0.000000 1.843275 1.210933 1.865715 3.153656 5.756651 0.142961
69 34.750263 19.430803 0.000000 2.214410 1.233315 1.919351 3.269405 5.996742 0.174528
70 34.579445 19.497568 0.000000 1.790574 1.175459 1.756893 2.873154 5.079422 0.142863
