%% Trajectory 7
%% frame x (pixel)     y (pixel)    z (pixel)      m0         m1           m2           m3           m4           s 
19 65.559181 34.311043 0.000000 1.638481 1.296989 2.099363 3.712964 7.038119 0.250000
21 65.615021 34.597870 0.000000 1.688327 1.273066 2.026402 3.527788 6.599466 0.166993
23 65.448372 34.698891 0.000000 1.739879 1.317920 2.183051 3.987258 7.887180 0.200000
25 65.603676 34.226105 0.000000 1.980388 1.357214 2.291552 4.246436 8.466011 0.204899
26 65.561737 34.485168 0.000000 2.186373 1.289888 2.084316 3.687855 7.015290 0.416175
27 65.632263 34.407688 0.000000 2.055177 1.327388 2.215469 4.091266 8.211071 0.326646
28 65.455544 34.339764 0.000000 1.975804 1.263158 2.009877 3.513336 6.637435 0.261308
29 65.628456 34.418930 0.000000 2.023701 1.330206 2.219551 4.089590 8.172242 0.250000
30 65.417671 34.438602 0.000000 2.537204 1.256395 1.983927 3.432199 6.397489 0.264529
31 65.557404 34.551147 0.000000 2.004102 1.271512 2.024486 3.521436 6.571267 0.250000
32 65.561211 34.466770 0.000000 1.790053 1.251087 1.978742 3.435957 6.443359 0.250000
33 65.638237 34.517967 0.000000 2.031312 1.289705 2.103284 3.807240 7.531436 0.169496
34 65.606873 34.594296 0.000000 1.676788 1.269019 2.044841 3.655108 7.140672 0.169431
35 65.665375 34.375927 0.000000 1.864242 1.293375 2.107729 3.794619 7.423644 0.200023
36 65.259621 34.430756 0.000000 1.941745 1.270628 2.023002 3.532861 6.656087 0.262607
37 64.924759 34.497536 0.000000 2.049825 1.300570 2.142176 3.914725 7.805195 0.250127
38 64.784103 34.652458 0.000000 2.300431 1.303159 2.147048 3.922724 7.817796 0.200000
39 64.708153 34.524780 0.000000 2.132516 1.219851 1.877213 3.160906 5.736784 0.200000
40 64.800438 34.738758 0.000000 1.824004 1.290681 2.126745 3.895073 7.795609 0.211531
