%% Trajectory 25
%% frame x (pixel)     y (pixel)    z (pixel)      m0         m1           m2           m3           m4           s 
108 47.377106 17.582977 0.000000 0.827662 1.333204 2.304183 4.513016 9.804102 0.166995
110 47.950268 17.193037 0.000000 0.996207 1.513466 2.871482 6.055049 13.817644 0.149156
111 48.176296 17.534952 0.000000 1.026173 1.321959 2.238526 4.227804 8.729406 0.200042
113 47.414692 17.248699 0.000000 1.463471 1.594839 3.134910 6.787510 15.772943 0.200721
114 47.565437 17.095966 0.000000 1.505463 1.542440 2.951177 6.243801 14.248706 0.466793
115 47.679905 17.250298 0.000000 1.336685 1.449143 2.663753 5.466437 12.207438 0.166954
116 47.678146 17.174149 0.000000 1.796107 1.403573 2.480526 4.867804 10.376862 0.166667
117 47.865158 17.340342 0.000000 2.020836 1.366599 2.355505 4.497694 9.327509 0.166667
118 47.961525 17.437498 0.000000 2.112035 1.473533 2.718361 5.565083 12.340839 0.250000
119 47.856735 17.164616 0.000000 2.314664 1.378875 2.377465 4.521744 9.297536 0.200000
120 47.656399 17.398399 0.000000 2.381544 1.424660 2.522469 4.912488 10.303490 0.142857
121 47.429729 17.256170 0.000000 2.838474 1.388119 2.412858 4.635624 9.643119 0.166667
122 47.423321 17.689203 0.000000 3.199435 1.370720 2.342703 4.401846 8.911172 0.200000
123 47.153114 17.749037 0.000000 3.212512 1.435012 2.559373 5.028956 10.651317 0.200000
124 47.343323 18.045313 0.000000 2.617508 1.416313 2.525132 5.000782 10.761202 0.200000
125 47.203060 18.156353 0.000000 3.255050 1.383751 2.404813 4.636592 9.715786 0.200000
126 47.057247 17.914686 0.000000 2.928442 1.453127 2.634801 5.291111 11.498193 0.200000
127 46.865540 18.399427 0.000000 3.037891 1.475115 2.697994 5.446034 11.859748 0.250000
128 46.705448 18.364946 0.000000 2.923353 1.407329 2.453320 4.703900 9.721975 0.333333
129 46.728737 19.056446 0.000000 3.065664 1.468711 2.669691 5.353241 11.572677 0.250000
130 46.690094 19.485050 0.000000 2.851200 1.365672 2.325380 4.365844 8.867308 0.250000
131 46.053925 19.507397 0.000000 2.626307 1.478492 2.719053 5.531264 12.160033 0.333333
133 46.696068 20.329979 0.000000 1.019547 1.742144 3.676786 8.491385 20.875948 0.130976
