%% Trajectory 8
%% frame x (pixel)     y (pixel)    z (pixel)      m0         m1           m2           m3           m4           s 
45 38.508984 21.138128 0.000000 1.387988 1.232570 1.924181 3.306210 6.164523 0.200011
46 38.428322 21.004269 0.000000 1.451406 1.294659 2.125961 3.875832 7.713606 0.170097
47 38.538418 21.066179 0.000000 1.419835 1.260375 2.005025 3.509164 6.649316 0.200008
49 38.575176 21.181860 0.000000 1.537703 1.288933 2.089693 3.725276 7.176449 0.250090
50 38.609077 21.260258 0.000000 1.913957 1.245986 1.954328 3.352499 6.183651 0.255619
51 38.629181 21.215742 0.000000 2.098548 1.249028 1.962240 3.370651 6.223113 0.250000
52 38.701950 21.232777 0.000000 1.882887 1.271556 2.028070 3.534353 6.606432 0.250007
53 38.559380 21.162125 0.000000 1.786881 1.269195 2.025730 3.545633 6.688894 0.200000
54 38.595135 21.277424 0.000000 1.796976 1.272831 2.038103 3.578797 6.772388 0.250000
55 38.556496 21.330750 0.000000 2.041144 1.280479 2.063693 3.656660 7.003161 0.250003
56 38.561924 21.272720 0.000000 1.908374 1.282357 2.080767 3.729579 7.264834 0.250000
57 38.492455 21.347517 0.000000 2.000188 1.294680 2.115137 3.817095 7.483020 0.250002
58 38.533825 21.405882 0.000000 1.735743 1.266862 2.010923 3.488573 6.496501 0.200000
59 38.500946 21.504749 0.000000 2.100395 1.270333 2.024463 3.533716 6.639640 0.177433
60 38.496677 21.481426 0.000000 1.924259 1.254058 1.977749 3.410215 6.317651 0.200000
61 38.460678 21.318005 0.000000 2.369890 1.252806 1.972160 3.395115 6.282696 0.200003
62 38.464203 21.361700 0.000000 2.304447 1.255586 1.979989 3.413984 6.324758 0.200022
63 38.523903 21.313854 0.000000 1.853384 1.268186 2.024941 3.550494 6.722497 0.200000
64 38.504971 21.275005 0.000000 2.154485 1.279499 2.054296 3.612303 6.833174 0.200007
65 38.457825 21.329184 0.000000 2.296943 1.247678 1.962038 3.378197 6.263163 0.250001
66 38.394821 21.379187 0.000000 2.353429 1.251155 1.969935 3.391959 6.277006 0.250001
67 38.431034 21.425253 0.000000 2.531712 1.274198 2.033783 3.546273 6.631426 0.250003
68 38.557713 21.314508 0.000000 2.222327 1.245360 1.949800 3.339357 6.152794 0.250000
69 38.407810 21.379583 0.000000 3.137406 1.262715 2.002621 3.471226 6.458365 0.250005
70 38.468189 21.321127 0.000000 3.212230 1.284438 2.065685 3.626966 6.820673 0.250070
71 38.438511 21.250925 0.000000 2.839766 1.273951 2.035199 3.559449 6.695607 0.250000
72 38.485146 21.284756 0.000000 2.929713 1.273221 2.030063 3.536009 6.605986 0.250000
73 38.368168 21.256405 0.000000 3.142931 1.293913 2.099224 3.733088 7.145183 0.250000
74 38.495632 21.328241 0.000000 3.031643 1.263596 2.002873 3.469828 6.453682 0.200000
75 38.408264 21.231205 0.000000 3.298015 1.282611 2.065809 3.650676 6.956141 0.200030
76 38.457188 21.267540 0.000000 3.213257 1.266376 2.011282 3.491170 6.504341 0.200001
77 38.357334 21.271166 0.000000 3.339905 1.271776 2.026834 3.529268 6.592116 0.200045
78 38.386364 21.141376 0.000000 3.747351 1.302979 2.138788 3.872317 7.596758 0.202785
79 38.336964 21.361990 0.000000 3.701614 1.263648 2.003929 3.473127 6.461571 0.200000
80 38.334949 21.216532 0.000000 3.167533 1.272571 2.038805 3.587963 6.819851 0.200000
81 38.410625 21.281616 0.000000 3.229593 1.256818 1.984586 3.425775 6.351907 0.200000
82 38.433224 21.251362 0.000000 3.139141 1.276130 2.041779 3.573798 6.720396 0.250003
83 38.481037 21.078932 0.000000 2.805800 1.295509 2.114532 3.809543 7.448339 0.142900
84 38.523075 21.255817 0.000000 2.942255 1.259875 1.990753 3.438480 6.378949 0.166670
85 38.431549 21.214769 0.000000 3.408153 1.270507 2.028213 3.547626 6.681872 0.166667
86 38.542149 21.286009 0.000000 3.347031 1.280180 2.050943 3.588455 6.729491 0.200000
87 38.533787 21.344387 0.000000 3.259504 1.284148 2.066528 3.638816 6.883453 0.142857
88 38.494221 21.173504 0.000000 3.259275 1.269681 2.024518 3.536856 6.653701 0.142857
89 38.449097 21.280220 0.000000 3.477010 1.278384 2.043833 3.569544 6.685269 0.125001
90 38.664688 21.300024 0.000000 3.495082 1.272319 2.031129 3.542619 6.626479 0.142859
91 38.515732 21.085712 0.000000 3.406006 1.298946 2.129628 3.859599 7.603290 0.125055
92 38.413429 21.168062 0.000000 3.407086 1.289968 2.095686 3.749014 7.257750 0.142858
93 38.448849 21.128679 0.000000 3.861141 1.307607 2.148894 3.886485 7.595969 0.198212
94 38.548470 21.041492 0.000000 3.419049 1.283133 2.077778 3.706647 7.162099 0.142865
95 38.525021 21.179304 0.000000 3.306519 1.282673 2.069097 3.669266 7.031915 0.185498
96 38.545517 21.165600 0.000000 3.044522 1.256105 1.985856 3.434346 6.383025 0.142991
97 38.497234 21.151443 0.000000 3.429852 1.276759 2.056568 3.650612 7.025232 0.166668
98 38.604923 21.372957 0.000000 3.171569 1.262083 2.002633 3.481098 6.516072 0.142863
99 38.610035 21.530037 0.000000 2.913658 1.275491 2.057666 3.663131 7.081272 0.167331
100 38.695568 21.638981 0.000000 2.709909 1.261491 1.998550 3.463760 6.452419 0.319330
101 38.811172 21.757893 0.000000 2.863877 1.308326 2.163644 3.963379 7.901628 0.218835
102 38.753941 21.883987 0.000000 2.836931 1.328496 2.234501 4.171497 8.483030 0.189060
103 38.735527 22.063677 0.000000 2.378296 1.360314 2.360456 4.577975 9.721219 0.166683
104 38.613297 22.085249 0.000000 2.267695 1.346729 2.305765 4.406381 9.218364 0.200000
105 38.445042 22.377426 0.000000 2.194447 1.353045 2.314587 4.401026 9.126270 0.166667
106 38.669815 22.488676 0.000000 1.918536 1.380341 2.416836 4.728514 10.129731 0.200000
