%% Trajectory 34
%% frame x (pixel)     y (pixel)    z (pixel)      m0         m1           m2           m3           m4           s 
129 56.763523 47.781406 0.000000 2.166495 1.279044 2.097049 3.824013 7.614199 0.166667
131 56.929173 47.619556 0.000000 2.670196 1.265388 2.054579 3.696927 7.235260 0.166667
132 56.954662 47.775742 0.000000 2.903402 1.326302 2.242093 4.222387 8.678946 0.167082
133 56.919643 47.550831 0.000000 2.669507 1.359477 2.339648 4.487010 9.396104 0.178509
134 57.041885 47.552189 0.000000 2.941297 1.297960 2.109564 3.754724 7.179770 0.195184
135 56.672485 47.637001 0.000000 3.287407 1.218843 1.881297 3.178281 5.785455 0.200012
136 56.817749 47.660385 0.000000 3.736407 1.299570 2.139431 3.887287 7.653399 0.166667
137 56.867428 47.717003 0.000000 3.828390 1.310905 2.165127 3.949931 7.812573 0.210414
138 56.707687 47.725658 0.000000 4.073246 1.252620 1.984027 3.454656 6.503367 0.200436
139 56.842896 47.887722 0.000000 3.661943 1.258260 1.996615 3.473402 6.508474 0.200001
140 56.965023 47.783974 0.000000 4.187410 1.322264 2.211249 4.087755 8.189086 0.316504
141 56.680222 47.784359 0.000000 4.109505 1.252913 1.982579 3.437599 6.419646 0.166667
142 56.802116 47.929768 0.000000 4.241482 1.296393 2.116244 3.804466 7.395175 0.200000
143 56.849949 47.653305 0.000000 4.716843 1.299637 2.118237 3.786022 7.282426 0.142857
144 56.684952 47.847565 0.000000 5.260406 1.316589 2.177704 3.962282 7.779303 0.200000
145 56.816502 47.974075 0.000000 4.884919 1.318362 2.199075 4.057454 8.119002 0.250000
146 56.934891 47.932781 0.000000 5.268374 1.344617 2.271271 4.230174 8.509279 0.250000
147 56.771107 47.981747 0.000000 5.710241 1.346218 2.293205 4.332152 8.896996 0.250000
148 56.681084 47.779243 0.000000 5.834160 1.341823 2.244609 4.113016 8.089252 0.250000
149 56.751389 47.794167 0.000000 5.759697 1.317644 2.185969 3.992208 7.873634 0.250000
150 56.787830 47.944786 0.000000 5.503560 1.374779 2.369132 4.506090 9.263358 0.250000
151 56.705196 47.891052 0.000000 5.899454 1.324305 2.204709 4.046217 8.031178 0.200000
152 56.749538 47.805851 0.000000 5.751624 1.285882 2.081441 3.696669 7.072077 0.200000
153 56.761501 47.904133 0.000000 5.701428 1.320243 2.190915 4.005071 7.912406 0.200000
154 56.733643 47.750732 0.000000 6.539296 1.321129 2.188390 3.983943 7.820771 0.200000
155 56.698730 47.768768 0.000000 5.856221 1.353090 2.292793 4.278607 8.621405 0.200000
156 56.608501 47.934620 0.000000 6.009863 1.329314 2.212473 4.045300 7.968617 0.200000
157 56.612720 47.882439 0.000000 5.802529 1.365740 2.336917 4.415384 9.031969 0.200000
158 56.326134 47.715260 0.000000 5.739105 1.325227 2.187502 3.948031 7.640289 0.200000
159 56.251244 47.502670 0.000000 5.393702 1.318281 2.160826 3.864849 7.394590 0.200000
160 56.161343 47.590744 0.000000 5.900177 1.320778 2.167886 3.882719 7.437749 0.250000
161 56.120323 47.396423 0.000000 6.366809 1.350110 2.274043 4.211483 8.411461 0.250000
162 56.119232 47.359489 0.000000 6.334141 1.341634 2.250099 4.141461 8.197007 0.250000
163 56.038700 47.228333 0.000000 6.829691 1.381811 2.385683 4.540256 9.330260 0.250000
164 55.883389 47.003681 0.000000 6.343607 1.393777 2.447695 4.772742 10.112722 0.333333
165 55.850250 47.068890 0.000000 5.810676 1.403607 2.477106 4.863957 10.404019 0.250000
167 55.427799 47.241505 0.000000 4.059977 1.372032 2.345914 4.406291 8.911286 0.250000
168 55.196377 47.279137 0.000000 3.684667 1.455749 2.614233 5.154363 10.914765 0.250000
170 55.397758 46.765526 0.000000 2.042985 1.435996 2.594774 5.177641 11.140717 0.250002
173 55.562168 46.544022 0.000000 1.828078 1.402164 2.478984 4.871486 10.405034 0.180227
