%% Trajectory 48
%% frame x (pixel)     y (pixel)    z (pixel)      m0         m1           m2           m3           m4           s 
71 52.779339 53.450626 0.000000 0.959319 1.196163 1.804651 2.983608 5.337629 0.142893
73 52.130802 53.728085 0.000000 1.458985 1.335877 2.299884 4.435841 9.387044 0.250563
75 51.946812 53.162937 0.000000 1.797900 1.426631 2.584527 5.230233 11.530448 0.179756
76 51.674522 52.899704 0.000000 2.099046 1.327945 2.242287 4.213066 8.642097 0.264662
77 51.638485 52.850590 0.000000 2.361930 1.447096 2.655035 5.447591 12.188812 0.167580
78 51.285809 53.212070 0.000000 2.505886 1.387355 2.396831 4.547470 9.273979 0.321264
79 51.508881 53.403481 0.000000 2.068111 1.336943 2.279464 4.317377 8.907114 0.200062
81 51.697044 52.948048 0.000000 3.173181 1.427813 2.556536 5.075160 10.923347 0.308443
82 51.451015 53.130901 0.000000 3.445834 1.371072 2.341133 4.391618 8.868173 0.200000
83 51.618996 52.800652 0.000000 3.578439 1.408865 2.499280 4.919423 10.511033 0.250004
84 51.405979 53.130844 0.000000 3.334512 1.372871 2.366063 4.514081 9.347741 0.256875
85 51.535275 53.154453 0.000000 2.925846 1.328103 2.198911 3.985939 7.756802 0.203908
86 51.514080 53.020481 0.000000 3.502374 1.400973 2.450964 4.735812 9.895275 0.257754
87 51.618385 52.629028 0.000000 3.879030 1.368511 2.353521 4.483928 9.276883 0.262931
88 51.614990 52.428772 0.000000 3.673440 1.397308 2.406194 4.527554 9.119917 0.250402
89 51.783318 52.336929 0.000000 3.429302 1.362926 2.325717 4.375854 8.901615 0.250000
90 51.630558 52.434952 0.000000 3.386910 1.350085 2.270934 4.185615 8.288929 0.250000
91 51.657825 52.067707 0.000000 3.099781 1.365824 2.352497 4.487852 9.284101 0.250000
92 51.537399 51.819889 0.000000 3.350317 1.296921 2.102821 3.729098 7.096877 0.250000
93 51.739807 51.674526 0.000000 2.553596 1.337243 2.225244 4.053514 7.922346 0.250000
95 51.496685 51.558567 0.000000 3.060750 1.344269 2.260406 4.179738 8.337914 0.250303
96 51.648499 51.665352 0.000000 2.717020 1.261107 1.998737 3.460983 6.430412 0.250000
97 51.338230 52.113430 0.000000 2.308248 1.352984 2.301012 4.323196 8.796094 0.250000
98 50.914173 51.887470 0.000000 2.512645 1.376109 2.387718 4.584933 9.543727 0.250000
99 50.668808 51.587101 0.000000 2.184519 1.345301 2.278185 4.272657 8.709125 0.250000
