%% Trajectory 7
%% frame x (pixel)     y (pixel)    z (pixel)      m0         m1           m2           m3           m4           s 
27 51.958412 34.278854 0.000000 1.502492 1.429311 2.569032 5.140256 11.193416 0.167033
28 52.351013 34.226532 0.000000 1.578538 1.318267 2.180613 3.962009 7.759194 0.394042
29 52.601406 34.071793 0.000000 1.553932 1.523344 2.888162 6.072991 13.807634 0.223522
30 52.435200 34.428757 0.000000 2.059845 1.382753 2.379627 4.517323 9.270126 0.333430
32 52.090122 34.010689 0.000000 1.734145 1.451559 2.667943 5.462862 12.147509 0.250000
33 52.182758 34.226280 0.000000 1.838128 1.395136 2.430400 4.670780 9.691945 0.200008
34 52.314064 34.447670 0.000000 1.737675 1.363802 2.313977 4.310693 8.640497 0.333333
35 52.128880 34.359459 0.000000 2.176593 1.372951 2.368844 4.523747 9.369908 0.250020
36 51.806129 34.385807 0.000000 2.476051 1.377772 2.370933 4.502693 9.251389 0.250007
37 51.502415 34.557419 0.000000 2.168395 1.398895 2.424135 4.616128 9.463761 0.250000
38 51.366085 34.391415 0.000000 1.868830 1.342951 2.276100 4.277614 8.747285 0.333333
39 51.306816 34.645561 0.000000 2.104421 1.372521 2.369703 4.528859 9.387360 0.333333
40 51.178978 34.643402 0.000000 1.712873 1.368105 2.359143 4.516004 9.403655 0.333333
41 50.849197 34.402725 0.000000 1.709649 1.375170 2.386746 4.589056 9.576151 0.250000
42 50.596107 34.577358 0.000000 1.725574 1.410798 2.495137 4.883189 10.347971 0.250004
43 50.666203 35.302406 0.000000 1.733915 1.341139 2.298532 4.407951 9.271268 0.250000
44 50.574837 35.418362 0.000000 1.402734 1.304026 2.125392 3.794631 7.280450 0.250000
