%% Trajectory 27
%% frame x (pixel)     y (pixel)    z (pixel)      m0         m1           m2           m3           m4           s 
208 45.855553 53.354176 0.000000 2.201236 1.453085 2.634031 5.274670 11.396027 0.250000
210 46.071476 53.950775 0.000000 2.226039 1.528429 2.931819 6.238333 14.329657 0.333333
212 45.781326 53.696198 0.000000 3.113292 1.500329 2.800501 5.786289 12.912246 0.333333
213 45.663822 53.426994 0.000000 3.448089 1.425378 2.552554 5.080338 10.983300 0.333333
214 45.705517 53.425381 0.000000 3.521877 1.495108 2.760285 5.613924 12.283208 0.333334
215 45.927219 53.542984 0.000000 3.717531 1.527047 2.877433 5.974605 13.334433 0.333333
217 45.861332 53.544552 0.000000 4.916255 1.425114 2.537308 4.993427 10.617314 0.339476
218 45.677963 53.274834 0.000000 4.786900 1.453162 2.635963 5.295418 11.511992 0.333333
219 45.536087 53.264786 0.000000 5.404767 1.479791 2.732962 5.596492 12.405620 0.333333
220 45.612030 53.371391 0.000000 5.328177 1.468557 2.683287 5.424810 11.852698 0.333333
221 45.485119 53.260624 0.000000 5.242895 1.480479 2.716603 5.501602 12.013272 0.333333
222 45.715111 53.335716 0.000000 5.214579 1.447836 2.607502 5.172449 11.044830 0.333333
223 45.571045 52.952419 0.000000 5.001955 1.415727 2.522841 5.005438 10.816625 0.333333
224 45.741383 53.012424 0.000000 4.520312 1.472640 2.710515 5.529263 12.206786 0.250000
225 45.671898 52.839355 0.000000 4.535326 1.421659 2.529271 4.990926 10.687484 0.250000
226 45.550556 52.919735 0.000000 5.024987 1.418704 2.529349 5.010023 10.787308 0.250000
227 45.768681 52.556778 0.000000 4.850069 1.458934 2.662216 5.380895 11.766831 0.250000
228 46.047462 52.477909 0.000000 4.344167 1.451833 2.640371 5.329653 11.663960 0.333333
229 45.992718 52.606480 0.000000 3.840524 1.458480 2.655170 5.347694 11.642871 0.333333
230 45.847767 52.444214 0.000000 4.212069 1.399146 2.458102 4.779515 10.062204 0.250000
231 45.599670 52.509632 0.000000 3.430174 1.385028 2.405412 4.632910 9.700466 0.200000
232 45.584415 52.034962 0.000000 3.045538 1.318955 2.247382 4.323316 9.212254 0.250000
234 46.215836 50.798496 0.000000 2.959620 1.432795 2.618984 5.363882 12.006471 0.333333
