%% Trajectory 19
%% frame x (pixel)     y (pixel)    z (pixel)      m0         m1           m2           m3           m4           s 
89 40.648914 20.900015 0.000000 1.585849 1.354140 2.298066 4.294544 8.660224 0.333333
90 40.601646 21.295288 0.000000 1.620585 1.351936 2.272108 4.197209 8.359436 0.333333
91 41.033363 20.826752 0.000000 1.445660 1.408513 2.495623 4.898952 10.416862 0.333333
92 41.135536 21.245680 0.000000 1.945838 1.386706 2.417822 4.658280 9.708632 0.333333
93 41.192543 21.034273 0.000000 1.832973 1.370945 2.353803 4.451789 9.080194 0.333333
94 40.674911 21.290405 0.000000 2.209297 1.379748 2.386934 4.564782 9.452573 0.333333
95 40.752048 21.250280 0.000000 1.900494 1.342216 2.283231 4.294686 8.748239 0.333333
96 40.882000 21.268114 0.000000 2.077738 1.406491 2.481850 4.854706 10.303786 0.333333
97 40.605988 21.433050 0.000000 2.097439 1.387827 2.403965 4.572919 9.352470 0.333333
99 40.811001 20.918125 0.000000 2.078086 1.452752 2.627919 5.267039 11.440165 0.250000
100 40.956657 21.191498 0.000000 1.992246 1.446069 2.615200 5.246592 11.412078 0.333333
101 41.206856 21.386497 0.000000 2.294296 1.436699 2.586566 5.167991 11.202312 0.250000
102 41.184223 21.251003 0.000000 2.042735 1.408135 2.497387 4.910832 10.470733 0.250065
103 40.838120 21.383598 0.000000 2.127368 1.428841 2.583916 5.210649 11.450476 0.333333
104 40.983128 21.145634 0.000000 1.988588 1.418836 2.539466 5.059510 10.966474 0.250001
105 41.156925 21.328150 0.000000 2.314746 1.387901 2.402043 4.591512 9.496201 0.251138
106 40.870087 21.460232 0.000000 2.305609 1.442889 2.592278 5.161027 11.140000 0.250002
107 41.245026 21.351492 0.000000 2.288064 1.361806 2.326106 4.388544 8.967907 0.250863
109 40.851570 21.288031 0.000000 2.793287 1.389347 2.419033 4.663881 9.752825 0.250587
110 40.875332 21.474152 0.000000 2.533532 1.471523 2.709925 5.539758 12.275520 0.250001
111 40.816708 21.574875 0.000000 2.933127 1.420997 2.534000 5.010293 10.745957 0.250009
112 41.222961 21.545654 0.000000 2.769628 1.411300 2.490908 4.867208 10.302375 0.250170
113 40.623207 21.649267 0.000000 2.652400 1.517338 2.859984 5.981910 13.536160 0.250000
114 40.803146 21.598898 0.000000 2.938007 1.433388 2.575689 5.146441 11.183819 0.250015
115 41.194210 21.597713 0.000000 2.653835 1.377805 2.394590 4.629548 9.748403 0.302410
116 41.204521 21.415070 0.000000 3.365597 1.374980 2.372177 4.527977 9.370369 0.253414
117 41.197575 21.674192 0.000000 3.050678 1.347127 2.312610 4.433258 9.302525 0.251467
118 41.337788 21.577055 0.000000 2.483766 1.386691 2.433214 4.766563 10.198628 0.250048
119 41.156620 21.963930 0.000000 2.518958 1.482309 2.759106 5.700344 12.744371 0.253118
120 40.735138 22.461439 0.000000 2.633450 1.433437 2.591767 5.223874 11.463614 0.250000
122 40.194740 22.548750 0.000000 2.336282 1.506173 2.834035 5.926188 13.427747 0.250060
124 40.174408 23.800241 0.000000 2.543192 1.590267 3.106825 6.683468 15.443098 0.250000
125 40.206936 23.719887 0.000000 2.309937 1.596085 3.125163 6.735071 15.582166 0.250000
126 40.074627 24.099518 0.000000 2.478795 1.567438 3.035835 6.514341 15.091973 0.250000
128 38.827278 24.608334 0.000000 2.393715 1.633317 3.255157 7.124833 16.709763 0.250000
131 39.278633 25.072947 0.000000 2.266764 1.558849 2.968863 6.230333 14.067963 0.250000
132 38.648884 24.983862 0.000000 2.320497 1.567644 3.042783 6.530457 15.100348 0.250000
133 38.788097 25.347208 0.000000 2.667523 1.580862 3.045217 6.432026 14.548083 0.250000
134 39.169369 25.305092 0.000000 2.490397 1.587553 3.064942 6.487240 14.694431 0.250002
135 39.034218 25.814434 0.000000 2.624574 1.513838 2.846186 5.926360 13.327394 0.250034
136 38.950619 25.690922 0.000000 2.844321 1.529122 2.893646 6.047004 13.616270 0.250000
137 38.792439 26.119673 0.000000 2.631870 1.472852 2.688390 5.422295 11.817233 0.200000
138 38.744091 26.493338 0.000000 2.292463 1.524498 2.873884 5.992857 13.503040 0.171289
140 39.646416 26.568256 0.000000 1.337742 1.477690 2.704298 5.469625 11.945740 0.142958
