%% Trajectory 49
%% frame x (pixel)     y (pixel)    z (pixel)      m0         m1           m2           m3           m4           s 
188 64.756744 56.498058 0.000000 0.897574 1.186531 1.787591 2.973827 5.412878 0.166682
189 64.547554 56.598396 0.000000 1.137583 1.378539 2.402989 4.640222 9.704912 0.200000
191 63.376968 56.655769 0.000000 2.478384 1.457224 2.666719 5.442046 12.093791 0.250000
192 63.286335 56.387871 0.000000 3.230345 1.388908 2.421869 4.674789 9.783416 0.250550
193 63.461918 56.515350 0.000000 2.516100 1.516629 2.856153 5.963349 13.459814 0.290590
194 63.367737 56.748619 0.000000 1.850174 1.406912 2.475650 4.825726 10.204651 0.200000
196 64.363441 56.928646 0.000000 2.109465 1.390578 2.455496 4.851379 10.491467 0.200000
197 64.436035 56.701286 0.000000 2.335873 1.400094 2.454750 4.767335 10.050047 0.200510
198 64.524727 56.716167 0.000000 2.442452 1.317885 2.169952 3.920299 7.626323 0.250000
199 64.623199 56.738552 0.000000 2.265062 1.426059 2.533354 4.964187 10.509890 0.250000
200 64.307037 56.905952 0.000000 2.844323 1.426573 2.544088 5.013535 10.674187 0.250000
201 64.275650 56.413513 0.000000 3.335384 1.411263 2.463414 4.715419 9.697042 0.250000
202 64.391296 56.382484 0.000000 2.706008 1.369903 2.316666 4.263385 8.359204 0.250000
204 64.271927 56.835583 0.000000 3.613512 1.369266 2.333396 4.360511 8.754703 0.329988
205 64.132545 56.649082 0.000000 3.732159 1.414523 2.488596 4.822350 10.078959 0.250000
206 64.316650 56.673286 0.000000 3.836484 1.357733 2.304799 4.305861 8.682811 0.250000
207 64.353333 56.466122 0.000000 4.492738 1.385494 2.395344 4.572186 9.449526 0.411543
208 64.314697 56.458141 0.000000 4.878044 1.382815 2.381423 4.514400 9.237292 0.250000
209 64.210953 56.443817 0.000000 4.888788 1.400317 2.430370 4.632388 9.502391 0.200000
210 64.239502 56.557831 0.000000 4.893665 1.389376 2.395535 4.526044 9.178428 0.200000
211 64.323257 56.494843 0.000000 4.423187 1.377311 2.350603 4.400986 8.864276 0.250000
212 64.325607 56.314232 0.000000 4.351967 1.412437 2.473375 4.766039 9.905168 0.200000
213 64.312408 56.286037 0.000000 4.703147 1.431224 2.528623 4.895851 10.170943 0.200000
214 64.123116 56.205681 0.000000 4.592117 1.432908 2.544749 4.968331 10.438658 0.200000
215 64.333252 56.281700 0.000000 3.917417 1.442268 2.548511 4.914435 10.124074 0.200001
216 63.979504 56.140739 0.000000 3.969265 1.495923 2.773872 5.682623 12.562024 0.205058
217 63.823296 55.981583 0.000000 4.065492 1.514951 2.842949 5.897856 13.208726 0.313583
218 63.594452 55.783592 0.000000 4.276936 1.422090 2.517931 4.919534 10.386497 0.266276
219 63.519440 55.912342 0.000000 4.369139 1.407994 2.476223 4.814401 10.133170 0.250001
221 62.914139 55.860168 0.000000 4.850598 1.448036 2.610377 5.198723 11.187138 0.250000
222 62.852978 55.824493 0.000000 4.299868 1.474115 2.688917 5.410187 11.739462 0.277772
223 62.420898 56.332245 0.000000 4.023066 1.419902 2.492393 4.800833 9.932834 0.250000
224 62.701202 56.281719 0.000000 4.243347 1.451607 2.602654 5.131446 10.887670 0.250000
225 62.217022 56.700256 0.000000 4.176322 1.407980 2.471493 4.776874 9.951533 0.250000
226 62.297447 56.733208 0.000000 3.828529 1.441088 2.577072 5.088445 10.864410 0.250000
228 62.542454 57.162899 0.000000 3.060735 1.442324 2.575507 5.063807 10.723270 0.256109
229 62.437778 56.789257 0.000000 2.663584 1.407584 2.482278 4.847987 10.273276 0.250001
230 62.813084 57.037090 0.000000 2.119765 1.382419 2.411713 4.689672 9.950465 0.250036
231 62.495079 56.794804 0.000000 1.597411 1.427120 2.541795 5.035562 10.868595 0.200108
233 62.552174 56.808182 0.000000 1.693182 1.427149 2.562282 5.105864 11.045379 0.200000
234 61.941288 56.477028 0.000000 1.816251 1.454525 2.657584 5.400240 11.919131 0.166667
236 61.533478 57.842182 0.000000 1.209572 1.430200 2.568656 5.121772 11.083877 0.200000
