%% Trajectory 29
%% frame x (pixel)     y (pixel)    z (pixel)      m0         m1           m2           m3           m4           s 
148 34.141254 42.855194 0.000000 1.408622 1.307650 2.161608 3.957349 7.875741 0.243468
150 34.151379 42.666962 0.000000 1.451906 1.331463 2.230753 4.123145 8.242915 0.196877
151 34.076126 42.722618 0.000000 1.480602 1.346999 2.293676 4.330964 8.883365 0.178244
152 34.200748 42.700924 0.000000 1.644286 1.296247 2.107019 3.762968 7.253552 0.282756
153 34.019802 42.736664 0.000000 1.497991 1.317864 2.197400 4.069237 8.213478 0.157680
154 34.177788 42.737419 0.000000 1.626728 1.349725 2.280322 4.251826 8.580643 0.227743
155 34.338593 42.658985 0.000000 1.791503 1.289637 2.087040 3.701922 7.066442 0.195870
156 34.367805 42.735756 0.000000 1.727837 1.305749 2.137650 3.851415 7.503377 0.198819
157 34.258347 42.845238 0.000000 1.496300 1.308482 2.154890 3.917111 7.715015 0.383419
158 34.186169 42.972466 0.000000 1.516847 1.403657 2.488135 4.915491 10.577831 0.153813
159 34.375290 42.741920 0.000000 1.564078 1.299247 2.120306 3.803705 7.364946 0.231585
160 34.360428 42.846794 0.000000 1.840621 1.346749 2.292211 4.330825 8.906270 0.271853
161 34.412987 42.741524 0.000000 1.642816 1.280897 2.074728 3.697907 7.124069 0.145743
162 34.453365 42.785107 0.000000 2.010938 1.342637 2.257247 4.180612 8.365891 0.215883
163 34.526581 42.865948 0.000000 1.582405 1.356563 2.328853 4.441800 9.222595 0.200000
164 34.496178 42.670513 0.000000 1.524411 1.294657 2.109536 3.791903 7.392471 0.226021
165 34.501743 42.702541 0.000000 1.719326 1.281491 2.057259 3.621749 6.869730 0.169480
166 34.510445 42.800526 0.000000 2.177984 1.362755 2.345361 4.483917 9.331905 0.180493
167 34.616070 42.665817 0.000000 1.947079 1.300073 2.116548 3.786298 7.311543 0.205791
168 34.922794 42.186745 0.000000 1.708721 1.346046 2.271344 4.223920 8.482648 0.200023
169 34.821068 42.548042 0.000000 1.777267 1.300943 2.118173 3.774075 7.219186 0.221812
170 34.905697 42.274609 0.000000 1.680009 1.327844 2.219826 4.092134 8.158600 0.214260
171 34.851990 42.380955 0.000000 1.743772 1.307786 2.155000 3.920180 7.736600 0.293601
172 34.874866 42.281120 0.000000 1.750572 1.386069 2.415521 4.670876 9.811896 0.200000
173 35.020641 42.153217 0.000000 1.615166 1.359012 2.328648 4.426947 9.148232 0.200065
174 34.979221 41.959660 0.000000 1.531974 1.371120 2.400259 4.685944 9.979941 0.200013
175 34.575138 41.525124 0.000000 1.918725 1.326265 2.210912 4.071527 8.137038 0.200046
176 34.586353 41.516865 0.000000 1.718876 1.280394 2.057461 3.615594 6.820451 0.302905
177 34.725155 41.410225 0.000000 1.767923 1.300211 2.125894 3.809402 7.339071 0.320952
