%% Trajectory 15
%% frame x (pixel)     y (pixel)    z (pixel)      m0         m1           m2           m3           m4           s 
72 23.820618 18.804550 0.000000 1.628508 1.265516 2.015017 3.515737 6.602379 0.200184
73 23.489704 18.885925 0.000000 1.863545 1.295199 2.107844 3.773494 7.302647 0.250000
74 23.658358 18.806049 0.000000 2.113727 1.321141 2.183421 3.959849 7.734150 0.250000
75 23.740648 18.992027 0.000000 2.247065 1.325213 2.218754 4.104492 8.227220 0.250000
76 23.702921 18.879856 0.000000 2.227779 1.332342 2.230106 4.110752 8.182489 0.200000
77 23.654221 18.865917 0.000000 2.432045 1.333068 2.225793 4.092834 8.137258 0.381905
78 23.525230 18.721922 0.000000 2.278517 1.304172 2.118455 3.753561 7.112430 0.267879
79 23.683893 18.938190 0.000000 2.453218 1.352538 2.290650 4.268943 8.579195 0.250165
80 23.667961 18.863386 0.000000 2.588268 1.272629 2.032817 3.551244 6.661662 0.418024
81 23.715029 18.802954 0.000000 2.475931 1.298491 2.099216 3.702472 6.987646 0.205497
82 23.765865 18.618702 0.000000 2.773759 1.306512 2.133713 3.812109 7.309748 0.202108
83 23.896486 18.697407 0.000000 2.875739 1.315039 2.159770 3.880960 7.483200 0.250573
84 23.957243 18.692327 0.000000 3.039956 1.343535 2.265792 4.216915 8.494867 0.250045
85 24.013554 18.845476 0.000000 3.145801 1.361956 2.333796 4.418281 9.051127 0.250000
86 23.890154 18.773354 0.000000 3.247337 1.372980 2.347518 4.410261 8.919978 0.251214
87 23.868475 18.787405 0.000000 3.519853 1.350623 2.275223 4.207961 8.374670 0.252950
88 23.850084 18.822121 0.000000 3.299037 1.350505 2.280463 4.232319 8.459456 0.261136
89 23.955778 18.795347 0.000000 3.468919 1.363758 2.326947 4.372345 8.861866 0.250001
90 23.889336 18.895227 0.000000 3.752974 1.356115 2.305202 4.313425 8.705070 0.250000
91 24.104078 18.810072 0.000000 3.823639 1.348287 2.281868 4.259007 8.593836 0.250000
92 24.112083 18.670172 0.000000 3.400619 1.335378 2.239007 4.130330 8.216668 0.288219
93 24.138823 18.711826 0.000000 3.691028 1.327064 2.206196 4.020049 7.867679 0.297108
94 24.255404 18.743328 0.000000 3.716989 1.312019 2.147106 3.841485 7.368726 0.267676
95 24.632565 18.891584 0.000000 3.359836 1.324006 2.194836 3.997008 7.845552 0.200000
96 24.699547 19.345583 0.000000 3.490606 1.297207 2.110382 3.765764 7.236794 0.250000
97 24.823723 19.361389 0.000000 3.430897 1.304959 2.144649 3.891200 7.662469 0.207126
98 24.740591 19.472233 0.000000 3.234436 1.285823 2.082887 3.715424 7.175714 0.177812
99 24.889477 19.937235 0.000000 3.089936 1.355506 2.321668 4.409751 9.101140 0.200000
100 25.152311 20.348742 0.000000 2.995369 1.329263 2.216963 4.065621 8.035770 0.200000
101 24.711742 20.785177 0.000000 2.892470 1.420728 2.539262 5.046204 10.908560 0.166667
102 24.706623 20.651171 0.000000 3.307947 1.327756 2.207919 4.027912 7.906270 0.247663
103 24.182228 20.724451 0.000000 2.714164 1.337510 2.229879 4.067474 7.953897 0.200009
104 24.488377 21.103670 0.000000 2.456652 1.320274 2.192133 4.017367 7.980753 0.250000
105 24.299494 21.252954 0.000000 2.503206 1.324395 2.193443 3.984963 7.791773 0.207331
