%% Trajectory 35
%% frame x (pixel)     y (pixel)    z (pixel)      m0         m1           m2           m3           m4           s 
178 37.509495 16.157845 0.000000 1.292258 1.169485 1.776834 2.992698 5.525089 0.250000
179 37.404308 16.153099 0.000000 1.311959 1.247380 2.011690 3.634764 7.257404 0.200019
181 37.414803 16.282410 0.000000 1.578817 1.242703 2.028649 3.756741 7.765743 0.206204
182 37.583862 15.953232 0.000000 1.542647 1.169755 1.759398 2.908150 5.212950 0.150085
183 37.432861 16.013481 0.000000 1.428874 1.241789 2.026308 3.713276 7.509131 0.166667
184 37.535164 16.036953 0.000000 1.378268 1.169242 1.762536 2.916140 5.220961 0.200000
185 37.412338 16.018188 0.000000 1.680876 1.285155 2.105927 3.826317 7.575098 0.166774
186 37.700542 15.923304 0.000000 1.711208 1.266870 2.036540 3.594356 6.832246 0.200000
187 37.663319 16.221458 0.000000 2.095930 1.253823 2.036056 3.722777 7.554046 0.167201
188 37.591213 16.231304 0.000000 2.303570 1.211211 1.874088 3.194858 5.919697 0.200003
189 37.716110 16.341822 0.000000 2.393171 1.225668 1.915856 3.308839 6.230073 0.200918
190 37.706150 16.396963 0.000000 3.048825 1.202148 1.825458 3.031056 5.428936 0.200953
191 37.776524 16.585665 0.000000 3.219094 1.284310 2.081421 3.718438 7.198766 0.168488
192 37.707832 16.448627 0.000000 3.232996 1.229535 1.912148 3.261079 6.005835 0.167538
193 37.803272 16.440996 0.000000 2.957201 1.241537 1.958424 3.406081 6.429794 0.200042
194 37.848812 16.278522 0.000000 3.178604 1.257762 2.006059 3.530557 6.744963 0.146806
195 37.717499 16.399937 0.000000 2.971012 1.247730 1.962643 3.375961 6.240097 0.159712
196 37.717014 16.512819 0.000000 3.466807 1.268893 2.031776 3.574224 6.790108 0.166837
197 37.666336 16.541391 0.000000 3.316175 1.267639 2.026603 3.571451 6.828280 0.167668
198 37.663803 16.373665 0.000000 3.522446 1.250083 1.969405 3.395185 6.295950 0.166729
199 37.631016 16.274139 0.000000 3.528132 1.275033 2.046458 3.605185 6.849487 0.166667
200 37.721970 16.341953 0.000000 3.244897 1.321015 2.207005 4.094102 8.281530 0.236174
201 37.746151 16.579895 0.000000 3.722479 1.296359 2.128108 3.864580 7.633090 0.200000
202 37.713127 16.385303 0.000000 3.755840 1.276147 2.045102 3.583962 6.741745 0.200000
203 37.719444 16.382915 0.000000 4.096480 1.265720 2.015376 3.514809 6.595667 0.166760
204 37.746952 16.660137 0.000000 4.566601 1.309081 2.140171 3.824214 7.323925 0.200000
205 37.537136 16.323044 0.000000 4.680909 1.291533 2.103885 3.771147 7.307229 0.166667
206 37.503559 16.265419 0.000000 4.833796 1.307150 2.146651 3.867208 7.497154 0.200000
207 37.433723 16.232521 0.000000 4.791137 1.329873 2.195104 3.949057 7.585428 0.166667
208 37.568119 16.254822 0.000000 4.935661 1.347054 2.260817 4.160279 8.230237 0.166667
209 37.311249 16.415203 0.000000 5.157478 1.359861 2.293908 4.236511 8.398170 0.166667
210 37.388409 16.305300 0.000000 4.912374 1.333318 2.212534 4.014930 7.810830 0.142857
211 37.383602 16.291557 0.000000 4.990990 1.329003 2.197110 3.969778 7.685095 0.166667
212 37.324142 16.340918 0.000000 4.832266 1.356223 2.285537 4.215813 8.342362 0.142857
213 37.165615 16.549778 0.000000 4.904521 1.367953 2.333332 4.378233 8.858736 0.166667
214 37.080681 16.689655 0.000000 4.933419 1.371564 2.358034 4.482699 9.234361 0.166667
215 36.934029 16.724739 0.000000 4.923391 1.388086 2.417062 4.655735 9.719739 0.200000
216 36.687328 16.758841 0.000000 4.845520 1.371294 2.349622 4.444908 9.105313 0.166667
217 36.663464 16.717678 0.000000 4.412344 1.352484 2.286829 4.252426 8.528454 0.167597
218 36.455563 16.813644 0.000000 4.368523 1.362216 2.315844 4.326874 8.708407 0.178353
219 36.376709 17.263342 0.000000 4.404569 1.365335 2.320498 4.330218 8.699988 0.209826
221 36.475750 17.590017 0.000000 3.315353 1.386768 2.399901 4.577414 9.431395 0.200000
222 36.681923 17.572613 0.000000 2.854286 1.459358 2.655153 5.346437 11.651294 0.200140
223 36.553196 17.476507 0.000000 2.895664 1.404444 2.455265 4.726340 9.812868 0.200000
