%% Trajectory 13
%% frame x (pixel)     y (pixel)    z (pixel)      m0         m1           m2           m3           m4           s 
53 49.105751 50.240860 0.000000 2.949509 1.499551 2.794256 5.759937 12.826773 0.200000
56 49.252495 50.845482 0.000000 2.576997 1.356433 2.315979 4.379677 8.996255 0.226655
57 49.238548 50.903488 0.000000 2.605479 1.360180 2.323725 4.388262 8.980043 0.200043
58 49.102589 51.186272 0.000000 2.822184 1.337762 2.249220 4.176555 8.406418 0.200047
59 49.096397 51.090687 0.000000 2.607157 1.391576 2.438399 4.743687 10.028157 0.200000
60 49.091728 51.150269 0.000000 2.658701 1.366907 2.353837 4.492236 9.311090 0.200000
61 49.128860 51.184452 0.000000 3.056199 1.339970 2.267908 4.255798 8.688226 0.200000
62 49.140942 51.109627 0.000000 3.284871 1.365816 2.343516 4.449978 9.164788 0.203820
63 49.103683 51.074677 0.000000 3.242735 1.354561 2.299849 4.298776 8.664286 0.228912
64 49.066261 51.059090 0.000000 3.423948 1.366996 2.344079 4.439456 9.096364 0.284339
65 49.207733 50.985909 0.000000 3.332356 1.344394 2.272123 4.227138 8.482092 0.250000
66 49.114452 51.107422 0.000000 3.389398 1.351904 2.287584 4.259274 8.550619 0.333333
67 49.150837 51.163158 0.000000 3.977220 1.331208 2.219231 4.061724 8.000117 0.333333
68 49.201080 51.017151 0.000000 3.851762 1.374012 2.371898 4.531002 9.382807 0.333333
69 49.175583 51.051605 0.000000 3.950855 1.345448 2.277724 4.258839 8.620307 0.333333
70 49.121838 50.952541 0.000000 4.021234 1.360791 2.330221 4.412197 9.051589 0.200000
71 49.082943 50.973808 0.000000 4.620940 1.373640 2.370331 4.522589 9.343575 0.207591
72 49.080421 51.053383 0.000000 4.775250 1.375905 2.369892 4.498741 9.217417 0.221846
73 49.152073 51.187344 0.000000 4.068013 1.320267 2.189254 3.994928 7.870395 0.166667
74 49.128967 51.059650 0.000000 4.806004 1.360786 2.318944 4.352490 8.811743 0.172013
75 49.089687 51.105488 0.000000 4.363173 1.359091 2.314847 4.344378 8.800043 0.200000
76 49.045864 51.073139 0.000000 4.974787 1.361283 2.325739 4.385197 8.936852 0.200000
77 48.957088 51.077644 0.000000 5.012259 1.375555 2.374430 4.522218 9.301717 0.200000
78 49.105827 51.046917 0.000000 5.191810 1.381973 2.391680 4.566566 9.419325 0.200000
79 48.923908 50.895748 0.000000 5.501079 1.366811 2.348873 4.462777 9.181427 0.200000
80 48.915443 50.989429 0.000000 4.922745 1.382198 2.402949 4.625516 9.651256 0.200000
81 48.903152 50.884945 0.000000 5.268262 1.371848 2.358351 4.476251 9.188676 0.224652
82 48.961578 50.924065 0.000000 4.849994 1.392644 2.430030 4.685557 9.773501 0.250004
83 48.757912 50.712090 0.000000 4.798108 1.311798 2.156872 3.892644 7.568187 0.250000
84 48.847069 50.555107 0.000000 4.438551 1.310756 2.162960 3.938651 7.773399 0.250000
85 48.763470 50.371910 0.000000 4.438709 1.301217 2.127856 3.823692 7.413484 0.250000
86 48.625053 50.336647 0.000000 4.464243 1.300360 2.111989 3.747061 7.122152 0.250000
87 48.480274 50.142994 0.000000 4.794969 1.344123 2.247507 4.111871 8.066635 0.200000
88 48.466122 49.705112 0.000000 4.757822 1.302585 2.116468 3.750425 7.105367 0.200000
90 48.298058 49.286827 0.000000 3.217247 1.341281 2.240188 4.097317 8.048838 0.200015
91 48.468929 49.435024 0.000000 2.926022 1.326976 2.183538 3.917038 7.508049 0.200038
92 48.480160 49.249046 0.000000 2.894729 1.343911 2.255808 4.153387 8.221946 0.200467
94 47.981216 48.804729 0.000000 2.054538 1.333820 2.260397 4.250895 8.698553 0.200000
