%% Trajectory 13
%% frame x (pixel)     y (pixel)    z (pixel)      m0         m1           m2           m3           m4           s 
77 11.369465 24.784775 0.000000 0.890948 1.358913 2.335740 4.475238 9.376756 0.333333
78 11.722593 24.465685 0.000000 1.079377 1.331860 2.247069 4.201563 8.547395 0.333333
79 11.849112 24.797991 0.000000 1.371263 1.370300 2.346952 4.433481 9.059328 0.333333
80 11.580518 24.668303 0.000000 1.246919 1.304927 2.135231 3.840607 7.460446 0.354116
81 11.993707 24.646976 0.000000 1.351640 1.364685 2.353495 4.495436 9.310096 0.320984
82 11.768755 25.008789 0.000000 1.899293 1.368861 2.364062 4.525323 9.405121 0.251089
83 12.230025 24.847706 0.000000 1.569188 1.355356 2.294841 4.278641 8.609450 0.250089
84 12.092364 24.764149 0.000000 2.035351 1.394716 2.429609 4.662238 9.642606 0.333357
85 12.091204 24.722086 0.000000 2.346791 1.348545 2.284487 4.271389 8.639119 0.271810
86 11.974871 24.566273 0.000000 2.018674 1.403930 2.464256 4.764928 9.928659 0.254408
87 12.036998 24.914900 0.000000 2.176174 1.445016 2.608012 5.207454 11.244945 0.269647
88 12.040865 24.646280 0.000000 2.101112 1.382278 2.408308 4.650168 9.740617 0.250000
89 12.210541 24.648567 0.000000 2.304170 1.327326 2.207750 4.032200 7.926833 0.333333
90 12.029832 24.727638 0.000000 2.273202 1.400330 2.449309 4.730011 9.871608 0.338052
91 12.251050 24.739756 0.000000 2.531235 1.313671 2.158613 3.879405 7.475307 0.250000
92 12.128594 24.826393 0.000000 2.805125 1.327002 2.222511 4.111255 8.237417 0.166667
93 12.127449 24.673418 0.000000 2.635718 1.402378 2.446353 4.690074 9.670017 0.166667
94 12.339107 24.670313 0.000000 3.009358 1.364959 2.336977 4.419464 9.046700 0.166667
95 12.282413 24.641668 0.000000 2.673404 1.319539 2.179264 3.943477 7.665846 0.166667
96 12.334505 24.758572 0.000000 2.906326 1.318493 2.179324 3.956660 7.739878 0.166667
97 12.411836 24.719370 0.000000 3.098551 1.256353 1.979894 3.409868 6.308170 0.142857
98 12.414130 24.802731 0.000000 3.248411 1.295358 2.103316 3.741422 7.154907 0.166667
99 12.395555 24.967167 0.000000 3.386372 1.324212 2.215525 4.101975 8.243834 0.142857
100 12.404237 24.994221 0.000000 4.172018 1.338946 2.250431 4.162805 8.305867 0.200000
101 12.403031 24.836239 0.000000 3.991426 1.322732 2.200662 4.035564 8.001029 0.142857
102 12.434401 25.015566 0.000000 4.383993 1.367155 2.346870 4.448915 9.122582 0.200000
103 12.381116 24.953960 0.000000 4.121772 1.367179 2.341985 4.425766 9.040708 0.142857
104 12.394903 24.937649 0.000000 4.133192 1.330660 2.235357 4.156363 8.391971 0.200000
105 12.393330 24.914793 0.000000 4.227336 1.345969 2.290304 4.327874 8.904704 0.166667
106 12.336257 24.999725 0.000000 4.045967 1.346692 2.300541 4.377704 9.093910 0.166667
107 12.405024 25.193523 0.000000 4.209400 1.321770 2.178295 3.919446 7.546393 0.166667
108 12.485705 25.289555 0.000000 4.363657 1.300467 2.108335 3.728737 7.054515 0.142857
109 12.551747 25.313745 0.000000 4.292649 1.311449 2.146126 3.834539 7.333704 0.142857
110 12.494319 25.474264 0.000000 3.797542 1.303778 2.129554 3.812229 7.341846 0.125003
111 12.708983 25.396856 0.000000 3.609614 1.381595 2.397099 4.606325 9.601869 0.166671
112 12.768637 25.445312 0.000000 3.830347 1.375648 2.358285 4.442379 9.007363 0.166667
113 12.845651 25.577511 0.000000 3.512351 1.361053 2.333310 4.434857 9.165742 0.166667
114 13.075714 25.509007 0.000000 3.526194 1.351696 2.318087 4.438470 9.303337 0.166678
115 13.212105 25.308359 0.000000 2.868225 1.390814 2.438166 4.744907 10.035258 0.256892
116 13.442850 25.659187 0.000000 2.986293 1.384838 2.417618 4.687247 9.878798 0.242459
117 13.698881 25.725185 0.000000 3.255162 1.372013 2.368653 4.542804 9.493408 0.212735
118 14.104256 26.107698 0.000000 3.110571 1.398799 2.483327 4.916581 10.617244 0.166971
119 13.865820 26.271858 0.000000 3.247035 1.385940 2.446885 4.835859 10.464540 0.166721
