%% Trajectory 5
%% frame x (pixel)     y (pixel)    z (pixel)      m0         m1           m2           m3           m4           s 
13 49.695591 34.578167 0.000000 1.118978 1.099238 1.546969 2.372020 3.945202 0.250000
16 49.355068 34.343594 0.000000 1.890267 1.196699 1.835020 3.124410 5.855092 0.250000
17 49.332542 34.289604 0.000000 2.161768 1.251239 1.998420 3.550344 6.924028 0.250000
18 49.266220 34.270737 0.000000 2.050172 1.197318 1.815277 3.010771 5.389957 0.250000
19 49.312366 34.229908 0.000000 2.450419 1.225917 1.896617 3.209399 5.847564 0.277643
20 49.509457 34.223839 0.000000 2.951725 1.286991 2.082855 3.700815 7.091387 0.250000
21 49.191753 34.148312 0.000000 2.988963 1.329229 2.226972 4.122860 8.272719 0.200000
22 49.114040 34.051590 0.000000 3.524542 1.344249 2.281499 4.284896 8.724348 0.338137
23 49.231453 34.118595 0.000000 3.722369 1.334015 2.227115 4.089295 8.101174 0.285866
24 49.038185 34.155403 0.000000 4.236477 1.371161 2.367980 4.532607 9.418388 0.250000
25 49.222523 34.009163 0.000000 4.371195 1.375454 2.369177 4.497760 9.215216 0.333333
26 49.223427 33.848953 0.000000 5.113234 1.343842 2.262569 4.196692 8.411151 0.333333
27 49.262596 33.829609 0.000000 5.417895 1.341235 2.236616 4.077778 7.965356 0.250000
28 49.080135 33.858353 0.000000 5.161784 1.415890 2.500226 4.869666 10.232382 0.250000
29 49.151566 33.866310 0.000000 5.781699 1.380208 2.383553 4.539589 9.340941 0.250000
30 49.214748 33.955128 0.000000 5.717408 1.402071 2.455661 4.738503 9.858077 0.250000
31 49.000454 33.870224 0.000000 5.854901 1.406730 2.487382 4.877588 10.375950 0.250000
32 48.959103 33.825455 0.000000 5.943738 1.374786 2.391985 4.634038 9.786209 0.250000
33 48.869865 33.881668 0.000000 6.333070 1.399037 2.450190 4.742959 9.933736 0.250000
34 48.944504 33.929817 0.000000 6.504217 1.392931 2.434191 4.706384 9.852858 0.333333
35 48.880985 33.944733 0.000000 7.017553 1.380494 2.392011 4.587325 9.533391 0.333333
36 48.625732 33.964012 0.000000 6.900377 1.365261 2.332050 4.387793 8.910034 0.333333
37 48.545845 33.855705 0.000000 7.193642 1.344844 2.256217 4.149568 8.198970 0.333333
38 48.460789 33.914154 0.000000 7.006509 1.370248 2.337408 4.375238 8.802497 0.333333
39 48.376244 33.832905 0.000000 6.402433 1.360296 2.300436 4.259403 8.459208 0.250000
40 48.249851 33.830540 0.000000 6.522458 1.356107 2.289232 4.228673 8.371396 0.250000
41 48.164066 33.860546 0.000000 6.128593 1.409333 2.474304 4.785742 9.981860 0.200000
42 47.963299 33.744801 0.000000 6.646351 1.404790 2.472374 4.817762 10.172942 0.250000
44 48.076313 33.239090 0.000000 4.616509 1.459833 2.634932 5.236713 11.205751 0.208302
45 47.787228 33.008186 0.000000 5.154220 1.430191 2.567175 5.120140 11.087900 0.250031
46 47.573578 32.968815 0.000000 4.869048 1.422379 2.537302 5.023604 10.796276 0.203496
47 47.578388 32.810532 0.000000 3.973368 1.496034 2.780515 5.721708 12.727873 0.200000
48 47.290661 32.725994 0.000000 3.811135 1.554009 2.975324 6.285690 14.294499 0.200000
50 46.760067 32.075562 0.000000 2.278621 1.492977 2.799466 5.841238 13.212016 0.200019
