%% Trajectory 14
%% frame x (pixel)     y (pixel)    z (pixel)      m0         m1           m2           m3           m4           s 
35 22.177160 38.804932 0.000000 2.309086 1.346555 2.284977 4.289212 8.728778 0.150696
36 21.831039 38.891518 0.000000 2.061658 1.317244 2.185738 4.000084 7.925149 0.207486
37 21.868214 38.813274 0.000000 2.437227 1.350863 2.300198 4.339913 8.895274 0.250004
38 21.891333 38.993484 0.000000 2.598761 1.380542 2.386503 4.554450 9.397462 0.250000
39 21.808752 38.975689 0.000000 2.679191 1.347754 2.292959 4.306550 8.746392 0.250000
40 22.022385 38.916340 0.000000 3.019819 1.350978 2.307753 4.371773 8.996488 0.250000
41 22.028370 38.903671 0.000000 2.940922 1.371713 2.374862 4.557078 9.490554 0.250000
42 21.917566 38.886520 0.000000 3.026682 1.327635 2.218063 4.089150 8.161187 0.333333
43 22.052437 38.988701 0.000000 3.592159 1.363139 2.337718 4.431019 9.087806 0.333333
44 21.981253 39.086807 0.000000 4.125123 1.362712 2.338405 4.434412 9.096814 0.333333
45 22.023125 39.151207 0.000000 3.516539 1.385759 2.393384 4.547343 9.307199 0.250000
46 22.200283 39.130547 0.000000 3.733159 1.341509 2.249405 4.135240 8.163603 0.333333
47 22.082296 39.275646 0.000000 3.818781 1.327184 2.206836 4.032699 7.941926 0.250000
48 22.220390 39.126656 0.000000 4.137639 1.316104 2.174171 3.944550 7.708404 0.333333
49 22.354160 38.996193 0.000000 3.992425 1.332098 2.233359 4.132699 8.277969 0.333333
50 22.643213 39.237129 0.000000 3.732006 1.310088 2.154562 3.887780 7.549448 0.251530
51 22.856878 39.055603 0.000000 3.906064 1.369042 2.352863 4.468077 9.181247 0.250000
52 23.211374 38.867054 0.000000 3.184696 1.362456 2.322985 4.364977 8.852928 0.366743
53 23.393011 38.703098 0.000000 3.000253 1.267566 2.020611 3.527338 6.623168 0.250004
54 23.620518 38.435013 0.000000 3.095637 1.307570 2.158380 3.936573 7.795823 0.250001
55 23.462095 38.256390 0.000000 3.040781 1.338035 2.232220 4.074133 7.969778 0.333333
56 23.497513 38.071384 0.000000 3.331588 1.400316 2.439871 4.671088 9.615883 0.200000
57 23.731588 37.923637 0.000000 2.518214 1.385416 2.412990 4.653811 9.736941 0.252624
58 23.797014 38.239754 0.000000 2.637743 1.388906 2.426114 4.701343 9.898389 0.200021
59 24.327219 38.054771 0.000000 2.734924 1.434228 2.553066 5.000559 10.540293 0.250000
60 24.582466 37.449272 0.000000 2.497733 1.457762 2.631095 5.227936 11.181520 0.216579
