%% Trajectory 8
%% frame x (pixel)     y (pixel)    z (pixel)      m0         m1           m2           m3           m4           s 
20 39.317413 17.604134 0.000000 0.343177 1.047110 1.392493 1.993122 3.081213 0.200000
23 39.296894 17.518034 0.000000 0.449718 1.122454 1.605318 2.502723 4.227118 0.200000
24 39.105515 17.379742 0.000000 0.449109 1.144605 1.677586 2.692125 4.684659 0.167887
25 39.012760 17.607016 0.000000 0.574490 1.210715 1.890201 3.251954 6.064871 0.200781
26 39.268990 17.411404 0.000000 0.578323 1.167250 1.730775 2.809801 4.941282 0.200000
27 38.974380 17.302038 0.000000 0.681963 1.286701 2.129751 3.901931 7.758243 0.310465
28 39.274719 17.596439 0.000000 0.552813 1.191428 1.787953 2.935966 5.214232 0.209456
29 38.854889 17.416361 0.000000 0.772089 1.237524 1.954081 3.386025 6.326648 0.207329
30 38.877438 17.243959 0.000000 0.677666 1.266079 2.053968 3.674227 7.115046 0.209195
31 38.942249 17.628008 0.000000 0.683032 1.218784 1.896046 3.237614 5.970672 0.167895
32 38.938404 17.384247 0.000000 0.747105 1.217142 1.893017 3.235362 5.977812 0.159284
33 38.890450 17.660469 0.000000 0.788730 1.234012 1.929359 3.304074 6.092745 0.184230
34 38.899937 17.303268 0.000000 0.687920 1.248972 1.985543 3.478722 6.602848 0.166673
35 38.713413 17.280886 0.000000 0.796464 1.221148 1.888467 3.197295 5.833592 0.200000
36 38.689701 17.396727 0.000000 0.892044 1.229790 1.910593 3.248502 5.948625 0.166667
37 38.712742 17.346167 0.000000 1.035893 1.250793 1.973691 3.406417 6.316700 0.200003
38 38.638248 17.327265 0.000000 0.987625 1.245249 1.958816 3.370546 6.233564 0.200002
39 38.757351 17.307199 0.000000 1.096183 1.268110 2.028732 3.569307 6.792791 0.200017
40 38.662395 17.470987 0.000000 1.084960 1.249524 1.963430 3.373442 6.229551 0.200000
41 38.818996 17.511404 0.000000 1.081132 1.270845 2.032785 3.558606 6.692694 0.166667
42 38.812492 17.623011 0.000000 1.198702 1.277026 2.049817 3.600150 6.790359 0.200008
43 38.907764 17.708628 0.000000 1.071909 1.281064 2.064418 3.635831 6.862010 0.167480
44 38.812435 18.154545 0.000000 1.126164 1.321582 2.194569 4.008082 7.896134 0.166879
45 38.765373 18.318745 0.000000 1.184256 1.287948 2.088938 3.728433 7.198567 0.166668
46 38.630882 18.403156 0.000000 1.044728 1.294428 2.098060 3.723911 7.105678 0.200000
47 39.068863 18.662216 0.000000 0.969437 1.320229 2.201531 4.050818 8.067793 0.200000
48 39.042744 18.831686 0.000000 0.970715 1.341003 2.274168 4.270344 8.705873 0.200000
50 38.564407 18.845966 0.000000 0.821539 1.322565 2.183767 3.960590 7.743829 0.200000
