%% Trajectory 4
%% frame x (pixel)     y (pixel)    z (pixel)      m0         m1           m2           m3           m4           s 
7 52.283905 47.451164 0.000000 1.086182 1.545806 2.952085 6.247746 14.292199 0.250007
9 52.499054 47.342339 0.000000 1.236353 1.578776 3.068046 6.593747 15.286441 0.333333
11 52.273155 47.459919 0.000000 1.212821 1.529378 2.897986 6.083274 13.806657 0.333333
12 52.465931 47.412441 0.000000 1.059777 1.572472 3.048439 6.524841 15.045345 0.333333
13 52.588501 46.807606 0.000000 1.153068 1.546685 2.991437 6.437009 15.002653 0.333333
14 52.496510 47.540985 0.000000 1.318912 1.533314 2.909679 6.129260 13.987526 0.333333
15 52.425762 46.862659 0.000000 1.388174 1.527140 2.911339 6.182715 14.254943 0.333333
16 52.320351 47.434532 0.000000 1.378824 1.565087 3.017612 6.421086 14.713943 0.333333
17 52.368237 46.892021 0.000000 1.493615 1.528518 2.897523 6.086792 13.828261 0.333333
18 52.136322 47.292812 0.000000 1.410574 1.627406 3.255370 7.179952 17.006676 0.333333
19 52.501678 47.389603 0.000000 1.607457 1.571203 3.040059 6.509159 15.043334 0.333333
20 52.625710 47.395435 0.000000 1.763857 1.556463 2.996806 6.384204 14.673044 0.250039
21 52.412708 47.386963 0.000000 1.777269 1.578154 3.070130 6.602107 15.300723 0.368658
22 52.394997 47.574375 0.000000 1.802469 1.522686 2.889327 6.083097 13.863825 0.352891
23 52.345589 47.272362 0.000000 1.744993 1.501279 2.795247 5.762050 12.846335 0.280760
24 52.437855 47.504719 0.000000 1.723680 1.543292 2.959160 6.305526 14.556996 0.348475
25 52.463223 47.308353 0.000000 1.849747 1.480059 2.726853 5.583204 12.415076 0.250000
26 52.513676 47.553288 0.000000 1.916815 1.540153 2.950800 6.281197 14.479334 0.250000
27 52.651447 47.528034 0.000000 1.615284 1.460641 2.670717 5.426022 11.974621 0.388352
28 52.408352 47.256737 0.000000 1.819788 1.523438 2.865309 5.947243 13.306358 0.255767
29 52.465782 47.281158 0.000000 1.715086 1.524338 2.866798 5.964779 13.414536 0.250017
30 52.240219 46.843552 0.000000 2.118124 1.526984 2.896578 6.094307 13.870184 0.333333
31 52.066872 46.727673 0.000000 1.927611 1.497345 2.799652 5.806667 13.034351 0.250022
32 52.453617 46.822083 0.000000 2.003776 1.452026 2.631136 5.280642 11.477494 0.250940
33 52.276291 46.809364 0.000000 1.951653 1.488206 2.756567 5.655382 12.554536 0.250076
34 52.375843 46.526302 0.000000 2.151250 1.428360 2.540842 4.993275 10.612672 0.250823
35 52.175697 46.679394 0.000000 1.855773 1.457946 2.650591 5.329686 11.584805 0.333333
36 52.172558 46.580769 0.000000 2.059032 1.509954 2.816147 5.799111 12.876034 0.250000
37 52.324249 46.619396 0.000000 2.238102 1.441879 2.576105 5.072667 10.778128 0.333333
38 52.312649 46.371922 0.000000 1.847934 1.435180 2.552200 4.998468 10.554905 0.250000
39 52.368568 46.140877 0.000000 1.956631 1.437438 2.585395 5.152512 11.127666 0.250000
40 52.133041 45.779140 0.000000 1.523307 1.514987 2.835638 5.859519 13.052270 0.333334
41 52.874443 45.727047 0.000000 1.483641 1.513203 2.845931 5.934319 13.387110 0.250000
42 53.091175 46.344093 0.000000 1.332947 1.543051 2.941301 6.188323 14.014004 0.337011
43 52.919487 46.521976 0.000000 1.151652 1.531209 2.907409 6.122151 13.956203 0.260525
