%% Trajectory 9
%% frame x (pixel)     y (pixel)    z (pixel)      m0         m1           m2           m3           m4           s 
11 42.162361 16.203571 0.000000 1.033547 1.457341 2.667482 5.416987 11.903875 0.343188
12 42.091419 15.810236 0.000000 0.907396 1.351330 2.321676 4.444280 9.287486 0.226217
13 42.179638 15.830498 0.000000 1.115199 1.372581 2.358682 4.472509 9.169238 0.271179
14 42.426197 15.949099 0.000000 0.818811 1.387128 2.423480 4.690666 9.851185 0.301380
15 42.176624 15.879052 0.000000 1.269087 1.354972 2.292388 4.265997 8.560155 0.250000
16 42.109592 15.989857 0.000000 1.381978 1.427672 2.539682 4.976029 10.494252 0.259619
17 42.096687 15.843233 0.000000 1.297518 1.325113 2.205515 4.043149 8.005142 0.250000
18 42.279102 16.007217 0.000000 1.631595 1.343582 2.282229 4.305245 8.847594 0.250000
19 42.263676 15.608511 0.000000 1.509389 1.299217 2.115942 3.777811 7.260182 0.333333
20 42.008072 15.733821 0.000000 1.302313 1.321730 2.200660 4.054616 8.118017 0.250060
21 42.213657 15.777190 0.000000 1.442957 1.304155 2.149840 3.915857 7.738547 0.250000
22 42.165310 15.722187 0.000000 1.883013 1.337860 2.242966 4.135634 8.220075 0.250000
23 42.373791 15.861127 0.000000 2.010091 1.333730 2.242238 4.177630 8.467997 0.250000
24 42.212288 15.703350 0.000000 1.590249 1.280758 2.061450 3.631476 6.872091 0.200002
25 42.355282 15.733061 0.000000 1.889982 1.287040 2.079189 3.671845 6.954906 0.250034
26 42.152485 15.640924 0.000000 1.781810 1.314261 2.162937 3.906609 7.597502 0.254209
27 42.135849 16.016621 0.000000 2.009280 1.404960 2.483071 4.870284 10.370811 0.212976
28 42.211269 15.816548 0.000000 2.116014 1.323277 2.188156 3.963864 7.715062 0.262381
29 42.018356 15.805043 0.000000 2.099920 1.354440 2.305685 4.335827 8.826815 0.217763
30 42.206718 15.901005 0.000000 2.076427 1.341787 2.261968 4.199374 8.413246 0.276558
31 42.271553 15.788071 0.000000 2.033988 1.293453 2.099431 3.745332 7.217431 0.223962
32 42.262512 15.928887 0.000000 1.945009 1.352780 2.294501 4.288895 8.659234 0.281761
33 42.004913 15.818669 0.000000 1.895419 1.379484 2.385883 4.560200 9.433398 0.211043
34 41.885956 15.933500 0.000000 2.030124 1.349803 2.285469 4.262547 8.581469 0.200764
35 41.821869 16.363634 0.000000 2.146061 1.304318 2.146881 3.892190 7.627473 0.200154
36 41.810787 16.324821 0.000000 2.222549 1.326004 2.199494 4.002583 7.834356 0.200004
37 41.530365 16.813871 0.000000 1.922234 1.327598 2.208399 4.037834 7.964849 0.318055
38 41.753819 16.819645 0.000000 1.746426 1.332505 2.233746 4.146772 8.372943 0.259211
39 41.905045 17.175171 0.000000 1.750323 1.332480 2.237995 4.154083 8.359855 0.307616
40 41.806576 17.231157 0.000000 1.612975 1.413048 2.476509 4.770182 9.886114 0.250000
41 41.851646 17.199129 0.000000 1.539932 1.362620 2.315269 4.319647 8.667710 0.200000
42 41.998775 17.527996 0.000000 1.238718 1.296946 2.113802 3.778616 7.266641 0.200000
