%% Trajectory 28
%% frame x (pixel)     y (pixel)    z (pixel)      m0         m1           m2           m3           m4           s 
160 17.380407 26.950190 0.000000 1.347914 1.254777 1.987597 3.446262 6.422972 0.166771
161 17.376995 26.805529 0.000000 1.516926 1.264284 2.022199 3.549496 6.715680 0.167772
163 17.299707 27.033058 0.000000 1.559195 1.268393 2.041188 3.622712 6.967458 0.146489
164 17.325275 26.758663 0.000000 1.655580 1.217525 1.884764 3.197891 5.851866 0.184994
165 17.361605 26.641451 0.000000 1.478035 1.184600 1.788594 2.958156 5.288631 0.176170
166 17.663492 26.749170 0.000000 1.911564 1.212825 1.861808 3.130832 5.681498 0.144380
168 17.185064 26.879045 0.000000 1.446749 1.278766 2.069374 3.678891 7.051554 0.166667
169 17.144844 26.991920 0.000000 1.793259 1.320330 2.214934 4.112190 8.284852 0.200002
170 17.314680 26.877079 0.000000 1.963177 1.254694 2.004042 3.520608 6.682450 0.252416
171 17.447708 26.946911 0.000000 2.168262 1.272438 2.034742 3.556846 6.669368 0.168153
172 17.230158 26.770182 0.000000 1.837011 1.261461 2.009863 3.526724 6.707633 0.166667
173 17.182261 26.820738 0.000000 1.668030 1.296367 2.143551 3.937538 7.895242 0.173592
176 17.050814 26.621643 0.000000 1.430313 1.207494 1.857989 3.138080 5.727303 0.166677
177 17.312298 27.067047 0.000000 1.715737 1.298010 2.134644 3.861011 7.527770 0.166738
178 17.321127 26.860859 0.000000 1.803534 1.275677 2.046458 3.588427 6.746134 0.166688
179 17.235167 27.000862 0.000000 1.517847 1.285223 2.096934 3.787088 7.434354 0.166678
180 17.178276 26.756556 0.000000 1.531718 1.173010 1.757249 2.887172 5.138751 0.200000
181 17.413620 26.740374 0.000000 1.664685 1.259229 2.013598 3.563006 6.873484 0.200000
182 17.225925 26.618683 0.000000 1.432940 1.205571 1.847157 3.102763 5.628899 0.250000
185 17.341087 26.750416 0.000000 1.669400 1.219241 1.891960 3.218829 5.906595 0.250000
186 17.341431 26.641802 0.000000 1.561622 1.199598 1.834332 3.073454 5.557404 0.250000
187 17.314175 26.770990 0.000000 1.846755 1.257083 2.002393 3.495417 6.564047 0.166667
188 17.357409 26.933428 0.000000 2.202861 1.290048 2.093208 3.723674 7.125130 0.166704
189 17.329372 26.905779 0.000000 2.498229 1.283233 2.083434 3.717976 7.157248 0.200686
190 17.389755 26.855288 0.000000 2.992431 1.253143 1.980822 3.428192 6.380689 0.229490
191 17.419466 26.611010 0.000000 2.351124 1.215490 1.869036 3.146961 5.715195 0.200037
192 17.426245 26.695337 0.000000 2.949637 1.220871 1.889849 3.215797 5.930374 0.143109
193 17.364592 26.631802 0.000000 2.443210 1.213647 1.865791 3.141314 5.704959 0.171395
194 17.416092 26.567028 0.000000 2.554761 1.187627 1.789560 2.952538 5.265928 0.200002
195 17.391983 26.597166 0.000000 2.695424 1.232594 1.917857 3.274904 6.045533 0.166676
196 17.486515 26.567924 0.000000 2.915456 1.208021 1.851658 3.106896 5.622115 0.166667
197 17.365295 26.535847 0.000000 3.195139 1.230399 1.911616 3.248892 5.943668 0.200000
198 17.461269 26.447044 0.000000 2.741031 1.215223 1.869645 3.148047 5.713383 0.200000
199 17.502531 26.548107 0.000000 2.988352 1.195354 1.805535 2.984778 5.331385 0.200000
200 17.531185 26.541893 0.000000 3.187415 1.212666 1.861432 3.128197 5.670304 0.250000
201 17.426994 26.585371 0.000000 3.288562 1.225078 1.895735 3.209843 5.854375 0.333333
202 17.302021 26.401299 0.000000 2.841612 1.203125 1.830225 3.047312 5.477731 0.200000
204 17.610319 26.783239 0.000000 3.577943 1.281639 2.069777 3.663019 6.970640 0.200000
205 17.901428 26.830494 0.000000 2.743895 1.292608 2.102663 3.760823 7.258265 0.200000
206 18.260786 26.830961 0.000000 2.516356 1.256516 2.001473 3.512885 6.684020 0.250000
207 18.406551 26.915756 0.000000 2.911343 1.284338 2.070660 3.652976 6.918670 0.250000
208 18.423859 26.887850 0.000000 3.181650 1.243475 1.949549 3.343719 6.167239 0.200000
209 18.619341 27.023857 0.000000 2.980910 1.275831 2.058091 3.652398 7.004936 0.202087
210 18.750793 27.182432 0.000000 2.415892 1.260042 2.007988 3.514714 6.640433 0.201678
211 18.788027 27.482897 0.000000 1.814182 1.215644 1.874048 3.164927 5.766987 0.200000
212 18.906628 27.324537 0.000000 1.802966 1.253598 1.989293 3.457454 6.460097 0.250000
213 19.194515 26.897276 0.000000 1.541492 1.291404 2.102084 3.761542 7.264895 0.202206
214 19.303047 26.805233 0.000000 1.383165 1.335692 2.263250 4.263122 8.756100 0.201669
