%% Trajectory 8
%% frame x (pixel)     y (pixel)    z (pixel)      m0         m1           m2           m3           m4           s 
45 30.370773 48.439430 0.000000 1.753577 1.420660 2.505426 4.857612 10.137049 0.250000
48 30.489384 48.194996 0.000000 1.913652 1.466138 2.645972 5.244783 11.168520 0.217153
49 30.382528 48.354973 0.000000 2.084241 1.485870 2.705487 5.400454 11.562387 0.319489
50 30.543144 48.212326 0.000000 2.150259 1.495432 2.746485 5.536678 11.983510 0.216951
51 30.588385 48.276295 0.000000 1.954953 1.495232 2.739923 5.509981 11.893682 0.170924
52 30.299057 48.322712 0.000000 1.947536 1.415388 2.475754 4.748704 9.779884 0.251608
53 30.508005 48.195446 0.000000 1.811126 1.487320 2.724116 5.477301 11.822307 0.200000
54 30.356527 47.608482 0.000000 1.967371 1.569774 3.006122 6.319626 14.247593 0.250000
55 30.366095 47.876366 0.000000 1.827165 1.501514 2.776014 5.653635 12.395843 0.222537
57 30.492491 47.276203 0.000000 1.998035 1.442372 2.560737 4.985061 10.418477 0.256499
58 30.652533 47.402550 0.000000 1.879610 1.455371 2.600418 5.086251 10.656279 0.260696
59 30.795660 47.392868 0.000000 2.246383 1.487394 2.724895 5.496078 11.937856 0.428204
60 30.805029 47.026886 0.000000 2.077185 1.515504 2.849669 5.926321 13.299866 0.167875
61 30.715584 46.830013 0.000000 1.966940 1.483222 2.721071 5.507152 12.016093 0.200298
62 30.433516 46.385971 0.000000 1.917397 1.380540 2.374281 4.490231 9.152245 0.190468
63 29.860180 46.189476 0.000000 1.866348 1.430805 2.534927 4.933627 10.321086 0.250000
64 30.195757 46.735481 0.000000 2.201374 1.390881 2.401174 4.550771 9.273255 0.250000
