%% Trajectory 9
%% frame x (pixel)     y (pixel)    z (pixel)      m0         m1           m2           m3           m4           s 
71 59.244232 26.182178 0.000000 0.978299 1.276223 2.052609 3.633670 6.956563 0.330291
74 59.513474 26.199142 0.000000 0.819282 1.270912 2.067386 3.729230 7.326896 0.201311
76 59.823074 26.362953 0.000000 1.047941 1.219957 1.884727 3.188840 5.819062 0.333333
78 59.163704 26.140965 0.000000 0.901306 1.342175 2.277053 4.285442 8.771902 0.333333
80 59.490139 26.485609 0.000000 0.880185 1.276487 2.064486 3.698107 7.221165 0.376972
81 59.202209 26.327763 0.000000 0.756459 1.288580 2.109706 3.845690 7.682404 0.452919
82 59.162510 26.405022 0.000000 0.720679 1.276036 2.030552 3.530222 6.586365 0.250003
83 59.290588 26.210649 0.000000 0.869749 1.253392 1.982753 3.431452 6.380909 0.250000
84 58.940994 26.489885 0.000000 1.067294 1.261634 2.014228 3.537175 6.716454 0.250003
85 59.426937 26.187080 0.000000 0.816695 1.262020 2.012759 3.508996 6.561777 0.251936
86 59.275318 26.552519 0.000000 0.899851 1.239565 1.941298 3.331225 6.161473 0.266261
87 59.110271 26.367294 0.000000 1.178935 1.263819 2.026796 3.608445 7.029872 0.250001
88 59.332127 26.465443 0.000000 0.848355 1.321136 2.219650 4.152898 8.496948 0.250000
89 59.261288 26.582691 0.000000 0.852837 1.291672 2.090836 3.709804 7.081039 0.250000
90 58.777103 26.680656 0.000000 0.838444 1.365856 2.368505 4.574274 9.633875 0.250008
91 59.209858 26.311255 0.000000 1.013077 1.286237 2.063956 3.616559 6.789751 0.250000
92 59.305573 26.573524 0.000000 1.040954 1.276508 2.055380 3.642165 6.985636 0.250008
93 59.351021 26.140650 0.000000 1.047306 1.257626 2.017245 3.593384 7.004835 0.256658
94 59.064587 26.292080 0.000000 1.295863 1.332608 2.241836 4.181904 8.486364 0.333344
95 59.305336 26.450163 0.000000 1.112525 1.354455 2.282601 4.239072 8.504289 0.442564
96 58.976227 26.145597 0.000000 1.267836 1.338352 2.269826 4.269497 8.732842 0.333333
97 59.134682 26.479738 0.000000 1.359332 1.241313 1.944047 3.330900 6.138742 0.250011
98 59.397594 26.310400 0.000000 1.482233 1.297969 2.124513 3.834670 7.501228 0.333334
99 59.402927 26.309669 0.000000 1.462713 1.264616 2.022125 3.556705 6.769434 0.350829
100 59.359447 26.154982 0.000000 1.312396 1.270696 2.042237 3.618443 6.946710 0.250000
101 59.117874 26.547201 0.000000 1.439819 1.307649 2.161521 3.955049 7.870402 0.333333
102 59.441463 26.464508 0.000000 1.493299 1.284424 2.079612 3.713799 7.194373 0.250000
103 59.312180 26.360489 0.000000 1.316405 1.255919 1.985390 3.433032 6.377898 0.250000
104 59.070030 26.472193 0.000000 1.396673 1.332429 2.259936 4.274874 8.854021 0.295869
105 59.235008 26.252920 0.000000 1.517013 1.302007 2.124104 3.799335 7.312100 0.261704
106 59.194786 26.508884 0.000000 1.538181 1.334285 2.238877 4.142210 8.288848 0.250000
107 59.202511 26.648495 0.000000 1.702070 1.272496 2.025378 3.522424 6.573201 0.250307
108 59.268044 26.400293 0.000000 1.502953 1.268209 2.056367 3.719433 7.396563 0.202065
109 59.492092 26.469879 0.000000 1.771648 1.246762 1.955421 3.353147 6.181313 0.255792
110 59.207787 26.270477 0.000000 1.737171 1.327817 2.223255 4.105884 8.198132 0.250674
111 59.073055 26.432463 0.000000 2.070753 1.309469 2.174018 4.009010 8.072837 0.254255
112 59.481888 26.340752 0.000000 1.745854 1.218190 1.877652 3.170408 5.779182 0.250051
113 59.394402 26.730129 0.000000 2.305607 1.263048 2.005145 3.479578 6.481167 0.250000
114 59.289429 26.487799 0.000000 2.298693 1.284913 2.072044 3.655021 6.921980 0.333333
115 59.519672 26.573858 0.000000 2.015279 1.278681 2.048460 3.584487 6.722754 0.334494
116 59.340199 26.785234 0.000000 2.808618 1.343417 2.261979 4.192388 8.386536 0.333333
117 59.386814 26.778059 0.000000 2.080595 1.260687 2.000600 3.469844 6.458619 0.334205
118 59.296551 26.913126 0.000000 2.207149 1.331974 2.219950 4.064094 8.011984 0.427886
119 59.215851 26.778822 0.000000 2.183421 1.292659 2.098749 3.736671 7.161611 0.333333
120 58.929203 26.955666 0.000000 2.556058 1.341601 2.276852 4.277325 8.714747 0.333333
121 58.505390 26.911644 0.000000 2.461568 1.374899 2.347229 4.387708 8.793614 0.333333
122 58.570637 27.204550 0.000000 2.417104 1.339197 2.232721 4.073086 7.967054 0.333333
123 58.462780 27.308657 0.000000 2.331231 1.318478 2.162711 3.873857 7.428495 0.333333
124 58.405483 27.499052 0.000000 2.141691 1.324344 2.173585 3.885722 7.414316 0.333333
125 58.130398 27.262529 0.000000 2.161186 1.345628 2.269518 4.214719 8.448365 0.333333
126 58.235649 27.651991 0.000000 1.976079 1.327540 2.217066 4.083415 8.143232 0.333333
127 58.082191 27.688442 0.000000 1.684887 1.385086 2.406495 4.636636 9.708385 0.333333
128 57.871471 27.131227 0.000000 1.348182 1.456438 2.644856 5.309797 11.523123 0.347089
129 57.679363 26.891582 0.000000 1.266606 1.419967 2.519178 4.947380 10.525790 0.333333
