%% Trajectory 34
%% frame x (pixel)     y (pixel)    z (pixel)      m0         m1           m2           m3           m4           s 
192 43.162510 60.923542 0.000000 1.353176 1.434432 2.585917 5.142390 11.017865 0.250000
194 43.498234 60.738968 0.000000 1.787765 1.435546 2.569307 5.081643 10.867435 0.232131
195 43.285355 60.953434 0.000000 2.096407 1.321589 2.223098 4.164142 8.524779 0.206258
196 43.223469 60.620735 0.000000 1.980053 1.379791 2.388457 4.576855 9.502838 0.207391
197 43.466721 61.093060 0.000000 2.089611 1.401517 2.487514 4.926460 10.650412 0.212287
198 43.132450 60.678669 0.000000 2.660625 1.447658 2.596607 5.121353 10.857101 0.250000
199 42.934128 60.533184 0.000000 2.526317 1.471660 2.720956 5.583031 12.393242 0.250000
200 42.881298 60.896461 0.000000 2.850298 1.435833 2.592942 5.211067 11.389604 0.250000
201 42.771629 60.634850 0.000000 2.618799 1.506596 2.823075 5.862647 13.172910 0.250129
202 43.085564 60.503654 0.000000 3.342633 1.425736 2.524454 4.928457 10.384027 0.250000
203 43.019512 60.511532 0.000000 2.935984 1.457077 2.658647 5.378770 11.795380 0.333472
204 43.135345 60.549870 0.000000 3.870383 1.390981 2.411581 4.596610 9.427605 0.200000
205 43.253609 60.503422 0.000000 3.297074 1.368765 2.335499 4.380145 8.851892 0.250000
206 42.813931 60.897507 0.000000 2.832101 1.348255 2.291966 4.311513 8.796667 0.250000
207 43.318180 60.730072 0.000000 2.950064 1.346400 2.258647 4.159736 8.249507 0.250000
208 43.278431 60.437923 0.000000 3.057503 1.354214 2.310612 4.366890 8.968050 0.200000
209 43.216953 60.653309 0.000000 3.206580 1.371093 2.338535 4.374610 8.793958 0.250000
210 42.864773 60.707859 0.000000 3.308666 1.375473 2.360331 4.467797 9.147207 0.333333
211 42.994049 60.346436 0.000000 2.718964 1.460688 2.672015 5.426569 11.958678 0.553127
212 42.971565 60.211876 0.000000 2.780637 1.406566 2.498780 4.945878 10.668926 0.250000
213 42.990273 59.898308 0.000000 2.025802 1.392745 2.450217 4.794862 10.208363 0.333333
214 43.135525 59.701096 0.000000 2.185975 1.427154 2.555823 5.081238 10.970155 0.250000
215 43.565170 59.422009 0.000000 2.133720 1.452749 2.653823 5.414664 12.056662 0.250000
216 43.375629 59.034821 0.000000 1.909222 1.459129 2.676782 5.449745 12.020027 0.250000
218 43.885292 60.021095 0.000000 1.879871 1.619804 3.211081 7.020152 16.493656 0.333333
219 43.993690 60.388386 0.000000 1.542604 1.617557 3.240319 7.171801 17.059055 0.259194
