%% Trajectory 11
%% frame x (pixel)     y (pixel)    z (pixel)      m0         m1           m2           m3           m4           s 
26 21.344896 49.148804 0.000000 0.753654 1.345659 2.267025 4.203600 8.408011 0.333333
27 21.220524 48.696815 0.000000 0.913431 1.299232 2.133795 3.879806 7.679723 0.250000
28 21.374636 48.939960 0.000000 1.082301 1.334280 2.266420 4.298233 8.928353 0.250000
29 21.310844 48.824024 0.000000 1.236000 1.302196 2.128170 3.819892 7.391385 0.251670
30 21.400448 48.931358 0.000000 1.432616 1.346614 2.273994 4.233453 8.519895 0.200960
31 21.445883 49.023540 0.000000 1.224379 1.365804 2.354371 4.502456 9.359244 0.448826
32 21.298370 48.953876 0.000000 1.262869 1.318399 2.186328 3.991214 7.867596 0.250715
33 21.399193 48.956001 0.000000 1.465727 1.352907 2.293932 4.285161 8.649668 0.259391
34 21.437588 48.837795 0.000000 1.364854 1.282605 2.063228 3.634324 6.883144 0.253623
35 21.495182 48.795193 0.000000 1.286969 1.322180 2.198193 4.024034 7.960402 0.200244
36 21.579519 49.060272 0.000000 1.360083 1.333961 2.227449 4.086748 8.076795 0.250749
37 21.473177 48.902142 0.000000 1.519701 1.343819 2.261542 4.190467 8.382897 0.203600
38 21.657972 48.951778 0.000000 1.613056 1.346442 2.283957 4.278408 8.676032 0.202938
39 21.524719 48.957809 0.000000 1.662271 1.312012 2.163075 3.927457 7.710348 0.200005
40 21.402813 48.996548 0.000000 1.646950 1.340375 2.258467 4.188703 8.378184 0.250279
41 21.446165 48.913799 0.000000 1.559930 1.297807 2.112393 3.766342 7.217487 0.202179
42 21.482147 48.803284 0.000000 1.760433 1.267904 2.013568 3.493731 6.504867 0.200491
43 21.568010 48.808880 0.000000 1.781797 1.287858 2.074750 3.648094 6.867592 0.239327
44 21.646177 48.712021 0.000000 1.600240 1.284009 2.062224 3.617249 6.798753 0.255397
45 21.822725 48.633411 0.000000 1.724592 1.316158 2.170321 3.927007 7.648331 0.284377
46 21.875967 48.594799 0.000000 1.716856 1.339964 2.256525 4.205009 8.514528 0.649419
47 21.973471 48.451675 0.000000 1.481341 1.290153 2.118962 3.861589 7.679955 0.534446
48 22.242352 48.536198 0.000000 1.490112 1.330959 2.219624 4.070890 8.059098 0.351143
49 22.401197 48.318478 0.000000 1.569572 1.322899 2.199693 4.033393 8.008999 0.343480
50 22.527010 48.189991 0.000000 1.548042 1.290475 2.078002 3.651862 6.871534 0.391837
51 22.765112 48.583801 0.000000 1.260247 1.346172 2.283473 4.297061 8.807283 0.333333
52 23.453854 48.732372 0.000000 1.465134 1.354811 2.315190 4.391048 9.066638 0.333333
53 23.270344 48.239590 0.000000 1.405197 1.378392 2.381886 4.551989 9.428511 0.333333
54 23.329470 47.710182 0.000000 1.047254 1.388635 2.442988 4.790613 10.245773 0.429309
