%% Trajectory 16
%% frame x (pixel)     y (pixel)    z (pixel)      m0         m1           m2           m3           m4           s 
71 44.890179 55.501495 0.000000 0.833372 1.220699 1.897634 3.244889 6.014783 0.250000
72 45.143272 55.419876 0.000000 1.317391 1.339151 2.254114 4.205148 8.532547 0.200012
73 45.103363 55.481838 0.000000 1.727579 1.473017 2.706364 5.521029 12.209852 0.250017
74 45.250210 55.089096 0.000000 1.897773 1.348424 2.293152 4.328969 8.897285 0.250000
76 44.635193 55.581161 0.000000 2.519212 1.388619 2.400335 4.573317 9.411566 0.396840
77 44.835167 55.531075 0.000000 3.246336 1.411645 2.493490 4.878661 10.348581 0.337856
78 44.833916 55.592129 0.000000 3.285640 1.375355 2.374484 4.533365 9.379525 0.250131
79 44.796394 55.512569 0.000000 3.313997 1.392989 2.407377 4.563502 9.292836 0.250000
80 44.815010 55.386173 0.000000 3.295596 1.393231 2.408580 4.561551 9.264778 0.250000
81 44.798103 55.476665 0.000000 3.203260 1.392783 2.419747 4.632839 9.577419 0.200000
82 44.943306 55.640858 0.000000 3.331934 1.407043 2.469549 4.776264 9.959414 0.250000
83 44.737129 55.586864 0.000000 3.567644 1.360168 2.302053 4.272927 8.524917 0.200000
84 44.818813 55.607273 0.000000 4.191288 1.374449 2.352386 4.428728 8.990807 0.250000
85 44.727249 55.735569 0.000000 4.432189 1.381725 2.374537 4.484277 9.119508 0.250000
86 44.764481 55.521244 0.000000 4.302997 1.362110 2.315469 4.332438 8.749032 0.250000
87 44.698009 55.657768 0.000000 4.731813 1.367413 2.320910 4.317307 8.628531 0.333333
88 44.639187 55.764236 0.000000 4.655311 1.408930 2.467114 4.755411 9.880367 0.333333
89 44.630035 55.685230 0.000000 4.613759 1.389887 2.403751 4.574062 9.383778 0.333333
90 44.682343 55.663521 0.000000 4.981251 1.383428 2.381647 4.510198 9.208823 0.333333
91 44.711468 55.677811 0.000000 5.143971 1.394989 2.422450 4.631534 9.552766 0.333333
92 44.752502 55.684910 0.000000 5.540388 1.399161 2.429306 4.632600 9.505426 0.333333
93 44.734344 55.639225 0.000000 5.153749 1.360984 2.301356 4.260014 8.460731 0.333333
94 44.722023 55.646450 0.000000 5.736572 1.412084 2.477266 4.786307 9.975595 0.333333
95 44.758827 55.746826 0.000000 5.608453 1.392725 2.413654 4.604774 9.474411 0.333333
96 44.790333 55.705906 0.000000 5.860109 1.395115 2.419405 4.609179 9.446598 0.333333
97 44.866589 55.597023 0.000000 5.639221 1.368156 2.329102 4.346735 8.710915 0.333333
98 44.723785 55.886406 0.000000 5.916426 1.444685 2.589822 5.109395 10.847916 0.333333
99 44.548855 55.853123 0.000000 5.857502 1.401771 2.454395 4.742899 9.903097 0.250000
100 44.633202 55.727554 0.000000 6.424935 1.361315 2.311005 4.306330 8.632875 0.333333
101 44.591995 55.779900 0.000000 6.885108 1.392439 2.414202 4.606240 9.474321 0.250000
102 44.722267 55.720406 0.000000 6.905521 1.344595 2.252920 4.138675 8.174045 0.250000
103 44.630772 55.807430 0.000000 7.497804 1.372313 2.345841 4.407519 8.920580 0.333333
104 44.622971 55.772011 0.000000 7.085940 1.372239 2.342461 4.387671 8.836565 0.250000
105 44.602364 55.682041 0.000000 7.232632 1.362843 2.303455 4.255459 8.417353 0.250000
106 44.645931 55.732929 0.000000 7.520143 1.376694 2.357927 4.434759 8.975551 0.250000
107 44.584747 55.718819 0.000000 6.857494 1.359502 2.297313 4.250869 8.438966 0.250000
108 44.697868 55.746387 0.000000 7.471498 1.392936 2.403785 4.546405 9.229763 0.333333
109 44.676075 55.710159 0.000000 7.742682 1.352490 2.274369 4.186996 8.269680 0.250000
110 44.597000 55.759396 0.000000 7.772587 1.344167 2.244519 4.097048 8.012537 0.250000
111 44.543251 55.644623 0.000000 7.353663 1.349065 2.254728 4.108481 7.994098 0.250000
112 44.599277 55.527657 0.000000 7.862458 1.344811 2.245662 4.095557 7.994291 0.250000
113 44.615131 55.482388 0.000000 7.819397 1.336298 2.216274 4.003492 7.714885 0.250000
114 44.629223 55.428059 0.000000 8.008242 1.345687 2.246119 4.092266 7.972870 0.250000
115 44.622566 55.338463 0.000000 7.470036 1.348698 2.260215 4.140217 8.121853 0.250000
116 44.678131 55.310017 0.000000 7.519576 1.373978 2.350334 4.417021 8.935435 0.250000
117 44.571110 55.339676 0.000000 7.462914 1.337947 2.229798 4.067182 7.961660 0.250000
118 44.782440 55.100006 0.000000 7.402189 1.377212 2.359908 4.438555 8.974018 0.250000
119 44.843533 54.970379 0.000000 7.821765 1.382427 2.394636 4.578321 9.456832 0.250000
120 44.889603 54.945889 0.000000 7.377189 1.368170 2.353879 4.477330 9.219442 0.250000
121 44.768295 54.885117 0.000000 7.143052 1.373907 2.361248 4.474225 9.155848 0.250000
122 44.642300 54.692303 0.000000 7.230582 1.372157 2.343705 4.395324 8.867205 0.250000
123 44.715794 54.685768 0.000000 7.451982 1.352266 2.275934 4.195114 8.298000 0.250000
124 44.630016 54.589172 0.000000 6.576940 1.366631 2.321882 4.329218 8.683393 0.250000
125 44.731815 54.360313 0.000000 7.426015 1.324364 2.182050 3.918815 7.515772 0.250000
127 44.923882 54.298161 0.000000 5.580005 1.354365 2.290777 4.257059 8.516015 0.333333
128 44.799015 54.199085 0.000000 5.559546 1.333525 2.221049 4.051827 7.933237 0.250000
129 44.934776 53.862316 0.000000 5.496826 1.377768 2.379994 4.541417 9.374862 0.333333
130 44.979572 53.542088 0.000000 4.942426 1.369853 2.346155 4.423474 8.992488 0.250000
131 44.360668 53.470276 0.000000 5.172118 1.286731 2.069504 3.633537 6.832499 0.250000
132 44.349339 53.492340 0.000000 5.114735 1.327591 2.191913 3.948836 7.607585 0.250000
133 44.250328 53.319309 0.000000 4.324252 1.363232 2.321574 4.348254 8.777373 0.250000
135 43.625881 53.646641 0.000000 3.208083 1.304829 2.122355 3.770630 7.177569 0.250000
136 43.173916 53.678410 0.000000 2.735473 1.287673 2.096592 3.763264 7.312390 0.250000
