%% Trajectory 9
%% frame x (pixel)     y (pixel)    z (pixel)      m0         m1           m2           m3           m4           s 
26 22.364424 57.988209 0.000000 1.404236 1.246824 2.006928 3.607836 7.135316 0.200000
27 22.424147 57.805733 0.000000 1.754716 1.245596 1.988519 3.541418 6.944924 0.254463
28 22.504574 57.846756 0.000000 2.289865 1.252193 1.986122 3.470894 6.579463 0.229513
29 22.622534 57.787899 0.000000 2.481619 1.295285 2.141652 3.959428 8.054410 0.380198
30 22.659792 57.885612 0.000000 2.757869 1.331714 2.244124 4.192813 8.521598 0.281277
31 22.602394 57.810352 0.000000 3.199847 1.358097 2.330404 4.437512 9.191914 0.250000
32 22.707739 57.684151 0.000000 3.809728 1.361406 2.335893 4.447145 9.209987 0.218803
33 22.772282 57.674191 0.000000 3.718361 1.358233 2.323553 4.411111 9.111119 0.201550
34 22.722067 57.673103 0.000000 4.042386 1.360919 2.328241 4.417501 9.118554 0.200000
35 22.893269 57.668152 0.000000 4.160609 1.398806 2.450763 4.754923 10.003999 0.200011
36 22.687967 57.796257 0.000000 3.872018 1.372009 2.354798 4.460489 9.139452 0.200006
37 22.822586 57.633999 0.000000 4.442953 1.330966 2.229016 4.118430 8.241059 0.200000
38 22.663496 57.562969 0.000000 4.529824 1.371321 2.348465 4.425607 8.996718 0.250000
39 22.637838 57.683704 0.000000 5.065294 1.338087 2.230255 4.065984 7.949421 0.250000
40 22.592628 57.694374 0.000000 4.378225 1.345013 2.252440 4.133694 8.150313 0.250000
41 22.672766 57.508423 0.000000 4.745372 1.339225 2.227818 4.051815 7.899775 0.250000
42 22.843554 57.379494 0.000000 4.914280 1.368441 2.330094 4.357587 8.773095 0.250000
43 22.687941 57.311718 0.000000 5.288513 1.337932 2.221144 4.020413 7.773643 0.333333
44 22.853996 57.426952 0.000000 5.280015 1.367490 2.323146 4.328714 8.671760 0.250000
45 22.920778 57.434208 0.000000 5.168509 1.394518 2.418577 4.611802 9.471759 0.250000
46 23.035170 57.596558 0.000000 5.143517 1.396300 2.440137 4.712834 9.849592 0.250000
47 22.992928 57.545086 0.000000 4.569273 1.405755 2.467201 4.781178 10.014682 0.250000
48 23.180590 57.574764 0.000000 4.405433 1.407205 2.474403 4.812949 10.138515 0.333333
49 23.132257 57.584793 0.000000 4.744473 1.386586 2.395996 4.566858 9.408834 0.250000
50 23.211958 57.716290 0.000000 4.425442 1.362011 2.308884 4.295269 8.595490 0.250000
51 23.256948 57.491962 0.000000 4.395305 1.319248 2.180064 3.958495 7.752975 0.250000
52 23.284288 57.699703 0.000000 3.893366 1.337556 2.240283 4.125901 8.195920 0.336243
53 23.364199 57.588196 0.000000 4.263049 1.327255 2.207972 4.035377 7.951190 0.333333
54 23.481703 57.483295 0.000000 3.818746 1.300294 2.111944 3.744882 7.109177 0.250000
55 23.449125 57.174946 0.000000 4.226366 1.324867 2.208152 4.066464 8.127797 0.333333
56 23.537046 57.106159 0.000000 3.958822 1.367558 2.341235 4.421767 9.035729 0.250000
57 23.636543 56.906239 0.000000 3.644736 1.339412 2.259856 4.220293 8.562511 0.333333
58 23.455456 56.628387 0.000000 3.969489 1.312913 2.159661 3.893679 7.548563 0.333333
59 23.645658 56.516655 0.000000 3.574849 1.285690 2.071279 3.646939 6.886150 0.333333
60 23.090448 56.184742 0.000000 3.389456 1.353082 2.295292 4.287435 8.641433 0.333333
61 22.527702 55.789326 0.000000 3.157736 1.393655 2.444990 4.755416 10.038140 0.333333
62 22.609438 55.734894 0.000000 3.029042 1.346855 2.301357 4.374641 9.075980 0.333333
63 22.765280 56.284443 0.000000 2.815763 1.350190 2.277471 4.219120 8.417512 0.333334
65 23.727072 55.726353 0.000000 1.741307 1.438039 2.596573 5.206293 11.324475 0.200000
67 22.927572 54.540863 0.000000 1.090083 1.423128 2.543212 5.033218 10.777275 0.142866
68 22.428135 54.593159 0.000000 1.209326 1.382533 2.394562 4.597226 9.591694 0.333333
70 21.260786 53.421192 0.000000 0.564842 1.445261 2.657245 5.462078 12.256359 0.350416
