%% Trajectory 15
%% frame x (pixel)     y (pixel)    z (pixel)      m0         m1           m2           m3           m4           s 
39 55.310802 26.685654 0.000000 1.236274 1.223360 1.902903 3.238658 5.930292 0.200180
40 55.174362 26.700150 0.000000 1.002440 1.145850 1.665946 2.648669 4.568244 0.210158
41 55.495388 27.016027 0.000000 1.518003 1.281859 2.136016 3.997093 8.247629 0.309282
42 55.440189 26.722044 0.000000 1.410924 1.235516 1.934450 3.318280 6.133656 0.281738
43 55.329342 26.714235 0.000000 1.676625 1.230213 1.909434 3.241776 5.924647 0.313162
44 55.178448 26.717230 0.000000 1.866000 1.296622 2.119895 3.830554 7.515452 0.291856
45 55.190002 26.869225 0.000000 1.844457 1.293234 2.101144 3.751891 7.227009 0.317518
46 55.307716 26.914778 0.000000 2.413016 1.268475 2.024662 3.549838 6.720572 0.250000
47 55.415108 26.629509 0.000000 2.171600 1.217142 1.870275 3.144405 5.698833 0.286988
48 55.313763 26.494467 0.000000 1.925569 1.269146 2.058810 3.742045 7.516583 0.250000
49 55.162189 26.745342 0.000000 2.118486 1.227543 1.894217 3.199766 5.827811 0.250000
50 55.280659 26.811563 0.000000 2.085783 1.218042 1.873471 3.153527 5.722676 0.250000
51 55.232231 26.717754 0.000000 2.190846 1.178541 1.760828 2.878435 5.088424 0.250000
52 55.365967 26.670729 0.000000 2.081219 1.148453 1.675925 2.671648 4.611451 0.333333
53 55.315739 26.639065 0.000000 2.270495 1.186331 1.783840 2.935388 5.222120 0.250000
54 55.326103 26.823128 0.000000 2.154113 1.218992 1.875222 3.159107 5.742131 0.333333
55 55.010715 26.405207 0.000000 2.326000 1.253214 2.009475 3.570370 6.914829 0.333333
56 55.298042 26.518181 0.000000 2.049342 1.154336 1.693164 2.717159 4.725721 0.333333
57 55.323147 26.543240 0.000000 2.533233 1.178993 1.761428 2.879217 5.090268 0.333333
58 55.204700 26.714811 0.000000 2.631608 1.209839 1.851238 3.102226 5.611433 0.333333
59 55.107235 26.655470 0.000000 2.887177 1.213299 1.869190 3.154742 5.743057 0.333390
60 55.438793 26.723473 0.000000 3.046353 1.165815 1.722226 2.779583 4.850612 0.333337
61 55.143818 26.730209 0.000000 3.063743 1.213665 1.863282 3.134260 5.690913 0.333333
62 55.247128 26.748932 0.000000 3.405671 1.214674 1.855474 3.099392 5.583075 0.333335
63 55.219658 26.809240 0.000000 3.445096 1.227817 1.895928 3.203330 5.832406 0.333333
64 55.012794 26.634659 0.000000 3.117639 1.248568 1.966508 3.391721 6.293795 0.250014
65 55.033066 26.566311 0.000000 3.075289 1.208707 1.854366 3.119325 5.667153 0.333333
66 54.936939 26.816967 0.000000 3.058576 1.238561 1.940839 3.331756 6.158728 0.250000
67 54.660774 26.832216 0.000000 2.884088 1.199931 1.834938 3.076678 5.573344 0.333333
68 54.529869 26.734629 0.000000 2.861211 1.178425 1.776755 2.951468 5.348100 0.333333
69 54.473064 27.231342 0.000000 2.799121 1.238463 1.995602 3.608177 7.216574 0.333333
70 54.283398 27.338379 0.000000 2.560229 1.271917 2.133195 4.090395 8.801783 0.250000
71 54.049412 27.532747 0.000000 1.999509 1.282246 2.130642 3.951493 8.015532 0.250000
72 53.997215 27.138979 0.000000 2.448285 1.284815 2.124499 3.919630 7.913445 0.250000
73 53.747253 27.264502 0.000000 1.769212 1.222429 1.925423 3.368152 6.457960 0.250000
74 53.670116 26.586487 0.000000 1.793307 1.347496 2.275555 4.252902 8.641124 0.250033
76 52.904270 26.390945 0.000000 1.558261 1.368225 2.373782 4.605735 9.797739 0.250023
