%% Trajectory 8
%% frame x (pixel)     y (pixel)    z (pixel)      m0         m1           m2           m3           m4           s 
24 50.714355 18.497055 0.000000 1.683369 1.242945 1.957524 3.396024 6.395999 0.250000
25 50.539478 18.640659 0.000000 1.699524 1.330209 2.200122 3.974929 7.688265 0.250000
26 50.671230 18.742842 0.000000 1.956416 1.321970 2.189992 3.985318 7.816555 0.201642
27 50.679478 18.872068 0.000000 1.974275 1.349606 2.280761 4.235607 8.468970 0.333333
28 50.528542 18.670094 0.000000 1.863373 1.355541 2.265158 4.116403 7.966696 0.366999
29 50.616562 18.523079 0.000000 1.830716 1.309828 2.138537 3.814897 7.294428 0.250015
30 50.416359 18.534246 0.000000 1.940691 1.327302 2.200796 4.012198 7.891540 0.240433
31 50.240425 18.564520 0.000000 1.848423 1.383770 2.379122 4.492512 9.126429 0.335053
32 50.689285 18.432787 0.000000 1.826907 1.361279 2.295253 4.226215 8.327266 0.219962
33 50.332260 18.452547 0.000000 1.745903 1.293718 2.113354 3.811666 7.464394 0.201075
34 49.848831 18.778429 0.000000 2.003613 1.351175 2.290750 4.294312 8.732141 0.250001
35 49.825108 18.711464 0.000000 2.185098 1.361411 2.319730 4.357720 8.851507 0.444126
36 49.491470 18.870396 0.000000 2.165278 1.361696 2.327733 4.395411 8.983768 0.333688
37 49.322315 18.784166 0.000000 1.783395 1.334700 2.239671 4.155546 8.368868 0.333333
39 49.069515 18.888605 0.000000 1.977047 1.407711 2.500625 4.938268 10.596567 0.333426
41 49.420071 19.805138 0.000000 1.749963 1.568092 3.015451 6.368113 14.419618 0.346689
43 48.580574 19.456030 0.000000 1.200340 1.541758 2.964907 6.298773 14.409789 0.236104
