%% Trajectory 16
%% frame x (pixel)     y (pixel)    z (pixel)      m0         m1           m2           m3           m4           s 
46 67.898872 46.413731 0.000000 1.184936 1.349637 2.279451 4.226183 8.424483 0.319399
47 67.933380 46.813210 0.000000 1.196442 1.412500 2.494450 4.880096 10.352150 0.279663
48 68.050400 46.672569 0.000000 1.300401 1.434414 2.570019 5.099301 10.967998 0.264321
49 67.933136 46.777668 0.000000 1.546525 1.377532 2.388337 4.588593 9.572235 0.142857
50 68.065681 46.706474 0.000000 1.880968 1.400171 2.452963 4.745602 9.929041 0.200892
51 67.934929 46.763138 0.000000 2.044719 1.351668 2.286517 4.253725 8.527170 0.319732
52 67.888390 46.880795 0.000000 1.979408 1.341493 2.265521 4.224476 8.525280 0.179089
53 67.693001 47.039314 0.000000 2.401648 1.377928 2.370844 4.494366 9.194146 0.149713
54 67.974373 46.843094 0.000000 2.137914 1.422526 2.534372 5.002827 10.704141 0.143175
55 67.965141 46.871056 0.000000 2.387773 1.369384 2.357466 4.494272 9.294425 0.146511
56 68.032204 46.926151 0.000000 2.306289 1.398201 2.473312 4.868090 10.422797 0.278063
57 68.037987 46.988903 0.000000 2.575364 1.420255 2.529729 4.993422 10.681803 0.208827
58 67.848915 46.985886 0.000000 2.586600 1.397500 2.450111 4.741457 9.909209 0.167062
59 67.859596 46.975670 0.000000 2.238021 1.366868 2.350957 4.475182 9.234053 0.166774
60 67.928215 46.760960 0.000000 2.373155 1.407335 2.492729 4.893540 10.413741 0.178953
61 67.754501 46.862446 0.000000 2.616738 1.365156 2.338377 4.426319 9.076891 0.166667
62 67.922516 46.890965 0.000000 2.021951 1.388122 2.425086 4.694206 9.856387 0.255247
63 67.510963 47.144444 0.000000 2.515668 1.361002 2.305826 4.291152 8.597157 0.166667
64 67.594337 46.741497 0.000000 1.934191 1.396533 2.429260 4.652299 9.608591 0.186451
65 67.634514 47.094284 0.000000 2.458560 1.378979 2.386691 4.566686 9.464810 0.125000
66 67.215889 46.954647 0.000000 2.214017 1.504195 2.815482 5.828328 13.019549 0.166667
67 67.009789 46.862423 0.000000 2.213264 1.466026 2.683218 5.447322 11.977924 0.166678
68 67.337563 46.889347 0.000000 2.015851 1.453680 2.629576 5.262904 11.397949 0.166894
69 66.867172 46.871048 0.000000 2.102962 1.433091 2.577791 5.161586 11.249100 0.167011
71 66.098366 48.147301 0.000000 2.222963 1.451930 2.668713 5.491895 12.333312 0.166760
72 66.454552 48.444393 0.000000 2.146076 1.491563 2.768997 5.697112 12.683286 0.166670
73 66.636436 48.924641 0.000000 1.880665 1.481530 2.738163 5.609292 12.442341 0.142860
74 66.639801 49.104767 0.000000 1.379974 1.518811 2.841928 5.867436 13.050958 0.142857
