%% Trajectory 7
%% frame x (pixel)     y (pixel)    z (pixel)      m0         m1           m2           m3           m4           s 
36 16.526855 47.865791 0.000000 0.709849 1.302956 2.161625 3.984129 8.016592 0.333333
37 16.211983 47.871437 0.000000 0.683227 1.294859 2.130935 3.892658 7.754790 0.333333
39 16.146559 48.120728 0.000000 1.163247 1.276923 2.053126 3.615517 6.841904 0.333333
40 16.548962 47.714306 0.000000 1.079301 1.269350 2.040627 3.608325 6.898378 0.334985
41 16.239494 47.861248 0.000000 1.078070 1.331232 2.242243 4.189298 8.511784 0.250119
42 16.160908 48.382973 0.000000 1.082142 1.340117 2.263478 4.227581 8.566153 0.142978
43 16.163734 48.392544 0.000000 1.016300 1.318720 2.182358 3.978364 7.846518 0.250135
44 16.126671 48.022495 0.000000 1.346523 1.341856 2.310395 4.445802 9.362248 0.250329
45 16.308216 48.382389 0.000000 1.223450 1.367240 2.343031 4.441130 9.129782 0.250086
46 16.279615 47.974140 0.000000 1.686846 1.362105 2.331212 4.410097 9.028955 0.333334
47 16.198034 48.352142 0.000000 1.586106 1.292737 2.113114 3.814768 7.478621 0.200000
48 16.312723 48.176323 0.000000 1.598838 1.360658 2.325587 4.386517 8.948533 0.250000
49 16.514799 48.242989 0.000000 2.156357 1.325696 2.186708 3.937382 7.584988 0.250000
50 16.338663 48.243141 0.000000 2.118954 1.327815 2.207924 4.027827 7.907722 0.333334
51 16.431007 47.970097 0.000000 2.254518 1.332135 2.236309 4.146176 8.322086 0.283716
52 16.569355 48.117649 0.000000 2.239859 1.342263 2.248976 4.143292 8.229279 0.246426
53 16.410892 48.002625 0.000000 2.154316 1.357183 2.318683 4.376396 8.938805 0.250435
54 16.397783 47.825424 0.000000 2.341933 1.360039 2.323212 4.383300 8.952036 0.250278
55 16.368109 48.038433 0.000000 2.168953 1.346568 2.277425 4.246926 8.555246 0.234233
56 16.286957 48.078152 0.000000 2.236781 1.404428 2.452236 4.709762 9.740806 0.258150
57 16.341961 47.966679 0.000000 2.435995 1.308424 2.161279 3.936694 7.759066 0.200000
58 16.442799 48.137173 0.000000 2.313477 1.398384 2.423147 4.602754 9.381593 0.166667
59 16.418989 47.972015 0.000000 2.335403 1.348447 2.277112 4.226599 8.449392 0.200120
60 16.238220 48.137054 0.000000 1.969859 1.310993 2.168190 3.963426 7.867844 0.166667
61 16.344175 48.213554 0.000000 2.444384 1.338812 2.240460 4.121118 8.173799 0.142857
62 16.471664 48.139961 0.000000 2.487067 1.354096 2.280524 4.207095 8.333412 0.166725
63 16.538443 48.069664 0.000000 2.487152 1.309446 2.141531 3.828844 7.338126 0.200000
64 16.433620 48.091667 0.000000 2.240573 1.388545 2.404253 4.587654 9.447337 0.181488
65 16.498356 48.055187 0.000000 1.981693 1.370253 2.356431 4.474690 9.190286 0.207109
66 16.770248 47.791355 0.000000 2.593495 1.346667 2.263916 4.181104 8.320370 0.200000
67 17.065838 47.736511 0.000000 2.497403 1.412747 2.492890 4.854992 10.210836 0.166667
68 17.252581 47.477341 0.000000 2.649043 1.322966 2.183105 3.937986 7.610588 0.200000
69 17.316603 47.529423 0.000000 2.166943 1.306028 2.133442 3.818018 7.345218 0.357307
70 17.392105 47.458370 0.000000 2.493301 1.326464 2.193823 3.965380 7.676237 0.200000
71 17.288771 47.465260 0.000000 2.196835 1.341395 2.240368 4.093396 8.017673 0.251282
72 17.734867 47.200134 0.000000 2.420622 1.373780 2.356519 4.449804 9.061264 0.296869
73 18.261454 47.336258 0.000000 1.964564 1.416493 2.490959 4.818781 10.039023 0.250000
74 18.297117 47.571869 0.000000 1.460181 1.396076 2.446535 4.756873 10.053229 0.206412
