%% Trajectory 19
%% frame x (pixel)     y (pixel)    z (pixel)      m0         m1           m2           m3           m4           s 
74 68.721405 28.814960 0.000000 1.269405 1.227528 1.914593 3.301925 6.214343 0.250000
75 68.463600 28.635515 0.000000 1.641267 1.320636 2.190089 4.003483 7.918051 0.250000
76 68.915039 28.851892 0.000000 1.843731 1.383149 2.400174 4.616210 9.637276 0.251222
77 68.759964 28.739706 0.000000 2.186702 1.323469 2.213347 4.102304 8.275173 0.252360
78 68.707726 28.773636 0.000000 2.381847 1.336685 2.241648 4.138497 8.252299 0.201894
79 68.506332 28.890793 0.000000 2.577740 1.295251 2.101185 3.724457 7.074247 0.166675
80 68.565201 28.876675 0.000000 2.325112 1.364900 2.325222 4.357533 8.806241 0.223483
81 68.510971 28.893827 0.000000 2.832931 1.334182 2.223058 4.065380 8.002018 0.287097
82 68.582108 28.779545 0.000000 3.122277 1.335046 2.226310 4.078355 8.054473 0.166667
83 68.529373 28.919048 0.000000 2.968631 1.366339 2.333102 4.384403 8.884692 0.167263
84 68.379921 28.891634 0.000000 3.377245 1.334746 2.231558 4.107708 8.171671 0.166667
85 68.452171 28.626135 0.000000 3.736479 1.364648 2.308952 4.274972 8.485096 0.200000
86 68.421089 28.768181 0.000000 4.147326 1.347824 2.265551 4.183826 8.328414 0.200000
87 68.455063 28.806355 0.000000 4.353802 1.318674 2.179883 3.962713 7.777973 0.250000
88 68.452576 28.788998 0.000000 5.111609 1.322199 2.180234 3.939214 7.652247 0.250000
89 68.427322 28.953815 0.000000 4.847473 1.385663 2.396807 4.567948 9.395557 0.250000
90 68.448570 28.813631 0.000000 5.295500 1.357206 2.289291 4.226336 8.365108 0.333333
91 68.268143 28.693111 0.000000 5.507687 1.353876 2.273455 4.172896 8.206170 0.333333
92 68.308411 28.655441 0.000000 5.359162 1.350476 2.264113 4.152361 8.164385 0.333333
93 68.393311 28.528591 0.000000 5.538480 1.390893 2.402988 4.570174 9.382721 0.333333
94 68.462372 28.456324 0.000000 5.502318 1.366424 2.312983 4.283288 8.505800 0.333333
95 68.344841 28.559120 0.000000 6.300789 1.357324 2.287020 4.214931 8.328746 0.333333
96 68.273590 28.541576 0.000000 6.327861 1.347068 2.244265 4.071351 7.878102 0.333333
97 68.268288 28.462036 0.000000 6.515834 1.368875 2.316111 4.278106 8.452524 0.333333
98 68.059502 28.268356 0.000000 6.596262 1.453277 2.627626 5.248630 11.325548 0.333333
99 67.849419 28.341387 0.000000 6.971711 1.443101 2.584702 5.108444 10.900990 0.333333
100 67.938416 28.094925 0.000000 6.783587 1.456495 2.642931 5.302095 11.492231 0.250000
101 67.765175 27.837896 0.000000 6.892909 1.427118 2.523722 4.911986 10.300869 0.250000
102 67.491844 28.151041 0.000000 7.152076 1.417191 2.501833 4.875679 10.268799 0.250000
103 67.404800 27.928535 0.000000 6.669167 1.483058 2.717021 5.484071 11.922056 0.333333
104 67.400490 27.921854 0.000000 6.543490 1.471172 2.683823 5.400876 11.718089 0.333333
105 67.429581 27.892727 0.000000 5.901098 1.485825 2.743328 5.604631 12.372830 0.333333
106 67.045219 28.278748 0.000000 6.142225 1.527304 2.901241 6.094352 13.797544 0.333333
107 66.885078 28.014376 0.000000 5.689128 1.491696 2.763391 5.654132 12.476993 0.333333
108 66.998749 28.277407 0.000000 4.861980 1.561595 3.015430 6.430830 14.760379 0.333333
110 66.688705 27.785480 0.000000 5.228241 1.483093 2.731361 5.564605 12.252106 0.200000
111 66.650230 27.574757 0.000000 4.684275 1.450642 2.621792 5.244720 11.354341 0.250003
112 66.630608 27.736877 0.000000 4.222155 1.506429 2.793549 5.704184 12.528415 0.200000
113 66.344154 27.805616 0.000000 3.900518 1.472298 2.692402 5.441455 11.876810 0.250000
114 66.249260 27.520893 0.000000 3.740740 1.570040 3.048833 6.543052 15.130192 0.250000
116 65.902390 27.611782 0.000000 2.364553 1.518977 2.873252 6.019176 13.616030 0.250864
