%% Trajectory 22
%% frame x (pixel)     y (pixel)    z (pixel)      m0         m1           m2           m3           m4           s 
118 53.093548 61.146820 0.000000 1.387892 1.395130 2.487368 4.968109 10.844506 0.250107
119 53.282970 61.267708 0.000000 1.391092 1.367126 2.387811 4.660464 9.928106 0.491517
120 53.069805 61.526398 0.000000 1.219170 1.331336 2.264582 4.274931 8.759254 0.251129
121 53.406742 61.287441 0.000000 1.361285 1.378263 2.442833 4.882869 10.752684 0.179435
122 53.341682 61.293873 0.000000 2.228709 1.256492 1.993084 3.467585 6.505701 0.200000
123 53.258747 61.157036 0.000000 1.855113 1.326256 2.226635 4.150407 8.427285 0.200000
124 53.608391 61.218445 0.000000 1.937330 1.228167 1.926055 3.329260 6.249586 0.200000
125 53.484104 61.397598 0.000000 2.317196 1.235391 1.930699 3.309274 6.124185 0.200000
126 53.515068 61.224258 0.000000 2.316058 1.235780 1.927476 3.297974 6.092912 0.250000
127 53.490574 61.314308 0.000000 2.739737 1.269704 2.032300 3.565551 6.733845 0.250000
128 53.444130 61.308693 0.000000 2.628855 1.245143 1.956507 3.369447 6.254896 0.333333
129 53.583546 61.394367 0.000000 2.700714 1.281552 2.052347 3.592927 6.749948 0.333333
130 53.787762 61.338219 0.000000 2.536498 1.258923 1.989156 3.437471 6.383602 0.333333
131 53.709751 61.129093 0.000000 3.036427 1.306861 2.145375 3.879435 7.588018 0.333333
132 53.505260 61.316525 0.000000 2.970675 1.257600 1.990284 3.445132 6.408370 0.250000
133 53.641220 61.334755 0.000000 3.166070 1.249300 1.964032 3.376228 6.237846 0.333333
134 53.704975 61.198376 0.000000 3.078588 1.287260 2.089912 3.723762 7.147287 0.250000
135 53.519367 61.229424 0.000000 3.340819 1.318905 2.165667 3.884440 7.462134 0.254402
136 53.623497 61.401161 0.000000 3.351243 1.308612 2.146940 3.859128 7.457618 0.250030
137 53.277744 61.345715 0.000000 3.651741 1.303217 2.128710 3.809540 7.327243 0.250000
138 53.308254 61.220093 0.000000 3.376500 1.274925 2.049652 3.617990 6.886576 0.250000
139 53.479855 60.843910 0.000000 2.994541 1.298813 2.106950 3.728537 7.056824 0.250286
140 53.164532 60.783092 0.000000 3.244695 1.309366 2.147095 3.859128 7.455097 0.200000
141 53.106174 60.604404 0.000000 3.355619 1.298777 2.121571 3.802576 7.336676 0.250000
142 53.167927 60.597908 0.000000 3.792067 1.284987 2.064539 3.623177 6.814066 0.250000
143 52.762707 60.283539 0.000000 3.577299 1.313701 2.157137 3.871867 7.446908 0.250000
144 53.217499 60.039688 0.000000 3.384609 1.363744 2.334997 4.420498 9.070031 0.166667
145 53.380062 59.919064 0.000000 2.908190 1.314301 2.177524 3.971194 7.824221 0.200000
146 53.498024 60.271305 0.000000 2.791848 1.343180 2.241889 4.087196 7.973661 0.200003
148 54.094124 60.186039 0.000000 1.771902 1.323838 2.198499 4.018617 7.933671 0.263138
149 53.785683 60.058365 0.000000 1.343107 1.338333 2.254359 4.196715 8.465830 0.446846
151 53.327324 60.244568 0.000000 1.361530 1.338132 2.241162 4.118169 8.133844 0.414522
