%% Trajectory 26
%% frame x (pixel)     y (pixel)    z (pixel)      m0         m1           m2           m3           m4           s 
91 18.330967 36.164131 0.000000 0.650358 1.374297 2.380748 4.577107 9.567121 0.207056
92 18.248503 36.521076 0.000000 0.938351 1.306840 2.165695 3.990679 8.041430 0.426690
94 18.271093 36.500687 0.000000 1.090392 1.273058 2.032655 3.546124 6.634834 0.250786
95 18.450050 36.624027 0.000000 1.344670 1.288671 2.074223 3.654041 6.919700 0.200674
96 18.364353 36.752087 0.000000 1.423084 1.259403 1.992310 3.447018 6.408027 0.236740
97 18.355646 36.773666 0.000000 1.642765 1.260369 1.995247 3.453527 6.420228 0.362010
98 18.393833 36.769585 0.000000 1.628474 1.275397 2.044517 3.592484 6.798333 0.220006
99 18.318916 36.681812 0.000000 1.523709 1.310290 2.159719 3.919258 7.689352 0.307945
100 18.502462 36.946789 0.000000 1.471589 1.271993 2.043956 3.613322 6.908669 0.326749
101 18.308973 36.913616 0.000000 1.649381 1.272089 2.035204 3.569827 6.742730 0.427877
102 18.422249 36.969299 0.000000 1.541781 1.289658 2.088683 3.710193 7.093707 0.236461
103 18.399538 36.883251 0.000000 1.761569 1.278077 2.056424 3.632424 6.919030 0.201662
104 18.582546 36.892555 0.000000 2.000223 1.268210 2.022703 3.526880 6.598813 0.200146
105 18.544722 37.059280 0.000000 1.999664 1.309977 2.144216 3.841571 7.387567 0.251920
106 18.486687 36.857258 0.000000 2.255498 1.270734 2.026505 3.533425 6.613776 0.200005
107 18.516270 36.823570 0.000000 2.159156 1.272505 2.031388 3.544173 6.633486 0.200041
108 18.503155 36.992718 0.000000 2.442420 1.277533 2.056704 3.633372 6.917397 0.200000
109 18.651134 37.029434 0.000000 2.389735 1.308303 2.151616 3.885553 7.555864 0.203125
110 18.619980 37.145267 0.000000 2.163527 1.286768 2.069867 3.635256 6.838490 0.202627
111 18.690819 37.179348 0.000000 2.162643 1.296779 2.111150 3.769663 7.247414 0.299623
112 19.086529 37.127998 0.000000 2.123858 1.326664 2.216882 4.088590 8.163648 0.283018
113 19.280951 37.189690 0.000000 1.856439 1.283302 2.062271 3.619725 6.807283 0.253225
114 19.657461 37.282555 0.000000 1.999439 1.281825 2.051664 3.586165 6.719111 0.250018
115 19.701048 37.464172 0.000000 1.725220 1.275544 2.035270 3.546813 6.627309 0.258032
116 19.808681 37.497784 0.000000 1.584698 1.314627 2.165515 3.917890 7.642878 0.250781
117 20.306005 37.410519 0.000000 1.963188 1.308787 2.138086 3.829744 7.385710 0.292854
118 20.352327 37.236862 0.000000 1.477099 1.272925 2.029013 3.533750 6.601945 0.250053
119 20.295454 36.863945 0.000000 1.432494 1.292398 2.095475 3.724519 7.121595 0.250291
121 20.627140 38.264751 0.000000 0.991809 1.332590 2.239485 4.162833 8.402629 0.216934
122 20.454445 37.942848 0.000000 0.981585 1.304289 2.139441 3.845100 7.422062 0.250000
