%% Trajectory 8
%% frame x (pixel)     y (pixel)    z (pixel)      m0         m1           m2           m3           m4           s 
28 47.976959 34.827084 0.000000 1.255596 1.396265 2.457452 4.806995 10.232101 0.250274
29 48.021629 34.426105 0.000000 1.149296 1.472549 2.728260 5.624818 12.590450 0.166806
30 47.958584 34.697392 0.000000 1.104280 1.315203 2.165367 3.908440 7.584216 0.210379
31 47.880707 34.599926 0.000000 1.288319 1.412640 2.511990 4.963787 10.668541 0.258498
32 48.294640 34.336296 0.000000 1.287187 1.352362 2.302246 4.339265 8.884539 0.293699
33 48.155224 34.521690 0.000000 1.302718 1.310976 2.146477 3.844494 7.388046 0.253728
34 48.070030 34.676533 0.000000 1.373373 1.420322 2.524547 4.972135 10.615359 0.200004
35 48.222115 34.672310 0.000000 1.237391 1.419549 2.546772 5.104618 11.176118 0.200000
36 48.176044 34.899242 0.000000 1.657443 1.384417 2.417524 4.698986 9.953513 0.170049
37 48.125732 34.692898 0.000000 1.579406 1.364450 2.365711 4.572057 9.645639 0.199416
38 48.263031 34.807213 0.000000 1.645557 1.331245 2.226134 4.100073 8.160453 0.276657
39 48.258892 34.614021 0.000000 1.618604 1.389892 2.424612 4.690909 9.857208 0.362332
40 48.246101 34.674465 0.000000 1.706139 1.297762 2.116041 3.797671 7.372832 0.290034
41 48.104931 34.593719 0.000000 1.552594 1.357485 2.317717 4.383936 9.006845 0.201358
42 48.087181 34.561039 0.000000 1.694682 1.373673 2.371244 4.528265 9.370502 0.201063
43 48.111950 34.816544 0.000000 1.843790 1.404204 2.477957 4.847565 10.286906 0.200018
44 48.075333 34.870373 0.000000 1.731800 1.461850 2.661283 5.363559 11.693755 0.200000
45 47.871376 34.695541 0.000000 1.799992 1.446977 2.623049 5.283765 11.564322 0.250000
46 47.869377 34.775692 0.000000 1.699643 1.412779 2.489908 4.846142 10.194072 0.166667
47 47.882092 35.173981 0.000000 1.772384 1.394744 2.439302 4.723165 9.913081 0.167288
48 47.834160 35.321075 0.000000 1.857293 1.370217 2.354721 4.476075 9.225147 0.166779
49 47.906250 35.441410 0.000000 1.654494 1.354129 2.311691 4.377815 9.020284 0.295501
50 47.905670 35.656208 0.000000 1.722574 1.414755 2.490062 4.839729 10.173336 0.326485
51 47.746651 35.933662 0.000000 1.665216 1.424671 2.533454 4.976020 10.563643 0.213221
52 47.861065 35.831810 0.000000 1.627953 1.443493 2.606944 5.228747 11.388470 0.166749
53 47.661671 36.169582 0.000000 1.620164 1.384727 2.401621 4.606030 9.571906 0.166699
54 47.599216 36.722569 0.000000 1.316356 1.433056 2.607667 5.315720 11.854560 0.174015
55 47.730186 36.832829 0.000000 1.283074 1.429878 2.578187 5.186609 11.378904 0.320350
56 47.200882 37.071255 0.000000 1.505242 1.419816 2.523671 4.977198 10.655569 0.250001
58 46.143970 36.388020 0.000000 1.502290 1.508061 2.831199 5.895555 13.289392 0.200000
