%% Trajectory 22
%% frame x (pixel)     y (pixel)    z (pixel)      m0         m1           m2           m3           m4           s 
102 53.678158 30.606613 0.000000 0.643191 1.185946 1.807377 3.069435 5.772614 0.203323
104 53.431568 30.469797 0.000000 0.637987 1.222015 1.923883 3.384952 6.587147 0.489345
105 53.729244 30.621784 0.000000 0.716870 1.281458 2.140233 4.064572 8.626493 0.333335
106 53.660839 30.748623 0.000000 0.812302 1.219220 1.920659 3.395487 6.671138 0.333427
107 53.603367 30.647636 0.000000 0.985015 1.241218 1.999109 3.626375 7.318621 0.349536
108 53.656414 30.769785 0.000000 0.946653 1.289839 2.185482 4.233815 9.200450 0.355645
109 53.563297 30.742573 0.000000 1.169855 1.230362 1.955641 3.493801 6.940927 0.378991
110 53.678787 30.726271 0.000000 1.162211 1.268835 2.112977 4.023252 8.613537 0.496176
111 53.604118 30.916569 0.000000 1.292668 1.294270 2.182462 4.193106 9.015020 0.553320
112 53.726700 30.758947 0.000000 1.378729 1.283414 2.154442 4.120529 8.822010 0.453248
113 53.684540 30.783844 0.000000 1.276033 1.275178 2.121344 4.011858 8.486601 0.335929
114 53.622265 30.806423 0.000000 1.282470 1.275958 2.100340 3.906731 8.094492 0.455339
115 53.723335 30.739191 0.000000 1.209563 1.284436 2.119004 3.936580 8.112526 0.453933
116 53.620838 30.595795 0.000000 1.297069 1.235820 1.965954 3.498324 6.882380 0.257669
117 53.699932 30.629831 0.000000 1.652338 1.231917 1.943245 3.401978 6.526025 0.200036
118 53.692947 30.627144 0.000000 1.502177 1.243174 1.974357 3.488218 6.769936 0.200624
119 53.578903 30.663040 0.000000 1.593012 1.255574 2.008444 3.562273 6.905906 0.200009
120 53.472763 30.960526 0.000000 1.891957 1.341527 2.286950 4.344038 9.019002 0.250001
121 53.250919 30.987595 0.000000 2.068000 1.387578 2.440452 4.783045 10.220845 0.333333
122 53.111950 30.955843 0.000000 2.217327 1.370683 2.387174 4.636986 9.833786 0.333333
123 52.684357 31.041241 0.000000 1.845120 1.373510 2.385785 4.608005 9.696337 0.485301
124 52.652420 31.216673 0.000000 1.947581 1.399535 2.441566 4.694101 9.738913 0.345528
125 52.500149 31.255785 0.000000 2.067542 1.347789 2.265277 4.177795 8.289851 0.337281
126 52.265652 31.373039 0.000000 2.015522 1.378222 2.353659 4.408857 8.877711 0.337243
127 51.860664 31.083128 0.000000 1.637808 1.392369 2.435423 4.717996 9.909418 0.366625
128 51.839588 31.174749 0.000000 1.794955 1.373905 2.371099 4.523780 9.341812 0.333689
129 52.017681 30.936146 0.000000 1.714780 1.435114 2.580959 5.138379 11.066199 0.333334
130 51.855976 31.259933 0.000000 1.651850 1.453371 2.627220 5.249526 11.336540 0.333335
131 51.357258 31.073118 0.000000 1.399222 1.439135 2.591909 5.166974 11.145722 0.250062
132 51.242462 31.094696 0.000000 0.847195 1.434169 2.579698 5.159986 11.218462 0.300916
133 51.429958 30.563826 0.000000 0.870716 1.406268 2.498913 4.932178 10.570160 0.250002
134 51.564423 30.707279 0.000000 0.800468 1.589506 3.083883 6.572599 15.011966 0.250045
136 52.402519 29.144676 0.000000 0.618059 1.586203 3.097264 6.683264 15.530304 0.416428
