%% Trajectory 8
%% frame x (pixel)     y (pixel)    z (pixel)      m0         m1           m2           m3           m4           s 
24 39.585854 55.525681 0.000000 2.909264 1.362636 2.359087 4.562397 9.659872 0.294638
25 39.440563 55.487221 0.000000 2.769345 1.360933 2.352156 4.546275 9.633927 0.201076
26 39.654346 55.485565 0.000000 3.175653 1.392337 2.459449 4.853575 10.471733 0.344877
27 39.467228 55.438576 0.000000 2.902974 1.367491 2.369904 4.579255 9.671150 0.311325
28 39.426159 55.360546 0.000000 3.127589 1.378156 2.418850 4.760683 10.285364 0.213164
29 39.439468 55.393589 0.000000 3.307837 1.414169 2.541287 5.116056 11.277280 0.200684
30 39.499275 55.447857 0.000000 3.658328 1.391199 2.467566 4.912332 10.735091 0.200002
31 39.539413 55.382244 0.000000 4.117802 1.414374 2.546953 5.150583 11.423663 0.250000
32 39.501736 55.446804 0.000000 3.787171 1.385141 2.428160 4.759150 10.217836 0.250000
33 39.468315 55.398811 0.000000 4.636961 1.397742 2.472831 4.885914 10.551818 0.428842
34 39.422779 55.362011 0.000000 4.612068 1.426126 2.554613 5.090081 11.035972 0.250004
35 39.533733 55.391518 0.000000 4.481857 1.381421 2.419045 4.725522 10.086241 0.283650
36 39.579971 55.281628 0.000000 5.329982 1.398218 2.473961 4.885976 10.537514 0.250000
37 39.680866 55.279514 0.000000 5.959122 1.449677 2.643517 5.369525 11.864615 0.250000
38 39.678356 55.239052 0.000000 5.766881 1.478599 2.752811 5.718828 12.924764 0.200000
39 39.761246 55.263653 0.000000 5.847255 1.443559 2.627327 5.336747 11.812429 0.200000
40 40.073303 55.173855 0.000000 6.160164 1.424834 2.559450 5.122741 11.166655 0.200000
41 39.798489 55.287457 0.000000 6.633105 1.417774 2.528891 5.013354 10.804287 0.200000
42 39.710484 55.297131 0.000000 6.637139 1.409820 2.499512 4.921269 10.529880 0.200000
43 39.749802 55.224098 0.000000 6.784319 1.417721 2.510244 4.913082 10.402665 0.200000
44 39.697590 55.195850 0.000000 6.909431 1.430788 2.549310 5.010339 10.624576 0.250000
45 39.710411 55.204758 0.000000 7.139235 1.400580 2.445618 4.705112 9.763133 0.250000
46 39.838463 55.189045 0.000000 7.267838 1.412222 2.487284 4.829353 10.115599 0.250000
47 39.848408 55.098347 0.000000 6.987690 1.418992 2.508228 4.888478 10.277361 0.250000
48 39.836361 54.924397 0.000000 7.170889 1.405231 2.464964 4.770844 9.972869 0.250000
49 39.938206 54.825134 0.000000 6.983226 1.418140 2.515315 4.933529 10.469530 0.333333
50 40.064632 54.782433 0.000000 6.989705 1.398939 2.441021 4.697227 9.760745 0.250000
51 39.893570 54.651814 0.000000 6.828087 1.390385 2.408516 4.594900 9.455061 0.250000
52 39.814102 54.485279 0.000000 6.379305 1.375303 2.348940 4.399958 8.854765 0.250000
53 39.751823 54.546478 0.000000 6.148277 1.346474 2.258034 4.148737 8.185054 0.250000
54 39.716084 54.307281 0.000000 5.991736 1.385994 2.386507 4.506862 9.144374 0.250000
55 39.955460 54.283939 0.000000 5.756053 1.469021 2.671264 5.349733 11.534567 0.250000
56 40.179134 54.222775 0.000000 5.258547 1.472650 2.687010 5.415486 11.788697 0.250000
57 40.515804 54.415352 0.000000 5.195083 1.393215 2.421356 4.641035 9.616536 0.333333
58 40.513794 54.326946 0.000000 5.128044 1.390357 2.413646 4.623188 9.576547 0.333333
59 40.469761 54.564327 0.000000 4.679829 1.351616 2.284745 4.251316 8.541248 0.333333
60 40.271923 54.555443 0.000000 4.391551 1.376561 2.366267 4.487521 9.205116 0.333599
61 40.317589 55.059509 0.000000 3.894788 1.351450 2.284513 4.253581 8.555293 0.333601
62 40.250477 55.204933 0.000000 3.265573 1.297083 2.108765 3.751490 7.163680 0.333365
63 40.288738 55.207287 0.000000 2.996593 1.310278 2.145696 3.844627 7.392185 0.350745
64 40.295704 55.143112 0.000000 3.154572 1.314088 2.156274 3.869037 7.442951 0.333333
65 40.373409 54.950890 0.000000 3.255660 1.330888 2.223980 4.091993 8.132419 0.333333
66 40.317974 54.911057 0.000000 2.950308 1.317748 2.174612 3.935546 7.658617 0.200000
67 40.212204 54.657585 0.000000 3.310696 1.325579 2.199939 4.007383 7.860168 0.333333
68 40.324661 54.536087 0.000000 3.264553 1.300570 2.112881 3.745493 7.102747 0.333333
69 40.450306 54.202637 0.000000 2.666862 1.324021 2.190806 3.973185 7.747566 0.250000
70 40.384129 54.180843 0.000000 2.732976 1.289590 2.090656 3.726302 7.176729 0.333333
71 40.174461 54.029533 0.000000 2.831749 1.355100 2.298158 4.293955 8.663046 0.333333
72 40.131588 54.151718 0.000000 2.537489 1.363647 2.326083 4.374278 8.888803 0.333333
74 40.683636 53.337040 0.000000 2.215278 1.347542 2.281696 4.261803 8.615999 0.333399
75 40.396629 53.188427 0.000000 1.505799 1.286775 2.081769 3.686599 7.011908 0.250000
