%% Trajectory 28
%% frame x (pixel)     y (pixel)    z (pixel)      m0         m1           m2           m3           m4           s 
103 10.329320 41.888752 0.000000 1.209705 1.275985 2.053365 3.622126 6.874393 0.231832
105 10.386801 41.559078 0.000000 1.370621 1.294713 2.098058 3.721995 7.096031 0.328924
106 10.347064 41.705898 0.000000 1.282982 1.288506 2.082411 3.688243 7.031228 0.176201
107 10.296376 41.669479 0.000000 1.345090 1.275071 2.038305 3.574620 6.763063 0.174025
108 10.086638 41.614597 0.000000 1.366810 1.322855 2.195452 4.007600 7.894205 0.171239
110 10.210859 41.586620 0.000000 1.632171 1.304930 2.143109 3.874890 7.575675 0.206103
111 10.323123 41.570660 0.000000 1.568787 1.300987 2.126318 3.815776 7.381897 0.200000
112 10.206464 41.506752 0.000000 1.574091 1.320794 2.182793 3.958895 7.730995 0.200022
113 10.287665 41.519978 0.000000 1.783651 1.287906 2.074439 3.647084 6.865260 0.200001
114 10.167291 41.596992 0.000000 1.323965 1.313465 2.176912 3.983602 7.903141 0.200000
115 10.144135 41.569733 0.000000 1.493342 1.286759 2.086282 3.723093 7.185681 0.200000
116 10.466738 41.294434 0.000000 1.812580 1.308658 2.138114 3.821187 7.328777 0.200000
117 10.473071 41.519287 0.000000 1.711832 1.331010 2.227579 4.117682 8.255510 0.167870
118 10.564798 41.251057 0.000000 1.884992 1.272914 2.030511 3.538278 6.611886 0.247249
119 10.364933 41.492573 0.000000 1.863112 1.302781 2.124283 3.790356 7.261482 0.301006
120 10.335938 41.485184 0.000000 1.923037 1.264585 2.004349 3.471909 6.455869 0.166784
121 10.320767 41.274712 0.000000 1.819655 1.320711 2.171348 3.899609 7.499725 0.250000
122 10.420081 41.549194 0.000000 1.733464 1.302387 2.114857 3.747507 7.105516 0.250000
123 10.396416 41.300518 0.000000 1.849796 1.310470 2.143622 3.825791 7.302609 0.250000
124 10.300537 41.534451 0.000000 1.953833 1.293604 2.095470 3.710444 7.046783 0.250000
125 10.362057 41.431782 0.000000 1.999526 1.291354 2.082057 3.665007 6.909941 0.250000
126 10.178983 41.506088 0.000000 1.968373 1.309955 2.143501 3.834802 7.354438 0.250000
127 10.305432 41.436123 0.000000 2.230261 1.311728 2.144291 3.820904 7.272760 0.256605
128 10.437127 41.396229 0.000000 2.145166 1.297101 2.099358 3.706548 7.000631 0.250841
129 10.236258 41.407417 0.000000 2.007079 1.304851 2.130996 3.812255 7.329305 0.260439
130 10.249295 41.330368 0.000000 2.254172 1.275424 2.043382 3.583811 6.758244 0.300723
131 10.390332 41.450359 0.000000 2.293698 1.281770 2.060627 3.626112 6.858679 0.200928
132 10.439740 41.385483 0.000000 2.362896 1.313781 2.149742 3.838149 7.329882 0.355795
133 10.368832 41.441212 0.000000 2.300111 1.349548 2.265817 4.170256 8.250612 0.262744
134 10.293444 41.462925 0.000000 2.146473 1.294516 2.094654 3.700543 7.001235 0.278849
135 10.339666 41.279774 0.000000 2.219321 1.300589 2.114011 3.754520 7.145043 0.285765
136 10.398067 41.251209 0.000000 1.920136 1.321640 2.177720 3.917674 7.540017 0.250000
137 10.315351 41.199524 0.000000 1.960902 1.325207 2.202563 4.023507 7.926648 0.200000
138 10.409571 41.059776 0.000000 1.923838 1.320700 2.188690 3.989280 7.849709 0.200001
139 10.452287 41.241653 0.000000 1.806748 1.299346 2.108925 3.733865 7.069467 0.208140
140 10.923256 41.346291 0.000000 1.864340 1.338615 2.236010 4.092418 8.046328 0.279692
141 11.027738 41.105881 0.000000 1.396496 1.370550 2.387965 4.629099 9.766665 0.262704
142 11.074456 41.020264 0.000000 1.347451 1.376687 2.380032 4.535514 9.322753 0.251668
143 11.542545 41.146492 0.000000 1.366651 1.343721 2.260752 4.190911 8.395680 0.252332
144 11.767447 41.141567 0.000000 1.522753 1.309201 2.152774 3.887723 7.567266 0.250037
145 12.252093 41.146687 0.000000 1.548084 1.378205 2.374294 4.501110 9.198853 0.285698
146 12.126988 41.057156 0.000000 1.558584 1.356945 2.327815 4.437426 9.214605 0.257006
