%% Trajectory 81
%% frame x (pixel)     y (pixel)    z (pixel)      m0         m1           m2           m3           m4           s 
195 24.993280 37.630138 0.000000 0.831072 1.408930 2.505780 4.956099 10.658963 0.201829
197 25.249657 39.178802 0.000000 0.946696 1.472643 2.690107 5.410463 11.702381 0.252430
198 24.975044 38.926388 0.000000 0.981633 1.378322 2.416384 4.703278 9.941079 0.250569
200 24.573586 39.104404 0.000000 1.563733 1.298538 2.124861 3.818809 7.392183 0.200000
201 24.160027 38.959831 0.000000 1.543792 1.372063 2.386127 4.590332 9.558388 0.333333
202 24.696238 39.082691 0.000000 1.597085 1.269703 2.034195 3.583811 6.822946 0.333333
203 24.479397 39.002350 0.000000 2.282481 1.340129 2.257017 4.189048 8.400105 0.500000
204 24.602955 39.236160 0.000000 2.146897 1.280393 2.061204 3.636033 6.899553 0.500000
205 24.827738 39.225811 0.000000 2.297874 1.330791 2.221763 4.084474 8.110078 0.500000
206 24.703472 39.176384 0.000000 2.931708 1.292386 2.105757 3.776984 7.321460 0.500000
207 24.460533 39.155529 0.000000 3.541106 1.306203 2.138185 3.843534 7.448574 0.500000
208 24.545446 39.135994 0.000000 3.904211 1.278041 2.052070 3.606772 6.811849 0.500000
209 24.520388 38.966412 0.000000 3.782124 1.295017 2.103625 3.750165 7.204207 0.500000
211 24.623167 39.165432 0.000000 4.581820 1.273676 2.035538 3.558330 6.679940 0.500000
212 24.627903 39.132339 0.000000 5.035646 1.289658 2.081158 3.669837 6.937026 0.500000
213 24.568895 39.220642 0.000000 5.152833 1.294839 2.093393 3.692893 6.971152 0.500000
214 24.584003 39.154369 0.000000 5.826346 1.287536 2.078494 3.676110 6.995485 0.500000
215 24.630791 39.219959 0.000000 5.718361 1.305833 2.128835 3.789869 7.224024 0.500000
216 24.520048 39.268986 0.000000 5.534342 1.277084 2.043298 3.570524 6.687867 0.333333
217 24.503468 39.126572 0.000000 5.351905 1.291723 2.085860 3.680304 6.960918 0.333333
218 24.582289 39.226704 0.000000 6.163652 1.287059 2.073650 3.650383 6.888724 0.250000
219 24.775146 39.351093 0.000000 6.640573 1.308410 2.142074 3.839206 7.387923 0.333333
220 24.916378 39.317390 0.000000 6.488487 1.316933 2.174126 3.940730 7.691378 0.333333
221 25.033020 39.456753 0.000000 6.654045 1.326316 2.201356 4.016739 7.909289 0.333333
222 24.996313 39.433186 0.000000 6.823450 1.325115 2.208544 4.062684 8.099131 0.250000
223 25.259165 39.325882 0.000000 6.770417 1.305218 2.123628 3.767447 7.143995 0.250000
224 25.348288 39.171375 0.000000 6.138611 1.278942 2.050695 3.590683 6.736276 0.250000
225 25.454956 39.190586 0.000000 6.041061 1.268798 2.018459 3.507619 6.538321 0.333333
226 25.556522 38.921360 0.000000 5.958952 1.299244 2.118384 3.791282 7.310517 0.250000
228 25.864199 38.944614 0.000000 4.352449 1.359573 2.330433 4.415366 9.052194 0.255759
229 25.895895 38.691463 0.000000 3.776089 1.287968 2.089687 3.720543 7.130579 0.443505
230 25.926695 38.418640 0.000000 3.311501 1.290333 2.088125 3.711078 7.112289 0.296429
231 26.098860 38.171516 0.000000 2.642442 1.334863 2.208497 3.978259 7.640048 0.260836
232 26.017357 38.602852 0.000000 2.684355 1.346150 2.285889 4.304383 8.817824 0.250000
234 27.143328 38.547455 0.000000 2.197246 1.394849 2.441025 4.732903 9.949287 0.250000
