%% Trajectory 32
%% frame x (pixel)     y (pixel)    z (pixel)      m0         m1           m2           m3           m4           s 
120 43.979584 19.021214 0.000000 1.440494 1.371135 2.405265 4.732197 10.200095 0.216686
121 43.959137 18.715099 0.000000 1.455980 1.365650 2.345549 4.448816 9.131980 0.200013
122 43.793392 18.922125 0.000000 1.550545 1.361432 2.381027 4.684284 10.128031 0.200000
123 43.983448 18.831835 0.000000 1.539151 1.334824 2.264177 4.257218 8.690155 0.200000
124 43.971786 18.716902 0.000000 1.468622 1.367558 2.363505 4.518722 9.349908 0.250035
125 44.041233 18.589012 0.000000 1.481197 1.364830 2.344466 4.452633 9.156902 0.229784
126 44.125275 18.775255 0.000000 1.670163 1.321995 2.213314 4.104516 8.266636 0.228552
127 44.118015 18.612230 0.000000 1.854468 1.314371 2.192092 4.057458 8.180806 0.236790
128 44.142384 18.478798 0.000000 1.821609 1.301630 2.139868 3.872825 7.571230 0.166875
129 44.045845 18.639679 0.000000 2.177438 1.318799 2.196519 4.034747 8.014625 0.200000
130 44.062714 18.720779 0.000000 2.066188 1.368835 2.365144 4.532681 9.435431 0.252437
131 44.019760 18.665346 0.000000 1.951186 1.337609 2.249858 4.168800 8.336994 0.252337
132 44.089317 18.741953 0.000000 2.198153 1.351737 2.311404 4.387098 9.054544 0.250002
133 44.048416 18.792950 0.000000 2.433912 1.375752 2.392400 4.620401 9.702188 0.250530
134 43.879677 18.857317 0.000000 2.381228 1.364368 2.333493 4.406115 9.007064 0.250000
135 43.670002 19.180220 0.000000 2.062092 1.298389 2.130827 3.871873 7.657188 0.250000
136 43.640350 19.425714 0.000000 2.149313 1.272747 2.036992 3.582052 6.803999 0.250000
137 43.659458 19.494360 0.000000 2.188321 1.283243 2.076126 3.704098 7.169801 0.250000
138 43.570717 19.592081 0.000000 2.263592 1.257546 1.986533 3.430353 6.362056 0.250000
139 43.336723 19.710995 0.000000 2.470470 1.280267 2.059257 3.635156 6.919666 0.250000
140 43.501640 19.945435 0.000000 2.319748 1.282972 2.089146 3.772534 7.434973 0.250000
141 43.300667 19.978317 0.000000 2.496708 1.307840 2.176746 4.037567 8.200950 0.250000
142 43.771042 20.239641 0.000000 2.734868 1.250732 1.972660 3.410652 6.354348 0.250000
143 43.816303 20.206848 0.000000 2.783895 1.236884 1.929678 3.297887 6.074970 0.250000
144 43.258495 20.218054 0.000000 2.645658 1.262726 2.012758 3.523536 6.658771 0.250000
146 43.222481 19.786175 0.000000 1.840005 1.259631 2.013189 3.544590 6.758457 0.250000
