%% Trajectory 21
%% frame x (pixel)     y (pixel)    z (pixel)      m0         m1           m2           m3           m4           s 
65 63.669315 37.809841 0.000000 0.985354 1.436112 2.624046 5.369246 12.002569 0.250000
67 63.831913 38.329613 0.000000 1.459689 1.358984 2.303527 4.286693 8.580823 0.250001
68 63.796097 38.059853 0.000000 1.201023 1.308967 2.190346 4.085227 8.330889 0.250000
69 63.817745 37.974991 0.000000 1.532863 1.365787 2.345388 4.453547 9.163055 0.200216
70 63.800728 38.170589 0.000000 1.756129 1.324882 2.210370 4.070204 8.112707 0.250048
71 63.916721 38.093418 0.000000 1.937070 1.351444 2.289602 4.277584 8.632318 0.333333
72 63.785480 37.965435 0.000000 2.305372 1.372261 2.381752 4.609224 9.742619 0.250000
73 63.841526 38.451809 0.000000 2.537299 1.372287 2.351479 4.436408 9.029861 0.250000
74 64.054092 38.119110 0.000000 2.415053 1.370677 2.375873 4.560663 9.484036 0.336359
75 63.549492 38.071499 0.000000 2.883174 1.358314 2.310233 4.328290 8.754527 0.460564
76 63.716751 38.072090 0.000000 3.279367 1.356949 2.306598 4.323570 8.759560 0.333333
77 63.655529 38.036179 0.000000 3.105531 1.355355 2.305976 4.333937 8.820067 0.250000
78 63.657536 37.898724 0.000000 3.017215 1.394607 2.420402 4.617502 9.478393 0.250002
79 63.718281 37.855488 0.000000 3.460991 1.331171 2.218199 4.054694 7.970177 0.250000
80 63.592762 37.762348 0.000000 3.242301 1.317589 2.175748 3.949944 7.740306 0.250432
81 63.674805 37.821926 0.000000 3.055134 1.355783 2.293616 4.260751 8.516550 0.251665
82 63.660271 38.046062 0.000000 3.112717 1.364682 2.332352 4.395556 8.949598 0.252574
83 63.770706 38.058338 0.000000 3.127361 1.358704 2.302045 4.282843 8.571193 0.250000
84 63.676266 37.747711 0.000000 3.245672 1.307328 2.131319 3.793718 7.229104 0.250001
85 63.941643 37.802219 0.000000 3.172988 1.344672 2.287242 4.307469 8.802568 0.272943
86 63.613457 37.976456 0.000000 3.590207 1.376422 2.362427 4.461896 9.086247 0.250000
87 63.685062 37.881943 0.000000 3.654207 1.363437 2.309907 4.286561 8.536419 0.291031
88 63.535698 37.886875 0.000000 3.952427 1.352863 2.284088 4.229070 8.413712 0.250000
89 63.627792 37.868210 0.000000 3.870400 1.377929 2.367721 4.481172 9.153501 0.166667
90 63.488686 37.860806 0.000000 3.256935 1.350275 2.282521 4.244285 8.504801 0.228703
91 63.429829 37.813572 0.000000 3.341116 1.373033 2.359399 4.467030 9.122271 0.221619
92 63.428345 37.736359 0.000000 3.330466 1.337311 2.244456 4.147995 8.272882 0.213873
93 63.645824 37.826645 0.000000 3.378453 1.356914 2.298450 4.278606 8.575258 0.150167
94 63.742992 37.532974 0.000000 3.001618 1.281938 2.067043 3.660277 6.994557 0.200002
95 63.714855 37.759396 0.000000 3.096342 1.262451 2.002401 3.471714 6.461695 0.353594
96 63.757362 37.690166 0.000000 3.505453 1.287059 2.079986 3.685126 7.029930 0.250707
97 63.726292 37.600441 0.000000 3.068459 1.278807 2.066442 3.681507 7.111995 0.260676
98 63.688141 37.653748 0.000000 3.087848 1.270597 2.024879 3.524726 6.579963 0.211331
99 63.780342 37.544056 0.000000 3.056703 1.296513 2.111655 3.782667 7.323523 0.284749
100 63.717827 37.652397 0.000000 2.843505 1.266330 2.021670 3.556632 6.788380 0.250006
101 63.668709 37.699059 0.000000 2.781721 1.293974 2.115743 3.823636 7.510774 0.200000
102 63.781265 37.798298 0.000000 3.204321 1.281208 2.069330 3.676976 7.066621 0.200000
103 63.696499 37.488369 0.000000 3.342887 1.271081 2.032968 3.569778 6.767073 0.200000
104 63.743038 37.503025 0.000000 3.457416 1.267003 2.024213 3.555008 6.751055 0.250000
105 63.680073 37.546425 0.000000 3.404852 1.258498 1.992048 3.446252 6.400246 0.333333
106 63.711033 37.466038 0.000000 4.196943 1.270515 2.024905 3.531874 6.623584 0.333333
107 63.521828 37.597641 0.000000 3.793195 1.293543 2.088165 3.678550 6.936126 0.250000
108 63.637875 37.506260 0.000000 4.093825 1.301673 2.121840 3.791534 7.291977 0.250000
109 63.650276 37.755390 0.000000 3.687942 1.284798 2.063496 3.618071 6.795607 0.333333
110 63.484642 37.818478 0.000000 3.423591 1.276846 2.041531 3.564782 6.672102 0.333333
111 63.477165 37.812569 0.000000 3.572607 1.297142 2.103478 3.725706 7.069463 0.333333
112 63.298042 37.919712 0.000000 3.021878 1.387985 2.413393 4.628925 9.585716 0.250004
113 63.063801 37.929585 0.000000 3.150449 1.370113 2.354072 4.465291 9.156345 0.333333
114 62.896156 38.069420 0.000000 3.069386 1.368703 2.372647 4.582971 9.658007 0.333333
115 62.894539 38.115154 0.000000 3.619229 1.358919 2.321607 4.389558 8.997667 0.333333
116 62.438503 38.210632 0.000000 3.781584 1.335722 2.234999 4.109128 8.135334 0.333333
118 62.848789 37.268757 0.000000 3.661468 1.317668 2.189415 4.013479 7.964502 0.333333
119 62.929726 37.046818 0.000000 2.784300 1.373500 2.375274 4.548785 9.443948 0.250000
120 62.697136 36.822964 0.000000 2.825848 1.308981 2.148188 3.867316 7.490736 0.200000
121 62.413979 36.879852 0.000000 2.304685 1.307787 2.150060 3.877148 7.520734 0.166667
122 62.195385 36.850094 0.000000 2.258997 1.370667 2.350309 4.440034 9.054909 0.264980
123 61.984612 37.055763 0.000000 2.195714 1.370771 2.364292 4.508026 9.299292 0.260141
124 61.693962 37.376728 0.000000 1.502354 1.382100 2.401318 4.626864 9.687349 0.294934
