%% Trajectory 21
%% frame x (pixel)     y (pixel)    z (pixel)      m0         m1           m2           m3           m4           s 
127 41.833691 53.539009 0.000000 1.390069 1.216184 1.878103 3.176115 5.788659 0.200071
128 41.657261 53.552395 0.000000 1.268692 1.164158 1.726606 2.801357 4.916746 0.250000
129 41.853115 53.484421 0.000000 1.367007 1.189667 1.820180 3.079201 5.694133 0.250000
130 41.517879 53.556583 0.000000 1.248441 1.172711 1.807624 3.163516 6.253821 0.250000
131 41.548149 53.590965 0.000000 1.433266 1.143272 1.670951 2.682943 4.707223 0.250000
132 41.658409 53.555920 0.000000 1.350149 1.171370 1.773749 2.987092 5.554753 0.250000
133 41.616936 53.617924 0.000000 1.753521 1.189971 1.808515 3.043271 5.624258 0.250000
134 41.528866 53.476326 0.000000 1.764370 1.153804 1.709570 2.800642 5.047229 0.250081
135 41.598118 53.480263 0.000000 1.687037 1.138689 1.653173 2.622500 4.507255 0.250000
136 41.646793 53.736534 0.000000 1.687124 1.153555 1.715752 2.832377 5.163967 0.333333
137 41.685047 53.604023 0.000000 1.598251 1.183454 1.789825 2.990809 5.472295 0.333333
138 41.706600 53.655392 0.000000 1.655005 1.162845 1.738954 2.880235 5.248342 0.333333
139 41.732433 53.458656 0.000000 1.764593 1.181255 1.783846 2.950755 5.273907 0.333333
140 41.620399 53.677872 0.000000 1.794762 1.146889 1.678785 2.686240 4.653709 0.333333
141 41.452190 53.581505 0.000000 1.719663 1.172609 1.792661 3.103521 6.067579 0.333333
142 41.685650 53.554321 0.000000 1.934663 1.172687 1.758663 2.898186 5.193806 0.333333
143 41.686119 53.508865 0.000000 1.816814 1.170420 1.744727 2.845978 5.019925 0.333333
144 41.804813 53.548862 0.000000 1.932103 1.189998 1.804621 2.998865 5.385018 0.333333
145 41.717270 53.579109 0.000000 1.706593 1.180879 1.777523 2.929520 5.217635 0.333333
146 41.756615 53.503574 0.000000 1.886230 1.205917 1.849997 3.109161 5.637566 0.333333
147 41.867325 53.460342 0.000000 1.872411 1.222980 1.901016 3.236061 5.932376 0.333333
148 41.870678 53.529278 0.000000 2.085447 1.216627 1.879982 3.182669 5.808912 0.333333
149 41.862297 53.588299 0.000000 1.731076 1.218161 1.890938 3.216377 5.894886 0.250134
150 41.804482 53.491310 0.000000 1.957907 1.213139 1.874688 3.178745 5.824757 0.250199
151 41.833107 53.533054 0.000000 2.268499 1.204511 1.846606 3.101904 5.622962 0.333333
152 41.899757 53.497719 0.000000 2.163554 1.224403 1.904614 3.246887 5.965371 0.333333
153 41.808643 53.456585 0.000000 2.169418 1.220269 1.892161 3.213756 5.881607 0.333333
154 41.798122 53.369625 0.000000 2.056787 1.209548 1.856528 3.121435 5.662584 0.333333
155 41.733086 53.201736 0.000000 1.748111 1.199935 1.841698 3.097439 5.620301 0.333333
156 41.678848 53.101856 0.000000 1.870224 1.235631 1.940204 3.355997 6.298594 0.250000
157 41.652641 52.939533 0.000000 1.852223 1.236557 1.960994 3.450920 6.644197 0.250000
158 41.505890 52.791012 0.000000 2.043536 1.239736 1.954380 3.395280 6.402766 0.200000
159 41.340027 52.637783 0.000000 2.058562 1.224590 1.903704 3.252699 6.021282 0.200000
160 41.434437 52.686741 0.000000 2.214646 1.257354 1.985072 3.428314 6.365757 0.250000
161 41.303726 52.572338 0.000000 2.390486 1.265719 2.008502 3.482827 6.482090 0.250000
162 41.169495 52.468636 0.000000 2.246599 1.332031 2.222108 4.070136 8.026450 0.208931
163 40.867668 52.217129 0.000000 2.055184 1.325830 2.204969 4.036163 7.977824 0.254736
164 40.964718 52.419189 0.000000 1.916844 1.383148 2.390082 4.539456 9.274834 0.200000
165 40.946117 52.268738 0.000000 1.718814 1.442263 2.590692 5.134849 10.985864 0.218886
166 40.947918 52.517265 0.000000 1.605275 1.406179 2.472681 4.795958 10.041092 0.200008
167 40.982418 52.625397 0.000000 1.415350 1.400048 2.455589 4.760281 9.984607 0.201147
168 40.996101 52.638260 0.000000 1.316724 1.403445 2.477451 4.851387 10.307466 0.200482
169 40.879890 53.031570 0.000000 1.221925 1.457107 2.666608 5.440883 12.081095 0.200000
171 40.673031 53.056393 0.000000 1.110683 1.400863 2.479182 4.881031 10.456954 0.200003
