%% Trajectory 23
%% frame x (pixel)     y (pixel)    z (pixel)      m0         m1           m2           m3           m4           s 
113 26.500227 49.181221 0.000000 0.854104 1.281320 2.062880 3.655154 7.001180 0.200000
114 27.126261 49.380730 0.000000 0.775859 1.367433 2.351710 4.488730 9.323519 0.250000
116 26.993681 49.609882 0.000000 1.191813 1.323710 2.209716 4.068506 8.101432 0.250000
117 26.866945 49.664883 0.000000 1.151876 1.303914 2.157143 3.948782 7.857256 0.200062
118 27.000153 49.430908 0.000000 1.552136 1.341751 2.250839 4.154301 8.269822 0.310496
119 26.890745 49.700954 0.000000 1.676366 1.274963 2.057029 3.661114 7.071845 0.200400
120 26.846973 49.717804 0.000000 1.745858 1.270226 2.036571 3.595131 6.870603 0.245387
121 26.813713 49.643242 0.000000 1.644174 1.238144 1.956738 3.429290 6.578420 0.260053
122 26.745625 49.626789 0.000000 2.204042 1.269630 2.022057 3.521553 6.586761 0.200000
123 26.862923 49.597794 0.000000 2.417848 1.318969 2.174269 3.923168 7.596763 0.250088
124 26.862095 49.650768 0.000000 2.406785 1.325591 2.201962 4.018381 7.905055 0.250000
125 26.913012 49.599396 0.000000 2.439003 1.289073 2.092022 3.721007 7.117401 0.250000
126 27.037415 49.686466 0.000000 2.869944 1.305412 2.149321 3.894047 7.615989 0.250017
127 27.146589 49.499767 0.000000 2.803859 1.264403 2.011316 3.499669 6.541677 0.250000
128 27.102051 49.691399 0.000000 2.394133 1.298931 2.126292 3.845282 7.547985 0.250000
129 27.336876 49.516869 0.000000 2.547057 1.272644 2.039597 3.582028 6.770781 0.250000
130 27.624790 49.507843 0.000000 2.688684 1.269959 2.022573 3.519161 6.568034 0.250000
131 27.670124 49.378590 0.000000 3.152436 1.277987 2.052693 3.616717 6.869452 0.250000
132 27.885214 49.333984 0.000000 2.517482 1.315636 2.154740 3.857041 7.399235 0.250000
133 28.104994 49.035988 0.000000 2.617640 1.382561 2.420988 4.712358 9.970214 0.250000
134 28.267700 49.026848 0.000000 2.420168 1.340279 2.265024 4.229040 8.549981 0.250087
135 28.472672 48.825657 0.000000 2.479719 1.382685 2.380226 4.500525 9.155919 0.273211
136 28.280497 48.864941 0.000000 2.266197 1.329217 2.221321 4.087494 8.120979 0.250003
137 28.637449 48.488743 0.000000 1.878181 1.384688 2.415671 4.686570 9.904969 0.242652
138 28.382042 48.614254 0.000000 2.263410 1.394479 2.414472 4.586889 9.359258 0.256102
139 28.637897 48.501762 0.000000 1.654195 1.248545 1.973717 3.428313 6.439219 0.200492
