%% Trajectory 35
%% frame x (pixel)     y (pixel)    z (pixel)      m0         m1           m2           m3           m4           s 
154 43.866714 13.451756 0.000000 1.804622 1.342538 2.248822 4.136832 8.198794 0.167077
155 43.367004 13.847274 0.000000 1.800944 1.349873 2.297818 4.352085 9.005571 0.200541
156 43.446758 13.719767 0.000000 1.902869 1.323860 2.226335 4.164624 8.514394 0.323545
157 43.536804 13.678579 0.000000 1.804692 1.320696 2.196451 4.022443 7.953202 0.200000
158 43.549568 13.645027 0.000000 1.927765 1.364848 2.327441 4.359742 8.789410 0.171272
159 43.636879 13.697996 0.000000 2.266480 1.264972 2.011549 3.495970 6.518802 0.250004
160 43.494904 13.758649 0.000000 2.076110 1.379016 2.364185 4.451879 9.022363 0.250019
161 43.698853 13.676932 0.000000 2.642086 1.345763 2.256239 4.140621 8.148292 0.251049
162 43.448624 13.919672 0.000000 3.048952 1.339231 2.258483 4.219718 8.576360 0.574078
163 43.784081 13.897995 0.000000 3.062338 1.300876 2.127481 3.825192 7.424594 0.487303
164 43.542377 13.644403 0.000000 2.783317 1.301869 2.114140 3.744980 7.094942 0.204274
165 43.669704 13.866450 0.000000 3.498444 1.286721 2.070805 3.639224 6.850965 0.166667
166 43.756199 13.972600 0.000000 3.089097 1.352941 2.302739 4.334079 8.843612 0.166704
167 43.761806 13.840816 0.000000 3.083877 1.296187 2.115395 3.810794 7.452027 0.168857
168 43.816471 13.844168 0.000000 3.856819 1.330178 2.220403 4.081117 8.102107 0.166667
169 44.054794 13.880077 0.000000 3.773650 1.375049 2.365147 4.487501 9.194520 0.200000
170 44.016479 13.830187 0.000000 3.235152 1.364843 2.341845 4.428757 9.039322 0.200000
171 44.030457 14.354883 0.000000 3.427301 1.353584 2.287206 4.244325 8.476538 0.200029
172 44.183029 14.319879 0.000000 3.381832 1.338119 2.237994 4.109859 8.125160 0.250000
173 44.042599 14.230739 0.000000 3.443124 1.348006 2.278267 4.237870 8.497875 0.302469
174 44.076244 14.569776 0.000000 3.065144 1.330113 2.201835 3.985640 7.735777 0.250000
175 44.141197 15.205560 0.000000 2.738155 1.310274 2.162615 3.911296 7.592736 0.200000
176 43.943127 15.660726 0.000000 3.024669 1.426005 2.541009 5.015171 10.725481 0.262583
177 44.023449 16.089792 0.000000 2.780677 1.462996 2.690078 5.498186 12.186609 0.250000
179 44.968468 16.630663 0.000000 1.554102 1.472433 2.740263 5.662558 12.675218 0.250045
