%% Trajectory 16
%% frame x (pixel)     y (pixel)    z (pixel)      m0         m1           m2           m3           m4           s 
51 52.029930 35.697166 0.000000 1.470816 1.298099 2.144177 3.949604 7.981879 0.200000
53 52.111912 35.638275 0.000000 1.743253 1.289740 2.120070 3.900258 7.910507 0.250065
54 52.019379 35.667183 0.000000 2.005525 1.308229 2.174927 4.017736 8.103719 0.250002
55 52.063255 35.749012 0.000000 2.251747 1.319686 2.193733 4.023053 7.987379 0.250000
56 52.171291 35.897465 0.000000 2.274369 1.331704 2.238710 4.160316 8.381228 0.250000
57 51.982368 35.903202 0.000000 2.564801 1.350221 2.299705 4.331599 8.838245 0.254709
58 52.193291 35.851284 0.000000 2.655131 1.331456 2.216311 4.046188 7.943578 0.262757
59 51.888874 35.847828 0.000000 2.449243 1.303946 2.143471 3.871809 7.536694 0.250128
60 52.078434 35.896461 0.000000 2.553551 1.342366 2.273595 4.256609 8.633497 0.250000
61 52.123409 35.737099 0.000000 2.583945 1.309862 2.184819 4.058943 8.255019 0.250001
62 52.135410 35.888138 0.000000 2.609578 1.299396 2.135363 3.871666 7.600401 0.250000
63 52.063484 35.824963 0.000000 2.526871 1.315056 2.187361 4.025894 8.047171 0.250000
64 52.067921 35.765850 0.000000 3.389232 1.325546 2.210598 4.068779 8.113062 0.250016
65 52.037224 35.791534 0.000000 3.230026 1.317929 2.189118 4.007381 7.930496 0.322205
66 52.027096 35.765663 0.000000 3.069504 1.334191 2.238312 4.137194 8.258842 0.202906
67 52.097824 35.948490 0.000000 3.142616 1.319121 2.189221 3.992831 7.842344 0.201341
68 51.946411 35.857441 0.000000 3.267926 1.309944 2.171611 3.978513 7.900682 0.200449
69 51.978699 35.917080 0.000000 3.451879 1.349117 2.297688 4.334459 8.874452 0.201724
70 52.068016 35.772366 0.000000 3.299963 1.290740 2.106307 3.794621 7.415962 0.216409
71 52.061363 35.838017 0.000000 3.366757 1.354380 2.299191 4.299615 8.681856 0.200448
72 51.856052 35.702156 0.000000 3.497631 1.298517 2.117985 3.792305 7.317341 0.456393
73 52.057735 35.745693 0.000000 3.556385 1.329321 2.238382 4.180718 8.492934 0.251686
74 51.809334 35.987522 0.000000 3.544054 1.345895 2.278174 4.247731 8.545326 0.235499
75 52.123611 35.830986 0.000000 3.375877 1.316343 2.191815 4.037091 8.075199 0.194769
76 52.157619 35.672180 0.000000 3.674023 1.271583 2.026909 3.530313 6.596099 0.390570
77 52.303482 35.763508 0.000000 3.723011 1.272439 2.033116 3.552870 6.666965 0.166667
78 52.192574 35.740368 0.000000 4.135863 1.279153 2.061843 3.651628 6.982019 0.200000
79 52.125721 35.768272 0.000000 3.825370 1.322982 2.195917 4.014211 7.934268 0.200000
80 52.022713 35.947819 0.000000 3.788459 1.346575 2.291376 4.312699 8.798131 0.218256
81 52.056133 35.799538 0.000000 3.843015 1.332549 2.233536 4.130452 8.266665 0.200659
82 51.817669 35.832706 0.000000 3.743671 1.339300 2.256418 4.192931 8.426049 0.274476
83 51.695980 35.924778 0.000000 3.813260 1.338505 2.246130 4.145906 8.250846 0.205085
84 51.367237 35.843563 0.000000 3.505562 1.255378 1.984087 3.430324 6.374052 0.250003
85 51.268806 35.944099 0.000000 3.464719 1.294597 2.110379 3.778307 7.291033 0.250000
86 51.173134 35.739307 0.000000 3.352565 1.312642 2.146235 3.835159 7.345774 0.200000
87 51.115524 35.611935 0.000000 3.278942 1.279474 2.060053 3.640552 6.939093 0.200000
88 50.842617 35.701088 0.000000 3.354986 1.288684 2.108907 3.817134 7.511569 0.200000
89 50.586197 35.631603 0.000000 2.501871 1.243386 1.947257 3.334005 6.136207 0.173177
