%% Trajectory 7
%% frame x (pixel)     y (pixel)    z (pixel)      m0         m1           m2           m3           m4           s 
29 41.002396 13.701910 0.000000 1.983061 1.294551 2.116949 3.809051 7.398533 0.200000
30 41.114895 13.658926 0.000000 2.007876 1.267519 2.033450 3.583346 6.811736 0.200000
31 41.133018 13.752617 0.000000 2.148872 1.303897 2.145808 3.895264 7.655315 0.248959
32 41.214703 13.723603 0.000000 2.076567 1.228678 1.906157 3.236233 5.917200 0.200000
33 41.159733 13.791382 0.000000 1.816478 1.295804 2.113702 3.789675 7.328747 0.200000
34 41.142918 13.765414 0.000000 2.199425 1.264153 2.020139 3.549240 6.736039 0.200061
35 41.188786 13.599177 0.000000 2.167563 1.253492 1.982154 3.434958 6.412306 0.171025
36 41.240887 13.541030 0.000000 2.327512 1.250885 1.968279 3.385779 6.257586 0.202225
37 41.034969 13.592821 0.000000 2.368470 1.273325 2.044202 3.591016 6.771727 0.200000
38 41.200813 13.634021 0.000000 2.651296 1.283793 2.063105 3.621019 6.809601 0.200002
39 41.223877 13.616164 0.000000 2.577430 1.289211 2.081331 3.673826 6.956683 0.200004
40 41.323940 13.583788 0.000000 2.493544 1.244234 1.954263 3.356557 6.195220 0.200085
41 41.015736 13.661581 0.000000 2.894394 1.313965 2.173361 3.967575 7.845608 0.371840
42 41.108604 13.631564 0.000000 3.068099 1.277910 2.050569 3.599744 6.784739 0.225893
43 41.034622 13.543085 0.000000 3.046052 1.300413 2.124483 3.808049 7.347746 0.228647
44 41.117146 13.661401 0.000000 3.227171 1.286568 2.081258 3.692267 7.051367 0.200221
45 41.084816 13.613348 0.000000 2.982023 1.284020 2.071383 3.664537 6.980703 0.284804
46 40.984837 13.596439 0.000000 2.724201 1.305657 2.146048 3.888517 7.628217 0.250000
47 41.217766 13.528377 0.000000 3.317188 1.264345 2.006188 3.478926 6.475349 0.250694
48 41.059250 13.573339 0.000000 3.644387 1.281841 2.060491 3.621758 6.831329 0.250000
49 41.178070 13.629431 0.000000 3.318572 1.269762 2.020533 3.513335 6.554709 0.250000
50 41.177120 13.570259 0.000000 3.459518 1.278356 2.053990 3.618651 6.868178 0.250000
51 41.197170 13.676663 0.000000 4.162422 1.303579 2.134983 3.843586 7.469466 0.333333
52 41.201031 13.655977 0.000000 3.862297 1.277951 2.047259 3.585808 6.740103 0.250000
53 41.288498 13.707396 0.000000 3.605693 1.261243 1.996692 3.455642 6.423091 0.333333
54 41.226795 13.672452 0.000000 3.564654 1.297124 2.107407 3.746332 7.149183 0.250000
55 41.194965 13.784560 0.000000 4.276108 1.321386 2.182287 3.948055 7.670721 0.250000
56 41.326328 13.729390 0.000000 3.344864 1.277819 2.044864 3.574254 6.697005 0.250000
57 41.300236 13.987206 0.000000 3.190551 1.304439 2.144687 3.872180 7.525704 0.250571
58 41.175983 13.987164 0.000000 3.293167 1.368892 2.348926 4.436890 9.030798 0.282874
59 41.152451 14.174608 0.000000 2.727734 1.306185 2.140926 3.850295 7.455068 0.250003
60 40.947937 14.228621 0.000000 2.745454 1.329517 2.235537 4.161821 8.416918 0.250000
61 40.964172 14.464784 0.000000 2.824411 1.284909 2.108005 3.842550 7.655081 0.200000
62 41.007687 14.500106 0.000000 2.873211 1.352423 2.301339 4.328677 8.825513 0.200000
63 40.809505 14.674326 0.000000 2.755167 1.277294 2.052090 3.608465 6.816766 0.200000
64 40.773403 14.768265 0.000000 2.624205 1.341914 2.267730 4.237797 8.594098 0.200018
65 40.867706 14.682711 0.000000 2.540649 1.304533 2.139372 3.858407 7.514005 0.200000
66 40.846130 15.255073 0.000000 2.299236 1.328563 2.203576 4.007829 7.836699 0.200006
67 41.267902 15.802131 0.000000 2.602217 1.362749 2.323930 4.369840 8.879227 0.166702
68 41.641254 15.472829 0.000000 2.120861 1.304252 2.129262 3.810123 7.335862 0.166684
69 41.424278 15.669709 0.000000 2.370441 1.307086 2.138965 3.828030 7.345634 0.317169
