%% Trajectory 16
%% frame x (pixel)     y (pixel)    z (pixel)      m0         m1           m2           m3           m4           s 
55 25.162048 20.319170 0.000000 2.004324 1.357399 2.328896 4.425155 9.115134 0.169854
56 24.965549 20.144785 0.000000 1.537196 1.431975 2.593600 5.210153 11.340304 0.166667
57 24.761177 19.980286 0.000000 1.984083 1.413208 2.513797 4.958130 10.587975 0.200006
58 25.047878 20.190411 0.000000 1.938039 1.367727 2.376988 4.607810 9.748906 0.200034
59 24.593323 20.054955 0.000000 1.991486 1.357505 2.301343 4.288298 8.604851 0.200181
60 24.717272 20.175886 0.000000 1.758205 1.246240 1.974913 3.435795 6.443464 0.374061
61 24.581408 20.132748 0.000000 1.954890 1.282764 2.081975 3.711260 7.128653 0.434072
62 24.570557 19.971035 0.000000 2.001877 1.297056 2.137620 3.896649 7.708487 0.200702
63 24.682482 20.096304 0.000000 2.571038 1.385541 2.403483 4.600588 9.515118 0.250010
64 24.634960 20.037849 0.000000 2.440563 1.328818 2.215693 4.055222 7.982911 0.250081
65 24.696465 20.180113 0.000000 2.680511 1.353403 2.295143 4.297090 8.711989 0.250000
66 24.579962 19.919991 0.000000 3.522407 1.311947 2.160672 3.907986 7.613458 0.250000
67 24.514009 19.966730 0.000000 3.292311 1.374073 2.362756 4.470795 9.116364 0.250000
68 24.441877 19.987053 0.000000 3.678275 1.354910 2.307685 4.334103 8.792535 0.250000
69 24.532690 20.099546 0.000000 3.710847 1.324891 2.210472 4.063207 8.069932 0.201300
70 24.445900 20.114988 0.000000 3.695159 1.422967 2.546406 5.067577 10.966756 0.250161
71 24.375957 20.258617 0.000000 4.067179 1.398363 2.468258 4.846775 10.363846 0.200019
72 24.418915 20.163223 0.000000 4.029214 1.382393 2.411182 4.673827 9.863613 0.200000
74 24.546335 20.509663 0.000000 5.645950 1.459359 2.652371 5.348149 11.705129 0.250000
75 24.518686 20.298635 0.000000 5.658255 1.426835 2.531274 4.954506 10.478531 0.250000
76 24.467293 20.398361 0.000000 5.278195 1.452116 2.625535 5.250322 11.362919 0.250000
77 24.361536 20.224051 0.000000 5.210230 1.443720 2.603871 5.202844 11.264988 0.250000
78 24.511889 20.207115 0.000000 5.639021 1.429316 2.529906 4.924561 10.319469 0.333333
79 24.451361 20.195110 0.000000 5.778110 1.403202 2.443248 4.676482 9.639519 0.333333
80 24.615168 20.457083 0.000000 6.110327 1.391061 2.391105 4.494729 9.048875 0.333333
81 24.630653 20.390368 0.000000 6.085417 1.415360 2.489789 4.823192 10.075870 0.333333
82 24.593979 20.424635 0.000000 5.610364 1.448336 2.609167 5.201426 11.223876 0.250000
83 24.620443 20.414047 0.000000 5.139277 1.445416 2.600166 5.167959 11.099610 0.250000
84 24.617985 20.394119 0.000000 5.095344 1.465208 2.668460 5.374992 11.706271 0.250000
86 24.602732 20.526691 0.000000 5.709716 1.468940 2.698976 5.506077 12.180487 0.250000
87 24.313879 20.428709 0.000000 4.909379 1.463388 2.670862 5.403540 11.844150 0.200000
88 24.292452 20.451952 0.000000 4.915463 1.430865 2.546946 4.996627 10.570916 0.250000
89 23.967417 20.324678 0.000000 5.013468 1.383828 2.405480 4.629457 9.661897 0.200000
90 24.453236 20.645544 0.000000 5.422139 1.467106 2.667163 5.349794 11.567060 0.200000
91 24.391876 20.387909 0.000000 5.156395 1.404312 2.460377 4.755630 9.923510 0.200000
92 24.271122 20.384743 0.000000 4.955816 1.416907 2.509372 4.920401 10.453172 0.200000
93 24.102333 20.361744 0.000000 4.091445 1.385278 2.409232 4.643657 9.714388 0.250000
94 24.115772 20.195257 0.000000 3.983441 1.332897 2.234036 4.134075 8.285761 0.250000
95 24.535824 20.254181 0.000000 4.102147 1.300947 2.112283 3.746646 7.122203 0.166667
96 24.828033 20.153780 0.000000 3.880101 1.323693 2.204491 4.054152 8.080802 0.250054
97 25.108368 20.232758 0.000000 3.626371 1.353408 2.313770 4.395651 9.098623 0.333333
98 25.268322 20.520414 0.000000 3.290498 1.396464 2.451720 4.783759 10.162314 0.250000
99 25.476183 20.872841 0.000000 3.528919 1.298861 2.107743 3.747332 7.167038 0.333333
100 25.504860 20.712376 0.000000 3.007538 1.308579 2.163343 3.958279 7.878927 0.333333
101 25.508411 21.092993 0.000000 2.978397 1.318234 2.211406 4.133984 8.451537 0.250000
102 25.730085 21.218204 0.000000 2.488610 1.279342 2.089581 3.789963 7.505388 0.250009
103 25.730494 21.192646 0.000000 2.333369 1.228591 1.919733 3.293657 6.101315 0.200041
104 25.793486 21.435518 0.000000 2.764357 1.289030 2.094596 3.754867 7.301048 0.200000
