%% Trajectory 36
%% frame x (pixel)     y (pixel)    z (pixel)      m0         m1           m2           m3           m4           s 
71 16.011251 26.307405 0.000000 0.709354 1.362613 2.359209 4.546376 9.531734 0.134483
72 16.352528 26.409361 0.000000 0.828593 1.265369 2.007584 3.490098 6.537082 0.226464
74 16.281034 26.253050 0.000000 0.964839 1.445111 2.623039 5.288791 11.565804 0.397649
75 16.600201 26.080999 0.000000 0.986153 1.375862 2.393228 4.622917 9.698911 0.207360
76 16.661423 26.133030 0.000000 1.349021 1.414451 2.487585 4.819860 10.062333 0.201651
77 16.493353 26.176008 0.000000 1.291046 1.427413 2.565166 5.107883 11.016928 0.176120
78 16.683537 25.751780 0.000000 1.616317 1.294069 2.098918 3.724342 7.090925 0.166683
79 16.419279 26.083565 0.000000 1.516702 1.312338 2.186335 4.048561 8.183862 0.144682
80 16.371136 25.683830 0.000000 1.418418 1.344705 2.271337 4.232598 8.533587 0.244293
81 16.428736 25.868258 0.000000 1.852827 1.312163 2.146519 3.841784 7.381239 0.144971
82 16.373957 25.610504 0.000000 1.676629 1.354209 2.305065 4.343925 8.888784 0.182432
83 16.272293 25.820341 0.000000 1.539284 1.385780 2.416299 4.656653 9.706036 0.266793
84 16.365379 26.286945 0.000000 1.858782 1.355523 2.316354 4.396977 9.090508 0.248254
85 16.191818 25.817307 0.000000 1.829781 1.361983 2.321167 4.356869 8.831423 0.246202
86 16.509968 26.258003 0.000000 1.978807 1.387465 2.425783 4.704744 9.905351 0.250003
87 16.353127 25.929422 0.000000 2.549402 1.398033 2.442862 4.710680 9.811789 0.337261
88 16.235317 25.948378 0.000000 2.388933 1.440817 2.577043 5.088025 10.848812 0.209013
89 16.406794 26.144739 0.000000 2.049787 1.414711 2.491586 4.836884 10.119317 0.205180
90 16.248859 25.981955 0.000000 2.393963 1.426949 2.535095 4.967598 10.505018 0.252750
91 16.428961 25.831850 0.000000 2.183869 1.310069 2.141946 3.821605 7.292106 0.250003
92 16.388729 26.182957 0.000000 1.904661 1.342481 2.247686 4.137136 8.207068 0.256626
93 16.395838 26.175409 0.000000 2.261299 1.370048 2.362206 4.503726 9.291356 0.214614
94 16.409616 26.043404 0.000000 2.445513 1.429690 2.557680 5.065754 10.853546 0.250414
95 16.652647 26.487803 0.000000 2.062874 1.424342 2.551619 5.086884 11.021325 0.366153
96 16.474257 26.153276 0.000000 2.494052 1.347113 2.312877 4.423212 9.223487 0.250000
97 16.334023 26.091782 0.000000 1.886678 1.293503 2.137033 3.923961 7.853932 0.250000
98 16.494246 26.173512 0.000000 2.477324 1.331991 2.250020 4.209448 8.541526 0.250000
99 16.591793 26.103348 0.000000 1.823327 1.311926 2.191123 4.045010 8.086448 0.252649
100 16.584557 26.088154 0.000000 1.943354 1.364125 2.359909 4.517156 9.349349 0.275237
101 16.321299 25.943705 0.000000 1.491960 1.307245 2.197930 4.117687 8.413705 0.250195
102 16.427839 26.013647 0.000000 1.878604 1.371608 2.418898 4.773810 10.288202 0.250013
103 16.234364 26.074677 0.000000 1.688879 1.214145 1.921069 3.418613 6.742999 0.250000
104 16.419807 26.154337 0.000000 1.939838 1.308824 2.180658 4.020868 8.040967 0.292855
105 16.003511 25.971640 0.000000 1.702303 1.308993 2.205480 4.149185 8.531605 0.250003
106 16.189629 26.168165 0.000000 2.318168 1.272179 2.090625 3.842602 7.753325 0.391479
107 16.323063 26.206793 0.000000 2.443182 1.236706 1.967827 3.477999 6.718740 0.636271
108 16.628710 26.318773 0.000000 1.940578 1.204874 1.865037 3.193221 5.961613 0.250000
109 16.929502 26.814592 0.000000 2.428379 1.264485 2.057108 3.731060 7.410074 0.250253
110 16.896313 26.719276 0.000000 2.366006 1.234677 1.966864 3.492659 6.800305 0.250000
111 17.319483 27.076908 0.000000 2.257789 1.249006 2.001827 3.571209 6.976000 0.250019
112 17.474634 27.132256 0.000000 2.076147 1.248506 1.998360 3.545057 6.849581 0.250000
113 17.500591 27.688723 0.000000 1.913501 1.157403 1.744631 2.945631 5.534846 0.250000
