%% Trajectory 16
%% frame x (pixel)     y (pixel)    z (pixel)      m0         m1           m2           m3           m4           s 
118 45.008404 57.242439 0.000000 1.352837 1.292164 2.108145 3.778037 7.295739 0.169861
119 45.071106 57.294968 0.000000 1.311349 1.271727 2.044034 3.606628 6.859820 0.202035
120 45.195156 57.384903 0.000000 1.596087 1.292493 2.091297 3.701461 7.032243 0.144348
121 44.921410 57.290195 0.000000 1.646863 1.289518 2.076753 3.652208 6.880474 0.214083
122 45.151039 57.182400 0.000000 1.831394 1.346565 2.269914 4.205992 8.399982 0.234775
123 44.954388 57.335892 0.000000 1.986106 1.320210 2.191315 4.009619 7.934097 0.330882
124 44.890881 57.297535 0.000000 2.009760 1.330119 2.212280 4.033632 7.904957 0.230747
125 45.223228 57.144871 0.000000 2.207708 1.322072 2.189125 3.974485 7.755997 0.223315
126 45.046310 57.383007 0.000000 1.962721 1.303783 2.145858 3.901170 7.696597 0.230321
127 45.029129 57.121315 0.000000 1.800835 1.336670 2.238266 4.110190 8.105923 0.163254
128 44.980812 57.275043 0.000000 2.147895 1.348442 2.279385 4.253510 8.591892 0.182011
129 45.012630 57.288261 0.000000 2.027685 1.343466 2.263627 4.197333 8.394985 0.186573
130 44.819534 57.169498 0.000000 2.102606 1.298868 2.122653 3.811213 7.377676 0.210630
131 44.908573 57.200142 0.000000 2.260149 1.322179 2.186365 3.964512 7.728863 0.167882
132 44.890629 57.250080 0.000000 2.293330 1.302831 2.131352 3.828327 7.410199 0.149433
133 44.867493 57.318501 0.000000 2.446059 1.323098 2.193714 3.990392 7.809794 0.362630
134 44.888561 57.216759 0.000000 2.297185 1.283470 2.075720 3.681690 7.027629 0.328211
135 44.883808 57.373413 0.000000 2.189989 1.265844 2.019941 3.535903 6.672886 0.201746
136 45.047283 57.331871 0.000000 2.260431 1.353420 2.308730 4.353076 8.890542 0.208764
137 44.991428 57.295998 0.000000 2.354499 1.321885 2.196194 4.009006 7.880112 0.297225
138 45.071712 57.265678 0.000000 2.280731 1.300670 2.136344 3.862917 7.548295 0.253705
139 44.948505 57.203957 0.000000 2.071918 1.306283 2.143300 3.865386 7.516706 0.200000
140 44.877502 57.265846 0.000000 2.131885 1.263401 2.008759 3.504769 6.597424 0.200000
141 45.071003 57.313629 0.000000 2.228507 1.270466 2.025267 3.530419 6.605804 0.200003
142 45.229137 57.299000 0.000000 2.433087 1.268283 2.020488 3.516633 6.564124 0.200000
143 45.089558 57.174965 0.000000 2.268983 1.325491 2.216861 4.092358 8.178438 0.167700
144 45.076645 57.416492 0.000000 2.021322 1.253725 1.976111 3.407076 6.314125 0.167450
145 45.112457 57.291317 0.000000 2.212124 1.288615 2.079413 3.668829 6.943569 0.143542
146 45.125328 57.110146 0.000000 2.116918 1.316615 2.177983 3.957353 7.743375 0.235814
147 45.182228 57.256397 0.000000 2.283123 1.274545 2.038330 3.561781 6.673491 0.231930
148 45.228985 57.136890 0.000000 2.566755 1.294313 2.106034 3.758725 7.218873 0.200012
149 45.076759 57.302055 0.000000 2.396758 1.295485 2.105710 3.746673 7.157401 0.285944
150 45.067715 57.214539 0.000000 2.478590 1.308082 2.148354 3.871879 7.508713 0.202319
151 45.092617 57.337620 0.000000 2.485799 1.291137 2.097532 3.736636 7.161116 0.200105
152 45.079319 57.141071 0.000000 2.893558 1.308481 2.154284 3.902334 7.632015 0.240392
153 45.314159 57.191128 0.000000 2.729929 1.262593 2.005207 3.484872 6.510808 0.228244
154 45.164677 57.147202 0.000000 2.540153 1.273703 2.042546 3.590444 6.793061 0.268173
155 45.257553 57.313492 0.000000 2.898285 1.274441 2.033550 3.548631 6.652009 0.215103
156 45.062984 57.023277 0.000000 3.107776 1.350045 2.298630 4.326735 8.818540 0.238206
157 45.070568 56.737049 0.000000 3.039652 1.336676 2.269441 4.279126 8.782230 0.201176
158 45.204891 56.396324 0.000000 3.163764 1.265147 2.009457 3.487145 6.492332 0.201014
159 45.192333 56.296352 0.000000 2.824643 1.274293 2.029639 3.533225 6.601080 0.200641
160 45.272625 56.175125 0.000000 3.063222 1.297325 2.106149 3.740842 7.131043 0.280954
161 44.994488 55.890030 0.000000 2.364476 1.312546 2.184128 4.026497 8.066818 0.282326
162 44.611378 55.668804 0.000000 2.178289 1.311591 2.167280 3.957971 7.851427 0.222567
