%% Trajectory 26
%% frame x (pixel)     y (pixel)    z (pixel)      m0         m1           m2           m3           m4           s 
140 31.913141 55.699482 0.000000 1.475714 1.300047 2.169654 4.037076 8.214174 0.200000
141 31.959299 55.740898 0.000000 1.620507 1.308231 2.169802 3.968106 7.843463 0.200075
142 31.859842 55.722691 0.000000 1.727422 1.249956 1.974065 3.423075 6.408899 0.200000
143 31.845556 55.672993 0.000000 1.891790 1.268932 2.028124 3.544080 6.643549 0.200000
144 32.121258 55.612122 0.000000 2.065818 1.242954 1.962300 3.414143 6.447767 0.280149
145 32.202553 55.506554 0.000000 2.202629 1.332765 2.254622 4.231764 8.644174 0.268444
146 32.275772 55.454239 0.000000 2.121382 1.409835 2.494997 4.897475 10.437655 0.200116
147 32.418777 55.491066 0.000000 2.434881 1.282476 2.060579 3.614471 6.790360 0.200302
148 32.032818 55.662441 0.000000 2.225801 1.319189 2.201644 4.073615 8.203859 0.200280
149 32.136662 55.331966 0.000000 2.096016 1.345143 2.248672 4.107769 8.030725 0.250000
150 31.977270 55.576710 0.000000 2.341150 1.332979 2.241672 4.172616 8.434992 0.250000
151 32.136501 55.412621 0.000000 2.394179 1.299269 2.144160 3.920606 7.806614 0.250000
152 32.282883 55.646111 0.000000 2.442057 1.272027 2.032297 3.551850 6.667890 0.250287
153 32.086296 55.472603 0.000000 2.491252 1.285183 2.084754 3.728163 7.225067 0.250000
154 32.418690 55.405277 0.000000 2.652660 1.302626 2.113527 3.739547 7.075324 0.252165
155 32.222908 55.537182 0.000000 2.681791 1.292695 2.092534 3.708530 7.062056 0.265543
156 32.051712 55.555172 0.000000 2.538545 1.331856 2.229898 4.118282 8.227880 0.250000
157 32.099716 55.534615 0.000000 2.969248 1.285075 2.081237 3.707417 7.137405 0.262547
158 32.125835 55.571709 0.000000 3.005278 1.307580 2.141495 3.850207 7.460389 0.260032
159 32.300056 55.458878 0.000000 2.936522 1.302491 2.118459 3.757875 7.126610 0.258460
160 32.184048 55.379848 0.000000 3.234864 1.298906 2.108726 3.736891 7.087534 0.281563
161 32.276695 55.493576 0.000000 3.304957 1.301895 2.116568 3.756057 7.134032 0.318199
162 32.215549 55.391510 0.000000 3.063148 1.303528 2.123767 3.785619 7.244132 0.309776
163 32.277431 55.486919 0.000000 2.986243 1.321519 2.178187 3.928252 7.602947 0.200130
164 32.109863 55.472454 0.000000 2.596155 1.288078 2.089524 3.724702 7.166187 0.200000
165 32.254635 55.463486 0.000000 2.357829 1.286606 2.068790 3.637610 6.866641 0.200004
166 32.294853 55.576908 0.000000 2.492656 1.288276 2.079963 3.677726 6.992086 0.250433
167 32.292305 55.467113 0.000000 2.719480 1.293278 2.088536 3.680772 6.943258 0.250000
168 32.219276 55.571716 0.000000 2.904159 1.304089 2.133789 3.827702 7.384330 0.250000
169 32.250820 55.609447 0.000000 2.670219 1.262981 2.003833 3.474062 6.463583 0.250064
170 32.334232 55.396568 0.000000 2.589861 1.307521 2.131333 3.793553 7.228679 0.323310
171 32.302284 55.462334 0.000000 2.746786 1.296757 2.102790 3.722221 7.052392 0.271502
172 32.252251 55.470711 0.000000 2.614991 1.298783 2.117444 3.779792 7.245106 0.250261
173 32.278683 55.581760 0.000000 2.358814 1.287998 2.070425 3.633530 6.831019 0.395253
174 32.249748 55.558285 0.000000 2.698148 1.305795 2.141681 3.853245 7.458795 0.282323
175 32.337418 55.332497 0.000000 2.537023 1.283773 2.072161 3.667108 6.985040 0.326355
176 32.403927 55.542255 0.000000 2.563130 1.278746 2.049078 3.585568 6.723388 0.284003
177 32.451092 55.621208 0.000000 2.107461 1.291260 2.085893 3.679798 6.953899 0.166668
178 32.294365 55.688858 0.000000 2.151882 1.277477 2.053243 3.620378 6.880311 0.142863
179 32.096401 55.683834 0.000000 1.937909 1.280022 2.080639 3.750751 7.377354 0.166762
180 32.542824 55.617245 0.000000 1.915833 1.250100 1.959464 3.359197 6.193977 0.200000
181 32.600861 55.694141 0.000000 1.962718 1.288662 2.076109 3.660307 6.933861 0.166667
182 32.432026 55.579540 0.000000 2.124051 1.248842 1.964935 3.381327 6.254066 0.203515
183 32.469547 55.713715 0.000000 1.779329 1.231124 1.911490 3.245007 5.927459 0.200510
184 32.528683 55.577480 0.000000 2.287306 1.256475 1.986087 3.431566 6.366657 0.200087
185 32.566368 55.570896 0.000000 2.385714 1.251752 1.977880 3.422326 6.371323 0.166688
186 32.801353 55.435925 0.000000 2.246639 1.304272 2.143077 3.880539 7.604032 0.178270
187 32.925518 55.108265 0.000000 2.303827 1.384479 2.428069 4.751902 10.158755 0.200074
188 33.028561 55.322277 0.000000 2.113743 1.343409 2.277865 4.278212 8.735334 0.201828
189 32.933113 55.226387 0.000000 2.069315 1.329408 2.237490 4.177331 8.492706 0.373160
190 33.356846 54.797974 0.000000 1.918467 1.331295 2.238756 4.179354 8.500712 0.201515
191 33.477242 54.829266 0.000000 1.695453 1.260067 2.004734 3.506820 6.633961 0.208045
192 34.082470 54.558159 0.000000 1.729263 1.300812 2.116535 3.772706 7.230627 0.375157
193 34.114433 54.893780 0.000000 1.468423 1.279408 2.080445 3.733105 7.255916 0.200007
196 34.551350 55.751911 0.000000 1.223308 1.283179 2.074481 3.674923 7.000086 0.142857
