%% Trajectory 17
%% frame x (pixel)     y (pixel)    z (pixel)      m0         m1           m2           m3           m4           s 
94 38.047619 27.600685 0.000000 1.540595 1.376338 2.396236 4.645380 9.817691 0.200011
95 38.337749 27.540737 0.000000 1.596362 1.346467 2.264128 4.174326 8.272578 0.250000
96 37.812210 27.583818 0.000000 1.958619 1.379080 2.376626 4.514569 9.259308 0.200000
97 38.155212 27.807793 0.000000 2.195384 1.384040 2.384326 4.506464 9.150035 0.205524
98 38.214592 27.857470 0.000000 2.383700 1.402660 2.455967 4.736903 9.849057 0.235197
99 38.378967 27.811285 0.000000 2.450951 1.312084 2.151250 3.864504 7.460054 0.211076
100 38.174625 27.827778 0.000000 2.223862 1.345765 2.268423 4.197547 8.355256 0.200152
101 38.195301 27.856813 0.000000 3.143428 1.351451 2.286830 4.261393 8.574473 0.224482
102 38.319977 28.015554 0.000000 3.408057 1.373629 2.361852 4.479702 9.181965 0.200044
103 38.254715 27.827942 0.000000 3.451718 1.371515 2.337370 4.366666 8.761489 0.250117
104 38.209682 27.869873 0.000000 3.566975 1.371403 2.347325 4.416569 8.948884 0.250000
105 38.372913 27.820208 0.000000 3.501247 1.350213 2.284941 4.260864 8.586238 0.287507
106 38.317631 27.854187 0.000000 3.822542 1.344849 2.256314 4.147858 8.185635 0.250000
107 38.263870 27.983135 0.000000 3.815746 1.376779 2.373182 4.513296 9.274065 0.250238
108 38.376789 27.984035 0.000000 4.777767 1.385514 2.402003 4.591881 9.479914 0.250000
109 38.435253 27.948849 0.000000 4.451806 1.378219 2.377924 4.530617 9.337539 0.250000
110 38.267269 27.966566 0.000000 4.928361 1.389533 2.415665 4.634538 9.607734 0.250000
111 38.310108 27.924339 0.000000 4.914013 1.364361 2.328490 4.377939 8.887917 0.250000
112 38.254955 27.912861 0.000000 5.307209 1.364722 2.327843 4.371276 8.857171 0.250000
113 38.309853 27.964218 0.000000 5.584647 1.360584 2.317933 4.354012 8.838772 0.250000
114 38.357040 28.004406 0.000000 5.511150 1.382219 2.393696 4.582045 9.498710 0.250000
115 38.353367 28.009932 0.000000 5.694526 1.356791 2.308199 4.327798 8.764448 0.250000
116 38.385193 27.930984 0.000000 5.680046 1.335235 2.229328 4.084844 8.054727 0.250000
117 38.354370 27.873894 0.000000 5.553112 1.366449 2.325251 4.343897 8.731714 0.250000
118 38.277164 27.853577 0.000000 6.321484 1.353462 2.287412 4.249751 8.509514 0.200000
119 38.254837 27.910563 0.000000 5.914802 1.376380 2.361151 4.449427 9.021950 0.200000
120 38.271721 27.874136 0.000000 6.344553 1.378065 2.361248 4.441509 8.982852 0.200000
121 38.159298 27.899092 0.000000 7.034348 1.369185 2.340128 4.403833 8.940850 0.200000
122 38.250118 27.836893 0.000000 6.294092 1.379147 2.365077 4.453317 9.018670 0.200000
123 38.173267 27.881969 0.000000 6.859147 1.393127 2.419241 4.626457 9.539894 0.166667
124 38.276424 27.885023 0.000000 7.170609 1.366893 2.329775 4.362623 8.793049 0.142857
125 38.348412 27.961203 0.000000 7.133333 1.365930 2.330042 4.375327 8.863444 0.166667
126 38.346169 28.019411 0.000000 6.940431 1.366239 2.343174 4.441482 9.120376 0.166667
127 38.299511 28.031458 0.000000 7.228613 1.398910 2.445928 4.721229 9.852032 0.166667
128 38.352360 27.933891 0.000000 7.212983 1.393951 2.416841 4.604795 9.441081 0.200000
129 38.216576 28.089951 0.000000 7.191617 1.376486 2.368563 4.495898 9.224144 0.250000
130 38.153179 28.081694 0.000000 7.385162 1.409288 2.479817 4.818206 10.117725 0.250000
131 38.063107 28.252851 0.000000 7.585984 1.408409 2.476327 4.811701 10.115931 0.250000
132 38.030800 28.367418 0.000000 7.470634 1.401049 2.454282 4.750090 9.946831 0.250000
133 37.979095 28.339315 0.000000 7.652268 1.438761 2.575537 5.090335 10.865429 0.200000
134 37.917690 28.534004 0.000000 7.224852 1.411734 2.480103 4.798983 10.011672 0.250000
135 37.845943 28.543806 0.000000 7.446033 1.416929 2.498827 4.859149 10.200529 0.250000
136 37.693844 28.332874 0.000000 8.209517 1.369531 2.333513 4.363090 8.771667 0.200000
137 37.689732 28.251810 0.000000 8.228868 1.388090 2.397178 4.548638 9.288214 0.166667
138 37.624607 28.321859 0.000000 7.605367 1.383469 2.371886 4.455579 8.982424 0.166667
139 37.620796 28.246096 0.000000 7.351540 1.375447 2.360381 4.458881 9.083684 0.250000
140 37.527138 28.430729 0.000000 6.850754 1.383591 2.384351 4.520383 9.237650 0.250000
141 37.627701 28.467487 0.000000 6.421387 1.361805 2.296490 4.227249 8.319048 0.200000
142 37.345779 28.369627 0.000000 5.702546 1.359352 2.285842 4.195400 8.234134 0.200002
143 37.321030 28.438059 0.000000 5.344599 1.357175 2.280338 4.179521 8.186318 0.250001
144 37.158939 28.606947 0.000000 4.908041 1.399452 2.431661 4.642899 9.538196 0.166667
145 37.273823 28.747334 0.000000 4.269151 1.413121 2.483660 4.814277 10.077946 0.166668
146 37.133621 29.033171 0.000000 4.045641 1.425151 2.537602 4.995326 10.638230 0.167233
147 37.154629 28.916473 0.000000 3.964465 1.381152 2.380176 4.515185 9.229652 0.166667
148 37.471889 29.091261 0.000000 4.144207 1.329681 2.211522 4.035227 7.921947 0.200014
149 37.295734 28.937511 0.000000 3.528094 1.347172 2.281233 4.265218 8.634934 0.167099
150 37.282616 29.207937 0.000000 3.879090 1.304069 2.136358 3.841614 7.442017 0.166667
