%% Trajectory 26
%% frame x (pixel)     y (pixel)    z (pixel)      m0         m1           m2           m3           m4           s 
124 39.307991 22.711315 0.000000 2.901772 1.399678 2.454612 4.772367 10.076410 0.200000
126 39.224640 22.564680 0.000000 3.001495 1.422687 2.524358 4.951123 10.506993 0.200000
127 39.300007 22.431017 0.000000 2.915636 1.295545 2.112553 3.787144 7.332631 0.200000
129 39.371742 22.443645 0.000000 3.180705 1.300741 2.132122 3.848443 7.513254 0.200151
130 39.371002 22.536013 0.000000 3.150036 1.365034 2.326366 4.374621 8.903955 0.200001
131 39.348392 22.378820 0.000000 3.485832 1.336886 2.235082 4.104513 8.119743 0.204662
132 39.363449 22.358057 0.000000 3.631852 1.327409 2.195582 3.975356 7.727293 0.200013
133 39.477444 22.478909 0.000000 4.121819 1.276360 2.040112 3.561432 6.665061 0.250267
134 39.242359 22.581398 0.000000 4.181379 1.341369 2.237835 4.082551 7.982687 0.250001
135 39.338512 22.599361 0.000000 4.445983 1.267950 2.021978 3.522778 6.581427 0.250070
136 39.410797 22.519188 0.000000 4.937697 1.293814 2.089215 3.681869 6.945905 0.250000
137 39.346302 22.526838 0.000000 5.091489 1.300723 2.113562 3.749043 7.118885 0.250000
138 39.289951 22.542847 0.000000 5.300898 1.302869 2.118052 3.760314 7.150818 0.250000
139 39.311569 22.461142 0.000000 5.182011 1.300040 2.111431 3.739432 7.079318 0.250024
140 39.196632 22.481766 0.000000 5.727867 1.291435 2.085009 3.676733 6.947564 0.250000
141 39.242527 22.578382 0.000000 5.466841 1.292106 2.085573 3.676721 6.946104 0.250249
142 39.294891 22.476183 0.000000 5.723742 1.290094 2.085099 3.690691 7.024749 0.250000
143 39.254265 22.518049 0.000000 5.828489 1.300967 2.115847 3.766979 7.206612 0.250092
144 39.260273 22.590519 0.000000 5.933665 1.288998 2.078067 3.662627 6.926850 0.251379
145 39.180618 22.487553 0.000000 5.983719 1.310926 2.147674 3.848433 7.397853 0.250000
147 39.270222 22.447378 0.000000 6.438492 1.315852 2.162226 3.886466 7.493165 0.250000
148 39.290009 22.471340 0.000000 6.737064 1.310744 2.145830 3.844625 7.396146 0.250000
149 39.251606 22.529999 0.000000 7.038126 1.302431 2.123725 3.787930 7.250376 0.333333
150 39.253090 22.553522 0.000000 7.235847 1.301994 2.122729 3.791060 7.279662 0.333333
151 39.274021 22.431768 0.000000 7.305762 1.307326 2.130354 3.790256 7.220096 0.333333
152 39.271507 22.501450 0.000000 7.328877 1.303761 2.118249 3.752900 7.108502 0.250000
153 39.224682 22.506289 0.000000 7.053635 1.290535 2.085759 3.686043 6.989822 0.250000
154 39.323719 22.470926 0.000000 6.955482 1.300531 2.108358 3.731123 7.069517 0.333333
155 39.202568 22.477404 0.000000 7.124813 1.305645 2.125563 3.775846 7.175435 0.333333
156 39.298157 22.630314 0.000000 7.458268 1.311420 2.140236 3.808770 7.245330 0.333333
157 39.272388 22.599585 0.000000 7.308212 1.317334 2.168290 3.910634 7.583196 0.333333
158 39.310097 22.701691 0.000000 7.552532 1.331819 2.224350 4.089470 8.122010 0.333333
159 39.329048 22.875156 0.000000 6.984051 1.349970 2.286941 4.273079 8.637986 0.250000
160 39.354668 22.909096 0.000000 6.380906 1.360004 2.315110 4.350509 8.854107 0.250000
161 39.196331 23.156603 0.000000 5.641111 1.358781 2.319682 4.378281 8.957205 0.250000
162 39.233734 23.212957 0.000000 5.570133 1.328511 2.214523 4.070264 8.094738 0.250000
164 39.407154 23.372522 0.000000 4.247322 1.327946 2.213774 4.059722 8.034197 0.250572
165 39.470581 23.229506 0.000000 4.408906 1.328192 2.204439 4.016757 7.884178 0.250014
166 39.452785 23.186136 0.000000 3.726888 1.313121 2.167920 3.954710 7.834534 0.250020
167 39.652081 23.527636 0.000000 3.876360 1.293613 2.087260 3.674999 6.926364 0.250003
169 39.970814 24.412836 0.000000 2.104029 1.324592 2.219203 4.112314 8.261016 0.200919
170 40.490921 24.146315 0.000000 2.144288 1.291345 2.124507 3.910033 7.928494 0.232935
