%% Trajectory 17
%% frame x (pixel)     y (pixel)    z (pixel)      m0         m1           m2           m3           m4           s 
73 23.775311 68.732552 0.000000 0.946828 1.285836 2.112789 3.856538 7.687137 0.250000
74 23.607944 68.292191 0.000000 1.364836 1.275127 2.042406 3.580191 6.744328 0.250000
75 23.600925 68.268684 0.000000 1.372134 1.285393 2.098890 3.794359 7.469942 0.250072
76 23.529535 68.219833 0.000000 1.642911 1.322754 2.204077 4.050359 8.057900 0.253414
77 23.603254 68.302696 0.000000 1.705886 1.250620 1.970524 3.395662 6.288179 0.250491
78 23.387123 68.292397 0.000000 1.786550 1.259753 1.991405 3.439757 6.379265 0.250001
79 23.365585 68.347557 0.000000 2.008177 1.306375 2.158890 3.946668 7.843349 0.256415
80 23.420597 68.263107 0.000000 2.640542 1.298561 2.102919 3.715987 7.026453 0.252877
81 23.599310 68.310669 0.000000 2.513833 1.308855 2.138924 3.828909 7.365333 0.488860
82 23.554714 68.187889 0.000000 2.462670 1.265250 2.012787 3.498906 6.525143 0.250304
83 23.335875 68.453156 0.000000 2.516982 1.272776 2.034136 3.551646 6.648762 0.250001
84 23.407499 68.331093 0.000000 2.693073 1.260689 1.999586 3.470967 6.478444 0.250023
85 23.451612 68.295372 0.000000 2.925265 1.278739 2.057021 3.631999 6.916677 0.333333
86 23.366350 68.299690 0.000000 2.683832 1.249843 1.967888 3.388638 6.271156 0.333333
87 23.344633 68.246979 0.000000 2.859239 1.301087 2.136900 3.878934 7.650194 0.333333
88 23.307638 68.271362 0.000000 2.861692 1.289557 2.084063 3.684095 6.989744 0.333333
89 23.104078 68.310944 0.000000 2.574561 1.342073 2.249707 4.141754 8.207175 0.333333
90 22.954466 67.639053 0.000000 2.739485 1.342157 2.266515 4.224738 8.525607 0.333333
91 23.018063 67.514709 0.000000 2.921808 1.358438 2.311385 4.326851 8.728848 0.333333
92 22.976822 67.347458 0.000000 2.576144 1.417352 2.500454 4.852632 10.131171 0.333333
93 22.780279 67.163315 0.000000 2.890338 1.352093 2.283867 4.242500 8.497197 0.333333
94 22.783253 67.118484 0.000000 2.838544 1.358967 2.310962 4.323443 8.719172 0.333333
96 22.651907 66.884369 0.000000 1.830258 1.353617 2.315440 4.404834 9.137619 0.333333
