%% Trajectory 22
%% frame x (pixel)     y (pixel)    z (pixel)      m0         m1           m2           m3           m4           s 
121 7.162796 37.547958 0.000000 1.645832 1.325727 2.231668 4.185974 8.595348 0.175045
122 7.357013 37.615467 0.000000 1.579780 1.267887 2.037346 3.607419 6.923418 0.166668
123 7.123043 37.716522 0.000000 1.681019 1.321193 2.220801 4.159262 8.526060 0.250102
124 7.237827 37.565201 0.000000 1.639340 1.230241 1.913409 3.256179 5.965547 0.166668
125 7.418199 37.425823 0.000000 1.482183 1.215302 1.875318 3.168044 5.767935 0.167029
126 7.417806 37.465839 0.000000 1.813226 1.249453 1.970515 3.411206 6.378068 0.241290
127 7.290288 37.523037 0.000000 2.019075 1.265120 2.023075 3.565540 6.817480 0.274333
128 7.347425 37.531342 0.000000 2.004408 1.294956 2.112358 3.794103 7.373161 0.293564
130 7.544967 37.690586 0.000000 1.970690 1.265634 2.019443 3.539738 6.703115 0.201106
131 7.444348 37.423786 0.000000 2.247218 1.295799 2.124303 3.852792 7.602249 0.250001
132 7.244676 37.820225 0.000000 2.002314 1.289695 2.107046 3.799893 7.431048 0.243016
133 7.232556 37.531292 0.000000 2.304476 1.258236 2.004418 3.521970 6.721455 0.200485
134 7.457561 37.359112 0.000000 2.082169 1.297176 2.111529 3.773790 7.273007 0.257313
135 7.182371 37.648487 0.000000 2.152511 1.280573 2.097569 3.824166 7.636156 0.250016
136 7.324221 37.463421 0.000000 2.053842 1.267825 2.018317 3.519928 6.609600 0.255429
137 7.235092 37.668739 0.000000 2.469813 1.281394 2.063483 3.638792 6.896315 0.250000
138 7.400178 37.687695 0.000000 2.196952 1.267524 2.035228 3.612436 6.979166 0.251285
139 7.225890 37.440876 0.000000 1.980626 1.255957 2.004814 3.538471 6.803779 0.250032
140 7.112542 37.422779 0.000000 1.947094 1.303390 2.147149 3.906016 7.704654 0.250000
141 7.349825 37.372578 0.000000 2.199343 1.266538 2.026546 3.582694 6.894042 0.250000
142 7.289711 37.535988 0.000000 2.414393 1.239340 1.944218 3.355839 6.278879 0.250000
143 7.249863 37.570641 0.000000 2.912164 1.277308 2.057771 3.651662 7.021864 0.253424
144 7.207340 37.540455 0.000000 2.448432 1.263069 2.024337 3.582334 6.890985 0.250000
145 7.374993 37.473351 0.000000 2.503950 1.234506 1.923861 3.279724 6.016166 0.250000
146 7.415758 37.339161 0.000000 2.794996 1.276864 2.057873 3.650654 7.009542 0.250172
147 7.204471 37.351734 0.000000 2.933075 1.256536 1.996795 3.492792 6.618688 0.250000
148 7.296855 37.561672 0.000000 2.631734 1.231433 1.930495 3.331304 6.233207 0.250755
149 7.393639 37.682034 0.000000 3.044930 1.227742 1.907556 3.255951 6.016253 0.333333
150 7.383312 37.627045 0.000000 2.655968 1.225832 1.896609 3.211648 5.860287 0.250000
151 7.344545 37.494030 0.000000 2.915919 1.284549 2.096973 3.802227 7.538268 0.333333
152 7.486210 37.279110 0.000000 3.056039 1.269140 2.032071 3.578382 6.816187 0.200000
153 7.534976 37.657879 0.000000 2.427731 1.266907 2.027256 3.568504 6.796189 0.210374
154 7.736512 37.557926 0.000000 2.503124 1.249366 1.973833 3.422599 6.407045 0.200245
155 8.056769 37.712814 0.000000 2.670186 1.317474 2.193424 4.032276 8.028544 0.200145
156 8.021436 37.634949 0.000000 2.698471 1.307337 2.162624 3.969651 7.947042 0.203056
157 8.052076 38.132111 0.000000 2.548130 1.342151 2.257482 4.179548 8.347408 0.350322
