%% Trajectory 19
%% frame x (pixel)     y (pixel)    z (pixel)      m0         m1           m2           m3           m4           s 
70 18.565157 28.292164 0.000000 1.605541 1.194006 1.809413 3.001713 5.378329 0.166667
71 18.838943 28.096159 0.000000 1.784888 1.243485 1.961268 3.404780 6.399370 0.250988
72 18.646517 28.126402 0.000000 1.850927 1.218489 1.887914 3.204873 5.864796 0.189414
73 18.583109 28.146811 0.000000 1.806483 1.205055 1.851366 3.116223 5.658926 0.311083
74 18.804531 28.167007 0.000000 2.117450 1.214092 1.874618 3.171765 5.787683 0.200054
75 18.913845 28.128531 0.000000 2.177105 1.247993 1.971197 3.411682 6.353306 0.142916
76 18.659473 28.042591 0.000000 2.350585 1.291468 2.090292 3.694183 6.988498 0.200086
77 18.890703 28.161829 0.000000 2.429456 1.285724 2.081910 3.688970 7.010519 0.389293
78 18.850483 28.115852 0.000000 2.420822 1.255335 2.000017 3.502361 6.620712 0.280694
79 18.890390 27.981304 0.000000 2.161233 1.306250 2.160661 3.930493 7.704326 0.177897
80 18.820744 27.983389 0.000000 2.590150 1.286243 2.099228 3.764661 7.272742 0.197511
81 18.808992 27.877815 0.000000 2.824166 1.266086 2.019836 3.535435 6.672360 0.169929
82 18.754465 28.002617 0.000000 2.980403 1.266344 2.041233 3.625800 6.971627 0.200150
83 18.872370 27.912781 0.000000 2.749607 1.307284 2.156173 3.928829 7.761321 0.166677
84 18.887589 27.978951 0.000000 3.193212 1.310518 2.167994 3.940322 7.709184 0.200000
85 18.797068 27.836540 0.000000 2.943766 1.245536 1.952648 3.349778 6.182593 0.200000
86 18.796162 27.895840 0.000000 3.188174 1.260139 1.998174 3.466511 6.461022 0.200001
87 18.825027 28.074682 0.000000 3.224366 1.287236 2.094678 3.744757 7.213666 0.200000
88 19.002087 27.954590 0.000000 3.484761 1.342087 2.288568 4.324068 8.860977 0.200000
89 18.966305 27.923367 0.000000 3.821960 1.329591 2.222522 4.094460 8.148663 0.300410
90 19.039848 28.042278 0.000000 3.406786 1.318728 2.200633 4.059641 8.117141 0.200006
91 18.741516 28.207314 0.000000 3.471093 1.220819 1.894381 3.220684 5.900877 0.200000
92 18.923080 28.048933 0.000000 4.137251 1.313352 2.180931 3.997405 7.932607 0.324072
93 18.774828 28.157074 0.000000 4.109896 1.296943 2.109617 3.754603 7.169117 0.200000
94 18.970613 28.175289 0.000000 4.200631 1.297112 2.142969 3.929524 7.850997 0.281632
95 19.005198 28.147783 0.000000 4.601874 1.329465 2.229870 4.129320 8.275840 0.200089
97 19.006023 28.141827 0.000000 3.777961 1.304223 2.167859 4.011765 8.115685 0.166675
98 18.974033 28.055248 0.000000 4.096914 1.332049 2.263985 4.283744 8.839903 0.200614
99 19.056215 27.978899 0.000000 3.550622 1.314942 2.198646 4.073305 8.195647 0.166821
100 19.125496 27.986349 0.000000 3.307642 1.290359 2.114877 3.834053 7.546194 0.166678
101 18.852226 28.023108 0.000000 3.788856 1.313051 2.170516 3.942708 7.713413 0.200000
102 18.953588 28.079538 0.000000 3.674535 1.303757 2.143978 3.878131 7.566355 0.200000
103 18.974606 28.060438 0.000000 3.882621 1.331302 2.240507 4.169080 8.408173 0.200000
104 18.874697 27.957376 0.000000 3.580219 1.304361 2.142597 3.868461 7.527394 0.200000
105 19.030670 28.043362 0.000000 4.085262 1.325938 2.228587 4.151090 8.400442 0.200000
106 18.936691 28.068295 0.000000 3.735548 1.310704 2.161380 3.917725 7.653926 0.200000
107 18.920826 27.995529 0.000000 3.888333 1.320741 2.195842 4.011093 7.887227 0.217496
108 18.928598 28.091576 0.000000 4.096987 1.303015 2.134915 3.840952 7.441941 0.166796
109 18.976738 28.051157 0.000000 3.749143 1.337115 2.263368 4.243548 8.631989 0.209940
110 18.819744 28.046789 0.000000 3.997834 1.310163 2.170624 3.965040 7.831455 0.166667
111 19.025978 28.127541 0.000000 4.268113 1.304577 2.163527 3.978527 7.959796 0.173401
112 19.159252 28.153841 0.000000 4.372416 1.284667 2.086043 3.735665 7.248123 0.172781
113 19.457327 28.227858 0.000000 3.737345 1.301504 2.116667 3.757197 7.135469 0.166667
114 19.536175 28.272234 0.000000 3.928320 1.269244 2.021517 3.518175 6.568585 0.166667
115 19.617306 28.411808 0.000000 3.411718 1.272145 2.030733 3.541945 6.625300 0.166667
116 19.847588 28.335819 0.000000 3.850553 1.292092 2.093475 3.710027 7.053628 0.200000
117 20.187574 28.809950 0.000000 3.554865 1.326921 2.186852 3.928408 7.534065 0.200000
118 20.414494 29.011038 0.000000 3.925324 1.340185 2.254516 4.175173 8.338628 0.200000
