%% Trajectory 17
%% frame x (pixel)     y (pixel)    z (pixel)      m0         m1           m2           m3           m4           s 
127 31.812696 22.422077 0.000000 1.467981 1.268386 2.040641 3.638337 7.083767 0.206027
128 32.164459 22.800522 0.000000 1.723026 1.310370 2.174744 3.985120 7.911518 0.176532
129 32.029602 22.460295 0.000000 1.424576 1.246513 2.003532 3.591074 7.073874 0.167421
130 32.135677 22.442968 0.000000 1.902223 1.320827 2.196573 4.032420 8.018202 0.247053
131 32.107452 22.351934 0.000000 1.707775 1.285606 2.093733 3.780511 7.449015 0.182839
132 32.127972 22.682096 0.000000 2.186227 1.367964 2.363247 4.535044 9.467254 0.284914
133 32.125393 22.371443 0.000000 2.379827 1.320442 2.190474 4.004571 7.919864 0.366133
134 32.119061 22.373360 0.000000 2.389122 1.401016 2.461558 4.788589 10.099670 0.166738
135 32.008045 22.478563 0.000000 2.423114 1.383533 2.423076 4.727118 10.055352 0.237852
136 31.888464 22.566132 0.000000 2.577745 1.335204 2.252577 4.229023 8.678322 0.216228
137 32.061012 22.558844 0.000000 2.423851 1.360117 2.347726 4.527352 9.558475 0.250678
138 32.115299 22.571974 0.000000 2.748589 1.405940 2.505627 4.989478 10.855015 0.250075
139 32.336029 22.519398 0.000000 2.882917 1.430373 2.570464 5.143411 11.211416 0.200007
140 32.369812 22.512457 0.000000 2.962025 1.417835 2.532741 5.040674 10.933806 0.208074
141 32.294243 22.542238 0.000000 3.004225 1.413505 2.498162 4.889114 10.366826 0.200354
142 32.109970 22.633570 0.000000 3.095273 1.432278 2.579067 5.169065 11.269196 0.296710
143 31.915051 22.835247 0.000000 2.661701 1.464233 2.698123 5.537339 12.357899 0.166954
144 32.364014 22.561481 0.000000 2.280548 1.501844 2.822919 5.897154 13.342765 0.166667
145 32.576210 22.656298 0.000000 3.096214 1.444028 2.610858 5.242096 11.416775 0.142857
146 32.455162 22.987120 0.000000 2.683452 1.582607 3.100795 6.700628 15.549339 0.166667
147 32.581608 22.779472 0.000000 2.756590 1.572169 3.040143 6.475090 14.804549 0.166667
149 33.227859 22.533373 0.000000 2.429260 1.425290 2.535912 4.981584 10.557261 0.166687
150 33.154896 22.820164 0.000000 3.053528 1.451951 2.638884 5.312058 11.560518 0.200000
151 33.270443 22.654428 0.000000 2.891834 1.457940 2.639229 5.266991 11.317310 0.200003
152 32.851688 22.970406 0.000000 3.356899 1.394888 2.446082 4.756824 10.030925 0.166667
153 32.655987 23.094069 0.000000 3.025697 1.478310 2.718477 5.516440 12.055829 0.167034
154 32.780373 23.382963 0.000000 2.894591 1.443116 2.599739 5.175073 11.119076 0.166667
156 32.776985 24.304045 0.000000 3.397237 1.491627 2.784055 5.777436 13.003671 0.200000
158 33.295582 23.797565 0.000000 2.503458 1.390349 2.409188 4.601196 9.490973 0.200009
159 33.360378 23.739851 0.000000 2.373976 1.342425 2.253995 4.168174 8.331005 0.200063
160 32.978844 24.144709 0.000000 2.159622 1.393093 2.448165 4.788690 10.196193 0.206233
162 33.035507 24.855427 0.000000 1.784248 1.413407 2.531910 5.032585 10.840126 0.166847
