%% Trajectory 10
%% frame x (pixel)     y (pixel)    z (pixel)      m0         m1           m2           m3           m4           s 
56 44.812439 55.073139 0.000000 0.692847 1.481647 2.763694 5.746716 12.997289 0.333341
57 44.995335 55.568142 0.000000 0.732796 1.503348 2.827466 5.905412 13.357788 0.333334
60 44.706619 55.755333 0.000000 0.925803 1.378851 2.378653 4.542925 9.413479 0.333333
62 44.211697 55.779552 0.000000 1.088212 1.360138 2.310741 4.299072 8.569925 0.333334
63 44.415535 55.618603 0.000000 1.146556 1.469567 2.681347 5.395080 11.694060 0.255978
64 44.819061 55.497845 0.000000 1.062548 1.454673 2.690594 5.563009 12.535575 0.333351
65 44.711231 55.234230 0.000000 1.122847 1.402138 2.452425 4.736959 9.899668 0.336528
66 44.515209 55.245590 0.000000 1.241190 1.522720 2.891619 6.093004 13.885274 0.333333
67 44.827023 55.805958 0.000000 0.992577 1.419538 2.535273 5.046834 10.947999 0.333333
68 44.431141 55.552227 0.000000 0.971947 1.470528 2.696819 5.472310 11.999783 0.333333
69 44.145962 55.392365 0.000000 1.181183 1.457311 2.640126 5.303198 11.550278 0.333333
70 43.973148 54.780888 0.000000 1.084673 1.493600 2.798360 5.823553 13.127023 0.333333
71 43.639400 54.669365 0.000000 1.109868 1.606901 3.139943 6.744878 15.551229 0.333333
73 44.101795 54.438026 0.000000 1.060898 1.457726 2.655695 5.368991 11.772745 0.250011
74 44.362186 54.545933 0.000000 1.110645 1.370111 2.336720 4.362624 8.730001 0.250000
75 44.362545 54.706264 0.000000 1.027991 1.393881 2.453043 4.817177 10.343411 0.333333
76 43.943760 54.878990 0.000000 0.930032 1.462992 2.671991 5.403381 11.823392 0.233134
79 46.139793 53.151020 0.000000 0.584549 1.424695 2.618030 5.417150 12.277969 0.226394
81 46.029915 52.251030 0.000000 0.753065 1.473344 2.778145 5.874025 13.548844 0.270619
