%% Trajectory 16
%% frame x (pixel)     y (pixel)    z (pixel)      m0         m1           m2           m3           m4           s 
65 57.386555 48.381912 0.000000 1.846937 1.354500 2.279526 4.202048 8.319507 0.250000
67 57.383266 48.588055 0.000000 1.844836 1.405115 2.460278 4.756774 9.949925 0.250000
68 57.325466 48.588696 0.000000 1.941749 1.352010 2.281635 4.216455 8.362134 0.250003
69 57.441746 48.478893 0.000000 2.176695 1.346773 2.264189 4.181866 8.325267 0.435104
70 57.337811 48.616264 0.000000 1.991018 1.370582 2.342731 4.403234 8.923339 0.251096
71 57.199734 48.312542 0.000000 2.125993 1.386989 2.386068 4.506256 9.153762 0.250219
72 57.323814 48.103039 0.000000 2.394621 1.450703 2.609447 5.165676 11.007447 0.250012
73 57.144508 48.175873 0.000000 2.372685 1.429561 2.536907 4.960583 10.462494 0.252728
74 56.916840 48.162018 0.000000 2.803765 1.469006 2.672931 5.370606 11.654592 0.250000
75 56.960014 48.059433 0.000000 2.267305 1.456888 2.652251 5.353109 11.702112 0.352233
76 56.785534 47.816387 0.000000 2.935593 1.388638 2.400122 4.557153 9.308842 0.250000
77 56.553944 47.791271 0.000000 2.745687 1.388219 2.400810 4.573649 9.407204 0.250000
78 56.755836 47.964657 0.000000 2.727031 1.421135 2.518705 4.919188 10.357097 0.250000
80 55.916409 47.803345 0.000000 2.208567 1.446574 2.615587 5.233685 11.334570 0.296539
81 55.471615 48.163475 0.000000 2.401520 1.464250 2.657352 5.312854 11.443735 0.200000
82 55.384174 48.049004 0.000000 1.858670 1.504255 2.814858 5.834214 13.069149 0.229326
