%% Trajectory 44
%% frame x (pixel)     y (pixel)    z (pixel)      m0         m1           m2           m3           m4           s 
100 56.202850 26.558517 0.000000 1.162928 1.537859 2.927872 6.157425 13.965989 0.200000
103 56.247028 25.985102 0.000000 1.246685 1.447898 2.610552 5.215011 11.281385 0.200023
106 56.650959 26.085884 0.000000 1.211726 1.281710 2.088549 3.745246 7.246966 0.142858
107 56.285370 26.489153 0.000000 1.397605 1.413212 2.530591 5.088136 11.218572 0.173787
108 56.427315 26.112980 0.000000 1.781715 1.258799 2.002271 3.502824 6.627983 0.209271
109 56.669102 26.454370 0.000000 1.875747 1.258696 2.010058 3.513247 6.595775 0.200000
110 56.569630 26.815321 0.000000 1.621159 1.256567 1.986257 3.470452 6.614778 0.166667
112 56.123463 26.641060 0.000000 2.268113 1.286251 2.098892 3.795873 7.482656 0.166667
114 56.346340 26.626574 0.000000 3.428797 1.231821 1.914060 3.252261 5.946231 0.166667
115 56.296070 26.607981 0.000000 3.261360 1.305641 2.130912 3.818524 7.379771 0.200000
116 56.415401 26.689558 0.000000 4.096489 1.314948 2.152136 3.850038 7.383080 0.142857
117 56.241268 26.549038 0.000000 4.774303 1.270218 2.025695 3.529990 6.598081 0.166667
118 56.220108 26.536345 0.000000 4.236333 1.323640 2.192496 3.987413 7.812601 0.333333
119 56.313839 26.497347 0.000000 4.265849 1.292892 2.088818 3.682958 6.950484 0.333333
120 56.347942 26.661350 0.000000 4.863623 1.276275 2.041090 3.565345 6.676403 0.250000
121 56.266968 26.809282 0.000000 4.606643 1.281912 2.060286 3.616300 6.800308 0.200000
122 56.312611 26.842602 0.000000 5.011556 1.278482 2.052857 3.618134 6.876651 0.333333
124 56.420250 26.639431 0.000000 5.581155 1.280245 2.055971 3.619312 6.859225 0.250000
125 56.340420 26.669950 0.000000 5.533791 1.273488 2.031608 3.539780 6.612773 0.333333
126 56.320343 26.551382 0.000000 6.010905 1.287608 2.083608 3.703348 7.104254 0.333333
128 56.454079 26.967300 0.000000 5.411968 1.352528 2.279712 4.217775 8.392774 0.333333
130 56.168545 27.603781 0.000000 5.951777 1.294497 2.103580 3.743807 7.158802 0.333333
131 56.037094 27.656265 0.000000 5.983842 1.318826 2.190156 4.006983 7.926928 0.333333
132 55.639610 27.755230 0.000000 5.247705 1.312530 2.165152 3.929712 7.704787 0.333333
133 55.705757 27.731705 0.000000 6.187289 1.308266 2.146383 3.861407 7.474155 0.333333
134 55.617664 27.766991 0.000000 6.121422 1.284150 2.065276 3.628134 6.830154 0.333333
136 54.784683 27.544069 0.000000 5.314988 1.308066 2.138244 3.829398 7.370193 0.333334
137 54.724293 27.256498 0.000000 4.911952 1.344433 2.279931 4.283747 8.745390 0.333395
139 54.327538 27.603319 0.000000 3.504103 1.279401 2.050652 3.590489 6.740333 0.333337
142 55.350864 29.552746 0.000000 1.287093 1.197350 1.885745 3.371961 6.787776 0.250018
