%% Trajectory 20
%% frame x (pixel)     y (pixel)    z (pixel)      m0         m1           m2           m3           m4           s 
113 50.852444 38.542709 0.000000 1.924576 1.302933 2.141850 3.874103 7.563351 0.180766
114 50.971359 38.462078 0.000000 1.890760 1.342288 2.263493 4.201013 8.404472 0.204875
115 50.851700 38.496613 0.000000 1.800123 1.274329 2.045324 3.604594 6.853502 0.226607
116 50.687408 38.289299 0.000000 2.487166 1.328828 2.214026 4.057304 8.022285 0.143596
117 50.834496 38.362476 0.000000 2.339103 1.269531 2.029416 3.554010 6.696765 0.223355
118 50.661808 38.331791 0.000000 2.244036 1.324407 2.180111 3.911693 7.495036 0.198766
119 50.696213 38.483143 0.000000 2.288028 1.272786 2.029968 3.536280 6.605302 0.190592
120 50.915180 38.326855 0.000000 2.725377 1.294701 2.101307 3.736091 7.141938 0.166931
121 50.946976 38.409508 0.000000 2.629032 1.352967 2.290296 4.264061 8.555780 0.166727
122 50.945568 38.446217 0.000000 3.008754 1.323069 2.197133 4.007099 7.868261 0.167482
123 50.996902 38.319481 0.000000 2.830212 1.345667 2.274217 4.231961 8.495783 0.305991
124 50.903194 38.361084 0.000000 3.112033 1.305335 2.134204 3.819512 7.338932 0.200847
125 50.798954 38.642143 0.000000 2.954849 1.292655 2.101653 3.753279 7.226713 0.166667
126 50.774971 38.327652 0.000000 2.981710 1.309540 2.143418 3.839091 7.381795 0.223166
127 50.811172 38.492840 0.000000 3.066426 1.283460 2.061845 3.616631 6.796103 0.166682
128 50.812389 38.287567 0.000000 3.310880 1.326015 2.191899 3.962835 7.682826 0.225765
129 50.964699 38.451820 0.000000 3.542192 1.342839 2.256524 4.173413 8.332181 0.391755
130 50.979851 38.324471 0.000000 3.018194 1.370575 2.362974 4.510532 9.337913 0.200036
131 51.008419 38.391136 0.000000 3.374726 1.358049 2.309089 4.322556 8.728263 0.216179
132 51.070805 38.432457 0.000000 2.833061 1.310479 2.146763 3.857376 7.460671 0.166816
133 50.994640 38.319862 0.000000 3.521151 1.343977 2.268893 4.222625 8.493858 0.183573
134 51.031769 38.163933 0.000000 3.317505 1.359367 2.330923 4.432352 9.159596 0.274238
135 51.163288 38.309689 0.000000 3.434359 1.331368 2.225198 4.096948 8.150789 0.148654
136 51.184925 38.172417 0.000000 3.565192 1.356085 2.304651 4.310141 8.690659 0.174516
137 51.154987 38.259064 0.000000 4.015876 1.325977 2.205536 4.032184 7.943874 0.245255
138 51.086311 38.204659 0.000000 4.029260 1.327024 2.211809 4.059465 8.046594 0.183491
139 50.946571 38.080868 0.000000 3.712318 1.405572 2.477975 4.830416 10.188891 0.150086
140 51.175034 38.196125 0.000000 3.782689 1.330072 2.220396 4.083741 8.118145 0.143809
141 51.106403 38.063404 0.000000 4.144430 1.374031 2.368799 4.512963 9.303308 0.142858
142 51.121281 38.273884 0.000000 3.529961 1.353940 2.290852 4.259753 8.528684 0.202135
143 51.031780 38.172585 0.000000 3.890574 1.353083 2.295703 4.293513 8.671552 0.310543
144 51.090649 38.378624 0.000000 4.060361 1.315280 2.166943 3.916030 7.615004 0.271330
145 51.052883 38.348774 0.000000 3.993473 1.310933 2.159916 3.916652 7.672299 0.311424
146 51.002502 38.317066 0.000000 3.554472 1.333017 2.238857 4.152932 8.344803 0.203943
147 51.215408 38.115688 0.000000 4.005165 1.332580 2.237217 4.152719 8.362958 0.200100
148 51.106041 38.221767 0.000000 3.809113 1.322344 2.192067 3.995228 7.851572 0.317709
149 51.172638 38.361160 0.000000 4.034369 1.304290 2.127036 3.795763 7.270827 0.200258
150 51.192646 38.174759 0.000000 4.362591 1.321984 2.193598 4.003791 7.883791 0.307267
151 51.309177 38.173409 0.000000 4.333919 1.336529 2.233566 4.097905 8.091198 0.195321
152 51.320934 38.171761 0.000000 4.470382 1.324413 2.198002 4.007986 7.874709 0.166667
153 51.277893 38.124599 0.000000 4.559697 1.317836 2.174166 3.935249 7.663045 0.475583
154 51.201195 38.136402 0.000000 4.366330 1.332930 2.232244 4.114788 8.185566 0.312581
155 51.194084 38.065956 0.000000 4.420927 1.347078 2.284453 4.284342 8.709984 0.167369
156 51.318195 38.071194 0.000000 4.473367 1.329731 2.219667 4.083786 8.125704 0.389702
157 51.255287 37.925827 0.000000 4.948227 1.339536 2.246335 4.141145 8.231097 0.289825
158 51.203533 37.941151 0.000000 4.758250 1.350350 2.281827 4.238921 8.482219 0.349678
159 51.193775 37.771133 0.000000 4.801352 1.326079 2.192478 3.968246 7.706960 0.200001
160 51.036320 37.509823 0.000000 4.429547 1.318611 2.180303 3.971299 7.825618 0.262542
161 50.937122 37.399071 0.000000 4.575603 1.310623 2.154277 3.889293 7.568743 0.250000
162 50.848103 37.204105 0.000000 5.119114 1.338688 2.250242 4.168551 8.346040 0.250038
163 50.784321 37.113689 0.000000 4.757825 1.338827 2.253212 4.183172 8.403516 0.250004
164 50.690468 37.078686 0.000000 4.366188 1.323303 2.188501 3.959788 7.682040 0.253820
165 50.471451 36.862106 0.000000 4.147661 1.330434 2.217367 4.061285 8.016212 0.250000
166 50.356377 37.015614 0.000000 4.123084 1.310814 2.159866 3.917270 7.677433 0.250001
168 49.998108 37.285702 0.000000 2.786353 1.330336 2.240249 4.177086 8.455192 0.432269
169 50.104347 37.677551 0.000000 2.302992 1.304775 2.142603 3.866827 7.525625 0.200000
170 49.866608 38.391487 0.000000 2.025024 1.327799 2.205509 4.020026 7.884765 0.320792
172 49.021187 39.017143 0.000000 1.603685 1.421476 2.537741 4.996196 10.600222 0.200000
