%% Trajectory 17
%% frame x (pixel)     y (pixel)    z (pixel)      m0         m1           m2           m3           m4           s 
93 51.699928 22.243818 0.000000 1.049246 1.521393 2.936464 6.323563 14.764888 0.390747
94 51.816292 22.166557 0.000000 1.087997 1.281046 2.111211 3.887922 7.866851 0.250000
95 51.851463 22.041460 0.000000 1.306482 1.338438 2.289145 4.360500 9.059566 0.250112
96 51.787598 22.144205 0.000000 1.434451 1.354419 2.313885 4.386731 9.042609 0.283952
97 51.460148 22.204531 0.000000 1.790732 1.316551 2.192018 4.045514 8.128894 0.717625
98 51.816662 22.316401 0.000000 1.924888 1.252195 2.010627 3.594306 7.051664 0.201227
99 51.715588 22.251606 0.000000 1.573350 1.231156 1.928067 3.326662 6.228678 0.200086
100 51.780674 22.229980 0.000000 1.684337 1.204779 1.879173 3.257465 6.197771 0.228473
101 51.366226 22.297104 0.000000 1.937491 1.313420 2.207322 4.154406 8.599184 0.220211
102 51.673195 22.298946 0.000000 1.968373 1.197326 1.829631 3.063801 5.538296 0.200010
103 51.585915 22.160267 0.000000 2.166685 1.203320 1.844066 3.097362 5.616558 0.250000
104 51.517403 22.355263 0.000000 2.629695 1.214885 1.872384 3.159743 5.748676 0.250000
105 51.689930 22.237787 0.000000 2.792044 1.242273 1.959144 3.403215 6.409093 0.200000
106 51.573990 22.247545 0.000000 3.323731 1.206885 1.849059 3.100880 5.607907 0.200000
107 51.571316 22.245817 0.000000 3.564328 1.234190 1.924430 3.285397 6.041276 0.250000
108 51.789448 22.265127 0.000000 3.275213 1.231561 1.922829 3.298380 6.120353 0.250000
109 51.627522 22.165117 0.000000 3.260643 1.247927 1.965014 3.393554 6.319652 0.250000
110 51.611897 22.282333 0.000000 3.697893 1.205797 1.846947 3.097027 5.601539 0.333333
111 51.445766 22.374628 0.000000 4.019178 1.250998 1.970723 3.394625 6.282822 0.333333
112 51.549610 22.264559 0.000000 4.376003 1.251591 1.981035 3.443728 6.468236 0.333333
113 51.559284 22.364391 0.000000 5.340074 1.247977 1.960639 3.367936 6.217722 0.333333
114 51.607937 22.479818 0.000000 5.307735 1.277961 2.043453 3.568704 6.681672 0.250000
115 51.628063 22.495892 0.000000 5.485965 1.259842 1.992018 3.442908 6.390606 0.200000
116 51.466679 22.441023 0.000000 5.608708 1.272275 2.031017 3.542419 6.625874 0.333333
117 51.416435 22.389854 0.000000 6.190741 1.282237 2.060996 3.616657 6.796843 0.333333
118 51.198898 22.540186 0.000000 5.499850 1.297217 2.108525 3.749217 7.154245 0.333333
119 51.212181 22.732506 0.000000 6.010940 1.324226 2.197369 4.004185 7.856495 0.333333
120 51.064098 22.800518 0.000000 5.326756 1.358100 2.312948 4.347537 8.838048 0.250000
121 50.922729 22.825998 0.000000 5.674213 1.368997 2.355277 4.481970 9.244348 0.250000
122 50.870888 23.030659 0.000000 5.841375 1.395464 2.445226 4.743405 9.968236 0.250000
123 50.749435 23.029743 0.000000 5.004287 1.383207 2.409139 4.644909 9.702007 0.250000
124 51.067688 23.126791 0.000000 4.326893 1.447067 2.606431 5.182497 11.126560 0.333333
125 50.965473 23.283108 0.000000 4.127343 1.406350 2.477196 4.828018 10.183967 0.333333
126 51.182613 23.323463 0.000000 3.537395 1.413884 2.499223 4.885008 10.338585 0.250000
127 50.949032 23.383135 0.000000 3.461618 1.367526 2.347540 4.447961 9.110065 0.250000
128 51.107311 23.392996 0.000000 3.156768 1.359840 2.311354 4.321564 8.711652 0.250000
129 50.875824 23.296082 0.000000 2.679174 1.371513 2.375457 4.576550 9.607656 0.284610
131 50.355114 23.803619 0.000000 2.177354 1.355016 2.313520 4.370869 8.946444 0.250002
133 50.355076 23.319366 0.000000 1.255974 1.322758 2.225129 4.175228 8.586910 0.269407
134 50.380947 23.465111 0.000000 1.034382 1.364640 2.379263 4.626172 9.809190 0.218350
