%% Trajectory 11
%% frame x (pixel)     y (pixel)    z (pixel)      m0         m1           m2           m3           m4           s 
50 51.484940 55.783493 0.000000 0.952407 1.232090 1.922787 3.300375 6.142300 0.250005
51 51.518700 56.006954 0.000000 1.147294 1.366611 2.367581 4.574844 9.666723 0.250000
53 51.387814 55.073368 0.000000 1.105654 1.405833 2.491557 4.916398 10.568619 0.250447
55 51.402840 55.714302 0.000000 1.546079 1.337151 2.237928 4.108988 8.110743 0.272351
56 51.198807 55.493248 0.000000 1.522240 1.454205 2.637296 5.304197 11.567255 0.250000
57 51.254074 55.370937 0.000000 1.553636 1.374701 2.380920 4.581895 9.593658 0.250000
59 51.139233 55.767563 0.000000 1.810902 1.401663 2.459521 4.769442 10.006242 0.250002
60 51.272022 55.715374 0.000000 2.199125 1.385484 2.390474 4.541770 9.311672 0.263839
61 51.105827 55.665474 0.000000 1.944956 1.433305 2.559882 5.061650 10.844835 0.250018
62 51.260529 55.641312 0.000000 2.360067 1.432844 2.572672 5.115272 11.014502 0.250000
63 51.155624 55.734951 0.000000 2.379116 1.399396 2.439680 4.693314 9.756628 0.250001
64 51.171085 55.671921 0.000000 2.637094 1.399356 2.443382 4.715964 9.857965 0.250000
65 51.302948 55.457226 0.000000 3.041843 1.404170 2.460037 4.758442 9.949424 0.200000
66 51.141331 55.728512 0.000000 2.438963 1.382495 2.384551 4.540354 9.351243 0.250000
67 50.878960 55.617504 0.000000 2.668790 1.488017 2.733185 5.542836 12.133769 0.250000
68 51.147686 55.693142 0.000000 2.816419 1.420824 2.506764 4.869672 10.197386 0.250000
69 51.227798 55.756256 0.000000 2.748599 1.418501 2.509818 4.896324 10.304284 0.250000
70 50.955624 55.554558 0.000000 2.887653 1.446900 2.610775 5.215059 11.276014 0.250000
71 51.218033 55.769852 0.000000 3.252842 1.409288 2.469655 4.771964 9.958990 0.250000
72 51.135777 55.790039 0.000000 3.408740 1.372304 2.357376 4.468821 9.164322 0.333333
73 51.132469 55.584621 0.000000 3.374358 1.411281 2.482797 4.820844 10.115613 0.250001
74 51.158089 55.794319 0.000000 3.652894 1.389192 2.415904 4.643898 9.665083 0.332077
75 51.100292 55.702026 0.000000 3.457302 1.432920 2.558053 5.051836 10.799683 0.256569
76 50.956589 55.641785 0.000000 3.917775 1.361500 2.321743 4.367689 8.879882 0.343622
77 50.933090 55.760452 0.000000 3.442611 1.417482 2.510175 4.914697 10.406634 0.250080
78 50.845779 55.620041 0.000000 3.624973 1.362998 2.335086 4.424714 9.090886 0.250000
79 50.678272 55.330193 0.000000 4.098452 1.348792 2.255681 4.115026 8.021541 0.250000
80 50.545589 55.099892 0.000000 3.562474 1.341462 2.251082 4.160276 8.310643 0.340625
81 50.580151 55.236225 0.000000 4.307471 1.351478 2.289840 4.281395 8.668455 0.250000
82 50.280399 54.824875 0.000000 4.240939 1.340647 2.247469 4.140816 8.225172 0.250004
83 50.113071 54.868881 0.000000 3.594242 1.377871 2.394236 4.612357 9.650690 0.294986
84 49.929691 54.421646 0.000000 3.714686 1.366613 2.327117 4.350676 8.745871 0.457974
85 49.964802 54.254654 0.000000 3.096204 1.380746 2.400934 4.614575 9.596537 0.200000
86 49.857941 54.203426 0.000000 3.449672 1.353879 2.298694 4.303303 8.708027 0.250000
87 50.053486 54.106705 0.000000 2.994709 1.384911 2.400344 4.593659 9.502758 0.259270
89 50.518139 53.374172 0.000000 2.391488 1.312634 2.145067 3.832900 7.347428 0.250005
91 51.100742 53.890640 0.000000 1.314565 1.424093 2.572977 5.208750 11.547330 0.213279
93 50.244148 53.778671 0.000000 1.115650 1.329095 2.221139 4.121366 8.342751 0.333333
