%% Trajectory 19
%% frame x (pixel)     y (pixel)    z (pixel)      m0         m1           m2           m3           m4           s 
84 30.976051 48.427761 0.000000 1.639928 1.368234 2.363821 4.513594 9.325266 0.201113
85 31.027422 48.417583 0.000000 1.559173 1.341369 2.271924 4.257223 8.648544 0.219592
86 31.165667 48.401932 0.000000 1.852074 1.419881 2.505858 4.877962 10.252186 0.200000
87 30.810930 48.287132 0.000000 2.032713 1.380281 2.382123 4.536276 9.329324 0.200067
88 31.240852 48.276882 0.000000 2.472241 1.370908 2.342245 4.395228 8.878662 0.250002
89 31.075006 48.304405 0.000000 2.005304 1.359631 2.298926 4.250654 8.413210 0.250002
90 30.956774 48.508507 0.000000 2.077472 1.445475 2.590445 5.113266 10.869414 0.200000
91 31.003357 48.390041 0.000000 2.012941 1.490562 2.745846 5.574449 12.185381 0.250000
92 30.849203 48.062321 0.000000 1.851618 1.352786 2.329827 4.466832 9.335517 0.321585
93 30.850960 48.106724 0.000000 1.824437 1.393770 2.431259 4.692268 9.808724 0.202293
94 30.898279 47.657337 0.000000 2.063972 1.416213 2.492637 4.833689 10.112748 0.200022
95 31.161749 47.626244 0.000000 2.188548 1.424023 2.536142 4.998772 10.664954 0.200000
96 31.153069 47.629665 0.000000 1.899044 1.337249 2.250851 4.183012 8.417912 0.202445
97 31.597750 47.576118 0.000000 2.136208 1.345836 2.261369 4.176649 8.317614 0.200000
98 31.500160 47.377567 0.000000 1.831477 1.253413 1.978307 3.414481 6.330621 0.333333
99 31.649652 47.217373 0.000000 1.432626 1.291840 2.103662 3.776408 7.346097 0.276865
101 30.379433 46.265881 0.000000 1.426570 1.373290 2.366935 4.514113 9.335586 0.250000
