%% Trajectory 10
%% frame x (pixel)     y (pixel)    z (pixel)      m0         m1           m2           m3           m4           s 
36 62.036072 35.582996 0.000000 2.287099 1.456450 2.644861 5.322360 11.588093 0.333333
37 62.078705 35.095890 0.000000 2.458948 1.431268 2.594982 5.238493 11.483960 0.333333
38 62.043678 34.817295 0.000000 2.223158 1.377580 2.382549 4.557211 9.435595 0.343554
39 62.101723 35.233364 0.000000 2.215438 1.415634 2.503106 4.888011 10.308960 0.254489
40 62.199753 34.923485 0.000000 2.111977 1.319373 2.202974 4.060188 8.098228 0.333333
41 62.299934 35.002762 0.000000 2.526564 1.337394 2.264469 4.247044 8.643421 0.412845
42 62.218323 34.880138 0.000000 3.023610 1.327176 2.232051 4.158438 8.417307 0.200000
43 61.922115 35.000736 0.000000 2.732626 1.411828 2.521214 5.002885 10.768195 0.200000
44 62.119240 35.001484 0.000000 2.699186 1.361757 2.348821 4.504021 9.406643 0.250002
45 62.264645 34.673210 0.000000 3.128456 1.306318 2.134122 3.817204 7.333922 0.250000
46 62.192039 35.067295 0.000000 3.420649 1.369745 2.348903 4.436655 9.043305 0.250000
47 62.111881 34.788780 0.000000 3.326671 1.335943 2.250877 4.186831 8.427474 0.333333
48 62.207382 34.975128 0.000000 3.595790 1.366375 2.345629 4.461007 9.212111 0.333333
49 62.052254 34.774860 0.000000 3.385272 1.333717 2.250972 4.221733 8.631791 0.333333
50 62.302265 34.852264 0.000000 3.591993 1.307489 2.145851 3.868781 7.520886 0.250000
51 62.256794 34.828224 0.000000 3.839386 1.358471 2.319721 4.379783 8.966840 0.333333
52 62.131790 34.901890 0.000000 3.543725 1.386142 2.410871 4.640542 9.681182 0.333333
53 62.158291 34.853649 0.000000 3.984433 1.348053 2.283661 4.267148 8.622131 0.250000
54 62.264225 34.974579 0.000000 3.608423 1.327518 2.224937 4.130600 8.336031 0.250000
55 62.204475 34.840591 0.000000 3.648866 1.346511 2.266941 4.198196 8.380843 0.250000
56 62.303219 34.930614 0.000000 3.620241 1.361465 2.330843 4.426197 9.143924 0.250000
57 62.429100 34.883446 0.000000 3.945013 1.321687 2.198572 4.040691 8.058266 0.200000
58 62.182083 34.934124 0.000000 4.155344 1.369267 2.352410 4.460609 9.143726 0.250000
59 62.235374 34.925514 0.000000 4.100025 1.356632 2.317556 4.380355 8.978303 0.200000
60 62.218773 34.807884 0.000000 4.228641 1.322046 2.188359 3.972813 7.755949 0.250000
61 62.298786 34.791965 0.000000 3.836268 1.323406 2.199555 4.028494 7.977785 0.250000
62 62.267700 34.853535 0.000000 4.329671 1.334243 2.235255 4.121247 8.196233 0.250000
63 62.161903 34.721722 0.000000 4.737504 1.325790 2.202939 4.020504 7.905649 0.200000
64 62.208652 34.972034 0.000000 4.268333 1.380702 2.396454 4.607323 9.608031 0.250000
65 62.363571 34.865017 0.000000 3.923133 1.316904 2.180745 3.980710 7.865255 0.200000
66 62.422550 34.652374 0.000000 4.429433 1.317331 2.168293 3.910986 7.585124 0.250000
67 62.303680 34.712513 0.000000 4.352079 1.337032 2.226379 4.054281 7.911655 0.250000
68 62.373783 34.750095 0.000000 4.673746 1.304961 2.126436 3.789993 7.249588 0.333333
69 62.300240 34.642124 0.000000 3.884773 1.317833 2.171197 3.920550 7.614468 0.250000
70 62.339870 34.840073 0.000000 4.241963 1.360500 2.319026 4.360792 8.870238 0.250000
71 62.238918 34.797874 0.000000 4.426668 1.335169 2.233693 4.115883 8.196033 0.200000
72 62.153683 34.743877 0.000000 4.049161 1.379064 2.373946 4.508609 9.257825 0.250000
73 62.276955 34.870518 0.000000 3.705360 1.341573 2.258417 4.190042 8.398876 0.250000
74 62.226791 34.969814 0.000000 3.949631 1.366633 2.351832 4.487179 9.302033 0.333333
75 62.035294 35.066319 0.000000 3.429351 1.401225 2.456561 4.768609 10.034620 0.250000
76 62.032097 34.917797 0.000000 3.065948 1.395893 2.452740 4.788921 10.167394 0.365347
77 61.743504 35.029140 0.000000 2.852471 1.372672 2.361909 4.488281 9.224763 0.402490
78 61.630100 35.253914 0.000000 2.234657 1.374905 2.381999 4.588416 9.632565 0.250047
79 61.442245 35.387096 0.000000 2.249526 1.473103 2.701878 5.484673 12.041386 0.333333
80 61.523705 35.290630 0.000000 1.966534 1.365392 2.338545 4.417591 9.020939 0.250000
81 61.386593 34.771950 0.000000 1.586453 1.455465 2.659812 5.393994 11.852426 0.167609
