%% Trajectory 18
%% frame x (pixel)     y (pixel)    z (pixel)      m0         m1           m2           m3           m4           s 
99 48.337883 33.317780 0.000000 1.939309 1.412939 2.476337 4.770543 9.894192 0.201960
100 48.373447 33.182793 0.000000 2.138738 1.332868 2.219990 4.055771 7.969883 0.212706
101 48.304615 33.491428 0.000000 2.133635 1.418275 2.467925 4.683767 9.490376 0.333911
102 48.307152 33.600403 0.000000 2.210941 1.418659 2.512095 4.905993 10.336201 0.254404
103 48.317726 33.430859 0.000000 2.349193 1.383283 2.386276 4.544176 9.367604 0.206148
104 48.233028 33.488487 0.000000 2.391092 1.400910 2.452609 4.740159 9.905701 0.238838
105 48.223049 33.323475 0.000000 2.741921 1.423753 2.526997 4.953629 10.501382 0.250053
106 48.310692 33.382225 0.000000 3.426327 1.393526 2.424813 4.657976 9.680770 0.250000
107 48.184921 33.433231 0.000000 3.163052 1.424227 2.514929 4.891014 10.254529 0.450941
108 48.195465 33.311924 0.000000 3.355297 1.376302 2.359777 4.453193 9.069118 0.250004
109 48.212372 33.315983 0.000000 3.702597 1.401022 2.435580 4.651871 9.562567 0.250000
110 48.141102 33.568474 0.000000 3.987293 1.441921 2.573493 5.049702 10.658139 0.250000
111 48.245792 33.293667 0.000000 4.166221 1.393675 2.426239 4.660286 9.674401 0.200000
112 48.265751 33.429184 0.000000 4.192765 1.383282 2.377650 4.487772 9.116550 0.200000
113 48.248207 33.323700 0.000000 4.180080 1.376044 2.358122 4.443329 9.023165 0.200000
114 48.364643 33.286072 0.000000 4.095594 1.327201 2.192232 3.954199 7.634539 0.250000
115 48.310097 33.328571 0.000000 4.411476 1.391071 2.393662 4.512730 9.131613 0.250000
116 48.176846 33.389721 0.000000 4.777421 1.374807 2.353784 4.432141 8.997479 0.250000
117 48.433010 33.419224 0.000000 5.220442 1.354608 2.273966 4.163106 8.139811 0.250000
118 48.303421 33.348991 0.000000 5.159392 1.342128 2.247159 4.132430 8.188066 0.250000
119 48.374557 33.366619 0.000000 5.200159 1.344932 2.248453 4.108763 8.043804 0.250000
120 48.403961 33.398617 0.000000 5.554468 1.330091 2.202369 3.984545 7.721586 0.200000
121 48.257645 33.333355 0.000000 5.627003 1.358977 2.305576 4.300048 8.643945 0.250000
122 48.316273 33.422855 0.000000 5.377532 1.366436 2.325030 4.346947 8.756425 0.250000
123 48.246849 33.526245 0.000000 4.870081 1.363559 2.318934 4.333702 8.720646 0.250000
124 48.032593 33.622890 0.000000 4.826336 1.377149 2.384873 4.577663 9.539372 0.200000
125 48.139118 33.604946 0.000000 5.022491 1.383311 2.402250 4.624929 9.670292 0.166667
126 48.067551 33.591305 0.000000 4.904143 1.411920 2.501376 4.913243 10.469439 0.200000
127 47.881950 33.754471 0.000000 4.514509 1.460134 2.660465 5.365835 11.707034 0.200000
128 47.811054 33.815453 0.000000 4.802891 1.393510 2.431916 4.699165 9.852173 0.200000
129 47.786442 34.024780 0.000000 4.720852 1.454213 2.636348 5.286878 11.453509 0.200000
131 47.812294 33.872822 0.000000 4.339773 1.506514 2.814249 5.801670 12.885903 0.200000
132 47.886673 33.930576 0.000000 4.083784 1.446859 2.615319 5.218591 11.236103 0.333542
133 48.101440 33.807068 0.000000 3.367056 1.417186 2.542716 5.087596 11.085239 0.200114
134 48.304630 33.729519 0.000000 3.232405 1.361470 2.339903 4.453554 9.187001 0.333333
135 48.095844 33.723438 0.000000 3.272668 1.427240 2.585952 5.227377 11.498152 0.250000
136 48.252632 33.690712 0.000000 3.457500 1.366309 2.359775 4.521297 9.400953 0.250000
137 48.247890 33.596897 0.000000 3.668576 1.339307 2.270833 4.274574 8.756316 0.250000
138 48.450172 33.575779 0.000000 3.123654 1.283322 2.087042 3.751665 7.328252 0.250215
139 48.425575 33.569836 0.000000 2.788617 1.356106 2.332450 4.462009 9.295130 0.252890
140 48.457550 33.627960 0.000000 2.540830 1.276698 2.067770 3.695199 7.154433 0.478141
141 48.453159 33.628235 0.000000 2.941049 1.237937 1.933272 3.305097 6.082859 0.250983
142 48.377476 33.735081 0.000000 2.627085 1.317171 2.196122 4.055359 8.138069 0.202526
143 48.074566 33.886600 0.000000 2.027441 1.279248 2.096348 3.827369 7.649275 0.200000
144 48.097305 33.903851 0.000000 2.266642 1.263023 2.038388 3.644525 7.096334 0.200000
145 47.817680 33.972103 0.000000 2.150955 1.288520 2.101028 3.753359 7.198513 0.200000
