%% Trajectory 16
%% frame x (pixel)     y (pixel)    z (pixel)      m0         m1           m2           m3           m4           s 
90 47.430759 44.555004 0.000000 1.578022 1.358955 2.333415 4.446242 9.222482 0.250643
91 47.811092 44.510483 0.000000 1.841354 1.424899 2.514981 4.892997 10.276186 0.333333
92 47.609341 44.538383 0.000000 1.817589 1.346630 2.249271 4.105957 8.030972 0.333333
93 47.492798 44.508755 0.000000 2.084122 1.306210 2.150457 3.905115 7.686335 0.333333
94 47.473789 44.593266 0.000000 2.071560 1.341279 2.242787 4.105244 8.064819 0.200000
95 47.567322 44.409618 0.000000 2.364216 1.351725 2.282701 4.241203 8.506886 0.250000
96 47.485870 44.354118 0.000000 2.677828 1.358256 2.305237 4.301339 8.653210 0.200000
97 47.424385 44.427696 0.000000 2.462974 1.380028 2.370991 4.478434 9.118231 0.205525
98 47.366585 44.501537 0.000000 2.222106 1.378125 2.352051 4.394664 8.808107 0.231630
99 47.508221 44.496330 0.000000 2.323999 1.381118 2.355707 4.385755 8.731471 0.211050
100 47.405289 44.414932 0.000000 2.753350 1.327743 2.208723 4.038722 7.967029 0.200339
101 47.142258 44.440411 0.000000 2.758099 1.338289 2.243742 4.133605 8.205869 0.247853
102 47.348011 44.541481 0.000000 2.892615 1.364220 2.305210 4.254474 8.401320 0.305770
103 47.463024 44.471115 0.000000 2.884211 1.361734 2.314452 4.324948 8.714422 0.262672
104 47.471165 44.480213 0.000000 2.966256 1.342365 2.237602 4.069743 7.914445 0.380259
105 47.489506 44.466003 0.000000 2.787104 1.360809 2.280469 4.151580 8.038047 0.250000
106 47.309502 44.595428 0.000000 3.049594 1.365726 2.312826 4.285256 8.511032 0.250846
107 47.422562 44.512589 0.000000 3.076391 1.313621 2.145769 3.819504 7.261146 0.250042
108 47.563168 44.528702 0.000000 3.283761 1.337384 2.231607 4.075041 7.984529 0.250245
109 47.439335 44.764679 0.000000 3.029170 1.349037 2.264963 4.163275 8.213511 0.250076
110 47.368015 44.679188 0.000000 3.536869 1.351450 2.262307 4.133233 8.075434 0.250000
111 47.504433 44.529945 0.000000 3.460850 1.361863 2.296102 4.219731 8.277089 0.327290
112 47.264767 44.618309 0.000000 3.583020 1.333754 2.212903 4.015743 7.815041 0.303780
113 47.343639 44.521778 0.000000 3.248497 1.395065 2.412963 4.577877 9.334597 0.256947
114 47.359337 44.608856 0.000000 3.337791 1.334315 2.219512 4.043850 7.914171 0.250019
115 47.304787 44.501827 0.000000 3.148188 1.320520 2.167195 3.878511 7.418418 0.250020
116 47.334538 44.531902 0.000000 3.613950 1.354369 2.270310 4.156684 8.147228 0.473766
117 47.310070 44.422405 0.000000 3.359507 1.352584 2.275603 4.189494 8.274451 0.420971
118 47.383045 44.389969 0.000000 3.423380 1.374468 2.349954 4.412192 8.919887 0.200180
119 47.227203 44.351055 0.000000 3.306678 1.348855 2.261827 4.148276 8.157518 0.200073
120 47.037811 44.392662 0.000000 3.283024 1.406391 2.462625 4.750440 9.883095 0.200000
121 46.772606 44.529118 0.000000 3.223672 1.379497 2.357836 4.410187 8.843522 0.200024
122 46.973877 44.268669 0.000000 3.117393 1.435533 2.573786 5.105993 10.964014 0.210307
123 46.615749 44.319721 0.000000 3.214695 1.354938 2.288554 4.237176 8.430510 0.166667
124 46.550522 44.368176 0.000000 2.847719 1.360951 2.289654 4.194646 8.192780 0.277728
125 46.393169 44.310123 0.000000 3.012364 1.320198 2.166215 3.874383 7.402608 0.257369
126 46.322544 44.330238 0.000000 2.981754 1.310494 2.137618 3.800711 7.219417 0.326563
127 46.287388 44.104244 0.000000 2.734257 1.379203 2.371883 4.488442 9.158621 0.277530
