%% Trajectory 27
%% frame x (pixel)     y (pixel)    z (pixel)      m0         m1           m2           m3           m4           s 
179 53.015507 53.092323 0.000000 1.468848 1.375485 2.395335 4.641978 9.792993 0.200283
180 52.953163 52.996246 0.000000 1.628078 1.360587 2.332448 4.418510 9.054002 0.250000
181 52.950489 52.802418 0.000000 1.455253 1.361687 2.345861 4.491510 9.366980 0.200280
182 53.081116 52.958092 0.000000 1.312503 1.366674 2.359691 4.506909 9.318432 0.250000
183 53.067104 52.936192 0.000000 1.427127 1.357044 2.320977 4.389270 8.989206 0.333333
184 52.939468 52.762505 0.000000 1.586688 1.359865 2.323989 4.389406 8.981625 0.333333
185 53.119205 52.741375 0.000000 1.586323 1.364385 2.324761 4.358122 8.812551 0.333333
186 53.075661 52.803440 0.000000 1.744749 1.377439 2.361387 4.441110 8.971752 0.333333
187 53.112598 53.051823 0.000000 1.953248 1.393962 2.425271 4.652856 9.638433 0.250000
188 52.923340 52.840225 0.000000 1.973781 1.368201 2.345821 4.434374 9.054470 0.250000
189 53.046024 53.087891 0.000000 1.606552 1.377671 2.386983 4.574405 9.491577 0.250000
190 52.796852 52.964005 0.000000 1.967826 1.376051 2.376371 4.540771 9.403883 0.250000
191 53.081608 53.117146 0.000000 1.907791 1.354591 2.311905 4.365250 8.935313 0.250000
192 52.735035 52.891998 0.000000 1.993206 1.340703 2.254724 4.178154 8.368596 0.201037
193 52.840523 52.900879 0.000000 1.634851 1.357633 2.306884 4.318131 8.727683 0.200226
194 52.853081 53.047691 0.000000 1.794137 1.363702 2.323780 4.353028 8.776610 0.200000
195 52.635620 52.802685 0.000000 1.938583 1.306070 2.140061 3.847872 7.452083 0.250000
196 52.654301 52.701038 0.000000 2.157122 1.304294 2.126927 3.794825 7.269284 0.200152
197 52.518223 52.392559 0.000000 1.683642 1.305216 2.128343 3.793579 7.250117 0.250774
198 52.420940 52.345699 0.000000 1.874722 1.332115 2.205370 3.987215 7.717681 0.330515
199 52.365368 52.271458 0.000000 1.912787 1.328644 2.207200 4.019929 7.871507 0.200000
200 52.238426 51.915485 0.000000 1.726106 1.373353 2.363819 4.493070 9.240913 0.200000
201 51.986256 51.538689 0.000000 1.832733 1.352525 2.302523 4.338235 8.876608 0.250000
202 52.078876 51.597755 0.000000 1.825958 1.365387 2.331210 4.390243 8.941875 0.200000
203 52.250141 51.046368 0.000000 1.781707 1.357029 2.306384 4.315940 8.714818 0.200510
204 52.295498 50.732601 0.000000 1.319051 1.361003 2.314651 4.331425 8.736444 0.201327
