%% Trajectory 13
%% frame x (pixel)     y (pixel)    z (pixel)      m0         m1           m2           m3           m4           s 
69 24.668934 22.335930 0.000000 1.222656 1.400616 2.465756 4.808296 10.166819 0.333333
71 24.722179 21.752073 0.000000 1.594622 1.463942 2.659606 5.345399 11.623167 0.333333
72 24.650137 21.874348 0.000000 1.500418 1.473378 2.704577 5.496869 12.079456 0.333333
73 24.589279 21.794964 0.000000 1.708931 1.506046 2.835179 5.936886 13.481894 0.333333
74 24.700781 21.799257 0.000000 1.602862 1.406316 2.471582 4.806705 10.130757 0.333333
75 24.607801 21.846996 0.000000 2.046145 1.481921 2.727272 5.545103 12.170977 0.333333
76 24.666025 21.880575 0.000000 2.282181 1.497131 2.792618 5.762409 12.831942 0.333333
77 25.215986 22.187092 0.000000 2.395830 1.480763 2.741668 5.634056 12.541351 0.333333
78 24.775124 22.256739 0.000000 2.545954 1.547079 2.942316 6.163011 13.874567 0.333333
79 24.765932 22.200373 0.000000 2.904194 1.501803 2.800580 5.778744 12.884397 0.333333
80 24.550301 21.730379 0.000000 2.668805 1.494810 2.774367 5.696139 12.624774 0.333333
81 24.763140 21.569551 0.000000 2.937561 1.486002 2.742070 5.590893 12.303007 0.333333
82 24.994015 22.293264 0.000000 2.791543 1.462211 2.646333 5.272964 11.304873 0.333333
83 25.206875 22.028717 0.000000 3.057459 1.477702 2.714738 5.511436 12.072596 0.500000
84 25.109438 22.054836 0.000000 2.980898 1.486476 2.730754 5.527179 12.038875 0.500000
85 25.209757 21.865959 0.000000 3.389715 1.519837 2.849997 5.878955 13.025855 0.333333
86 25.263292 21.704981 0.000000 3.331140 1.441679 2.572603 5.049852 10.670246 0.333333
87 25.489803 21.784632 0.000000 2.847349 1.489801 2.742652 5.563946 12.160863 0.333333
88 25.563696 21.820734 0.000000 3.587136 1.476828 2.693774 5.414100 11.723613 0.333333
89 25.917658 21.886600 0.000000 3.323319 1.524023 2.882611 6.035972 13.653625 0.333333
90 25.982311 22.330273 0.000000 3.274364 1.532792 2.898986 6.055055 13.640463 0.250000
91 26.133392 22.089958 0.000000 2.767098 1.502992 2.790756 5.706719 12.552636 0.250000
92 26.249512 22.381578 0.000000 2.905433 1.433400 2.543897 4.962325 10.414035 0.250000
93 26.299566 22.599422 0.000000 3.000733 1.407713 2.462852 4.732932 9.776332 0.250000
94 26.278097 22.449112 0.000000 3.528841 1.373729 2.353969 4.438957 9.026436 0.250000
95 26.219612 22.231796 0.000000 3.470711 1.387358 2.393920 4.547295 9.316088 0.200000
97 26.906233 21.770031 0.000000 2.030444 1.467393 2.706519 5.535566 12.249015 0.251614
