%% Trajectory 8
%% frame x (pixel)     y (pixel)    z (pixel)      m0         m1           m2           m3           m4           s 
31 25.377817 18.776300 0.000000 2.907884 1.408221 2.467110 4.762195 9.919796 0.200000
32 25.778442 18.433172 0.000000 2.962981 1.421702 2.539763 5.040863 10.876439 0.226235
33 26.029099 18.486176 0.000000 2.891845 1.411495 2.505032 4.947246 10.641408 0.257394
34 25.732145 18.532124 0.000000 3.085342 1.447869 2.614438 5.227537 11.321773 0.232139
35 26.127047 18.519526 0.000000 3.066274 1.413402 2.496544 4.879145 10.332598 0.166681
36 26.226805 18.260302 0.000000 2.702322 1.409872 2.487115 4.859613 10.301640 0.142863
37 26.254301 18.274965 0.000000 3.255205 1.445714 2.603419 5.191704 11.219341 0.200088
38 26.318184 18.377102 0.000000 3.426870 1.371466 2.365644 4.534664 9.475534 0.168233
39 26.382420 18.601986 0.000000 3.252733 1.416005 2.486260 4.805315 10.015816 0.255107
40 26.579199 18.368246 0.000000 3.312994 1.408948 2.469838 4.770133 9.938470 0.200002
41 26.764584 18.432732 0.000000 3.012029 1.377893 2.376586 4.519839 9.285200 0.200160
42 26.682070 18.413280 0.000000 3.447206 1.317564 2.171113 3.918963 7.600597 0.166667
43 26.899324 18.507956 0.000000 3.568497 1.348220 2.270739 4.202779 8.379215 0.166667
44 26.964233 18.762249 0.000000 3.127171 1.377642 2.406472 4.683948 9.942248 0.166746
45 27.099407 18.629061 0.000000 3.435981 1.340489 2.247425 4.153831 8.307870 0.166667
46 27.103745 18.389929 0.000000 2.983153 1.335171 2.238009 4.139186 8.291444 0.143017
47 27.105371 18.531021 0.000000 3.413153 1.333789 2.234071 4.125379 8.239741 0.166667
48 26.893599 18.572311 0.000000 2.899790 1.287210 2.078743 3.671077 6.955503 0.138562
49 26.894873 18.469381 0.000000 2.751680 1.297982 2.106448 3.745090 7.161703 0.365434
50 27.110748 18.527607 0.000000 3.303885 1.325907 2.210259 4.068915 8.124723 0.174126
51 27.002726 18.457638 0.000000 3.024460 1.309401 2.160928 3.935200 7.768898 0.167597
52 27.032761 18.650558 0.000000 2.836927 1.323429 2.207381 4.071471 8.155628 0.167307
53 27.022692 18.496943 0.000000 2.846810 1.267531 2.028647 3.576289 6.833506 0.200153
54 26.915817 18.540501 0.000000 2.976678 1.293128 2.114514 3.817404 7.479022 0.166840
55 27.027256 18.787722 0.000000 3.310071 1.382031 2.397083 4.604120 9.595027 0.204575
56 27.042511 18.487314 0.000000 3.343094 1.317380 2.180578 3.968117 7.790103 0.210668
57 26.799500 18.508892 0.000000 3.187439 1.280824 2.053761 3.597310 6.753922 0.200021
58 27.184574 18.390692 0.000000 3.196809 1.299476 2.114751 3.780528 7.295182 0.167999
59 27.242466 18.406614 0.000000 2.902479 1.247275 1.960933 3.369880 6.221624 0.200000
60 27.234373 18.630102 0.000000 3.106857 1.286439 2.072581 3.654116 6.921750 0.200000
61 27.286764 18.451818 0.000000 3.023676 1.263801 2.010883 3.509820 6.606619 0.200000
62 27.197430 18.677555 0.000000 2.569539 1.290249 2.098159 3.756353 7.276700 0.268047
63 27.390963 19.000957 0.000000 3.006816 1.331981 2.254416 4.253879 8.786834 0.250001
64 27.262127 19.232706 0.000000 2.418029 1.302492 2.144992 3.897214 7.673207 0.333772
65 27.274599 19.606838 0.000000 2.850476 1.323232 2.211472 4.085119 8.187427 0.200163
66 27.443378 19.624489 0.000000 2.893985 1.337932 2.228783 4.078315 8.042682 0.324562
67 27.507673 19.861925 0.000000 2.713598 1.331264 2.231033 4.126194 8.254190 0.332391
68 27.112761 20.344978 0.000000 2.799425 1.430244 2.573420 5.146156 11.180251 0.200000
69 26.675669 20.736309 0.000000 2.876162 1.477669 2.699315 5.449210 11.882809 0.166675
70 26.557497 20.786325 0.000000 2.724803 1.508476 2.821492 5.837027 13.039908 0.216084
