%% Trajectory 9
%% frame x (pixel)     y (pixel)    z (pixel)      m0         m1           m2           m3           m4           s 
23 44.561859 9.744482 0.000000 1.165836 1.311023 2.160465 3.915455 7.660645 0.265188
24 44.741562 9.538589 0.000000 0.988209 1.300268 2.158628 3.984801 8.035878 0.469268
25 44.868916 9.588758 0.000000 1.117959 1.316258 2.169065 3.939837 7.749138 0.333333
26 44.621819 9.356997 0.000000 1.361015 1.291679 2.101102 3.769928 7.338149 0.284133
27 44.437782 9.570753 0.000000 1.220801 1.264480 2.005596 3.483152 6.510689 0.322522
28 44.674679 9.281763 0.000000 1.295758 1.335231 2.253088 4.209664 8.539665 0.315269
29 44.320267 9.324792 0.000000 1.615747 1.290509 2.098048 3.756782 7.280967 0.288375
30 44.573967 9.534029 0.000000 1.926280 1.304291 2.136063 3.839316 7.435073 0.250003
31 44.378410 9.462038 0.000000 1.687116 1.245512 1.961326 3.386237 6.305089 0.250041
32 44.322712 9.557984 0.000000 2.020541 1.292925 2.100832 3.758634 7.278242 0.250075
33 44.394726 9.771210 0.000000 2.259557 1.349502 2.292371 4.325737 8.903295 0.250000
34 44.398693 9.517848 0.000000 2.200854 1.310303 2.143377 3.845406 7.429256 0.270748
35 44.404682 9.477954 0.000000 2.389304 1.327756 2.206821 4.035449 7.967896 0.200000
36 44.253223 9.369761 0.000000 2.461453 1.357251 2.303744 4.308025 8.702837 0.203093
37 44.355083 9.333226 0.000000 2.411157 1.321267 2.204889 4.067220 8.143611 0.249939
38 44.400158 9.387712 0.000000 2.477616 1.316410 2.204696 4.121156 8.450171 0.360338
39 44.348370 9.480178 0.000000 2.437316 1.314838 2.161995 3.906067 7.614808 0.249988
40 44.323219 9.509024 0.000000 2.281690 1.369959 2.360514 4.524588 9.460880 0.203605
41 44.349625 9.331118 0.000000 2.268139 1.325538 2.218019 4.113094 8.302075 0.444018
42 44.409565 9.498984 0.000000 2.481911 1.312670 2.177046 4.002318 8.018040 0.231998
43 44.408123 9.631888 0.000000 2.449215 1.314911 2.181447 4.011955 8.040964 0.203141
44 44.651230 9.392305 0.000000 2.499946 1.302914 2.129346 3.828818 7.443288 0.200039
45 44.385269 9.658432 0.000000 2.773144 1.298337 2.115556 3.788548 7.326387 0.342190
46 44.403473 9.783268 0.000000 2.423850 1.329733 2.226571 4.124523 8.300165 0.200000
47 44.637939 9.517570 0.000000 2.343344 1.267919 2.017373 3.513759 6.582747 0.166667
48 44.525982 9.463302 0.000000 2.724944 1.296313 2.123294 3.848281 7.590608 0.379648
49 44.656994 9.512714 0.000000 2.621957 1.295025 2.121172 3.844538 7.582013 0.170737
50 44.614819 9.573752 0.000000 2.369582 1.329813 2.248451 4.248448 8.812672 0.235895
51 44.874233 9.600788 0.000000 2.187369 1.363864 2.351034 4.507672 9.418686 0.169989
52 44.802242 9.760424 0.000000 2.564933 1.326279 2.215812 4.093206 8.205800 0.202023
53 44.831196 9.615171 0.000000 2.665663 1.327858 2.217911 4.089656 8.169785 0.167820
54 44.562134 9.500031 0.000000 2.618889 1.321022 2.181938 3.945311 7.659068 0.167009
55 44.536793 9.617151 0.000000 2.631073 1.289438 2.100767 3.785463 7.421803 0.166672
56 44.663792 9.486329 0.000000 2.921652 1.274682 2.038505 3.571692 6.736161 0.166667
57 44.513962 9.485312 0.000000 2.647074 1.297482 2.122471 3.825302 7.464303 0.228354
58 44.726120 9.606737 0.000000 3.200423 1.294735 2.103968 3.753463 7.218844 0.200130
59 44.517952 9.632543 0.000000 3.154132 1.259991 1.991677 3.441687 6.388145 0.200000
60 44.725418 9.587790 0.000000 2.957137 1.338193 2.250248 4.179341 8.412828 0.259496
61 44.585808 9.611472 0.000000 2.706201 1.302601 2.132929 3.840728 7.467624 0.168036
62 44.703602 9.579364 0.000000 2.964112 1.334054 2.251348 4.214583 8.591349 0.218796
63 44.534340 9.576052 0.000000 3.199872 1.293926 2.111469 3.801275 7.422873 0.188747
64 44.496136 9.563610 0.000000 3.308398 1.279968 2.048449 3.580395 6.708176 0.219782
65 44.485359 9.410360 0.000000 3.478112 1.338830 2.265328 4.262984 8.761568 0.167033
66 44.554302 9.447868 0.000000 3.139570 1.295391 2.101625 3.731099 7.111902 0.200181
67 44.547859 9.577054 0.000000 3.290808 1.304568 2.120797 3.760461 7.129876 0.319452
68 44.656155 9.481810 0.000000 3.108114 1.279729 2.056419 3.616194 6.830599 0.245075
69 44.623051 9.633570 0.000000 3.564758 1.293460 2.097365 3.730976 7.152320 0.224284
70 44.645454 9.569887 0.000000 3.928046 1.295696 2.093237 3.689558 6.959462 0.254860
71 44.474411 9.518580 0.000000 3.921206 1.275946 2.039670 3.561788 6.669198 0.241457
72 44.492714 9.695480 0.000000 3.934627 1.334734 2.219678 4.038886 7.884172 0.285001
73 44.221401 9.743317 0.000000 3.982216 1.366221 2.329239 4.370333 8.846262 0.368299
74 44.245708 9.688068 0.000000 4.301032 1.342365 2.247295 4.126379 8.145772 0.379519
75 44.028748 10.040420 0.000000 4.125298 1.393442 2.447966 4.770791 10.089861 0.255345
76 44.183338 10.160338 0.000000 4.074710 1.306406 2.151387 3.905173 7.670380 0.274068
77 43.974068 10.277697 0.000000 4.228689 1.351092 2.285964 4.262346 8.585337 0.200000
78 43.908386 10.397250 0.000000 3.671057 1.313592 2.158633 3.888958 7.534488 0.358196
79 43.716553 10.365590 0.000000 4.080802 1.285535 2.067588 3.630553 6.827882 0.202460
80 43.814732 10.588105 0.000000 4.093063 1.291379 2.082990 3.668219 6.918202 0.201030
81 43.804985 10.834704 0.000000 3.658126 1.351314 2.287248 4.264713 8.589429 0.200000
