%% Trajectory 4
%% frame x (pixel)     y (pixel)    z (pixel)      m0         m1           m2           m3           m4           s 
1 23.033279 30.389519 0.000000 0.977471 1.405850 2.495622 4.946180 10.715858 0.263760
3 22.912405 30.184683 0.000000 1.141114 1.419754 2.510617 4.898335 10.321276 0.250005
4 23.467947 30.380291 0.000000 1.383113 1.367800 2.339270 4.403889 8.946464 0.422725
5 23.347078 30.364708 0.000000 1.191622 1.322188 2.200330 4.034947 8.001704 0.250000
6 23.299128 30.126198 0.000000 1.457988 1.340591 2.249043 4.153133 8.278927 0.250026
7 23.260521 30.082533 0.000000 1.458328 1.354847 2.308014 4.338542 8.815642 0.250000
8 23.275881 30.261953 0.000000 1.458543 1.394284 2.415962 4.603711 9.448615 0.250000
9 23.290106 30.344555 0.000000 1.606441 1.303486 2.134220 3.841468 7.463459 0.333333
10 23.418369 30.173090 0.000000 1.730693 1.380020 2.366931 4.448169 8.969069 0.333333
11 23.633835 30.468479 0.000000 1.680554 1.345511 2.239434 4.063812 7.876735 0.333333
12 23.871094 30.494947 0.000000 1.684465 1.305442 2.140455 3.849559 7.452533 0.333333
13 23.932207 30.477461 0.000000 1.533222 1.320147 2.187013 3.979557 7.802414 0.250000
14 24.238054 30.269373 0.000000 1.724825 1.328992 2.221313 4.098610 8.190521 0.250000
15 24.417252 30.558577 0.000000 1.759686 1.315060 2.157166 3.868749 7.439625 0.250000
16 24.493614 30.676300 0.000000 1.929766 1.351220 2.280764 4.237961 8.505807 0.250020
17 24.811377 30.410004 0.000000 1.682477 1.361573 2.299858 4.249472 8.413570 0.333333
18 24.881079 30.435387 0.000000 1.370844 1.371241 2.347619 4.426117 9.007075 0.250000
19 24.940538 30.299065 0.000000 1.527789 1.447407 2.629706 5.313794 11.670006 0.333333
21 25.328045 29.501865 0.000000 1.329966 1.388644 2.387492 4.499831 9.107790 0.333333
22 25.303860 29.923643 0.000000 1.170935 1.529033 2.878312 5.963414 13.280138 0.333333
24 24.425076 30.380005 0.000000 0.781610 1.314937 2.160309 3.904926 7.622190 0.333338
