%% Trajectory 25
%% frame x (pixel)     y (pixel)    z (pixel)      m0         m1           m2           m3           m4           s 
111 29.913582 13.821631 0.000000 1.796021 1.262290 2.025967 3.607954 7.014796 0.250000
112 29.946150 13.862972 0.000000 1.748818 1.294900 2.130534 3.900620 7.801443 0.333333
113 29.918392 13.810466 0.000000 2.070605 1.286960 2.095989 3.775619 7.391453 0.333333
114 29.861883 13.602556 0.000000 2.180786 1.270397 2.021121 3.518189 6.583704 0.333333
115 30.001093 13.680739 0.000000 2.308353 1.292100 2.115729 3.838585 7.580924 0.333333
116 29.848711 13.731183 0.000000 1.984871 1.244274 1.953574 3.362403 6.239960 0.333333
117 29.944601 13.821172 0.000000 2.100888 1.283872 2.085331 3.742207 7.288946 0.333333
118 29.800127 13.687408 0.000000 2.137175 1.255193 1.983481 3.431696 6.388505 0.333333
119 29.882872 13.976103 0.000000 2.653354 1.337751 2.259152 4.209455 8.477745 0.333333
120 29.918385 13.837272 0.000000 3.043013 1.309760 2.164392 3.949165 7.806344 0.333333
121 29.916397 13.841361 0.000000 3.499152 1.331089 2.233045 4.139666 8.313873 0.333333
122 29.882320 13.810395 0.000000 3.228415 1.309044 2.160558 3.926870 7.708859 0.333333
123 29.951666 13.802905 0.000000 3.305724 1.327779 2.220875 4.100873 8.196289 0.250000
124 29.880051 13.874851 0.000000 3.720429 1.331301 2.224607 4.089111 8.103383 0.333333
125 29.979969 13.904204 0.000000 3.661614 1.360510 2.334068 4.433059 9.126387 0.200000
126 30.179934 13.959820 0.000000 3.454809 1.366328 2.336774 4.397881 8.919569 0.200000
127 30.093346 13.858912 0.000000 3.432291 1.320389 2.192393 4.011356 7.935503 0.333333
128 30.146084 13.940060 0.000000 3.669962 1.356597 2.304008 4.299736 8.633846 0.200038
129 30.265310 14.171463 0.000000 3.397266 1.330656 2.229383 4.118784 8.229403 0.250000
130 30.531992 14.285048 0.000000 3.345572 1.292396 2.091911 3.697541 6.997705 0.200000
131 30.642096 14.422924 0.000000 3.295782 1.291643 2.089397 3.708930 7.097784 0.250000
132 30.816996 14.510059 0.000000 3.302031 1.290540 2.106266 3.791334 7.395007 0.333524
133 31.129398 14.717705 0.000000 3.479352 1.335173 2.231128 4.099186 8.125048 0.333334
134 31.508717 14.805157 0.000000 3.340466 1.355060 2.298186 4.293062 8.660164 0.521620
135 31.243523 15.400557 0.000000 3.058206 1.333955 2.227669 4.085673 8.068524 0.338662
136 31.470291 15.016043 0.000000 2.765368 1.385229 2.405491 4.606992 9.520719 0.335667
137 31.764542 15.143775 0.000000 2.210960 1.382225 2.412813 4.666223 9.774527 0.333333
138 31.547421 15.400183 0.000000 2.244140 1.378464 2.391324 4.590454 9.541009 0.333333
141 31.242552 17.396803 0.000000 1.861623 1.341539 2.269434 4.244991 8.613047 0.311642
