%% Trajectory 40
%% frame x (pixel)     y (pixel)    z (pixel)      m0         m1           m2           m3           m4           s 
72 31.612339 40.434086 0.000000 2.024329 1.363488 2.366981 4.598446 9.800718 0.200000
73 31.584341 40.503757 0.000000 2.307198 1.284887 2.085238 3.735318 7.264441 0.143094
74 31.563210 40.487686 0.000000 2.319076 1.328552 2.208514 4.041242 7.991929 0.285159
75 31.527073 40.660156 0.000000 2.750540 1.376027 2.379042 4.578827 9.621760 0.229148
76 31.622213 40.539204 0.000000 3.087517 1.309637 2.150917 3.890436 7.613833 0.221112
77 31.729996 40.633842 0.000000 3.214022 1.372204 2.359329 4.480932 9.212515 0.183857
78 31.418982 40.717606 0.000000 3.289378 1.366913 2.344959 4.452325 9.173582 0.504562
79 31.315884 40.432980 0.000000 3.052794 1.337994 2.264375 4.271164 8.819152 0.323264
80 31.444124 40.597370 0.000000 3.098305 1.361810 2.325559 4.387782 8.973207 0.201791
81 31.245327 40.364807 0.000000 3.327601 1.312485 2.157890 3.894531 7.575387 0.265051
82 31.462498 40.492416 0.000000 3.783161 1.387589 2.416202 4.654474 9.720613 0.283579
83 31.481504 40.258072 0.000000 4.033783 1.334653 2.245374 4.183998 8.480390 0.200000
84 31.478664 40.425735 0.000000 3.964999 1.317096 2.171827 3.932990 7.678467 0.200001
85 31.387939 40.270966 0.000000 4.432100 1.359830 2.326420 4.413403 9.107671 0.200074
86 31.579750 40.385662 0.000000 3.829441 1.293904 2.096915 3.729685 7.152293 0.250000
87 31.540792 40.483997 0.000000 3.946944 1.277109 2.051107 3.618263 6.891340 0.200000
88 31.457893 40.338837 0.000000 4.000561 1.336143 2.238918 4.135715 8.265676 0.250000
89 31.467321 40.312130 0.000000 4.099258 1.321059 2.180748 3.956110 7.743446 0.333333
90 31.461788 40.300034 0.000000 4.476732 1.372386 2.383202 4.612515 9.753526 0.333333
91 31.476974 40.377186 0.000000 4.721289 1.380396 2.407787 4.688171 9.987560 0.333902
92 31.452530 40.490627 0.000000 4.701950 1.351072 2.290119 4.287542 8.700974 0.250220
93 31.633183 40.431839 0.000000 4.273807 1.363249 2.351026 4.520566 9.504366 0.250000
94 31.599724 40.639725 0.000000 4.675918 1.373572 2.381928 4.597344 9.680052 0.200000
95 31.522120 40.402267 0.000000 4.988962 1.364156 2.332209 4.415496 9.084517 0.354969
96 31.584352 40.254528 0.000000 4.455810 1.392012 2.419118 4.647567 9.677322 0.250000
97 31.445747 39.956593 0.000000 4.815185 1.390854 2.440515 4.769731 10.169384 0.231206
98 31.597544 39.710396 0.000000 4.374567 1.375975 2.384812 4.595311 9.653217 0.200128
99 31.622412 39.631996 0.000000 4.327815 1.378557 2.420338 4.766136 10.307960 0.269027
100 31.631401 39.385307 0.000000 4.616468 1.375765 2.398938 4.662548 9.894863 0.200001
101 31.737688 39.251572 0.000000 4.573736 1.382858 2.407316 4.647499 9.746708 0.200000
102 31.780245 39.001057 0.000000 3.895985 1.382553 2.431758 4.792728 10.362043 0.227847
104 31.629980 39.421345 0.000000 2.717118 1.519544 2.900392 6.176732 14.290404 0.200113
106 32.202774 38.314472 0.000000 1.685717 1.344327 2.308824 4.400888 9.106525 0.379663
108 31.605560 38.472767 0.000000 1.232737 1.402266 2.501611 4.998507 10.933899 0.250000
