%% Trajectory 13
%% frame x (pixel)     y (pixel)    z (pixel)      m0         m1           m2           m3           m4           s 
45 37.855042 46.526642 0.000000 2.128099 1.282452 2.073006 3.681318 7.055299 0.200000
46 37.785450 46.567505 0.000000 2.512902 1.293647 2.101982 3.746624 7.192298 0.250000
47 37.758606 46.482170 0.000000 2.127884 1.257519 1.987805 3.447275 6.452197 0.250000
48 37.705593 46.515713 0.000000 2.398707 1.264979 2.017118 3.529727 6.662913 0.250000
49 37.924229 46.551079 0.000000 2.275055 1.277571 2.062811 3.682434 7.146671 0.250000
50 37.826729 46.593624 0.000000 2.825128 1.265859 2.012458 3.497819 6.525919 0.250001
51 37.856705 46.415489 0.000000 3.031804 1.287832 2.078043 3.665473 6.932825 0.250007
52 37.729973 46.607285 0.000000 2.951364 1.258934 1.996423 3.468492 6.489359 0.250005
53 37.839226 46.543701 0.000000 2.939827 1.277527 2.051722 3.608400 6.822169 0.200000
54 37.580891 46.603878 0.000000 2.873182 1.269103 2.028098 3.555723 6.722611 0.200385
55 37.574112 46.564518 0.000000 3.201610 1.280475 2.051121 3.588685 6.730443 0.200000
56 37.634041 46.708817 0.000000 3.232025 1.299098 2.114387 3.778981 7.283762 0.250000
57 37.797848 46.563206 0.000000 3.811070 1.270536 2.026492 3.535948 6.627895 0.333333
58 37.620827 46.602398 0.000000 3.223681 1.301550 2.116881 3.768454 7.205511 0.250001
59 37.673214 46.509163 0.000000 3.648377 1.260765 1.993534 3.445902 6.397954 0.250000
60 37.756889 46.620537 0.000000 3.430567 1.337783 2.255242 4.207155 8.524445 0.250000
61 37.787525 46.431259 0.000000 3.832307 1.270450 2.025706 3.529962 6.599191 0.250000
62 37.717945 46.505238 0.000000 3.761363 1.280232 2.058215 3.623859 6.862458 0.250000
63 37.859127 46.529690 0.000000 4.151294 1.280469 2.051518 3.589989 6.734065 0.250000
64 37.918255 46.482536 0.000000 4.050624 1.309538 2.149209 3.861634 7.446556 0.250000
65 37.906162 46.461102 0.000000 3.626635 1.304233 2.131797 3.821349 7.371615 0.166667
66 37.925289 46.378536 0.000000 4.100395 1.311014 2.154495 3.881720 7.521271 0.200000
67 37.988739 46.185669 0.000000 4.348735 1.373864 2.358726 4.465701 9.134251 0.200000
68 37.987675 46.145611 0.000000 3.817101 1.385169 2.409343 4.632658 9.635152 0.166667
69 37.992043 45.777527 0.000000 4.398564 1.342911 2.273442 4.258780 8.653398 0.250000
70 37.842186 45.583344 0.000000 3.967164 1.341649 2.256774 4.183551 8.381212 0.250000
71 37.912327 45.514862 0.000000 3.478123 1.323397 2.191577 3.983242 7.794276 0.200000
72 37.577957 45.372272 0.000000 3.508804 1.308186 2.139249 3.827981 7.350622 0.250000
73 37.699520 45.128704 0.000000 2.966428 1.350394 2.292603 4.304547 8.767851 0.213756
75 37.391399 44.309669 0.000000 2.442886 1.416360 2.508352 4.917356 10.440493 0.200000
