%% Trajectory 20
%% frame x (pixel)     y (pixel)    z (pixel)      m0         m1           m2           m3           m4           s 
104 64.459396 28.108849 0.000000 2.606859 1.352252 2.279959 4.214223 8.364710 0.200000
106 64.303314 28.125015 0.000000 2.752326 1.344492 2.248623 4.117514 8.090941 0.200000
107 64.405960 27.920757 0.000000 2.625459 1.292849 2.100770 3.749326 7.214017 0.200000
108 64.254890 28.158272 0.000000 2.801019 1.323363 2.177444 3.905001 7.475886 0.200000
109 63.833710 28.203165 0.000000 2.628082 1.280365 2.084691 3.776543 7.490320 0.209341
110 63.917061 28.381102 0.000000 2.742522 1.318965 2.199097 4.067227 8.195381 0.250000
111 63.630226 28.492210 0.000000 3.398954 1.282014 2.065174 3.648964 6.944483 0.250000
112 63.417179 28.160467 0.000000 2.996120 1.332786 2.224328 4.078238 8.060199 0.250000
113 63.354649 28.263241 0.000000 3.091882 1.326235 2.192526 3.964099 7.682342 0.250000
114 63.303135 27.857744 0.000000 2.496680 1.346223 2.259267 4.163211 8.255635 0.250000
115 62.966656 28.327892 0.000000 2.799077 1.372030 2.380379 4.592186 9.645297 0.302948
116 63.064743 28.423058 0.000000 2.398726 1.409328 2.486152 4.846814 10.223221 0.250516
