%% Trajectory 19
%% frame x (pixel)     y (pixel)    z (pixel)      m0         m1           m2           m3           m4           s 
87 20.535334 26.633499 0.000000 1.186647 1.346880 2.350516 4.638095 10.124912 0.249144
88 20.120499 26.735060 0.000000 1.143026 1.213609 1.873492 3.177968 5.832367 0.250000
89 20.268017 26.911427 0.000000 1.683037 1.361142 2.333401 4.434981 9.163026 0.201307
90 20.671261 26.807974 0.000000 1.704290 1.250867 1.979885 3.436712 6.432722 0.200052
91 20.650269 26.744551 0.000000 2.115474 1.382286 2.423721 4.766066 10.289865 0.204379
92 20.684202 26.866236 0.000000 2.775027 1.402037 2.453869 4.744429 9.930619 0.200000
93 20.957216 26.636932 0.000000 2.169873 1.351802 2.328731 4.506434 9.597860 0.250016
95 20.784388 26.905149 0.000000 3.982005 1.444204 2.604520 5.204813 11.269426 0.166667
96 20.582184 26.894360 0.000000 3.770425 1.446799 2.600379 5.164801 11.091842 0.250054
97 20.648218 26.906870 0.000000 4.361305 1.487434 2.751255 5.628877 12.442012 0.333333
98 20.414883 27.090603 0.000000 4.619837 1.447916 2.603580 5.155630 10.998093 0.250000
99 20.593714 27.129313 0.000000 5.188057 1.480039 2.705454 5.447390 11.817585 0.333333
100 20.720163 26.886204 0.000000 5.120029 1.486811 2.727562 5.513489 12.006014 0.333333
101 20.552313 26.868336 0.000000 5.021126 1.499038 2.785985 5.722994 12.691916 0.250000
102 20.570234 26.975031 0.000000 5.139271 1.469904 2.684545 5.424020 11.847772 0.250000
103 20.616856 26.985428 0.000000 5.544728 1.498001 2.779599 5.698104 12.604510 0.200000
104 20.583290 27.205851 0.000000 5.604496 1.507538 2.796995 5.712262 12.554747 0.200000
105 20.469463 27.250948 0.000000 5.515455 1.460289 2.643625 5.275009 11.347749 0.200000
106 20.623980 27.314568 0.000000 5.311328 1.477254 2.712456 5.504630 12.068072 0.250000
107 20.724720 27.443226 0.000000 5.350406 1.495618 2.775355 5.692881 12.612685 0.250000
108 21.254934 27.287264 0.000000 5.555035 1.583155 3.071577 6.563920 15.073035 0.250000
109 20.901541 27.401970 0.000000 5.077611 1.589451 3.102241 6.666833 15.387229 0.250000
110 21.447803 27.304213 0.000000 5.349572 1.650030 3.322067 7.353656 17.436537 0.250000
111 21.615875 27.408577 0.000000 5.590422 1.625074 3.230930 7.066998 16.574589 0.250000
114 23.384436 26.916134 0.000000 4.455266 1.630242 3.247556 7.106308 16.641392 0.333333
115 23.466228 26.567160 0.000000 4.604185 1.558748 3.011107 6.437679 14.836514 0.250000
117 24.166191 25.700626 0.000000 2.905698 1.367054 2.367133 4.558160 9.542914 0.166677
118 24.249268 25.938683 0.000000 2.509442 1.461886 2.708411 5.599960 12.577589 0.250030
120 23.566671 26.671671 0.000000 2.084936 1.389228 2.401545 4.569839 9.372919 0.250164
