%% Trajectory 21
%% frame x (pixel)     y (pixel)    z (pixel)      m0         m1           m2           m3           m4           s 
112 36.700592 17.556297 0.000000 1.049332 1.272781 2.060193 3.688870 7.184161 0.166668
113 36.884666 17.369892 0.000000 1.213221 1.344810 2.300349 4.369789 9.027713 0.207545
114 36.582916 17.436161 0.000000 1.547794 1.250036 1.974338 3.410115 6.326705 0.200118
115 36.823624 17.532604 0.000000 1.257167 1.260753 1.999525 3.475688 6.509358 0.229098
116 36.759548 17.459286 0.000000 1.643495 1.273528 2.035029 3.553489 6.654989 0.250000
117 36.908314 17.468889 0.000000 1.455691 1.299721 2.121201 3.809411 7.396904 0.254217
118 36.764103 17.561951 0.000000 1.437348 1.316680 2.168558 3.923471 7.654611 0.377144
119 36.884712 17.362192 0.000000 1.392316 1.332520 2.251615 4.213166 8.558197 0.237244
120 36.742390 17.633371 0.000000 1.885265 1.325446 2.208606 4.063175 8.105378 0.250000
121 36.784744 17.565411 0.000000 2.010861 1.319805 2.181787 3.956827 7.722191 0.250000
122 36.774296 17.709385 0.000000 2.003887 1.289007 2.087513 3.711386 7.113761 0.250000
123 36.663116 17.671005 0.000000 2.426800 1.273629 2.031173 3.540713 6.624982 0.250000
124 36.687611 17.581329 0.000000 2.583388 1.269372 2.018218 3.506179 6.536834 0.250000
125 36.669296 17.603504 0.000000 2.683507 1.281201 2.052248 3.589545 6.728293 0.385158
126 36.623180 17.737593 0.000000 2.754086 1.268509 2.018936 3.511661 6.553978 0.418761
127 36.755299 17.520187 0.000000 2.526435 1.313567 2.162642 3.911916 7.629519 0.274476
128 36.745541 17.735043 0.000000 3.144349 1.315645 2.173978 3.949571 7.743296 0.333333
129 36.710903 17.796722 0.000000 3.669996 1.303020 2.140591 3.877147 7.606675 0.250000
130 36.675148 17.880543 0.000000 3.812470 1.324861 2.214073 4.094083 8.223794 0.333333
131 36.395367 17.901192 0.000000 3.629885 1.318579 2.189759 4.016878 7.994062 0.250000
132 36.377640 18.203558 0.000000 3.497578 1.303632 2.139391 3.871865 7.594277 0.333333
133 36.440544 18.356388 0.000000 4.005464 1.318368 2.170045 3.906796 7.544689 0.333333
134 36.515278 18.441046 0.000000 3.387625 1.280149 2.056332 3.610710 6.801554 0.500000
135 36.524452 18.601315 0.000000 2.835559 1.321148 2.187690 3.988567 7.861244 0.333333
136 36.438145 18.845724 0.000000 3.046315 1.314735 2.168112 3.926306 7.660280 0.200000
137 36.490604 19.027573 0.000000 2.532680 1.412884 2.505082 4.923070 10.492585 0.333333
138 36.226044 19.190130 0.000000 2.205976 1.446687 2.604694 5.169229 11.055799 0.333333
140 37.784718 19.350836 0.000000 2.566723 1.417418 2.507974 4.903831 10.373039 0.250029
141 37.846836 19.582838 0.000000 2.310601 1.386184 2.404978 4.602253 9.509478 0.250007
142 38.102478 19.163641 0.000000 1.920727 1.450976 2.619459 5.212346 11.175629 0.142994
143 38.057873 19.160063 0.000000 1.501758 1.503819 2.845009 5.984961 13.639399 0.250000
144 38.507931 19.549223 0.000000 1.197202 1.399645 2.454721 4.774657 10.085394 0.399706
