%% Trajectory 43
%% frame x (pixel)     y (pixel)    z (pixel)      m0         m1           m2           m3           m4           s 
214 30.772467 56.176239 0.000000 1.475443 1.376445 2.394503 4.641130 9.823581 0.265142
215 30.347702 55.826477 0.000000 1.972978 1.323942 2.202944 4.038390 8.006104 0.250161
216 30.505125 55.869549 0.000000 2.490156 1.279207 2.053758 3.608874 6.814944 0.272409
217 30.968147 55.907177 0.000000 2.938469 1.346088 2.289378 4.314174 8.824038 0.333333
218 30.907784 55.917175 0.000000 3.698956 1.334251 2.246759 4.183553 8.446640 0.333333
219 30.687790 55.688286 0.000000 4.015431 1.304716 2.130834 3.817539 7.367280 0.333333
220 30.754004 55.644142 0.000000 3.593220 1.303537 2.121911 3.770212 7.169150 0.333333
221 30.890888 55.801060 0.000000 3.585071 1.347409 2.269103 4.192351 8.325274 0.333333
222 30.880362 55.682747 0.000000 3.995557 1.304360 2.128608 3.795844 7.250856 0.250069
223 30.891989 55.693985 0.000000 4.071923 1.314768 2.160083 3.888462 7.522873 0.250000
224 30.920534 55.553665 0.000000 4.354758 1.302013 2.121814 3.782920 7.236103 0.250000
225 30.819799 55.671619 0.000000 4.805003 1.296946 2.106270 3.739081 7.116035 0.250000
226 30.792868 55.781300 0.000000 5.095900 1.328466 2.212526 4.054123 8.019516 0.250000
227 30.717993 55.543655 0.000000 4.477068 1.280329 2.055180 3.601914 6.761782 0.166667
228 30.421530 55.349060 0.000000 5.113576 1.319810 2.178040 3.941016 7.673134 0.200000
229 30.468790 55.207684 0.000000 4.780910 1.338223 2.248382 4.169888 8.377122 0.200000
230 30.676895 54.853405 0.000000 4.508898 1.376510 2.370939 4.506844 9.268698 0.166667
231 30.501019 54.934612 0.000000 4.083326 1.381587 2.393607 4.586410 9.524899 0.166667
232 30.577938 54.831856 0.000000 3.845245 1.372160 2.354514 4.455842 9.117843 0.237065
233 30.689510 54.583900 0.000000 3.784406 1.380657 2.383883 4.544643 9.378119 0.246047
234 30.474819 55.004639 0.000000 3.592409 1.410181 2.515354 5.004378 10.862890 0.178386
235 30.705673 54.727623 0.000000 2.913282 1.376671 2.352068 4.413007 8.914602 0.325344
236 30.421986 54.692802 0.000000 2.684824 1.442427 2.593320 5.154178 11.078164 0.166888
237 30.853870 54.669235 0.000000 3.034874 1.366708 2.329987 4.367890 8.828543 0.176153
238 31.177921 54.363808 0.000000 2.777336 1.359950 2.321328 4.373112 8.914323 0.183277
