%% Trajectory 10
%% frame x (pixel)     y (pixel)    z (pixel)      m0         m1           m2           m3           m4           s 
48 43.092407 53.770832 0.000000 1.191092 1.435669 2.615643 5.314531 11.756683 0.333333
49 43.435486 53.528622 0.000000 1.227404 1.414654 2.508651 4.916717 10.415436 0.250087
51 42.777287 53.567265 0.000000 1.979532 1.327178 2.202727 4.017602 7.903551 0.250110
52 42.722248 53.295746 0.000000 1.996904 1.343909 2.247224 4.125419 8.154136 0.206746
53 43.079960 53.362247 0.000000 2.436262 1.345437 2.268034 4.202024 8.386660 0.250000
54 43.103676 53.886234 0.000000 2.192436 1.348266 2.296610 4.323928 8.814266 0.254493
55 43.103455 53.667248 0.000000 2.205854 1.356045 2.307790 4.323295 8.733513 0.250000
56 42.990009 53.621445 0.000000 2.278092 1.346533 2.290334 4.331544 8.938177 0.250000
57 42.979080 53.913193 0.000000 2.323162 1.328002 2.237350 4.175694 8.458059 0.333333
58 43.069153 53.889378 0.000000 2.336200 1.394801 2.450482 4.774806 10.097659 0.250000
59 42.937866 53.549492 0.000000 2.544474 1.423991 2.563511 5.128411 11.136367 0.250020
60 42.825642 53.616966 0.000000 2.623013 1.304771 2.118134 3.753626 7.121301 0.333333
61 42.889183 53.903244 0.000000 2.261810 1.320779 2.205645 4.078556 8.195505 0.333333
62 42.881687 53.736542 0.000000 2.367992 1.294021 2.109674 3.778476 7.299298 0.250000
63 43.110844 53.556362 0.000000 2.609123 1.324311 2.195978 3.997035 7.832148 0.250000
64 43.174030 53.333771 0.000000 2.555345 1.347504 2.263030 4.173535 8.283837 0.333333
65 43.057114 53.712074 0.000000 2.434644 1.381052 2.384849 4.535437 9.302976 0.250000
66 43.112141 53.578293 0.000000 2.668764 1.326147 2.200674 4.008613 7.860210 0.333467
67 43.114014 53.508564 0.000000 2.610186 1.356121 2.292065 4.249487 8.469188 0.250000
68 43.138638 53.591942 0.000000 2.829331 1.282671 2.063652 3.634464 6.877948 0.250000
69 43.096416 53.720516 0.000000 2.511577 1.366301 2.333184 4.394943 8.951281 0.201174
70 42.881176 53.825180 0.000000 2.645761 1.350859 2.308514 4.367148 8.954528 0.250000
71 42.750790 53.455429 0.000000 2.417628 1.358447 2.311301 4.331523 8.764977 0.250000
72 43.138821 53.700684 0.000000 2.463104 1.335148 2.228273 4.077660 8.017316 0.445630
73 43.204922 53.639805 0.000000 2.608371 1.289574 2.092741 3.723949 7.131005 0.250000
74 43.256519 53.737156 0.000000 3.240827 1.308086 2.143463 3.852513 7.452085 0.250000
75 43.216541 53.583103 0.000000 3.135573 1.323955 2.191021 3.979172 7.778774 0.200000
76 43.137722 53.581287 0.000000 2.457451 1.294820 2.109961 3.771059 7.252796 0.200000
77 43.240631 53.651630 0.000000 3.351639 1.302488 2.129547 3.826145 7.420304 0.333383
78 43.259884 53.613640 0.000000 3.271135 1.285471 2.067031 3.629266 6.826299 0.200000
79 43.210793 53.590626 0.000000 3.188634 1.282506 2.063302 3.624617 6.819631 0.250000
80 42.949005 53.551689 0.000000 3.343604 1.377486 2.359398 4.431350 8.935516 0.250037
81 43.079273 53.733559 0.000000 3.346825 1.336523 2.253041 4.197074 8.467785 0.349727
82 43.277214 53.435417 0.000000 3.304390 1.280585 2.050653 3.585726 6.719714 0.333333
83 43.234112 53.787979 0.000000 3.569544 1.278795 2.063247 3.663621 7.037940 0.333333
85 43.289131 53.671886 0.000000 3.745682 1.299165 2.106161 3.726104 7.053666 0.250000
86 43.169510 53.711796 0.000000 3.332394 1.307177 2.139303 3.833400 7.373954 0.250000
87 43.362431 53.358837 0.000000 3.817516 1.347563 2.262708 4.168249 8.259812 0.500000
88 43.345272 53.500137 0.000000 3.519278 1.268575 2.016593 3.502326 6.526625 0.333333
90 43.196217 52.783131 0.000000 4.013073 1.351463 2.286582 4.251475 8.513626 0.333333
91 43.402802 52.683548 0.000000 3.857694 1.315256 2.157351 3.867575 7.431955 0.333333
92 43.225338 52.241379 0.000000 3.632481 1.345517 2.261202 4.176912 8.313145 0.333335
93 43.567886 51.816341 0.000000 3.694321 1.319560 2.195926 4.028472 7.996729 0.250000
94 43.662373 51.685410 0.000000 3.258223 1.327305 2.205498 4.018864 7.873417 0.333333
96 43.237175 52.810051 0.000000 2.706294 1.436777 2.576900 5.108986 10.956264 0.250000
