%% Trajectory 17
%% frame x (pixel)     y (pixel)    z (pixel)      m0         m1           m2           m3           m4           s 
66 24.421820 37.742859 0.000000 2.336789 1.332783 2.259378 4.260675 8.772423 0.302731
67 24.241226 37.640244 0.000000 2.827013 1.271214 2.033088 3.556026 6.675472 0.200085
68 24.375807 37.699368 0.000000 2.921702 1.276788 2.053383 3.633910 6.960734 0.319661
69 24.296173 37.486599 0.000000 3.020019 1.324673 2.191887 3.979264 7.772755 0.257407
70 24.421110 37.914745 0.000000 2.998086 1.279484 2.055898 3.608682 6.786880 0.250431
71 24.337065 37.730396 0.000000 3.459820 1.302185 2.124285 3.791871 7.263052 0.265330
72 24.353336 37.543392 0.000000 3.668964 1.277844 2.059866 3.659100 7.045037 0.482346
73 24.486427 37.510056 0.000000 3.607182 1.246750 1.955965 3.356565 6.194118 0.250024
75 24.352888 37.577290 0.000000 4.415663 1.287855 2.081543 3.682796 6.999703 0.200000
76 24.542488 37.588741 0.000000 4.530018 1.314048 2.157592 3.876043 7.472434 0.200000
77 24.600136 37.414814 0.000000 4.764535 1.300489 2.140481 3.885124 7.638340 0.200000
78 24.593777 37.527195 0.000000 5.453183 1.339161 2.248173 4.153158 8.280656 0.250000
79 24.520321 37.487995 0.000000 5.548593 1.297047 2.121982 3.816390 7.409157 0.200000
80 24.702250 37.381516 0.000000 5.932257 1.355771 2.309119 4.338006 8.809470 0.200000
81 24.766838 37.409489 0.000000 5.569875 1.338516 2.261429 4.226439 8.572210 0.200000
82 24.533819 37.473270 0.000000 5.302855 1.288043 2.094917 3.749324 7.255744 0.250000
83 24.662159 37.455173 0.000000 5.391549 1.310680 2.163245 3.931339 7.720768 0.250000
84 25.256201 37.677368 0.000000 5.003519 1.354739 2.325920 4.453140 9.325654 0.250000
85 25.446348 37.396595 0.000000 5.033222 1.294700 2.124821 3.860833 7.638667 0.250000
87 25.727537 37.264156 0.000000 4.119226 1.377156 2.459963 4.977444 11.124263 0.256276
88 25.970634 37.477848 0.000000 4.184715 1.392719 2.468539 4.883926 10.543570 0.236587
89 25.949247 37.913982 0.000000 3.466737 1.364212 2.412191 4.821952 10.647656 0.200000
90 26.130854 37.687897 0.000000 3.997809 1.386106 2.473592 4.985146 11.079224 0.200021
92 26.494297 37.381985 0.000000 2.524425 1.454439 2.752340 5.901846 13.905993 0.250001
