%% Trajectory 9
%% frame x (pixel)     y (pixel)    z (pixel)      m0         m1           m2           m3           m4           s 
38 24.135944 26.381889 0.000000 2.386201 1.422205 2.529622 4.979485 10.610953 0.200029
39 24.110403 26.516298 0.000000 2.745445 1.405596 2.480274 4.852780 10.300469 0.205187
40 24.097918 26.398832 0.000000 2.586744 1.457041 2.655871 5.376917 11.811244 0.239787
41 24.074392 26.434731 0.000000 2.765032 1.448141 2.640179 5.357171 11.812843 0.202836
42 23.996763 26.387188 0.000000 2.901402 1.408931 2.487520 4.856993 10.259121 0.221956
43 23.903322 26.322857 0.000000 2.996259 1.410957 2.473996 4.773780 9.927106 0.205855
44 23.957710 26.429434 0.000000 2.823109 1.436299 2.574085 5.096065 10.892063 0.250129
45 23.936039 26.335421 0.000000 2.701525 1.417219 2.512746 4.929729 10.476694 0.260916
46 23.993435 26.457180 0.000000 3.034054 1.401451 2.459594 4.773842 10.022272 0.250000
47 23.869488 26.353783 0.000000 3.206179 1.417518 2.507984 4.898271 10.336873 0.250000
48 24.021591 26.532721 0.000000 3.136806 1.430536 2.563524 5.086789 10.926097 0.250000
49 23.956686 26.450621 0.000000 3.222969 1.422278 2.521302 4.940613 10.474400 0.333333
50 24.046537 26.387989 0.000000 3.291764 1.386434 2.407992 4.623941 9.611853 0.250000
51 24.026894 26.574747 0.000000 3.309247 1.403412 2.463971 4.782994 10.047438 0.250000
52 23.905550 26.498463 0.000000 3.170793 1.374907 2.352208 4.423907 8.959337 0.250861
53 23.838821 26.451477 0.000000 3.049160 1.412966 2.502478 4.913095 10.466999 0.263448
54 23.872662 26.616421 0.000000 3.410918 1.389440 2.407551 4.594555 9.458788 0.251756
55 24.017744 26.640287 0.000000 3.470466 1.430794 2.559613 5.059470 10.804081 0.250000
56 24.132578 26.690136 0.000000 3.439854 1.314649 2.171786 3.946237 7.737687 0.250003
57 24.173540 26.860558 0.000000 3.344483 1.377872 2.389810 4.594270 9.587973 0.333593
58 24.263021 27.093172 0.000000 3.175360 1.343790 2.282773 4.306398 8.845167 0.333333
59 24.207550 27.323151 0.000000 3.092336 1.355487 2.300961 4.313764 8.756862 0.333333
60 24.257090 27.406010 0.000000 3.156072 1.338843 2.257312 4.214216 8.547654 0.333333
61 24.240246 27.730751 0.000000 2.815324 1.358251 2.327071 4.429739 9.186460 0.333333
62 24.367764 27.637320 0.000000 2.855334 1.333588 2.238302 4.161361 8.416325 0.333365
63 24.373802 27.814047 0.000000 2.908162 1.368418 2.372015 4.586164 9.688910 0.350745
64 24.444729 28.229677 0.000000 2.469404 1.341097 2.269112 4.263114 8.731977 0.333333
65 24.470224 28.698542 0.000000 2.071704 1.315064 2.168743 3.938641 7.735250 0.333333
66 24.600136 28.566330 0.000000 1.660778 1.400505 2.483389 4.928213 10.699451 0.218151
67 25.019735 28.938324 0.000000 1.384139 1.330376 2.278577 4.370145 9.185331 0.333333
