%% Trajectory 24
%% frame x (pixel)     y (pixel)    z (pixel)      m0         m1           m2           m3           m4           s 
147 11.607471 66.540085 0.000000 1.421974 1.323192 2.209893 4.082723 8.190898 0.333333
148 11.760034 66.887337 0.000000 1.186963 1.229740 1.918765 3.283533 6.058795 0.333333
151 12.217786 66.669205 0.000000 1.437748 1.422947 2.518949 4.917947 10.358397 0.333333
152 12.520994 67.104408 0.000000 1.816138 1.324986 2.221439 4.116689 8.276827 0.333346
153 12.168095 67.012192 0.000000 1.701279 1.314305 2.201596 4.090837 8.267312 0.250000
154 12.314152 67.115196 0.000000 1.750321 1.286915 2.081136 3.684587 7.007471 0.333333
155 11.933230 67.015053 0.000000 1.835230 1.405540 2.484754 4.865914 10.324659 0.250000
156 11.971932 66.906044 0.000000 2.014053 1.351073 2.300440 4.316876 8.740125 0.333333
157 12.243421 66.827660 0.000000 2.255190 1.303845 2.138777 3.842533 7.409542 0.250000
158 12.400802 66.922707 0.000000 2.702428 1.300339 2.125211 3.814732 7.378518 0.250000
159 12.483308 66.749435 0.000000 2.553820 1.279453 2.048370 3.582976 6.720517 0.250000
160 12.296155 66.763741 0.000000 3.403310 1.314722 2.152524 3.850287 7.378212 0.363122
161 12.151292 66.844337 0.000000 3.158611 1.322325 2.204536 4.060707 8.108126 0.250003
162 12.126141 66.912704 0.000000 3.256406 1.320504 2.207174 4.077940 8.168206 0.200000
163 12.102873 66.781548 0.000000 3.333284 1.300425 2.139280 3.879302 7.611480 0.200000
164 12.242959 66.983482 0.000000 3.694692 1.340940 2.264310 4.229422 8.569512 0.250000
165 12.018206 66.748367 0.000000 3.999069 1.331758 2.230698 4.118387 8.218535 0.292157
166 12.076194 66.650063 0.000000 4.804996 1.304296 2.140636 3.867599 7.553443 0.250000
167 12.192540 66.792358 0.000000 4.479498 1.299624 2.117866 3.786504 7.291829 0.333333
168 12.158907 66.466240 0.000000 4.485972 1.287884 2.073301 3.643554 6.857621 0.336281
169 12.160656 66.578789 0.000000 4.282705 1.298337 2.109200 3.745083 7.129193 0.419144
170 12.111927 66.573952 0.000000 4.008002 1.320683 2.175349 3.917836 7.562079 0.342272
171 12.273506 66.321030 0.000000 4.211662 1.300874 2.120221 3.789081 7.288973 0.333347
172 12.352310 66.101471 0.000000 4.870738 1.351585 2.280327 4.223505 8.416090 0.333333
173 12.242633 65.935150 0.000000 4.030018 1.398296 2.438343 4.694992 9.779549 0.333368
174 12.267436 65.715134 0.000000 4.067166 1.330097 2.220370 4.082992 8.117253 0.333333
175 12.482503 65.712288 0.000000 4.421201 1.300803 2.118999 3.778432 7.237070 0.333384
176 12.537292 65.676544 0.000000 3.663975 1.303823 2.125976 3.786694 7.224820 0.425891
177 12.453352 65.494987 0.000000 3.973974 1.300406 2.105843 3.720796 7.036264 0.501074
178 12.491305 65.218430 0.000000 3.774304 1.347157 2.261855 4.159223 8.210164 0.339974
180 11.812594 64.724228 0.000000 2.637466 1.391821 2.405557 4.577541 9.394523 0.500000
181 11.763977 64.650299 0.000000 2.768802 1.445329 2.611887 5.232654 11.365370 0.500000
182 11.652177 64.436203 0.000000 2.378173 1.415269 2.487605 4.811581 10.032516 0.250000
183 12.073319 64.720993 0.000000 2.282635 1.427347 2.548151 5.035873 10.781332 0.333333
185 11.450771 65.330185 0.000000 1.330398 1.459660 2.630692 5.210824 11.090712 0.333333
186 11.846989 65.489258 0.000000 1.246286 1.443628 2.578887 5.073054 10.749434 0.250549
