%% Trajectory 33
%% frame x (pixel)     y (pixel)    z (pixel)      m0         m1           m2           m3           m4           s 
143 36.682869 57.326054 0.000000 1.670388 1.181858 1.770255 2.900239 5.135473 0.333333
145 36.638813 57.194122 0.000000 1.821228 1.327229 2.204810 4.018788 7.887451 0.333333
147 36.732758 56.857388 0.000000 2.129813 1.274024 2.060795 3.680354 7.132421 0.333333
148 36.742332 57.036285 0.000000 2.618124 1.308341 2.151986 3.885705 7.552383 0.250000
149 36.861656 56.931324 0.000000 2.649358 1.308525 2.156013 3.911373 7.661633 0.250563
150 36.892921 56.871788 0.000000 2.490988 1.314324 2.174837 3.965050 7.815574 0.481345
151 36.809578 56.985714 0.000000 3.065865 1.343150 2.279887 4.294364 8.801570 0.285295
152 36.861916 56.934673 0.000000 3.147905 1.356242 2.314891 4.375294 8.977627 0.250656
153 37.059326 57.062477 0.000000 2.765171 1.368367 2.380703 4.613421 9.738527 0.250000
154 36.660534 57.022644 0.000000 2.817954 1.319617 2.199251 4.053771 8.110193 0.305183
155 36.863392 57.098919 0.000000 3.034915 1.314942 2.162246 3.891482 7.513358 0.200000
156 36.770016 56.908634 0.000000 3.434595 1.297989 2.126589 3.847515 7.548224 0.200000
157 36.688065 56.722416 0.000000 3.430362 1.254206 1.975978 3.404336 6.304114 0.200000
158 36.590771 56.448368 0.000000 3.250265 1.266196 2.003407 3.465601 6.440577 0.200000
159 36.744797 56.264194 0.000000 2.733319 1.271939 2.030422 3.543979 6.639327 0.209582
160 36.712067 56.243935 0.000000 3.102382 1.258241 1.994111 3.454579 6.424252 0.200000
161 36.678059 56.329826 0.000000 2.421965 1.283321 2.064080 3.625660 6.822059 0.200383
162 36.567192 56.202435 0.000000 2.376832 1.289227 2.097959 3.776849 7.402242 0.283077
163 36.614468 55.938198 0.000000 2.253337 1.307628 2.169407 4.007133 8.106250 0.205285
164 36.467575 55.853004 0.000000 2.617291 1.360289 2.333238 4.463412 9.345584 0.250002
