%% Trajectory 101
%% frame x (pixel)     y (pixel)    z (pixel)      m0         m1           m2           m3           m4           s 
190 40.584995 56.315903 0.000000 1.160545 1.320618 2.175061 3.916562 7.558137 0.288426
192 39.822460 56.222668 0.000000 1.259280 1.398385 2.443487 4.710811 9.808990 0.250000
194 40.473579 56.289051 0.000000 1.254880 1.430617 2.512460 4.820162 9.891232 0.209132
197 40.725410 56.043530 0.000000 1.119626 1.435698 2.580925 5.140857 11.094603 0.203129
199 40.369850 55.707314 0.000000 1.237325 1.375495 2.354459 4.422246 8.923531 0.250024
200 40.737949 55.816784 0.000000 1.435497 1.435768 2.549998 4.963733 10.356409 0.178297
203 40.379871 55.240208 0.000000 1.518254 1.286561 2.093188 3.768397 7.387402 0.275484
204 40.428665 54.948395 0.000000 1.150937 1.399922 2.467722 4.827489 10.253857 0.200018
205 40.736935 55.327881 0.000000 1.258102 1.404822 2.476041 4.825698 10.179729 0.142866
207 40.125477 54.451389 0.000000 1.411452 1.454610 2.621032 5.217180 11.222728 0.171804
