%% Trajectory 21
%% frame x (pixel)     y (pixel)    z (pixel)      m0         m1           m2           m3           m4           s 
116 20.974066 36.832050 0.000000 1.671966 1.346195 2.279939 4.268903 8.661984 0.333333
117 20.933346 36.807465 0.000000 1.508701 1.333275 2.244033 4.188661 8.506201 0.333333
119 20.934200 36.952751 0.000000 1.547150 1.394158 2.445870 4.758053 10.042332 0.298643
120 21.030066 36.992661 0.000000 1.668860 1.386362 2.418865 4.667454 9.744087 0.333333
121 20.807947 36.979485 0.000000 1.871275 1.354586 2.312500 4.368233 8.945766 0.250703
122 20.882200 37.058681 0.000000 1.711811 1.349612 2.294181 4.307978 8.757502 0.250002
123 20.670521 36.961609 0.000000 1.741040 1.300663 2.123950 3.810128 7.372042 0.250000
124 21.042147 36.905331 0.000000 1.869983 1.396430 2.469640 4.862282 10.419536 0.250466
125 20.766439 36.771065 0.000000 1.700764 1.325803 2.205365 4.030742 7.938091 0.250000
126 20.751614 36.931572 0.000000 1.893997 1.319126 2.192473 4.019866 7.975979 0.250000
127 20.948414 36.834053 0.000000 1.865435 1.340299 2.263018 4.231349 8.593617 0.250000
128 20.897272 36.714378 0.000000 1.958821 1.319141 2.196737 4.047102 8.098637 0.250000
129 20.953562 36.956055 0.000000 1.906445 1.368604 2.363858 4.523422 9.392143 0.250000
130 21.038130 36.716892 0.000000 1.826577 1.321800 2.196455 4.030084 8.017765 0.250000
131 20.881407 36.782562 0.000000 1.968616 1.310480 2.163175 3.919952 7.644566 0.250000
132 20.951450 36.763306 0.000000 1.964320 1.295578 2.121727 3.830269 7.483983 0.250000
133 21.148764 36.621605 0.000000 2.305554 1.326636 2.205323 4.030008 7.944443 0.250000
134 20.925877 36.622917 0.000000 2.220459 1.299612 2.129659 3.852231 7.561528 0.333333
135 21.006119 36.776054 0.000000 2.039146 1.347612 2.289328 4.294788 8.719370 0.333333
136 21.075111 36.530094 0.000000 2.176627 1.316243 2.178551 3.977558 7.868608 0.333333
137 21.149284 36.545242 0.000000 2.265459 1.270098 2.019838 3.510247 6.547046 0.333333
138 21.176006 36.286217 0.000000 2.470793 1.304445 2.149021 3.907452 7.702435 0.333333
139 21.437235 36.174576 0.000000 2.017547 1.285011 2.068228 3.637135 6.856549 0.333333
140 21.706202 36.179050 0.000000 2.430800 1.312510 2.173141 3.970866 7.858028 0.333333
141 21.836060 36.151737 0.000000 2.075072 1.332460 2.249074 4.205699 8.543570 0.333333
142 21.968397 36.220081 0.000000 1.938224 1.323230 2.205273 4.046606 8.014186 0.333333
143 22.096064 36.418064 0.000000 2.021529 1.292295 2.100930 3.753796 7.240887 0.333333
144 22.504324 36.296555 0.000000 2.030185 1.285799 2.065117 3.622472 6.809558 0.333333
