%% Trajectory 8
%% frame x (pixel)     y (pixel)    z (pixel)      m0         m1           m2           m3           m4           s 
40 40.307098 22.606932 0.000000 1.473594 1.364795 2.323832 4.363867 8.863351 0.250699
43 40.513306 22.465996 0.000000 1.447199 1.481388 2.727612 5.556554 12.235127 0.250000
44 40.153149 22.542122 0.000000 1.663068 1.419083 2.510971 4.899088 10.310978 0.250005
45 40.188728 22.306047 0.000000 1.744912 1.517636 2.835168 5.827613 12.878053 0.250000
47 40.360424 22.269716 0.000000 1.997296 1.508530 2.820537 5.826567 12.985414 0.250116
48 40.385094 22.462238 0.000000 2.270568 1.548692 2.923425 6.043768 13.376892 0.200007
49 40.291088 21.985317 0.000000 1.748704 1.580786 3.076813 6.586992 15.119731 0.200516
50 40.186741 22.245762 0.000000 1.827508 1.543640 2.938745 6.184654 14.039263 0.252271
51 40.216938 22.451944 0.000000 2.118920 1.496414 2.773557 5.674062 12.511063 0.515362
52 40.250866 22.532700 0.000000 2.144413 1.468241 2.684324 5.428268 11.863195 0.379519
53 40.267990 22.554218 0.000000 1.951566 1.556327 2.984286 6.310188 14.358865 0.251027
54 40.335804 22.673630 0.000000 1.935106 1.574442 3.036803 6.451591 14.731007 0.250431
55 40.226337 22.641617 0.000000 2.693331 1.480123 2.717605 5.516175 12.094047 0.263976
56 40.195721 23.112379 0.000000 2.301801 1.509278 2.830056 5.883591 13.237082 0.250731
57 40.256172 22.522816 0.000000 2.149543 1.522340 2.849687 5.882354 13.078300 0.300693
58 40.368694 22.735807 0.000000 2.527614 1.478103 2.715502 5.535319 12.234601 0.250000
60 40.147919 23.344095 0.000000 2.265251 1.441157 2.571034 5.043552 10.647069 0.342103
61 40.098095 23.456865 0.000000 2.042562 1.501220 2.785545 5.702710 12.579541 0.349064
62 39.880344 23.554239 0.000000 1.832343 1.536417 2.894809 5.992714 13.308473 0.256658
63 39.741367 23.742912 0.000000 1.630415 1.349257 2.281435 4.248411 8.546027 0.250111
64 39.462246 23.454285 0.000000 1.435370 1.311059 2.154229 3.881417 7.527543 0.333333
65 39.838013 23.666794 0.000000 1.493042 1.351747 2.280999 4.228693 8.442009 0.250000
66 39.879688 24.221979 0.000000 1.186102 1.382612 2.412725 4.687285 9.922071 0.333899
68 40.555080 24.501104 0.000000 0.927848 1.448202 2.602533 5.175905 11.149788 0.458538
