%% Trajectory 42
%% frame x (pixel)     y (pixel)    z (pixel)      m0         m1           m2           m3           m4           s 
187 35.537548 62.354122 0.000000 1.629674 1.275575 2.039652 3.575869 6.756714 0.200000
188 36.115265 62.601086 0.000000 1.650040 1.290106 2.111555 3.817789 7.495087 0.250000
191 35.735378 62.142006 0.000000 2.428527 1.329890 2.228031 4.128985 8.312311 0.200000
192 35.629272 62.281075 0.000000 2.435255 1.324779 2.204441 4.031752 7.947170 0.188200
193 35.830448 62.316460 0.000000 3.093849 1.293322 2.091214 3.693703 6.990129 0.166667
194 35.782887 62.307266 0.000000 3.139608 1.271450 2.023522 3.519786 6.570941 0.200202
195 35.738121 62.374195 0.000000 3.559956 1.265233 2.007438 3.479756 6.472579 0.200000
196 35.908787 62.245605 0.000000 2.872918 1.342778 2.262547 4.197987 8.404578 0.210246
198 35.714279 62.182800 0.000000 3.337877 1.315348 2.164686 3.905674 7.581055 0.438104
199 35.845181 62.343391 0.000000 3.536491 1.300630 2.118111 3.780675 7.258646 0.225739
200 35.834393 62.123951 0.000000 3.754840 1.352112 2.287339 4.250165 8.496286 0.200000
201 35.975086 62.575329 0.000000 3.432198 1.355038 2.298573 4.287560 8.620051 0.200002
202 36.214241 62.218666 0.000000 4.091613 1.335535 2.226310 4.065074 7.966878 0.250000
203 36.244431 61.834229 0.000000 3.652880 1.322895 2.209284 4.060698 8.052630 0.333334
204 36.297108 62.012699 0.000000 3.762494 1.358840 2.332269 4.441002 9.194715 0.250000
205 36.032005 61.617428 0.000000 3.511661 1.304305 2.145966 3.881362 7.566582 0.166671
206 36.176243 61.406292 0.000000 3.558479 1.323857 2.194947 4.007481 7.906561 0.250000
207 35.889900 60.996185 0.000000 3.338084 1.396989 2.469809 4.857049 10.392027 0.250000
208 35.866932 61.146648 0.000000 4.102267 1.327225 2.218173 4.085148 8.127151 0.336108
210 35.249329 60.698692 0.000000 2.680882 1.298703 2.113188 3.772977 7.259552 0.200000
211 35.720428 60.796349 0.000000 2.501319 1.370675 2.363684 4.516756 9.375650 0.200000
214 36.656719 59.562469 0.000000 1.568273 1.487940 2.759084 5.680848 12.668854 0.186772
