%% Trajectory 47
%% frame x (pixel)     y (pixel)    z (pixel)      m0         m1           m2           m3           m4           s 
190 57.471359 45.472729 0.000000 1.811973 1.265853 2.000294 3.453861 6.405922 0.250118
191 57.507671 45.433254 0.000000 2.436899 1.294915 2.100096 3.741331 7.195586 0.200000
192 57.443665 45.685459 0.000000 2.447241 1.296539 2.100928 3.716889 7.042065 0.250000
193 57.243572 45.466724 0.000000 2.282418 1.301483 2.114588 3.760617 7.184559 0.250220
194 57.587811 45.379696 0.000000 2.660260 1.260799 1.996574 3.455873 6.422722 0.333333
195 57.503929 45.576683 0.000000 2.424947 1.238133 1.927962 3.283392 6.017550 0.250000
196 57.581570 45.565956 0.000000 2.568111 1.254246 1.976175 3.404223 6.300988 0.333333
197 57.496685 45.748867 0.000000 2.152756 1.301478 2.123876 3.792031 7.264441 0.333333
198 57.316380 45.443672 0.000000 2.481443 1.317207 2.167826 3.906478 7.562272 0.333333
199 57.074566 45.506306 0.000000 2.675872 1.327299 2.215278 4.089351 8.200994 0.333333
200 56.650459 45.786030 0.000000 2.788804 1.316092 2.175314 3.948455 7.722620 0.333333
201 56.759045 45.209705 0.000000 2.596515 1.326048 2.217540 4.087695 8.148653 0.333333
203 56.322720 45.742283 0.000000 2.309799 1.317587 2.184385 3.987214 7.862369 0.250000
205 55.489174 44.633865 0.000000 1.776698 1.304508 2.124955 3.790222 7.263995 0.200003
206 55.218502 44.139347 0.000000 1.815133 1.299400 2.116846 3.784151 7.284773 0.246381
