%% Trajectory 15
%% frame x (pixel)     y (pixel)    z (pixel)      m0         m1           m2           m3           m4           s 
89 59.754074 23.078575 0.000000 2.050017 1.414410 2.507581 4.924899 10.488771 0.337247
90 59.995113 23.029472 0.000000 2.040167 1.370584 2.367429 4.524866 9.368140 0.200425
91 59.905174 23.092083 0.000000 2.160174 1.353705 2.297228 4.298761 8.693295 0.200002
92 59.908886 22.998016 0.000000 2.132208 1.348671 2.282789 4.250992 8.527653 0.202818
93 59.941223 23.055563 0.000000 2.120208 1.339154 2.258157 4.206886 8.489580 0.332809
94 59.962051 23.118647 0.000000 1.993843 1.342517 2.260014 4.202321 8.464273 0.297531
95 59.843819 23.192730 0.000000 2.270472 1.331364 2.229152 4.115961 8.219616 0.214461
96 60.081913 22.958826 0.000000 2.144911 1.352907 2.320816 4.430413 9.222438 0.177623
97 59.844791 23.142252 0.000000 2.330442 1.351676 2.302067 4.337252 8.858730 0.200816
98 59.917732 23.057806 0.000000 2.595784 1.339248 2.248304 4.158470 8.304933 0.239254
99 59.938602 23.092726 0.000000 2.693468 1.338377 2.251893 4.178393 8.379560 0.200000
100 59.944382 22.961592 0.000000 3.011753 1.370381 2.358179 4.476933 9.180078 0.200008
101 59.881023 23.130669 0.000000 2.581688 1.327322 2.210816 4.055089 8.031493 0.480473
102 59.894451 23.051958 0.000000 2.709139 1.360995 2.347192 4.487777 9.310882 0.229276
103 59.894539 23.078678 0.000000 2.970592 1.333650 2.248257 4.191228 8.469213 0.200001
104 60.032330 23.099415 0.000000 3.012407 1.366426 2.348626 4.462659 9.182638 0.200007
105 60.063862 23.151407 0.000000 3.001959 1.356339 2.307705 4.329482 8.777374 0.200323
106 60.074642 22.984087 0.000000 3.050832 1.335694 2.254833 4.206657 8.495828 0.200510
107 59.965412 22.878012 0.000000 3.142974 1.352790 2.300040 4.307564 8.704638 0.200205
108 59.911007 22.954212 0.000000 2.986556 1.337991 2.255779 4.194427 8.429773 0.216444
109 59.980339 23.019470 0.000000 3.099409 1.371508 2.371565 4.540144 9.417520 0.211704
110 59.987045 23.031185 0.000000 2.816281 1.358802 2.331951 4.434854 9.153913 0.200000
111 59.939854 23.057234 0.000000 3.140266 1.350879 2.299595 4.332389 8.850931 0.266146
112 59.938194 22.979187 0.000000 3.352448 1.345542 2.284530 4.280658 8.665648 0.424486
113 59.882019 22.926832 0.000000 3.676340 1.370599 2.365349 4.515533 9.339261 0.257942
114 60.059677 23.036589 0.000000 3.545350 1.350096 2.291730 4.290943 8.683475 0.439618
115 59.971241 22.921358 0.000000 3.475121 1.368544 2.356529 4.491498 9.280594 0.250000
116 59.930473 22.818762 0.000000 3.548912 1.326280 2.213017 4.064723 8.057981 0.314663
117 59.862011 22.991240 0.000000 3.601284 1.340216 2.266445 4.232070 8.548767 0.250018
118 59.866833 22.872875 0.000000 3.752311 1.315815 2.174905 3.947710 7.714387 0.250908
119 59.875954 22.909346 0.000000 4.075366 1.340035 2.262727 4.219174 8.515301 0.294777
120 59.794724 22.746483 0.000000 3.902007 1.299946 2.119859 3.787730 7.276028 0.250011
121 59.805832 22.919811 0.000000 3.573562 1.326960 2.207454 4.032696 7.932095 0.344418
122 59.504063 22.927679 0.000000 3.705669 1.303916 2.125211 3.784028 7.215920 0.276594
123 59.318882 22.951843 0.000000 3.282486 1.340426 2.245353 4.130311 8.176295 0.200455
124 59.424530 23.014215 0.000000 2.872738 1.317273 2.194801 4.051670 8.139382 0.274894
125 59.170902 22.942116 0.000000 2.954271 1.302732 2.143876 3.901093 7.713795 0.321061
126 58.948479 22.729151 0.000000 2.812012 1.309916 2.153552 3.890107 7.575179 0.215472
127 58.859253 23.032635 0.000000 2.588602 1.314093 2.182016 4.001379 7.949224 0.208388
128 58.914474 23.097099 0.000000 2.286884 1.305187 2.147357 3.887532 7.595105 0.208383
129 58.742249 23.151178 0.000000 1.886201 1.289991 2.096276 3.746337 7.230783 0.148451
130 58.816658 23.712057 0.000000 1.920752 1.323833 2.203319 4.049360 8.071591 0.143130
131 58.667458 23.920553 0.000000 2.151008 1.285816 2.070976 3.645105 6.877443 0.221608
132 58.546925 23.821283 0.000000 1.808963 1.270103 2.020209 3.511453 6.549715 0.246202
