%% Trajectory 6
%% frame x (pixel)     y (pixel)    z (pixel)      m0         m1           m2           m3           m4           s 
16 41.019547 44.386230 0.000000 1.858351 1.334178 2.249608 4.208025 8.568343 0.250000
17 40.941528 44.354275 0.000000 2.012692 1.305829 2.145992 3.883198 7.599524 0.200000
18 41.077164 44.387638 0.000000 2.163917 1.312863 2.158977 3.894621 7.561364 0.250000
19 40.934322 44.540051 0.000000 2.434431 1.336073 2.229981 4.083705 8.045375 0.250011
20 41.087952 44.510204 0.000000 2.430182 1.322546 2.180197 3.928482 7.583869 0.250002
21 41.076180 44.577454 0.000000 2.414744 1.288898 2.093960 3.735918 7.185104 0.250000
22 40.915764 44.438690 0.000000 2.184180 1.289049 2.075627 3.650386 6.879443 0.333333
23 40.912056 44.440685 0.000000 2.825140 1.326761 2.209906 4.056496 8.057377 0.333333
24 40.911041 44.415218 0.000000 2.521580 1.301622 2.137160 3.860424 7.532667 0.333333
25 40.706093 44.562286 0.000000 3.034399 1.280687 2.051969 3.589574 6.728642 0.333338
26 40.755650 44.701763 0.000000 2.851052 1.283701 2.059871 3.608764 6.774045 0.333333
27 40.679840 44.774609 0.000000 3.160507 1.295574 2.110904 3.778035 7.293500 0.250000
28 40.550541 44.546616 0.000000 3.391498 1.307029 2.128611 3.779001 7.168423 0.333333
29 40.716499 44.685085 0.000000 3.631159 1.282763 2.062018 3.631352 6.882919 0.333333
30 40.476028 44.750507 0.000000 3.573574 1.300582 2.126682 3.822119 7.415233 0.250000
31 40.358044 44.671005 0.000000 3.722425 1.288184 2.074311 3.651085 6.895069 0.200000
32 40.444668 44.725693 0.000000 3.639141 1.288854 2.075432 3.648616 6.870287 0.250000
33 40.319153 44.646206 0.000000 3.236531 1.279901 2.053484 3.600803 6.772403 0.250075
34 40.045967 44.484550 0.000000 3.544994 1.362071 2.321822 4.364149 8.859526 0.250000
35 39.778419 44.384575 0.000000 3.271952 1.382363 2.391296 4.565044 9.425325 0.251041
36 39.874214 44.401237 0.000000 3.283330 1.407370 2.470436 4.779620 9.976814 0.250003
37 39.743629 44.311050 0.000000 3.007620 1.455157 2.627856 5.232035 11.226527 0.200000
38 39.668591 43.948395 0.000000 2.602525 1.439055 2.614842 5.301871 11.706209 0.200000
39 39.224255 43.867294 0.000000 2.864455 1.456872 2.681319 5.509938 12.322397 0.200002
