%% Trajectory 34
%% frame x (pixel)     y (pixel)    z (pixel)      m0         m1           m2           m3           m4           s 
123 51.779633 53.354794 0.000000 1.426346 1.284666 2.066087 3.628246 6.824202 0.166746
125 51.909073 53.166271 0.000000 1.850402 1.342601 2.254521 4.169059 8.323975 0.275518
126 51.952499 53.121227 0.000000 1.459067 1.340221 2.288465 4.334402 8.907506 0.166669
127 51.804855 53.403564 0.000000 1.286165 1.310947 2.158692 3.904481 7.606216 0.205139
128 51.813099 53.003864 0.000000 1.839366 1.415948 2.520711 4.969795 10.608550 0.337561
129 52.087051 53.282742 0.000000 1.499533 1.366138 2.370177 4.576057 9.629538 0.167883
130 52.066841 53.296707 0.000000 1.674557 1.295328 2.125561 3.859220 7.609300 0.166667
131 51.964600 53.352940 0.000000 1.822334 1.300388 2.143452 3.907956 7.737321 0.203721
132 52.013107 53.491440 0.000000 1.638903 1.339411 2.266506 4.261977 8.736880 0.203704
133 52.070152 53.075550 0.000000 2.172861 1.390108 2.431434 4.710737 9.892716 0.178000
134 52.086597 53.299423 0.000000 2.375046 1.292656 2.101441 3.756423 7.250943 0.142857
135 51.868752 53.230999 0.000000 2.458059 1.331435 2.225045 4.096258 8.150451 0.200379
136 52.080170 53.154072 0.000000 2.972923 1.345572 2.289037 4.318675 8.859060 0.252078
137 52.018711 53.167953 0.000000 3.012217 1.370169 2.367140 4.533694 9.426585 0.302436
138 51.961040 53.299728 0.000000 3.277409 1.403867 2.470940 4.807658 10.121759 0.166667
139 52.164177 53.366222 0.000000 3.291163 1.336613 2.236268 4.114571 8.170039 0.200000
140 52.245060 53.218433 0.000000 3.464000 1.341775 2.264045 4.219630 8.521337 0.200000
141 52.117233 53.098591 0.000000 3.174025 1.388911 2.438193 4.765404 10.151701 0.166840
142 52.200607 53.206944 0.000000 3.738830 1.363360 2.331444 4.405158 9.022258 0.200000
143 52.166557 53.145924 0.000000 3.912852 1.356528 2.315361 4.364353 8.904128 0.166667
144 52.057640 53.026474 0.000000 3.483312 1.421304 2.541772 5.053689 10.918001 0.200202
145 52.199463 53.043068 0.000000 3.434901 1.389370 2.422483 4.681593 9.823302 0.250000
146 52.303665 52.765373 0.000000 3.816665 1.402521 2.451498 4.712440 9.754135 0.250000
147 52.185692 52.512806 0.000000 3.909692 1.399359 2.447340 4.724648 9.859874 0.200036
148 52.035622 52.228596 0.000000 3.870870 1.392911 2.431830 4.693618 9.801189 0.250000
149 51.875328 52.229279 0.000000 4.320685 1.379065 2.373637 4.494636 9.168877 0.333333
150 51.945290 51.890095 0.000000 4.088533 1.422591 2.536925 5.016523 10.755136 0.333333
151 51.926891 51.785614 0.000000 4.462880 1.400672 2.443670 4.694021 9.715788 0.333333
153 51.748581 51.702995 0.000000 3.499131 1.405561 2.446736 4.676187 9.610633 0.250000
154 51.530704 51.785172 0.000000 2.733970 1.479552 2.689095 5.352826 11.408681 0.250000
155 51.720303 52.063854 0.000000 2.243083 1.559034 2.990791 6.298573 14.207406 0.200000
156 51.571541 52.376801 0.000000 2.147660 1.615049 3.163028 6.798018 15.652770 0.200000
