%% Trajectory 6
%% frame x (pixel)     y (pixel)    z (pixel)      m0         m1           m2           m3           m4           s 
10 46.610481 61.082741 0.000000 0.878961 1.281625 2.088619 3.763772 7.373744 0.166667
11 46.487286 61.345394 0.000000 0.802812 1.364765 2.344656 4.474494 9.303321 0.284795
12 46.399502 61.241634 0.000000 1.066136 1.305359 2.130405 3.814678 7.359289 0.200496
13 46.434521 61.230652 0.000000 0.969969 1.255237 1.982785 3.426182 6.363023 0.250000
14 46.378044 61.323448 0.000000 1.259759 1.295720 2.126906 3.879620 7.740398 0.333333
15 46.609985 61.279110 0.000000 1.542619 1.302889 2.144894 3.907792 7.747127 0.250003
16 46.538212 61.110947 0.000000 1.612797 1.369451 2.347229 4.437555 9.068847 0.408696
17 46.737297 60.917030 0.000000 1.671124 1.347431 2.280345 4.255434 8.581767 0.346555
18 46.710541 61.413551 0.000000 1.467751 1.338130 2.254585 4.198678 8.480429 0.200000
19 46.749336 61.176708 0.000000 1.246917 1.340853 2.259275 4.194329 8.413968 0.166669
20 46.924061 60.840378 0.000000 1.530725 1.348984 2.290727 4.297876 8.732085 0.201844
21 47.079979 60.756275 0.000000 1.622902 1.340718 2.266615 4.245200 8.639627 0.250002
22 46.937210 60.562744 0.000000 1.619531 1.399078 2.473244 4.866448 10.426261 0.166699
23 47.272297 60.411148 0.000000 1.196377 1.395027 2.432333 4.686692 9.780367 0.200590
24 47.248062 60.189335 0.000000 1.389891 1.312925 2.165510 3.938501 7.760007 0.317267
25 47.469822 60.019699 0.000000 1.013207 1.404038 2.477388 4.839604 10.239326 0.200003
26 47.649483 60.182629 0.000000 0.922911 1.361742 2.315784 4.332505 8.744098 0.266662
27 47.258118 60.161823 0.000000 1.027058 1.344506 2.287686 4.312781 8.837875 0.224013
