%% Trajectory 6
%% frame x (pixel)     y (pixel)    z (pixel)      m0         m1           m2           m3           m4           s 
18 19.692919 40.822239 0.000000 2.136792 1.440052 2.569002 5.054739 10.738741 0.240465
19 19.520790 40.883717 0.000000 2.484778 1.373915 2.344604 4.384648 8.803030 0.250000
20 19.701527 40.773884 0.000000 2.594557 1.361371 2.319067 4.354254 8.837867 0.251855
21 19.620832 40.787548 0.000000 2.893554 1.355928 2.291929 4.257238 8.521052 0.331964
22 19.811802 40.808548 0.000000 3.219889 1.377739 2.361644 4.448044 9.022005 0.250004
23 19.565216 40.708832 0.000000 3.149244 1.344166 2.249356 4.121344 8.106420 0.320980
24 19.691372 40.599419 0.000000 3.018818 1.370796 2.353359 4.462473 9.165842 0.298074
25 19.610413 40.739429 0.000000 3.302538 1.335158 2.219078 4.035254 7.871504 0.200000
26 19.684505 40.845760 0.000000 3.637055 1.389391 2.403932 4.578345 9.407071 0.250101
27 19.599226 40.814068 0.000000 3.921224 1.363266 2.320676 4.353958 8.832122 0.250710
28 19.562588 40.743958 0.000000 4.024009 1.356243 2.305576 4.325520 8.785616 0.250004
29 19.833063 40.695869 0.000000 4.180193 1.376580 2.370899 4.504104 9.251399 0.338395
30 19.604860 40.757927 0.000000 3.790709 1.360711 2.317522 4.352136 8.838558 0.349674
31 19.707563 40.679653 0.000000 4.263037 1.335230 2.242870 4.162388 8.379479 0.481821
32 19.696310 40.725922 0.000000 4.417667 1.336978 2.235565 4.113320 8.173973 0.333340
33 19.609297 40.762100 0.000000 4.044600 1.370369 2.364113 4.525518 9.426682 0.333484
34 19.624048 40.707088 0.000000 4.248297 1.385880 2.392272 4.549573 9.343733 0.333333
35 19.806242 40.770107 0.000000 4.251160 1.391725 2.431580 4.715421 9.943253 0.333333
36 19.767263 40.774105 0.000000 4.571687 1.366564 2.351219 4.490499 9.336406 0.333333
37 19.805027 40.711979 0.000000 3.947366 1.384969 2.414240 4.675977 9.861962 0.333706
38 19.689119 40.623249 0.000000 4.426512 1.320975 2.208624 4.103550 8.326983 0.250000
39 19.765802 40.779720 0.000000 4.314932 1.365467 2.345388 4.467392 9.255460 0.251270
40 19.884449 40.564442 0.000000 4.189533 1.335769 2.253771 4.221558 8.620917 0.350950
41 20.246286 40.499851 0.000000 4.371277 1.374947 2.365831 4.499642 9.275649 0.261869
42 20.295061 40.564114 0.000000 4.227355 1.328890 2.206432 4.008787 7.811849 0.260228
43 20.382126 40.290997 0.000000 4.561336 1.309636 2.145292 3.850240 7.430059 0.320442
44 20.685085 40.297260 0.000000 4.671325 1.359610 2.303622 4.283178 8.566918 0.250000
45 20.862246 40.254036 0.000000 4.117573 1.391322 2.414944 4.625186 9.577335 0.253419
46 20.996426 40.489059 0.000000 3.518355 1.376124 2.387859 4.608268 9.696053 0.250022
48 20.633148 40.875973 0.000000 2.646463 1.322191 2.181000 3.934988 7.614800 0.250000
49 20.914366 41.010067 0.000000 2.383070 1.415065 2.532885 5.047981 10.939171 0.333333
50 21.256197 40.869244 0.000000 2.298285 1.423780 2.518868 4.912392 10.335825 0.250069
51 21.485622 40.851986 0.000000 1.433500 1.505452 2.811640 5.801904 12.912449 0.200000
