%% Trajectory 38
%% frame x (pixel)     y (pixel)    z (pixel)      m0         m1           m2           m3           m4           s 
159 25.859625 53.535366 0.000000 1.325577 1.374443 2.376150 4.541741 9.400407 0.200430
160 26.106239 53.751328 0.000000 1.890309 1.313085 2.161412 3.897568 7.543798 0.251110
161 25.969793 53.536430 0.000000 1.911628 1.345678 2.264757 4.200564 8.423055 0.308200
162 25.729395 53.785160 0.000000 2.147322 1.348460 2.317602 4.441488 9.303935 0.200015
163 26.103264 53.687428 0.000000 2.198620 1.302275 2.128320 3.820856 7.393844 0.266911
164 25.766384 53.751720 0.000000 2.016500 1.320725 2.199974 4.030518 7.959298 0.287478
165 26.066626 53.538311 0.000000 2.444029 1.343513 2.283650 4.302401 8.809318 0.223999
166 25.938688 53.597420 0.000000 3.325611 1.308739 2.144613 3.857446 7.473126 0.250000
167 25.986229 53.424099 0.000000 3.702305 1.342825 2.260335 4.186822 8.361832 0.334133
168 26.031731 53.368214 0.000000 3.290226 1.342452 2.259566 4.187228 8.377328 0.333371
169 25.904964 53.408501 0.000000 4.062057 1.312426 2.162496 3.907196 7.589736 0.250000
170 25.841938 53.408951 0.000000 3.781143 1.299607 2.113930 3.769403 7.234970 0.253325
171 25.830593 53.461452 0.000000 3.304991 1.310112 2.144556 3.842504 7.392283 0.392257
172 25.865347 53.474468 0.000000 3.954544 1.325205 2.185263 3.941802 7.627039 0.200000
173 25.689074 53.455528 0.000000 4.445301 1.292586 2.088378 3.681962 6.946997 0.250000
174 25.860451 53.382275 0.000000 4.461611 1.348099 2.270035 4.199741 8.368961 0.333333
175 25.970442 53.414322 0.000000 4.552973 1.334989 2.232315 4.102601 8.125781 0.333333
176 25.922415 53.420883 0.000000 4.916037 1.361241 2.311917 4.310325 8.640145 0.333333
177 25.969147 53.322384 0.000000 5.527246 1.374900 2.352998 4.420780 8.929113 0.333333
178 25.776117 53.400593 0.000000 5.860054 1.312383 2.146479 3.832754 7.326195 0.333333
179 25.899416 53.413971 0.000000 5.503369 1.299039 2.116630 3.778468 7.249237 0.333333
180 25.792667 53.418804 0.000000 5.714088 1.320410 2.174672 3.916476 7.561265 0.333333
181 25.868530 53.537319 0.000000 5.679397 1.308186 2.147479 3.873733 7.536578 0.333333
182 25.881010 53.254383 0.000000 5.668070 1.373153 2.359664 4.472258 9.161970 0.333333
183 25.843489 53.463108 0.000000 5.351508 1.327679 2.194298 3.959021 7.643879 0.250101
184 25.879457 53.482323 0.000000 4.648685 1.300489 2.125216 3.807254 7.333793 0.333333
185 25.666187 53.319244 0.000000 5.168523 1.331344 2.202942 3.986633 7.736772 0.333333
186 25.887239 53.246502 0.000000 5.183034 1.405752 2.472957 4.808372 10.116537 0.333333
187 25.854652 53.295780 0.000000 5.086669 1.384989 2.407145 4.631006 9.659468 0.250000
188 25.816124 53.380890 0.000000 4.651455 1.356502 2.306370 4.329947 8.803746 0.250000
189 25.861214 53.375511 0.000000 4.721842 1.364794 2.341091 4.446935 9.170720 0.250000
190 25.874891 53.304058 0.000000 5.415508 1.380541 2.389818 4.575719 9.496144 0.250000
191 25.948515 53.249432 0.000000 4.754315 1.409406 2.493932 4.895216 10.431383 0.250000
192 25.896914 53.406700 0.000000 5.002100 1.410311 2.495822 4.897551 10.431103 0.200000
193 25.977327 53.510063 0.000000 4.300186 1.371848 2.360780 4.491312 9.257758 0.250000
194 26.092319 53.061855 0.000000 4.341192 1.447385 2.625320 5.276816 11.488336 0.200000
195 26.165438 52.827084 0.000000 4.316922 1.342139 2.270922 4.248534 8.618126 0.200000
196 26.332804 52.784946 0.000000 4.705925 1.374621 2.375741 4.553894 9.489182 0.250000
197 26.166891 52.570518 0.000000 3.919820 1.349842 2.269362 4.187669 8.314078 0.250000
198 26.437866 52.358437 0.000000 4.054060 1.309472 2.152079 3.888495 7.582310 0.166667
200 26.428820 51.721443 0.000000 3.365446 1.281370 2.068553 3.675921 7.071332 0.167468
201 26.350716 51.475758 0.000000 3.111563 1.265700 2.019416 3.542521 6.723671 0.229559
202 26.285355 51.588654 0.000000 2.784508 1.267907 2.028004 3.558861 6.734123 0.200056
