%% Trajectory 15
%% frame x (pixel)     y (pixel)    z (pixel)      m0         m1           m2           m3           m4           s 
74 38.180004 60.887180 0.000000 1.587230 1.342159 2.257238 4.171299 8.297150 0.251300
77 38.018887 60.867317 0.000000 1.607867 1.347179 2.283149 4.276436 8.678412 0.250000
78 37.984596 61.032536 0.000000 1.576882 1.383670 2.411323 4.653133 9.729861 0.250008
79 37.882988 61.057400 0.000000 1.804570 1.359488 2.310443 4.316015 8.679319 0.250000
80 37.959454 61.095459 0.000000 1.808041 1.358983 2.321782 4.386762 8.981162 0.250000
81 38.038818 60.855919 0.000000 1.837283 1.341689 2.262048 4.206445 8.453695 0.250000
82 37.848297 60.992481 0.000000 2.108235 1.353385 2.303805 4.328084 8.790055 0.337325
83 37.898144 60.747608 0.000000 2.071079 1.348607 2.283795 4.265707 8.614249 0.257807
84 37.836521 60.773888 0.000000 2.056385 1.316959 2.174531 3.942170 7.699735 0.200046
85 37.963940 60.782948 0.000000 2.071171 1.345397 2.271541 4.228084 8.504334 0.346969
86 37.805424 60.455704 0.000000 2.063446 1.295202 2.100244 3.730055 7.122470 0.298527
87 37.565327 60.500008 0.000000 1.850729 1.283017 2.059423 3.608902 6.774903 0.275933
88 37.718422 60.280960 0.000000 1.910939 1.328979 2.200621 3.982494 7.722150 0.250003
89 37.506130 60.021374 0.000000 1.681204 1.362077 2.327795 4.381248 8.897470 0.250000
90 37.365162 60.008919 0.000000 1.753356 1.378891 2.387341 4.577711 9.523089 0.250000
91 36.892586 59.637989 0.000000 1.984960 1.378157 2.360864 4.433705 8.939350 0.250000
92 36.560543 59.638119 0.000000 1.869873 1.311452 2.141288 3.811360 7.248048 0.250002
93 36.422474 59.506119 0.000000 1.852622 1.394549 2.417837 4.612560 9.487018 0.250000
94 36.385113 59.732922 0.000000 1.694481 1.370713 2.330549 4.334537 8.637950 0.250000
95 36.126816 59.518208 0.000000 1.635618 1.368293 2.337350 4.394139 8.911090 0.250000
