%% Trajectory 25
%% frame x (pixel)     y (pixel)    z (pixel)      m0         m1           m2           m3           m4           s 
152 16.818312 24.460423 0.000000 2.117258 1.305258 2.131060 3.810825 7.324441 0.200000
153 16.937309 24.631870 0.000000 2.304134 1.337005 2.239744 4.126631 8.200581 0.314962
154 16.927109 24.449800 0.000000 2.184734 1.309103 2.154711 3.893225 7.573292 0.200245
155 16.709360 24.586960 0.000000 2.319331 1.275684 2.046905 3.600207 6.819094 0.200145
156 16.905699 24.709890 0.000000 2.416743 1.330784 2.227858 4.105537 8.165658 0.203056
157 16.827591 24.580912 0.000000 2.597198 1.304231 2.131570 3.820102 7.364906 0.350322
159 16.943991 24.553261 0.000000 2.344437 1.301807 2.140431 3.885925 7.651668 0.200000
160 16.831758 24.482450 0.000000 2.797298 1.313702 2.153129 3.859865 7.424303 0.200000
161 17.014410 24.595100 0.000000 2.507755 1.316778 2.179666 3.972663 7.826401 0.200000
162 16.901020 24.593857 0.000000 2.571383 1.313818 2.158906 3.889620 7.535626 0.250000
163 16.738941 24.635300 0.000000 2.929930 1.288141 2.072153 3.640015 6.851309 0.250000
164 16.880888 24.629829 0.000000 2.980063 1.292982 2.098205 3.731368 7.136360 0.250000
165 16.782377 24.572870 0.000000 2.734091 1.283082 2.059995 3.611280 6.782393 0.250000
166 16.833235 24.675520 0.000000 2.746766 1.307685 2.144132 3.868831 7.544598 0.333333
167 16.811190 24.647161 0.000000 2.498636 1.312832 2.167859 3.942591 7.752085 0.250000
168 16.769304 24.655388 0.000000 3.192156 1.309530 2.147363 3.863084 7.479944 0.250000
169 16.853842 24.675316 0.000000 2.559988 1.294664 2.111924 3.793688 7.374086 0.333333
171 16.799307 24.670080 0.000000 4.047832 1.303234 2.124082 3.791428 7.271623 0.333333
172 16.690645 24.621582 0.000000 3.367141 1.293233 2.092726 3.704452 7.038631 0.250000
173 16.769814 24.691423 0.000000 3.386747 1.288897 2.092485 3.734577 7.196604 0.333333
174 16.804689 24.769814 0.000000 3.703900 1.330634 2.213446 4.038294 7.920996 0.333333
175 16.772459 24.817150 0.000000 4.351924 1.336393 2.233236 4.102293 8.123149 0.333333
176 16.818857 24.780340 0.000000 3.891793 1.327487 2.202656 4.006577 7.832434 0.333333
177 16.788372 24.638039 0.000000 4.493751 1.306772 2.136153 3.822939 7.346405 0.333333
178 16.753973 24.651070 0.000000 4.122573 1.341063 2.240438 4.097732 8.039969 0.333333
179 16.660309 24.632828 0.000000 3.706586 1.301533 2.111516 3.735884 7.068040 0.333333
180 16.861490 24.673056 0.000000 3.619054 1.292784 2.092326 3.705261 7.044522 0.333333
181 16.788677 24.668154 0.000000 3.691451 1.298231 2.113739 3.774049 7.251313 0.333333
182 16.754084 24.595476 0.000000 4.110072 1.285095 2.065245 3.623584 6.810425 0.333333
183 16.670574 24.645790 0.000000 4.251495 1.293490 2.087729 3.677409 6.934020 0.250000
184 16.789335 24.678555 0.000000 4.423532 1.319531 2.181220 3.959385 7.740265 0.200000
185 16.736393 24.726128 0.000000 3.871845 1.311454 2.151210 3.865913 7.465149 0.200000
186 16.844927 24.682810 0.000000 3.941720 1.291142 2.088617 3.695247 7.015529 0.200000
187 16.896336 24.555140 0.000000 4.057659 1.292460 2.096420 3.726680 7.126905 0.200043
188 16.991461 24.627754 0.000000 4.113079 1.345878 2.269957 4.213482 8.434630 0.200006
189 17.013538 24.482460 0.000000 3.845733 1.307649 2.144459 3.861252 7.492521 0.166667
190 17.129286 24.768393 0.000000 3.776250 1.321096 2.183123 3.956091 7.708872 0.200000
191 17.218021 24.873138 0.000000 3.816748 1.340957 2.251915 4.157654 8.273600 0.166667
192 17.324923 25.278173 0.000000 3.733139 1.310620 2.149202 3.856802 7.426372 0.200000
193 17.355524 25.326611 0.000000 3.295898 1.280055 2.053179 3.596276 6.749764 0.289047
194 17.405056 25.329485 0.000000 2.941904 1.255087 1.982058 3.422094 6.346591 0.200929
195 17.568264 25.562521 0.000000 3.307821 1.260289 1.995854 3.454762 6.420508 0.205441
196 17.506279 25.568571 0.000000 3.042670 1.298639 2.106581 3.737051 7.115076 0.208924
197 17.622206 25.551407 0.000000 2.744489 1.288427 2.069826 3.630394 6.822774 0.200000
199 17.506353 25.698103 0.000000 2.519845 1.308270 2.132995 3.794276 7.219850 0.200000
