%% Trajectory 57
%% frame x (pixel)     y (pixel)    z (pixel)      m0         m1           m2           m3           m4           s 
188 40.882427 59.757381 0.000000 1.260225 1.245155 1.966959 3.430872 6.499660 0.231171
191 40.656662 59.244213 0.000000 1.754430 1.376195 2.377450 4.561640 9.524554 0.250000
193 40.730335 59.227299 0.000000 1.608853 1.309850 2.153015 3.880903 7.528160 0.250000
196 40.730988 59.122292 0.000000 2.346301 1.310190 2.138192 3.813535 7.291629 0.200367
198 40.291134 59.229744 0.000000 2.731394 1.340743 2.247669 4.134636 8.179128 0.200087
199 40.706993 59.197994 0.000000 3.172874 1.272487 2.037195 3.575140 6.757562 0.200115
200 40.473183 59.059444 0.000000 2.429835 1.302137 2.131885 3.844663 7.496635 0.363021
202 40.465252 59.179684 0.000000 3.754704 1.339911 2.246291 4.147261 8.277956 0.250004
203 40.603672 59.141251 0.000000 2.810799 1.273943 2.052739 3.634832 6.951035 0.250000
204 40.518284 59.074833 0.000000 3.606984 1.339465 2.228602 4.048851 7.870467 0.433367
205 40.388470 59.122311 0.000000 3.810853 1.360004 2.332551 4.432914 9.150474 0.287845
206 40.359108 58.914669 0.000000 4.201237 1.341569 2.261832 4.216108 8.526985 0.250000
207 40.540874 58.907791 0.000000 4.824419 1.367273 2.348935 4.465133 9.204282 0.200000
208 40.495464 58.909588 0.000000 4.953613 1.352354 2.281315 4.226348 8.429742 0.250000
209 40.503086 58.939041 0.000000 4.545328 1.392226 2.423482 4.662267 9.710709 0.333337
210 40.306419 59.137337 0.000000 4.632677 1.324289 2.207646 4.061520 8.086685 0.250003
211 40.405655 58.972839 0.000000 5.177180 1.362778 2.339284 4.448679 9.186921 0.250547
212 40.184895 58.985458 0.000000 5.049223 1.407475 2.506910 4.968028 10.701013 0.201422
213 40.369377 58.932182 0.000000 5.145554 1.365615 2.336902 4.409638 8.992862 0.200000
214 40.278465 58.737152 0.000000 5.259202 1.407738 2.485249 4.857374 10.291246 0.200279
215 40.268200 59.087433 0.000000 4.897281 1.395336 2.447078 4.762784 10.068194 0.250000
216 40.358215 58.889378 0.000000 5.596461 1.396694 2.466265 4.846310 10.370872 0.200000
217 40.144066 58.883118 0.000000 6.517226 1.404124 2.494048 4.935782 10.648644 0.250000
218 40.280151 58.899284 0.000000 5.802741 1.405460 2.480420 4.855886 10.323622 0.200020
219 40.309158 58.812698 0.000000 6.645930 1.349349 2.288727 4.293232 8.738163 0.200000
220 40.258152 58.871086 0.000000 6.042713 1.355893 2.318054 4.398505 9.086855 0.200455
222 40.389668 58.941326 0.000000 6.441481 1.382302 2.402081 4.627670 9.682221 0.250004
223 40.480961 58.651806 0.000000 7.261210 1.321826 2.193186 4.004568 7.899834 0.250000
225 40.628254 58.179150 0.000000 6.519698 1.367077 2.332751 4.385445 8.905537 0.200000
226 40.808178 57.866093 0.000000 5.753287 1.363182 2.332223 4.421309 9.105301 0.200000
227 40.454227 57.631172 0.000000 5.884678 1.388128 2.417095 4.658453 9.735961 0.247879
228 40.412384 57.689835 0.000000 5.490546 1.331853 2.240305 4.175704 8.468488 0.200000
231 41.271290 57.329105 0.000000 2.959039 1.433722 2.600480 5.266278 11.630940 0.200000
