%% Trajectory 28
%% frame x (pixel)     y (pixel)    z (pixel)      m0         m1           m2           m3           m4           s 
108 22.282059 19.374981 0.000000 1.445632 1.479120 2.696253 5.415075 11.722252 0.200082
109 21.953279 19.299837 0.000000 1.121391 1.491028 2.783093 5.773162 12.982836 0.179708
110 22.135355 19.301704 0.000000 1.355025 1.444442 2.616875 5.256163 11.444000 0.200001
111 21.884571 19.248167 0.000000 1.647120 1.448564 2.627274 5.294223 11.582488 0.167405
112 21.977957 19.404259 0.000000 1.677840 1.432126 2.555130 5.039633 10.752178 0.200129
113 22.115118 19.247858 0.000000 1.693399 1.461131 2.652655 5.311661 11.470273 0.250002
114 22.172031 19.632648 0.000000 1.742450 1.514063 2.829792 5.827445 12.919780 0.212678
115 22.170704 19.639517 0.000000 1.946343 1.494561 2.753407 5.587207 12.206597 0.200004
116 22.435795 19.801294 0.000000 1.939297 1.488052 2.746193 5.610218 12.400510 0.166682
117 22.512033 19.917540 0.000000 2.173976 1.445449 2.597973 5.154610 11.046357 0.200084
118 22.328854 20.316195 0.000000 2.496904 1.459745 2.641101 5.261564 11.291987 0.200000
119 22.479347 20.315327 0.000000 2.166312 1.411635 2.471603 4.756087 9.853451 0.325943
120 22.841383 20.490419 0.000000 2.120019 1.438910 2.573817 5.086575 10.868909 0.172030
121 22.714775 20.492418 0.000000 2.296822 1.417648 2.500918 4.868865 10.244827 0.214969
122 22.947674 20.732376 0.000000 2.349142 1.444078 2.593999 5.143503 11.011502 0.206456
123 23.146101 20.783863 0.000000 2.275561 1.434181 2.548772 4.989590 10.528177 0.207607
124 23.606411 20.805067 0.000000 1.889732 1.373195 2.350158 4.422286 8.968567 0.251986
125 24.079002 20.817974 0.000000 1.593162 1.403851 2.446233 4.680730 9.621634 0.222137
126 24.749325 20.716347 0.000000 1.535041 1.376320 2.357239 4.442163 9.033687 0.228494
127 25.390839 20.792616 0.000000 1.390144 1.306573 2.146629 3.862457 7.461061 0.180252
128 25.589117 20.403572 0.000000 1.256200 1.263565 2.002922 3.469319 6.450332 0.170879
