%% Trajectory 33
%% frame x (pixel)     y (pixel)    z (pixel)      m0         m1           m2           m3           m4           s 
149 40.879967 33.491821 0.000000 1.215126 1.400735 2.455633 4.760791 9.987720 0.333349
150 40.386742 33.375622 0.000000 1.212927 1.393727 2.435708 4.731331 10.011290 0.333333
151 40.607201 33.175270 0.000000 1.093935 1.322796 2.224745 4.154623 8.456676 0.333333
153 40.621571 33.174328 0.000000 1.559639 1.361703 2.315758 4.342706 8.806128 0.333333
154 40.588928 33.272266 0.000000 1.438039 1.370979 2.331796 4.335016 8.628323 0.333333
155 40.635784 33.421875 0.000000 1.708381 1.331182 2.234218 4.148539 8.368216 0.333335
156 40.682011 33.553699 0.000000 1.375384 1.359496 2.309513 4.321277 8.734875 0.333333
157 40.518017 33.400429 0.000000 1.874006 1.301699 2.113209 3.744399 7.101171 0.496596
158 40.576237 33.694733 0.000000 1.915444 1.298060 2.103074 3.723305 7.066294 0.383360
159 40.283527 34.032757 0.000000 1.818639 1.401721 2.466202 4.808952 10.174614 0.250070
160 40.384308 34.179447 0.000000 1.651201 1.367133 2.330127 4.370090 8.839577 0.299505
161 40.213310 34.316761 0.000000 1.834501 1.378777 2.354878 4.410824 8.878806 0.350529
162 40.463989 34.250431 0.000000 1.273793 1.301038 2.130569 3.826740 7.394310 0.240422
163 40.183056 34.522114 0.000000 1.684186 1.297814 2.151520 3.990235 8.147128 0.213145
165 40.068993 34.922710 0.000000 1.620345 1.435754 2.592002 5.196847 11.307105 0.250310
166 39.407932 34.678768 0.000000 1.817894 1.409575 2.485719 4.843801 10.205873 0.339716
167 39.021137 34.877594 0.000000 1.898662 1.444405 2.605915 5.188026 11.138425 0.437740
168 39.042290 34.906616 0.000000 1.513659 1.407758 2.497819 4.928835 10.580148 0.333334
169 38.442551 34.910297 0.000000 1.311063 1.371909 2.344726 4.383177 8.774592 0.299023
170 37.818329 34.850327 0.000000 1.411274 1.314509 2.191113 4.029022 8.014220 0.255796
