%% Trajectory 21
%% frame x (pixel)     y (pixel)    z (pixel)      m0         m1           m2           m3           m4           s 
77 23.804054 36.943989 0.000000 0.727500 1.480461 2.808966 5.976289 13.840317 0.393397
79 24.361002 36.722191 0.000000 1.280624 1.431434 2.635848 5.461489 12.406185 0.333333
80 23.845863 36.722473 0.000000 0.936522 1.489445 2.835102 6.057841 14.128084 0.250007
81 24.599361 36.687366 0.000000 1.157269 1.474475 2.709632 5.533264 12.274462 0.203911
82 24.029041 36.837242 0.000000 1.054083 1.431981 2.639530 5.487648 12.529006 0.200009
83 24.343468 36.263798 0.000000 1.309461 1.470006 2.694295 5.472021 12.027840 0.343600
84 24.346935 36.485374 0.000000 1.376203 1.382303 2.444308 4.850059 10.564892 0.250000
85 23.870571 37.110523 0.000000 1.259209 1.376490 2.373178 4.506387 9.226219 0.250000
86 24.388981 36.836510 0.000000 1.189843 1.455158 2.652056 5.380951 11.880167 0.250378
87 24.604292 36.376415 0.000000 1.211307 1.521138 2.881324 6.048116 13.713957 0.200000
89 24.218391 36.767498 0.000000 1.873192 1.344120 2.269602 4.224590 8.499827 0.333333
90 24.286896 36.744156 0.000000 1.654056 1.461754 2.696003 5.551628 12.447598 0.333333
91 23.830111 36.923260 0.000000 1.850868 1.391450 2.435144 4.734927 10.021834 0.333336
92 24.091753 36.857693 0.000000 2.096078 1.376361 2.377221 4.530799 9.326921 0.333333
93 24.408815 37.033005 0.000000 2.308587 1.384531 2.395342 4.555970 9.326256 0.333333
94 24.473738 36.902157 0.000000 2.142738 1.390961 2.443000 4.767206 10.113997 0.336737
95 24.668587 37.062824 0.000000 1.979630 1.499707 2.806121 5.823281 13.082949 0.381907
96 24.697393 37.203110 0.000000 1.909395 1.403409 2.490667 4.934119 10.677532 0.554338
97 24.870123 37.128357 0.000000 2.300559 1.461551 2.673986 5.417733 11.870094 0.333800
98 25.134161 37.111904 0.000000 2.116669 1.388191 2.434359 4.754799 10.121322 0.334947
99 24.992371 37.216805 0.000000 1.873102 1.393617 2.447638 4.764170 10.057652 0.250000
100 25.318663 37.074280 0.000000 2.049291 1.512919 2.834143 5.852674 13.005754 0.250000
101 25.845522 37.177528 0.000000 2.058527 1.483141 2.729091 5.541188 12.120530 0.278258
102 26.112730 36.667591 0.000000 2.333517 1.492498 2.753227 5.602803 12.296456 0.250000
