%% Trajectory 39
%% frame x (pixel)     y (pixel)    z (pixel)      m0         m1           m2           m3           m4           s 
153 44.292400 55.039848 0.000000 1.301840 1.360041 2.372871 4.641773 9.953802 0.272185
154 44.080170 54.785080 0.000000 1.512763 1.361005 2.324521 4.397622 9.041808 0.339932
155 44.350044 55.259056 0.000000 1.513623 1.362579 2.334703 4.436241 9.172978 0.203816
156 44.488918 55.352516 0.000000 1.376524 1.393556 2.440706 4.730422 9.926456 0.325373
157 44.418785 55.095310 0.000000 1.620120 1.394022 2.486159 4.982337 10.958938 0.262910
158 44.353535 54.765408 0.000000 2.019002 1.356465 2.307433 4.346879 8.898880 0.252061
159 44.482971 54.775948 0.000000 2.568992 1.339265 2.250029 4.178280 8.421803 0.333333
161 44.061131 54.943378 0.000000 2.116456 1.398292 2.479651 4.904026 10.578341 0.200051
162 44.205994 55.071232 0.000000 2.231846 1.368603 2.327082 4.336705 8.680288 0.250000
163 44.465778 54.661106 0.000000 2.200949 1.316909 2.201645 4.083988 8.253613 0.250919
164 44.358032 55.158779 0.000000 2.346831 1.420718 2.540553 5.051556 10.923513 0.254926
165 44.365231 55.060570 0.000000 2.472593 1.366354 2.356658 4.516476 9.429494 0.200028
166 44.454391 54.744747 0.000000 2.565587 1.367736 2.367372 4.570072 9.647659 0.250015
167 44.316624 54.990936 0.000000 2.614766 1.409861 2.505526 4.954873 10.669647 0.166683
168 44.321716 54.942078 0.000000 2.170341 1.338041 2.263978 4.245599 8.655905 0.166667
169 44.216297 55.292530 0.000000 2.542543 1.355690 2.300896 4.315258 8.770745 0.166667
170 44.482876 54.902512 0.000000 2.948499 1.346601 2.293252 4.353830 9.047078 0.250014
171 44.502266 55.305614 0.000000 3.115555 1.367162 2.316961 4.300697 8.572210 0.251550
172 44.603283 54.900841 0.000000 3.002950 1.377412 2.395600 4.637731 9.795424 0.251664
173 44.534008 55.369617 0.000000 2.960014 1.368604 2.342522 4.428518 9.072036 0.597124
174 44.602711 55.185825 0.000000 3.188402 1.362665 2.329343 4.405136 9.038403 0.527235
175 44.288235 55.197376 0.000000 3.058030 1.344866 2.269779 4.231854 8.555441 0.333333
176 44.495853 54.887600 0.000000 2.895968 1.351856 2.325792 4.482750 9.495122 0.250009
177 44.383011 55.160412 0.000000 2.810456 1.396678 2.450424 4.774133 10.115934 0.250000
178 44.425274 54.828953 0.000000 3.257612 1.365547 2.353297 4.506868 9.406405 0.250003
179 44.651352 55.083157 0.000000 3.057003 1.408831 2.489741 4.883870 10.409709 0.253444
180 44.553497 55.005291 0.000000 3.535219 1.364467 2.352906 4.519332 9.483686 0.250000
181 44.466347 55.132557 0.000000 3.731589 1.412179 2.501398 4.911064 10.461322 0.200018
182 44.430824 54.981373 0.000000 3.794284 1.388052 2.434328 4.764662 10.194890 0.250000
183 44.225712 54.745369 0.000000 3.371135 1.406869 2.471894 4.801311 10.093912 0.200033
184 44.137989 54.623211 0.000000 3.243436 1.383023 2.390530 4.561151 9.414467 0.341023
185 44.312183 54.185207 0.000000 3.245610 1.390083 2.419347 4.658254 9.720979 0.206048
186 44.121819 53.858429 0.000000 3.344663 1.385740 2.412758 4.659183 9.774550 0.200003
187 44.184616 53.791119 0.000000 3.788758 1.407683 2.469615 4.785008 10.030668 0.322707
188 44.096416 53.504452 0.000000 3.886729 1.384838 2.392359 4.567254 9.446599 0.262062
189 44.547585 53.650322 0.000000 4.405024 1.314383 2.162275 3.898328 7.558300 0.200000
191 44.042393 53.645252 0.000000 3.616178 1.342265 2.250497 4.145954 8.226726 0.333333
192 43.910168 53.035286 0.000000 3.413261 1.382238 2.401879 4.623091 9.652439 0.334509
193 44.032551 52.982002 0.000000 2.552656 1.388605 2.430013 4.704821 9.855021 0.380811
