%% Trajectory 37
%% frame x (pixel)     y (pixel)    z (pixel)      m0         m1           m2           m3           m4           s 
153 18.002501 49.508858 0.000000 1.843717 1.292914 2.108628 3.774680 7.274102 0.250866
154 17.625420 49.437763 0.000000 1.791605 1.255455 1.981234 3.418716 6.338526 0.250044
155 17.560104 49.807343 0.000000 1.456797 1.216087 1.868078 3.140487 5.691718 0.250006
156 17.822992 49.601826 0.000000 2.197618 1.274667 2.032144 3.538508 6.607020 0.333333
157 17.433510 49.518501 0.000000 1.943264 1.249795 1.960187 3.363046 6.206864 0.333333
158 17.707376 49.514851 0.000000 2.013381 1.246514 1.953482 3.348356 6.171580 0.333333
159 17.893164 49.697372 0.000000 2.162133 1.301202 2.116040 3.759847 7.159386 0.333333
160 17.976122 49.581173 0.000000 2.230182 1.321915 2.207135 4.080889 8.203339 0.333333
161 17.838024 49.620792 0.000000 2.440489 1.286290 2.068478 3.632328 6.833826 0.250000
162 17.898832 49.757282 0.000000 2.482701 1.296794 2.124474 3.844537 7.552725 0.333333
163 18.042072 49.632259 0.000000 3.159617 1.339400 2.275610 4.295917 8.840424 0.333333
164 17.993967 49.739101 0.000000 2.797301 1.353821 2.319382 4.425370 9.223745 0.333333
165 17.995396 49.736271 0.000000 3.326947 1.373861 2.376812 4.555090 9.470631 0.333333
166 17.925592 49.394836 0.000000 3.115127 1.358888 2.319209 4.368043 8.898303 0.333333
167 17.925453 49.331169 0.000000 2.855061 1.387579 2.422430 4.672065 9.734180 0.333333
168 18.193392 49.432743 0.000000 2.766012 1.306987 2.138006 3.825604 7.343702 0.250000
169 18.572262 49.377529 0.000000 2.806829 1.316680 2.162074 3.886626 7.501048 0.333334
170 18.576714 49.414749 0.000000 2.305511 1.368893 2.337475 4.392870 8.909556 0.333333
171 18.854357 49.172462 0.000000 2.099119 1.368050 2.343709 4.417550 8.970108 0.333333
172 18.803537 49.174690 0.000000 2.578319 1.332626 2.222448 4.077375 8.072420 0.333333
174 18.198130 48.789547 0.000000 2.013749 1.355741 2.300371 4.306124 8.722075 0.333333
175 18.050264 48.459885 0.000000 1.654258 1.389539 2.423465 4.670547 9.736273 0.333333
