%% Trajectory 4
%% frame x (pixel)     y (pixel)    z (pixel)      m0         m1           m2           m3           m4           s 
6 22.749893 43.802059 0.000000 0.986630 1.286067 2.090519 3.754133 7.324150 0.250000
7 23.098585 44.008251 0.000000 1.017698 1.377056 2.414093 4.725398 10.099298 0.250000
8 22.971127 43.371391 0.000000 0.957175 1.511626 2.826845 5.838482 13.001223 0.250017
9 23.384922 43.242088 0.000000 1.049127 1.485295 2.729833 5.542782 12.153697 0.250490
11 22.987017 43.868095 0.000000 0.778050 1.425334 2.579309 5.215562 11.507818 0.250008
12 22.929335 43.815102 0.000000 1.212968 1.328863 2.223632 4.093702 8.127631 0.457209
13 23.047384 43.439133 0.000000 1.114903 1.289274 2.097468 3.764309 7.326310 0.263093
14 22.694132 43.647598 0.000000 1.124081 1.324291 2.222669 4.148546 8.458670 0.200113
15 22.768232 43.752151 0.000000 1.276967 1.290738 2.111354 3.828571 7.573898 0.290852
16 22.498793 44.011841 0.000000 1.407711 1.363015 2.334550 4.431080 9.138384 0.333335
17 22.619379 43.439064 0.000000 1.569916 1.268191 2.019834 3.525111 6.626383 0.333519
18 22.632097 43.532307 0.000000 1.945302 1.301248 2.107592 3.723338 7.036227 0.333333
19 22.395372 43.448570 0.000000 1.680947 1.259213 2.009313 3.534985 6.751979 0.334455
20 22.358936 43.366249 0.000000 1.597001 1.408127 2.474018 4.791010 10.011136 0.341238
21 22.413887 43.877842 0.000000 1.647271 1.350459 2.281976 4.258416 8.614169 0.272740
22 22.368389 43.542385 0.000000 1.950630 1.245663 1.952278 3.345187 6.161286 0.333333
23 22.404631 43.305717 0.000000 2.151954 1.293280 2.084706 3.666705 6.903882 0.333335
24 22.503418 43.495117 0.000000 2.225901 1.306577 2.142248 3.858319 7.495785 0.333334
25 22.646736 43.586094 0.000000 2.159339 1.314044 2.151947 3.846981 7.360703 0.252870
26 22.645941 43.297318 0.000000 2.269391 1.308631 2.142861 3.839976 7.387799 0.250000
27 22.479042 43.632969 0.000000 2.342310 1.322171 2.182513 3.952233 7.706031 0.250000
28 22.604294 43.548264 0.000000 2.247766 1.301688 2.118488 3.759335 7.128912 0.250000
29 22.606691 43.400879 0.000000 2.498690 1.290316 2.079335 3.656927 6.885344 0.250000
30 22.549171 43.182144 0.000000 2.755071 1.296138 2.096531 3.699744 6.985704 0.250000
31 22.589941 43.510815 0.000000 2.789671 1.309524 2.135334 3.795375 7.207168 0.250000
32 22.830181 43.510639 0.000000 3.030047 1.321550 2.178551 3.921821 7.557817 0.333333
33 22.803589 43.602966 0.000000 3.449641 1.319803 2.182052 3.957805 7.726279 0.333333
34 22.979918 43.574718 0.000000 3.118387 1.314545 2.174230 3.965352 7.831988 0.250000
35 23.345413 43.492069 0.000000 3.500469 1.314893 2.158173 3.873553 7.456972 0.333333
36 23.354530 43.308998 0.000000 2.986025 1.278785 2.056020 3.627207 6.900198 0.333333
37 23.767862 43.154045 0.000000 3.046118 1.332485 2.223669 4.080244 8.077428 0.333333
38 24.092546 43.033260 0.000000 3.197217 1.356363 2.317364 4.381865 8.987537 0.333333
39 24.158606 42.928974 0.000000 3.087511 1.347038 2.286762 4.291211 8.727124 0.333334
40 24.345669 42.862438 0.000000 2.554672 1.279607 2.078247 3.717485 7.192186 0.333333
42 24.990427 41.995319 0.000000 2.687555 1.389816 2.445454 4.783723 10.166668 0.333390
43 25.315763 42.566444 0.000000 2.632570 1.304958 2.137277 3.856247 7.528904 0.200000
44 24.751665 42.759808 0.000000 2.420595 1.278777 2.055624 3.617540 6.841031 0.250000
45 24.829359 42.996155 0.000000 1.949030 1.320795 2.196126 4.027821 7.993052 0.250004
48 26.448437 45.286648 0.000000 1.131659 1.270909 2.062284 3.700151 7.214715 0.200000
