%% Trajectory 15
%% frame x (pixel)     y (pixel)    z (pixel)      m0         m1           m2           m3           m4           s 
62 64.954521 53.694939 0.000000 1.046468 1.343587 2.294377 4.379165 9.164529 0.200459
63 64.718956 53.373444 0.000000 1.077003 1.309575 2.166371 3.978606 7.970439 0.257365
64 64.823288 53.581024 0.000000 0.972871 1.314635 2.171679 3.958683 7.826535 0.341265
65 64.754822 53.560406 0.000000 1.103408 1.284054 2.107555 3.854591 7.728089 0.280282
66 64.809761 53.125519 0.000000 1.333835 1.387627 2.409423 4.617784 9.566920 0.200006
67 64.627403 53.228268 0.000000 1.788905 1.318950 2.173622 3.924149 7.610322 0.260514
68 64.639275 53.448734 0.000000 1.805459 1.267864 2.026828 3.551003 6.698140 0.250791
69 64.783966 53.705784 0.000000 1.700688 1.262538 2.005122 3.481529 6.489340 0.175030
70 64.724518 53.664295 0.000000 2.078649 1.281766 2.076075 3.713993 7.222435 0.322180
71 64.681000 53.557297 0.000000 2.128892 1.258742 2.004514 3.513275 6.669829 0.204316
72 64.892746 53.695793 0.000000 1.905386 1.334927 2.228626 4.087298 8.073280 0.167103
73 64.427902 53.557716 0.000000 2.321288 1.268760 2.020797 3.516570 6.564231 0.255584
74 64.703316 53.745144 0.000000 2.026020 1.280051 2.073580 3.717198 7.259386 0.203865
75 64.734077 53.626415 0.000000 2.336309 1.299201 2.128140 3.844691 7.528748 0.209179
76 64.606918 53.479588 0.000000 2.331014 1.323550 2.191412 3.975857 7.751733 0.251346
77 64.443314 53.447472 0.000000 2.365001 1.281639 2.056187 3.600520 6.752314 0.200262
78 64.706764 53.445679 0.000000 2.610133 1.356214 2.312592 4.367546 8.965121 0.200925
79 64.777283 53.348736 0.000000 2.457616 1.304060 2.153538 3.950017 7.914951 0.200000
80 64.742043 53.529842 0.000000 2.267033 1.291611 2.091075 3.703005 7.038491 0.200000
81 64.520241 53.537708 0.000000 2.221857 1.259174 1.997484 3.469180 6.482723 0.166667
82 64.666771 53.514942 0.000000 2.150541 1.311857 2.153558 3.888937 7.589189 0.166686
83 64.854309 53.320343 0.000000 2.343642 1.343592 2.272425 4.247651 8.608336 0.202866
84 64.759445 53.323711 0.000000 2.563045 1.247436 1.969142 3.411215 6.378894 0.250000
85 64.768951 53.319710 0.000000 2.495962 1.274355 2.042974 3.589449 6.789400 0.200000
86 64.641312 53.333500 0.000000 3.029656 1.279065 2.049182 3.584638 6.719184 0.250000
87 64.753777 53.354130 0.000000 2.884380 1.298784 2.112277 3.751795 7.134659 0.200000
88 64.668396 53.459141 0.000000 2.887407 1.288565 2.083791 3.695240 7.058240 0.200000
89 64.825668 53.281803 0.000000 3.054428 1.326682 2.202393 4.010400 7.852899 0.200000
90 64.776390 53.321877 0.000000 2.646945 1.282741 2.070867 3.666230 6.990256 0.200217
91 64.720650 53.296356 0.000000 2.983188 1.260980 1.997533 3.458659 6.429292 0.200000
92 64.786713 53.332157 0.000000 3.270139 1.319510 2.168792 3.894778 7.491981 0.200333
93 64.669952 53.249718 0.000000 3.171496 1.280589 2.076353 3.719171 7.240395 0.250000
94 64.700333 53.199425 0.000000 3.164384 1.287664 2.077470 3.668260 6.956600 0.250000
95 64.731705 53.229954 0.000000 3.397549 1.290617 2.104458 3.785773 7.384078 0.250001
96 64.721390 53.285881 0.000000 3.774230 1.273164 2.035638 3.565534 6.721569 0.250000
97 64.586189 53.305176 0.000000 3.068095 1.242497 1.943785 3.326380 6.123016 0.250000
98 64.614250 53.364525 0.000000 2.840248 1.241485 1.939062 3.312796 6.089584 0.250000
99 64.640785 53.133240 0.000000 3.446020 1.318214 2.174690 3.929429 7.623528 0.250000
100 64.754005 53.159584 0.000000 3.011099 1.318565 2.179308 3.952809 7.716548 0.166667
101 64.504333 52.804035 0.000000 3.026422 1.285454 2.065249 3.621482 6.800972 0.166667
102 64.433487 52.533165 0.000000 2.980209 1.332387 2.199322 3.950939 7.565890 0.250000
103 64.309311 52.424633 0.000000 3.119648 1.312968 2.164796 3.930377 7.719661 0.333347
104 64.074821 52.330002 0.000000 3.026921 1.359387 2.337608 4.465422 9.283677 0.250000
105 64.162231 52.324577 0.000000 2.604214 1.291705 2.086913 3.687083 6.990753 0.333333
106 63.989952 51.888042 0.000000 2.948493 1.367114 2.359856 4.529360 9.464721 0.250000
107 64.100929 51.885624 0.000000 2.814828 1.348880 2.285811 4.270044 8.624716 0.250018
108 64.167511 51.740875 0.000000 2.564564 1.294892 2.096063 3.704109 7.006690 0.250000
109 64.364914 51.499199 0.000000 2.312212 1.342531 2.263140 4.215068 8.516707 0.250000
110 63.815605 51.528179 0.000000 2.129496 1.374720 2.387213 4.621914 9.780246 0.200000
111 63.691990 51.491665 0.000000 1.443895 1.270806 2.038474 3.591108 6.822356 0.221038
