%% Trajectory 13
%% frame x (pixel)     y (pixel)    z (pixel)      m0         m1           m2           m3           m4           s 
36 38.759872 55.570274 0.000000 0.770140 1.297032 2.126619 3.843525 7.512729 0.200039
37 38.127529 55.593903 0.000000 0.915943 1.275215 2.060113 3.673117 7.103357 0.200767
39 38.356281 55.205826 0.000000 1.160869 1.317896 2.187775 4.005530 7.932538 0.284419
40 38.358780 55.000515 0.000000 0.897710 1.314543 2.205863 4.094697 8.235988 0.285686
41 38.490025 55.438541 0.000000 0.982396 1.258435 2.002146 3.485965 6.521711 0.180809
42 38.318260 55.375637 0.000000 0.968398 1.312596 2.145896 3.820745 7.259760 0.204231
43 38.344803 55.196835 0.000000 1.103970 1.295318 2.156440 4.031531 8.326930 0.308646
44 38.727196 55.123604 0.000000 1.369062 1.366258 2.313850 4.291462 8.537561 0.346823
45 38.428024 55.250420 0.000000 1.311260 1.307135 2.145708 3.870138 7.523855 0.167791
46 38.591717 55.092026 0.000000 1.560908 1.325976 2.203496 4.029890 7.963082 0.177112
47 38.385723 55.344906 0.000000 1.421840 1.288942 2.095506 3.748858 7.252297 0.209880
48 38.605515 55.483135 0.000000 1.557120 1.341316 2.238588 4.090265 8.022470 0.440381
49 38.564964 55.236412 0.000000 1.546066 1.362023 2.317082 4.331967 8.716763 0.257409
50 38.373878 55.246975 0.000000 1.835371 1.327736 2.190085 3.935327 7.546679 0.250441
51 38.386143 55.391850 0.000000 1.637896 1.291570 2.087192 3.689868 7.005341 0.250007
52 38.471172 55.502144 0.000000 1.881878 1.283152 2.061671 3.615713 6.790790 0.250112
53 38.500668 55.516544 0.000000 1.822721 1.339780 2.239635 4.108582 8.112365 0.204901
54 38.615238 55.534248 0.000000 1.834666 1.298081 2.110761 3.757567 7.187516 0.200007
55 38.487324 55.387943 0.000000 2.352701 1.319987 2.166143 3.874497 7.402039 0.216393
56 38.750263 55.440773 0.000000 1.902066 1.334414 2.231184 4.097856 8.105227 0.168965
57 38.679768 55.436691 0.000000 1.967418 1.306847 2.130763 3.795928 7.245310 0.252949
58 38.608814 55.305885 0.000000 2.158061 1.334068 2.223632 4.061119 7.966504 0.296412
59 38.909649 55.208244 0.000000 2.143591 1.348669 2.289243 4.285634 8.667904 0.374328
60 39.039497 54.825310 0.000000 2.304710 1.356863 2.315163 4.368930 8.933494 0.285892
61 39.096741 54.617214 0.000000 2.319770 1.313440 2.162955 3.918036 7.667000 0.250000
62 39.256603 54.340508 0.000000 2.390501 1.301739 2.110618 3.733712 7.066305 0.200000
63 39.357441 54.134708 0.000000 2.093913 1.375170 2.349619 4.391489 8.791050 0.200065
64 39.276810 53.906200 0.000000 2.224723 1.401203 2.475953 4.872727 10.452111 0.250069
65 39.101582 54.174290 0.000000 2.024294 1.410006 2.481296 4.820474 10.120268 0.251327
66 38.491737 54.015335 0.000000 1.622379 1.382102 2.397605 4.607682 9.609463 0.366423
