%% Trajectory 14
%% frame x (pixel)     y (pixel)    z (pixel)      m0         m1           m2           m3           m4           s 
70 22.432768 40.145203 0.000000 1.525581 1.530772 2.907379 6.119073 13.922027 0.250000
71 21.903156 39.976994 0.000000 1.318238 1.447537 2.643783 5.376319 11.886619 0.250000
72 21.709835 39.863678 0.000000 1.429377 1.449180 2.632510 5.307036 11.601065 0.207527
73 21.686192 39.991035 0.000000 1.393275 1.418585 2.526403 4.991315 10.697558 0.250000
74 21.736530 39.944481 0.000000 1.414445 1.450846 2.642927 5.359412 11.816359 0.205012
75 21.938263 39.968807 0.000000 1.706326 1.488706 2.780064 5.777137 13.026047 0.250009
76 21.651514 39.783112 0.000000 1.656651 1.390941 2.437530 4.748142 10.072312 0.217388
77 21.612635 39.980270 0.000000 1.483195 1.461916 2.662783 5.368195 11.707884 0.254260
78 21.740034 39.749283 0.000000 1.645913 1.333492 2.243468 4.189478 8.529387 0.241379
79 21.629496 39.779678 0.000000 1.750427 1.439637 2.608370 5.263592 11.566131 0.205870
80 21.303391 39.816967 0.000000 1.449988 1.358846 2.327971 4.418796 9.106521 0.207555
81 21.544189 39.796604 0.000000 1.424882 1.390707 2.432610 4.729740 10.015754 0.197555
82 21.540228 39.782654 0.000000 1.612610 1.383762 2.420631 4.718572 10.036169 0.203330
83 21.474388 39.704784 0.000000 1.658492 1.389426 2.419282 4.666981 9.772650 0.208620
84 21.575397 39.791817 0.000000 1.645419 1.374498 2.372131 4.532243 9.399538 0.261856
85 21.360788 39.721645 0.000000 1.412601 1.433129 2.555604 5.033064 10.714167 0.218283
86 21.589636 39.768032 0.000000 1.716531 1.386799 2.391230 4.528896 9.228853 0.250006
87 21.519323 39.678482 0.000000 1.698389 1.367386 2.356838 4.519644 9.457062 0.250300
88 21.476667 39.721558 0.000000 1.776315 1.398770 2.435452 4.672939 9.678491 0.200027
89 21.459459 39.818027 0.000000 1.764087 1.388284 2.399678 4.569697 9.396627 0.250198
90 21.608660 39.779392 0.000000 1.782419 1.374099 2.378668 4.576884 9.596243 0.208241
91 21.578835 39.781933 0.000000 1.736605 1.411281 2.494915 4.886782 10.385519 0.364644
92 21.566786 39.807922 0.000000 1.684210 1.404790 2.485590 4.894460 10.497118 0.357942
93 21.579691 39.781284 0.000000 1.858066 1.377000 2.381043 4.554040 9.441936 0.256310
94 21.573175 39.808247 0.000000 1.836996 1.361139 2.316110 4.343792 8.806082 0.250038
95 21.541687 39.773251 0.000000 1.834180 1.320132 2.177654 3.937275 7.655928 0.200009
96 21.605207 39.801987 0.000000 1.996940 1.353236 2.303055 4.336691 8.861468 0.200007
97 21.573000 39.974117 0.000000 2.099718 1.402814 2.470072 4.814974 10.168302 0.422197
98 21.677816 39.824932 0.000000 2.119501 1.346627 2.290704 4.328377 8.915709 0.252347
99 21.656414 39.775661 0.000000 2.373127 1.349892 2.284982 4.261564 8.588616 0.250006
100 21.726746 39.944023 0.000000 2.334895 1.416847 2.509070 4.910818 10.397927 0.202241
101 21.816370 40.046326 0.000000 2.143883 1.414226 2.503318 4.916506 10.483237 0.407979
102 21.988718 39.967205 0.000000 1.975829 1.445805 2.624717 5.290450 11.565495 0.383086
103 22.348389 40.074501 0.000000 2.285049 1.361041 2.309408 4.307995 8.662225 0.250000
104 22.397799 39.885498 0.000000 2.488811 1.331678 2.217938 4.051297 7.954990 0.250000
105 22.605230 39.850182 0.000000 2.230062 1.344456 2.255309 4.154704 8.244377 0.200000
106 22.627630 39.922321 0.000000 2.168599 1.356779 2.308717 4.333325 8.794810 0.250086
107 22.915890 39.616566 0.000000 2.077750 1.363838 2.333626 4.414592 9.055957 0.276613
108 23.157272 39.167587 0.000000 1.725214 1.418156 2.497887 4.851904 10.179072 0.353177
110 23.569305 39.380245 0.000000 1.348087 1.395526 2.431689 4.670368 9.687745 0.287564
112 23.689194 39.391418 0.000000 1.364020 1.399967 2.446882 4.728129 9.898203 0.200270
