%% Trajectory 37
%% frame x (pixel)     y (pixel)    z (pixel)      m0         m1           m2           m3           m4           s 
166 33.683216 42.897778 0.000000 1.723549 1.272645 2.055222 3.670574 7.134242 0.200000
167 33.961407 42.703785 0.000000 1.841903 1.243580 2.004380 3.627101 7.259897 0.200000
168 33.564339 42.833431 0.000000 1.908895 1.200060 1.827352 3.073189 5.655345 0.200000
170 33.999214 42.991558 0.000000 2.038497 1.341277 2.311278 4.427889 9.223870 0.250000
171 34.143959 42.767498 0.000000 2.238143 1.212677 1.859992 3.133793 5.722468 0.250000
173 34.231411 42.853989 0.000000 3.285096 1.253972 1.989983 3.484716 6.630999 0.250000
174 33.865002 42.750732 0.000000 3.109952 1.267069 2.021060 3.533282 6.650343 0.334743
175 34.010185 42.509037 0.000000 3.744010 1.266070 2.021208 3.534492 6.645570 0.333333
176 34.050217 42.523441 0.000000 4.112373 1.282226 2.073678 3.693023 7.119250 0.333334
177 34.021435 42.719097 0.000000 4.704094 1.314721 2.187011 4.026189 8.050235 0.333333
178 34.154808 42.667641 0.000000 4.345404 1.268374 2.034600 3.597326 6.896126 0.333333
180 34.058983 42.586796 0.000000 5.066478 1.259127 2.003398 3.501534 6.608198 0.333333
181 34.216198 42.640495 0.000000 5.261323 1.339954 2.261575 4.229561 8.604382 0.333333
182 34.192375 42.649319 0.000000 5.095448 1.283124 2.077535 3.704379 7.150093 0.250000
183 34.266724 42.591568 0.000000 5.619836 1.263453 2.003997 3.473386 6.460890 0.250000
184 34.431923 42.622940 0.000000 5.172871 1.278926 2.049133 3.585479 6.723333 0.250005
185 34.586582 42.559700 0.000000 5.282497 1.277938 2.046905 3.580467 6.712821 0.250000
186 34.640179 42.479107 0.000000 4.450497 1.286197 2.065340 3.621075 6.802318 0.205900
187 34.851635 42.406658 0.000000 4.850662 1.291382 2.096732 3.740616 7.204030 0.281476
188 35.073940 42.525913 0.000000 5.142771 1.350977 2.290859 4.295701 8.734961 0.200000
189 35.255657 42.511005 0.000000 4.620458 1.299712 2.121762 3.801654 7.339911 0.200014
190 35.480755 42.329395 0.000000 4.885155 1.328345 2.220608 4.113343 8.294485 0.200000
191 35.573078 42.000679 0.000000 4.119838 1.321919 2.183208 3.940896 7.618217 0.315122
192 35.878979 42.069069 0.000000 4.403810 1.431718 2.559172 5.056574 10.804030 0.200001
193 35.772305 42.142231 0.000000 3.727481 1.446200 2.631720 5.322912 11.691380 0.201953
195 35.733105 41.949383 0.000000 2.629949 1.431998 2.560218 5.050235 10.751215 0.336081
196 36.043171 41.871723 0.000000 2.143587 1.397159 2.459436 4.814586 10.252336 0.250000
