%% Trajectory 9
%% frame x (pixel)     y (pixel)    z (pixel)      m0         m1           m2           m3           m4           s 
41 60.502548 34.636070 0.000000 1.565309 1.187050 1.791181 2.963243 5.307693 0.228472
42 60.354729 34.614605 0.000000 1.564670 1.155415 1.699132 2.731547 4.752474 0.166667
43 60.261395 34.540825 0.000000 1.686098 1.192820 1.807957 3.010772 5.446456 0.200000
45 60.301868 34.628918 0.000000 1.698366 1.196332 1.815949 3.019100 5.422519 0.200000
46 60.338673 34.572769 0.000000 1.919643 1.169251 1.738554 2.825463 4.961339 0.200000
47 60.326771 34.739025 0.000000 2.195013 1.194533 1.812164 3.012929 5.416800 0.200000
48 60.436123 34.528313 0.000000 1.765784 1.192097 1.870945 3.343190 6.750429 0.200000
49 60.325592 34.494678 0.000000 1.959147 1.205015 1.900498 3.409228 6.900233 0.200000
50 60.367123 34.450649 0.000000 1.765317 1.238718 2.012877 3.739161 7.839961 0.200000
51 60.332645 34.564026 0.000000 2.037655 1.199201 1.883041 3.354111 6.722908 0.200094
52 60.386810 34.420044 0.000000 2.050582 1.222232 1.974034 3.658993 7.692404 0.200000
53 60.339146 34.587173 0.000000 2.354670 1.241641 2.005625 3.665982 7.487856 0.200000
54 60.435719 34.554749 0.000000 2.337044 1.263341 2.111297 4.047412 8.742789 0.336219
55 60.350136 34.554554 0.000000 2.419140 1.269111 2.116184 4.037282 8.663431 0.212149
56 60.357773 34.623032 0.000000 2.770875 1.292989 2.176816 4.160344 8.865788 0.238516
57 60.415421 34.550987 0.000000 2.495042 1.298138 2.237798 4.440897 9.913225 0.200000
58 60.250122 34.593510 0.000000 2.637735 1.295867 2.213433 4.328311 9.488758 0.200007
59 60.439152 34.363007 0.000000 2.900938 1.302002 2.225620 4.351325 9.534454 0.232402
60 60.370159 34.386787 0.000000 2.511750 1.382178 2.498010 5.157699 11.838699 0.200030
61 60.267685 34.263397 0.000000 2.792053 1.329438 2.328757 4.677114 10.513673 0.331014
62 60.302357 34.419300 0.000000 2.832944 1.320487 2.261889 4.391504 9.475585 0.235684
63 60.356163 34.345882 0.000000 2.600669 1.330964 2.321020 4.622726 10.275623 0.166718
64 60.318401 34.563232 0.000000 2.663026 1.364761 2.411133 4.815479 10.622519 0.378961
65 60.407459 34.294163 0.000000 2.828358 1.320425 2.282737 4.499412 9.895514 0.214469
66 60.324272 34.370358 0.000000 2.793984 1.347227 2.350441 4.636457 10.114805 0.206389
67 60.408798 34.451077 0.000000 2.769852 1.322799 2.252695 4.317115 9.137309 0.200001
68 60.214989 34.205845 0.000000 2.618717 1.375884 2.475393 5.074717 11.538804 0.350349
69 60.278839 34.270874 0.000000 2.944783 1.416607 2.577959 5.285907 11.898787 0.200001
70 60.279640 34.345993 0.000000 2.524882 1.354349 2.363909 4.639116 10.007475 0.210719
71 60.192493 34.166145 0.000000 3.013104 1.405250 2.511105 5.021647 10.968856 0.250000
73 60.427322 34.586948 0.000000 2.478416 1.248327 1.961196 3.369968 6.226123 0.292349
74 60.360168 34.432991 0.000000 2.763155 1.248159 1.959843 3.364843 6.209609 0.321524
75 60.316589 34.446602 0.000000 3.196240 1.267702 2.023099 3.541617 6.685298 0.250000
76 60.319824 34.431839 0.000000 2.714642 1.276162 2.056541 3.646688 6.990571 0.266521
77 60.476658 34.540058 0.000000 3.258623 1.268515 2.020591 3.516612 6.564781 0.250000
78 60.420979 34.706291 0.000000 2.821216 1.269612 2.022450 3.519662 6.569793 0.457583
79 60.318668 34.526096 0.000000 2.621336 1.289552 2.080200 3.662572 6.902763 0.497925
80 60.285881 34.485821 0.000000 2.937986 1.276816 2.039964 3.560794 6.665993 0.269692
81 60.254913 34.669903 0.000000 3.264382 1.302242 2.121235 3.779421 7.226566 0.200000
82 60.442051 34.620136 0.000000 3.557485 1.286401 2.068737 3.631126 6.824800 0.200000
83 60.235596 34.686020 0.000000 3.231070 1.274521 2.039086 3.562718 6.670975 0.200000
84 60.178806 34.555290 0.000000 3.435064 1.274477 2.035043 3.549872 6.640418 0.200000
85 59.913914 34.604126 0.000000 3.349807 1.297696 2.108880 3.752421 7.173903 0.200000
86 59.634586 34.539387 0.000000 3.240397 1.264069 2.005598 3.477212 6.469970 0.250000
87 59.454887 34.524132 0.000000 3.069254 1.278927 2.054775 3.617147 6.852953 0.250000
88 59.350700 34.370480 0.000000 2.876789 1.290752 2.082174 3.665804 6.908755 0.200000
89 59.151783 34.454586 0.000000 2.983292 1.272483 2.028838 3.533877 6.601915 0.200000
90 59.143608 34.386051 0.000000 3.046620 1.278490 2.054181 3.612074 6.821616 0.200000
91 59.207832 34.384224 0.000000 2.661020 1.253876 1.977604 3.410810 6.321563 0.200000
92 59.144108 34.336117 0.000000 2.266723 1.268094 2.023211 3.542667 6.691880 0.202786
93 58.681820 34.140472 0.000000 2.158065 1.309952 2.175318 4.018089 8.117846 0.332201
94 58.686157 33.683537 0.000000 1.906182 1.322783 2.178292 3.915473 7.527915 0.297531
95 58.831127 33.369045 0.000000 2.039562 1.309528 2.147675 3.867248 7.508257 0.209979
96 58.564903 33.671852 0.000000 1.699238 1.288938 2.077749 3.654271 6.878194 0.166667
