%% Trajectory 48
%% frame x (pixel)     y (pixel)    z (pixel)      m0         m1           m2           m3           m4           s 
152 54.799145 32.332096 0.000000 1.731043 1.247935 1.976174 3.440379 6.476575 0.250000
153 54.139172 32.692604 0.000000 1.952271 1.265951 2.022478 3.557775 6.780019 0.250000
154 54.195984 32.917782 0.000000 1.950576 1.358245 2.323364 4.406037 9.083986 0.250000
155 54.068394 32.658119 0.000000 1.707527 1.342972 2.333600 4.578098 9.927514 0.250000
156 53.969395 32.931129 0.000000 2.079068 1.382197 2.423633 4.735448 10.087253 0.250000
157 53.811359 33.018120 0.000000 2.255982 1.409947 2.501958 4.924211 10.507649 0.250000
158 53.642895 33.307423 0.000000 1.600106 1.345490 2.269771 4.224831 8.508005 0.250000
159 53.417522 33.067093 0.000000 2.155647 1.314947 2.175385 3.956748 7.761529 0.250002
160 52.922230 33.199860 0.000000 2.004052 1.300407 2.125848 3.817611 7.392285 0.250000
161 52.537674 33.411976 0.000000 1.669832 1.305154 2.148940 3.908459 7.717072 0.333333
162 52.260857 33.517406 0.000000 1.762555 1.435075 2.530272 4.878761 10.069353 0.250000
163 52.429680 33.746159 0.000000 1.275615 1.446105 2.611070 5.247929 11.477179 0.305915
164 52.679646 33.731117 0.000000 1.432276 1.563046 2.989839 6.260947 14.008559 0.285778
165 52.585667 33.765717 0.000000 1.015226 1.412814 2.518632 4.998115 10.773950 0.400056
167 52.275921 34.378654 0.000000 0.799334 1.509559 2.901654 6.236498 14.567539 0.167307
169 51.495930 34.043224 0.000000 0.730855 1.425725 2.632144 5.434550 12.208095 0.168992
%% Trajectory 48
%% frame x (pixel)     y (pixel)    z (pixel)      m0         m1           m2           m3           m4           s 
152 54.799145 32.332096 0.000000 1.731043 1.247935 1.976174 3.440379 6.476575 0.250000
153 54.139172 32.692604 0.000000 1.952271 1.265951 2.022478 3.557775 6.780019 0.250000
154 54.195984 32.917782 0.000000 1.950576 1.358245 2.323364 4.406037 9.083986 0.250000
155 54.068394 32.658119 0.000000 1.707527 1.342972 2.333600 4.578098 9.927514 0.250000
156 53.969395 32.931129 0.000000 2.079068 1.382197 2.423633 4.735448 10.087253 0.250000
157 53.811359 33.018120 0.000000 2.255982 1.409947 2.501958 4.924211 10.507649 0.250000
158 53.642895 33.307423 0.000000 1.600106 1.345490 2.269771 4.224831 8.508005 0.250000
159 53.417522 33.067093 0.000000 2.155647 1.314947 2.175385 3.956748 7.761529 0.250002
160 52.922230 33.199860 0.000000 2.004052 1.300407 2.125848 3.817611 7.392285 0.250000
161 52.537674 33.411976 0.000000 1.669832 1.305154 2.148940 3.908459 7.717072 0.333333
162 52.260857 33.517406 0.000000 1.762555 1.435075 2.530272 4.878761 10.069353 0.250000
163 52.429680 33.746159 0.000000 1.275615 1.446105 2.611070 5.247929 11.477179 0.305915
164 52.679646 33.731117 0.000000 1.432276 1.563046 2.989839 6.260947 14.008559 0.285778
165 52.585667 33.765717 0.000000 1.015226 1.412814 2.518632 4.998115 10.773950 0.400056
167 52.275921 34.378654 0.000000 0.799334 1.509559 2.901654 6.236498 14.567539 0.167307
169 51.495930 34.043224 0.000000 0.730855 1.425725 2.632144 5.434550 12.208095 0.168992
