%% Trajectory 19
%% frame x (pixel)     y (pixel)    z (pixel)      m0         m1           m2           m3           m4           s 
46 53.272362 48.821514 0.000000 1.359181 1.295027 2.117247 3.800906 7.353672 0.250079
47 52.917473 48.867355 0.000000 1.401310 1.354701 2.339472 4.499473 9.440684 0.288828
48 53.064632 48.697784 0.000000 1.758246 1.368285 2.344808 4.439400 9.103018 0.250055
49 53.068005 48.661850 0.000000 1.775060 1.295913 2.109567 3.761780 7.210597 0.250574
50 53.227509 48.569160 0.000000 1.709896 1.329659 2.206193 4.006495 7.808442 0.297112
51 53.129932 48.771881 0.000000 1.657007 1.323759 2.196985 4.022125 7.978605 0.253538
52 52.816509 48.769829 0.000000 2.082121 1.347121 2.273627 4.217345 8.423307 0.250014
53 53.092350 49.028244 0.000000 1.926013 1.394844 2.462342 4.843492 10.382772 0.250152
54 52.735283 48.707233 0.000000 2.065111 1.311040 2.147978 3.850163 7.405500 0.315022
55 53.106743 48.605728 0.000000 2.168701 1.297014 2.117771 3.799270 7.354434 0.250823
56 53.260639 48.780773 0.000000 2.291291 1.291447 2.105478 3.786591 7.384721 0.250087
57 53.250980 48.591526 0.000000 2.488157 1.345448 2.271167 4.223895 8.486762 0.250401
58 53.124508 48.623249 0.000000 2.869129 1.303636 2.128190 3.814324 7.370820 0.250000
59 52.917683 48.630707 0.000000 2.637484 1.346813 2.293636 4.335670 8.924269 0.250000
60 53.080212 48.559174 0.000000 2.696741 1.348632 2.288109 4.299372 8.782884 0.253918
61 53.070759 48.520897 0.000000 2.755730 1.300483 2.135170 3.861651 7.557608 0.290018
62 52.933167 48.551216 0.000000 3.283648 1.334184 2.231062 4.100612 8.122119 0.250130
63 53.139858 48.537426 0.000000 3.368939 1.351470 2.284697 4.255594 8.569669 0.250000
64 53.055038 48.301617 0.000000 3.878549 1.391512 2.427480 4.690494 9.837601 0.250000
65 52.947376 48.338734 0.000000 3.828794 1.403268 2.465393 4.792063 10.086535 0.333333
66 53.112064 48.281494 0.000000 4.131511 1.408754 2.481950 4.836354 10.209509 0.333333
67 53.212296 48.270065 0.000000 4.282986 1.382010 2.388983 4.564415 9.450943 0.333333
68 53.036518 48.238392 0.000000 4.633279 1.438601 2.591021 5.178274 11.230861 0.333333
69 53.046227 48.026993 0.000000 4.825994 1.458795 2.663385 5.401956 11.889583 0.333333
70 53.003220 48.071213 0.000000 5.487660 1.504913 2.832534 5.923933 13.423784 0.501956
71 52.947132 48.011063 0.000000 4.930519 1.497739 2.801088 5.808906 13.033439 0.500000
73 53.089943 47.678413 0.000000 6.735123 1.530123 2.901348 6.087397 13.791264 0.500134
74 52.850712 47.550419 0.000000 6.874808 1.521570 2.858018 5.924481 13.237728 0.500034
75 52.862297 47.389030 0.000000 7.579042 1.461942 2.664900 5.378841 11.749924 0.500000
76 52.956730 47.154324 0.000000 7.605984 1.481337 2.722385 5.524586 12.094930 0.500000
77 52.961292 46.856461 0.000000 7.231838 1.488406 2.746485 5.597670 12.310478 0.500000
78 52.788845 47.102413 0.000000 7.831511 1.439923 2.588472 5.152756 11.109778 0.500000
79 52.670834 47.060577 0.000000 8.022238 1.463227 2.667327 5.385549 11.774608 0.500000
80 52.499813 46.794518 0.000000 7.850501 1.421924 2.504689 4.852906 10.132115 0.333333
81 52.366215 46.805462 0.000000 7.833548 1.452380 2.612937 5.184927 11.108771 0.250000
82 52.213238 46.667454 0.000000 7.909318 1.430517 2.549688 5.020160 10.689097 0.250000
83 51.973347 46.641109 0.000000 7.802687 1.464786 2.663372 5.343666 11.563483 0.250000
84 51.686462 46.576927 0.000000 7.332968 1.493882 2.761918 5.641694 12.445464 0.250000
85 51.455280 46.530460 0.000000 6.927002 1.491568 2.769840 5.713133 12.787066 0.333333
86 51.145168 46.495125 0.000000 6.743100 1.525997 2.881886 6.019851 13.578950 0.250000
87 50.953159 46.398010 0.000000 5.882348 1.515711 2.852194 5.931844 13.300318 0.250000
88 50.858391 46.738052 0.000000 5.683740 1.449949 2.621364 5.245204 11.355215 0.250000
89 50.528049 46.946724 0.000000 5.123464 1.448264 2.632938 5.321160 11.678875 0.250000
90 50.709602 47.360863 0.000000 4.982272 1.387229 2.417978 4.668235 9.773361 0.250000
92 50.634113 46.470165 0.000000 2.874754 1.476120 2.678510 5.334073 11.396564 0.333333
