%% Trajectory 29
%% frame x (pixel)     y (pixel)    z (pixel)      m0         m1           m2           m3           m4           s 
119 34.390560 37.512154 0.000000 1.547716 1.300876 2.107654 3.732630 7.091329 0.250569
120 34.634914 37.510677 0.000000 1.662977 1.285351 2.063090 3.616366 6.793612 0.200003
121 34.325893 37.338768 0.000000 1.590026 1.290696 2.083607 3.692137 7.058185 0.210759
122 34.500973 37.614773 0.000000 2.231010 1.341772 2.251448 4.162670 8.319369 0.264980
123 34.535999 37.621464 0.000000 2.244326 1.300273 2.115819 3.777025 7.264223 0.260139
124 34.557919 37.703476 0.000000 2.122231 1.313097 2.153700 3.866503 7.454319 0.200000
125 34.637138 37.708115 0.000000 2.380090 1.329313 2.200334 3.986511 7.751307 0.333336
126 34.569016 37.614994 0.000000 2.085970 1.332747 2.220142 4.063960 8.022574 0.333339
127 34.230419 37.688694 0.000000 2.613727 1.311254 2.155321 3.897723 7.617321 0.260224
128 34.297733 37.650051 0.000000 2.468289 1.325352 2.202341 4.017278 7.891443 0.281801
129 34.440571 37.745937 0.000000 2.446388 1.314320 2.169170 3.940408 7.735491 0.480674
130 34.271221 37.763790 0.000000 2.409075 1.352099 2.293087 4.290275 8.687719 0.423086
131 34.245834 37.496647 0.000000 2.893346 1.310171 2.150623 3.871773 7.500968 0.333333
132 34.501625 37.647945 0.000000 3.313917 1.305221 2.131347 3.810055 7.315391 0.333333
133 34.250252 37.779221 0.000000 2.881414 1.343280 2.250115 4.138240 8.197610 0.577991
134 34.415520 37.777184 0.000000 3.116873 1.286281 2.075852 3.672849 6.997911 0.372456
135 34.394306 37.889587 0.000000 2.791313 1.288247 2.091568 3.735766 7.213743 0.571802
136 34.607609 37.902393 0.000000 3.124003 1.290959 2.094009 3.714226 7.064400 0.333536
137 34.796196 38.186131 0.000000 2.703275 1.319205 2.183664 3.963204 7.731410 0.336059
138 34.988087 38.103043 0.000000 2.600052 1.349022 2.289446 4.292930 8.713745 0.500000
139 35.217731 37.977066 0.000000 2.303133 1.306872 2.167360 3.983849 7.966094 0.333333
140 35.282852 38.041817 0.000000 2.864793 1.284087 2.082358 3.726720 7.237957 0.250063
141 35.296600 38.473206 0.000000 2.414616 1.236338 1.930438 3.296805 6.055603 0.253162
142 35.654045 38.153709 0.000000 1.900748 1.279629 2.081890 3.762069 7.434811 0.200000
143 35.486782 38.328964 0.000000 1.620025 1.250548 2.035172 3.747438 7.703754 0.250001
144 35.412033 38.788609 0.000000 1.264768 1.228724 1.921702 3.313452 6.205405 0.167891
145 35.194023 38.593681 0.000000 1.007638 1.198594 1.893198 3.385134 6.778104 0.326677
