%% Trajectory 18
%% frame x (pixel)     y (pixel)    z (pixel)      m0         m1           m2           m3           m4           s 
57 55.079891 40.858067 0.000000 0.993599 1.211523 1.861758 3.135749 5.700621 0.250000
58 55.296505 40.876499 0.000000 1.029388 1.225454 1.895480 3.208467 5.850557 0.200000
59 55.196079 41.183773 0.000000 1.047094 1.295447 2.198142 4.223886 9.011014 0.250000
60 55.345703 40.804634 0.000000 0.981230 1.176769 1.759284 2.878862 5.095433 0.200000
61 55.173367 40.725040 0.000000 1.330633 1.219526 1.878408 3.165596 5.748709 0.250019
62 55.259743 40.952038 0.000000 1.380602 1.239182 1.941785 3.330180 6.143738 0.250102
63 55.363167 41.102516 0.000000 1.297286 1.331419 2.296633 4.461487 9.557032 0.250000
64 55.263927 41.178612 0.000000 1.640743 1.336158 2.303190 4.474329 9.596174 0.250274
65 55.314999 41.153801 0.000000 1.593237 1.308735 2.211501 4.206583 8.839297 0.282225
66 55.268349 41.285660 0.000000 1.697948 1.300228 2.193573 4.188551 8.889204 0.253782
67 55.360580 41.269440 0.000000 1.737047 1.296159 2.166408 4.068516 8.438406 0.200001
68 55.299099 41.285698 0.000000 1.966185 1.323742 2.253797 4.317204 9.130859 0.167118
69 55.272873 41.322422 0.000000 1.894876 1.360551 2.363839 4.604812 9.854261 0.179279
70 55.274277 41.533810 0.000000 1.929589 1.376335 2.415057 4.756812 10.297886 0.173923
71 55.296574 41.401081 0.000000 2.077986 1.339517 2.285541 4.353443 9.084043 0.200118
72 55.312130 41.353371 0.000000 2.343307 1.313080 2.172998 3.970218 7.867953 0.166667
73 55.138073 41.220936 0.000000 2.182837 1.287386 2.081272 3.680254 6.982051 0.205516
74 55.194935 41.237068 0.000000 2.375486 1.319637 2.183620 3.965769 7.752811 0.250066
75 55.166573 41.199238 0.000000 2.490753 1.319024 2.175227 3.929956 7.628483 0.200027
76 55.242714 41.365543 0.000000 2.275972 1.276140 2.042097 3.568870 6.684930 0.333333
77 55.133774 41.218628 0.000000 2.656812 1.324255 2.190802 3.967861 7.711162 0.250000
78 55.224133 41.416485 0.000000 2.657858 1.289655 2.079161 3.658282 6.890437 0.200000
79 55.261356 41.409286 0.000000 2.498661 1.295216 2.093381 3.692082 6.969139 0.250000
80 55.172947 41.366943 0.000000 2.665196 1.304303 2.121506 3.763288 7.136243 0.200000
81 55.228573 41.317307 0.000000 2.605585 1.285655 2.066417 3.626483 6.818576 0.200000
82 55.166542 41.406166 0.000000 2.917778 1.299722 2.110179 3.748365 7.149606 0.250000
83 55.122261 41.398071 0.000000 2.861093 1.322715 2.186559 3.965782 7.743668 0.333333
84 55.083199 41.385166 0.000000 3.019014 1.323660 2.187432 3.961407 7.712121 0.250000
85 55.015690 41.378891 0.000000 3.009691 1.337716 2.242280 4.137383 8.243249 0.250000
86 55.023239 41.287605 0.000000 2.780174 1.358327 2.316991 4.363821 8.892128 0.250000
87 54.943806 41.272240 0.000000 2.772166 1.357023 2.311820 4.346369 8.839738 0.250000
88 54.920528 41.255089 0.000000 2.792945 1.355983 2.302126 4.307475 8.705564 0.250039
89 54.871731 41.116539 0.000000 2.933649 1.383237 2.394216 4.575965 9.459394 0.250000
90 54.871185 41.135227 0.000000 2.768117 1.346418 2.273045 4.227412 8.487823 0.250778
91 54.907619 41.207829 0.000000 2.951067 1.379584 2.382657 4.539253 9.344497 0.250001
92 54.525982 41.389957 0.000000 3.134152 1.317015 2.159381 3.857518 7.355887 0.250000
93 54.363396 41.529812 0.000000 2.962434 1.342953 2.239368 4.079122 7.956065 0.250000
94 54.397293 41.544266 0.000000 2.785615 1.322816 2.182996 3.939262 7.621494 0.250089
95 54.333080 41.721458 0.000000 2.723819 1.399724 2.423831 4.598310 9.360762 0.250000
96 54.171295 42.003597 0.000000 2.735327 1.427057 2.544054 5.016745 10.703430 0.250000
97 53.807301 41.817348 0.000000 2.740684 1.471948 2.670810 5.327160 11.426130 0.250000
98 53.486790 42.063850 0.000000 2.677526 1.442318 2.595987 5.167308 11.126407 0.200013
99 53.464378 42.317562 0.000000 3.057465 1.407122 2.449180 4.674915 9.582731 0.200000
100 53.439911 42.241714 0.000000 3.071894 1.467085 2.659540 5.305103 11.390260 0.200000
101 53.320389 42.319145 0.000000 2.635300 1.492990 2.747076 5.559270 12.092977 0.200000
102 53.391747 42.463585 0.000000 2.185241 1.547486 2.926914 6.081564 13.564489 0.200000
103 53.348774 42.489765 0.000000 2.349676 1.646801 3.273151 7.114073 16.506182 0.166667
104 52.690777 42.353920 0.000000 2.362606 1.679555 3.413123 7.592949 18.027908 0.166667
106 51.871994 41.092903 0.000000 1.825519 1.537006 2.942279 6.245680 14.327135 0.200000
107 52.169140 40.987274 0.000000 1.925572 1.523959 2.878171 6.015679 13.583079 0.200000
108 51.853527 41.161263 0.000000 1.835320 1.469357 2.672026 5.353198 11.550615 0.168888
109 51.716011 41.315777 0.000000 1.931676 1.474333 2.697943 5.445661 11.851110 0.200068
110 51.911907 41.498379 0.000000 1.603019 1.536534 2.918230 6.111590 13.771006 0.200000
111 51.809502 41.768188 0.000000 1.659660 1.509214 2.834074 5.898540 13.283457 0.200000
112 51.654720 41.741905 0.000000 1.592688 1.490328 2.760582 5.664545 12.585258 0.200048
113 50.898415 41.596462 0.000000 1.366071 1.508589 2.814700 5.799624 12.888675 0.200000
