%% Trajectory 6
%% frame x (pixel)     y (pixel)    z (pixel)      m0         m1           m2           m3           m4           s 
9 48.183094 30.470261 0.000000 1.188355 1.287084 2.095737 3.764269 7.331873 0.178644
11 47.894054 30.499044 0.000000 1.332893 1.323799 2.228019 4.174862 8.555287 0.171998
12 48.165794 30.352175 0.000000 1.639500 1.322430 2.206808 4.082914 8.227696 0.231683
13 47.914711 30.309326 0.000000 1.892974 1.317467 2.192121 4.037513 8.083731 0.240675
14 47.911530 30.365887 0.000000 1.729064 1.301945 2.138958 3.885522 7.666465 0.171096
15 47.774254 30.490782 0.000000 1.660422 1.348067 2.287115 4.291324 8.733172 0.356404
16 47.958382 30.420094 0.000000 1.619630 1.344551 2.289560 4.342407 8.997029 0.241054
17 47.992851 30.217657 0.000000 1.851475 1.349662 2.315048 4.426717 9.247117 0.396595
18 47.825165 30.404730 0.000000 1.932343 1.311457 2.166478 3.939488 7.738944 0.217441
19 47.950214 30.479849 0.000000 1.615409 1.308994 2.164575 3.961932 7.890229 0.345476
20 48.101421 30.313822 0.000000 2.040768 1.320015 2.184677 3.973954 7.795473 0.209368
21 47.939236 30.227688 0.000000 1.871741 1.319299 2.210759 4.124453 8.410625 0.250000
22 47.881847 30.428793 0.000000 1.990456 1.308555 2.171371 4.005971 8.080141 0.250000
23 47.919586 30.286623 0.000000 1.999333 1.314789 2.188625 4.044651 8.153277 0.250000
24 47.938038 30.173164 0.000000 2.482021 1.315886 2.194206 4.053448 8.140583 0.250000
25 47.900730 30.376362 0.000000 2.415228 1.347869 2.288005 4.299139 8.771543 0.250000
26 47.897610 30.325935 0.000000 2.599342 1.318473 2.195859 4.048010 8.108728 0.250000
27 47.802197 30.400494 0.000000 2.383289 1.301474 2.138796 3.890944 7.705854 0.250000
28 47.836075 30.469215 0.000000 2.555034 1.309106 2.163748 3.962153 7.903402 0.250000
29 48.046364 30.408937 0.000000 2.792469 1.324867 2.207167 4.059703 8.097221 0.250000
30 48.012066 30.330441 0.000000 2.772245 1.321495 2.209621 4.096837 8.268963 0.250000
31 47.917030 30.253357 0.000000 2.822766 1.308549 2.167595 3.976924 7.937802 0.250000
32 47.906441 30.317366 0.000000 2.697248 1.302609 2.142744 3.891288 7.664905 0.250000
33 47.947590 30.307953 0.000000 2.845840 1.324847 2.209378 4.071734 8.141150 0.250032
34 47.861588 30.332520 0.000000 2.852908 1.300165 2.134859 3.869507 7.605601 0.250339
35 47.829319 30.434160 0.000000 3.133271 1.288358 2.086648 3.711512 7.123406 0.278157
36 47.857342 30.368271 0.000000 2.959674 1.282948 2.070476 3.672227 7.034359 0.200004
37 48.025883 30.234268 0.000000 2.779795 1.329081 2.225230 4.118637 8.269775 0.200241
38 47.949158 30.353344 0.000000 2.917939 1.294213 2.117174 3.822225 7.481036 0.333333
39 47.828831 30.327835 0.000000 3.177782 1.305707 2.152245 3.917270 7.732192 0.250000
40 47.961060 30.375097 0.000000 3.387656 1.320122 2.204705 4.080451 8.216413 0.250000
41 48.053391 30.471218 0.000000 3.348294 1.301038 2.121892 3.795335 7.309330 0.250000
42 47.979511 30.451452 0.000000 3.143239 1.295104 2.127129 3.876747 7.711389 0.200000
43 47.921993 30.469452 0.000000 3.257604 1.300959 2.137523 3.880805 7.651123 0.333333
44 47.889263 30.447144 0.000000 3.259372 1.280907 2.070796 3.694770 7.158830 0.333333
45 47.981438 30.425440 0.000000 3.359915 1.296555 2.118266 3.813739 7.434802 0.250000
46 47.941391 30.311487 0.000000 3.438029 1.311667 2.175487 3.996855 7.988981 0.221682
47 47.835339 30.412245 0.000000 3.319063 1.272361 2.044667 3.617234 6.929680 0.250000
48 47.879082 30.295591 0.000000 3.275231 1.299708 2.132812 3.861680 7.575880 0.250000
49 47.832668 30.539062 0.000000 3.476461 1.284257 2.088042 3.754697 7.347308 0.250000
50 47.729336 30.412334 0.000000 3.339393 1.306866 2.148701 3.893047 7.636867 0.200000
51 47.598000 30.368828 0.000000 3.628153 1.273949 2.038632 3.578064 6.770080 0.200000
52 47.546719 30.394243 0.000000 3.156369 1.273871 2.043287 3.605566 6.886037 0.166667
53 47.316532 30.588772 0.000000 3.049174 1.262859 2.000190 3.462123 6.433373 0.166667
54 47.197327 30.559649 0.000000 2.960024 1.276762 2.045716 3.586143 6.754294 0.167435
55 46.810600 30.569191 0.000000 3.052812 1.273148 2.039295 3.584273 6.794779 0.166668
56 46.515907 30.625753 0.000000 3.031410 1.288580 2.080602 3.678552 6.992348 0.168943
57 46.585693 30.538231 0.000000 2.429394 1.281738 2.078202 3.723233 7.253085 0.190423
58 46.444969 30.699898 0.000000 2.681530 1.267436 2.014414 3.497827 6.516335 0.199238
59 46.368019 30.881029 0.000000 2.269346 1.293875 2.110790 3.789422 7.348948 0.292356
61 46.088097 31.346115 0.000000 2.048636 1.291670 2.083575 3.672458 6.938241 0.135114
