%% Trajectory 10
%% frame x (pixel)     y (pixel)    z (pixel)      m0         m1           m2           m3           m4           s 
38 33.602810 48.091114 0.000000 1.718979 1.311690 2.165910 3.936500 7.729245 0.166667
39 33.405071 48.175819 0.000000 1.618391 1.265520 2.015216 3.507991 6.552625 0.151999
40 33.649044 47.973026 0.000000 2.024055 1.320201 2.207313 4.092033 8.258141 0.147651
41 33.373737 47.947346 0.000000 2.070688 1.301798 2.140937 3.881590 7.617064 0.234139
42 33.501991 47.768787 0.000000 2.273991 1.318479 2.175175 3.940068 7.690404 0.180079
43 33.450191 47.916069 0.000000 2.093486 1.295831 2.117028 3.813878 7.445346 0.194363
44 33.594017 47.824081 0.000000 2.456313 1.291114 2.102319 3.769417 7.310879 0.228529
45 33.803791 47.775379 0.000000 2.616121 1.329123 2.209723 4.019514 7.833739 0.222733
46 33.560936 47.674187 0.000000 2.524908 1.260248 2.003864 3.490255 6.542382 0.234075
47 33.710499 47.722595 0.000000 2.296984 1.330289 2.218124 4.075896 8.100088 0.154981
48 33.666039 47.665543 0.000000 2.672797 1.312279 2.158761 3.895656 7.563779 0.241561
49 33.799782 47.595959 0.000000 2.614196 1.305604 2.130044 3.800984 7.276104 0.263346
50 33.880512 47.439335 0.000000 2.718580 1.345523 2.279220 4.271474 8.683122 0.253608
51 33.812099 47.639694 0.000000 2.162147 1.325178 2.206572 4.062613 8.126307 0.167051
52 34.243908 47.199944 0.000000 2.225167 1.357577 2.287305 4.209006 8.282431 0.166983
53 34.371735 47.259899 0.000000 1.998936 1.377015 2.365453 4.476058 9.140144 0.171895
54 34.413631 47.212555 0.000000 2.449860 1.324136 2.187209 3.965492 7.747410 0.210881
55 34.821423 47.029938 0.000000 2.247947 1.453474 2.650214 5.354991 11.703347 0.179845
56 35.079132 46.699543 0.000000 1.830418 1.331399 2.242802 4.190488 8.521225 0.166788
58 36.240360 47.022919 0.000000 2.234038 1.468796 2.690492 5.452303 11.941824 0.174389
