%% Trajectory 17
%% frame x (pixel)     y (pixel)    z (pixel)      m0         m1           m2           m3           m4           s 
48 49.587563 40.568123 0.000000 0.720429 1.167167 1.756835 2.944706 5.468472 0.200000
49 49.279282 40.745350 0.000000 0.940070 1.280464 2.077625 3.722406 7.242139 0.200010
50 49.508064 40.506367 0.000000 1.071760 1.234791 1.918328 3.259473 5.961307 0.200000
51 49.547905 40.868847 0.000000 1.003648 1.270094 2.031589 3.589351 6.900767 0.200430
52 49.634949 40.355751 0.000000 1.087240 1.253147 1.966974 3.376797 6.235004 0.200190
53 49.590916 40.792370 0.000000 1.114297 1.288295 2.110511 3.822850 7.518119 0.250000
54 49.355091 40.583431 0.000000 1.180203 1.204630 1.841604 3.083503 5.572766 0.166757
56 49.639477 40.538364 0.000000 1.338560 1.202115 1.827985 3.042357 5.467391 0.200000
57 49.440380 40.240475 0.000000 1.471298 1.269895 2.034470 3.582186 6.812779 0.250000
58 49.582817 40.227306 0.000000 1.494133 1.289852 2.094245 3.734544 7.180621 0.200047
59 49.328148 40.465824 0.000000 1.468355 1.230400 1.907082 3.233352 5.902148 0.200008
60 49.576557 40.288429 0.000000 1.538899 1.244700 1.958885 3.373353 6.246063 0.200000
62 49.375717 40.430496 0.000000 1.862567 1.268335 2.017484 3.506818 6.540750 0.247842
63 49.503574 40.360493 0.000000 1.927570 1.273497 2.033243 3.546186 6.632559 0.203234
64 49.472168 40.229996 0.000000 2.053512 1.258007 1.987625 3.431519 6.360527 0.287189
65 49.373241 40.366539 0.000000 1.917178 1.241982 1.943038 3.324120 6.114805 0.213126
66 49.457603 40.370506 0.000000 2.079696 1.260669 1.994565 3.448830 6.402918 0.257651
67 49.400204 40.240700 0.000000 2.453376 1.264931 2.009236 3.487633 6.496565 0.200000
68 49.387051 40.205078 0.000000 2.123311 1.254830 1.981358 3.421743 6.349967 0.231224
69 49.271156 40.303299 0.000000 2.076128 1.281667 2.075533 3.705607 7.166173 0.200025
70 49.074749 40.185474 0.000000 2.281674 1.298888 2.122788 3.812384 7.380924 0.200162
71 49.078800 40.095306 0.000000 2.397071 1.321237 2.210280 4.093717 8.230116 0.250000
72 48.881760 39.950562 0.000000 2.433682 1.299248 2.136212 3.877145 7.624192 0.200002
73 48.754868 39.844887 0.000000 2.072703 1.252424 1.989029 3.485759 6.635446 0.200000
74 48.469700 40.104752 0.000000 2.424555 1.298383 2.112249 3.762023 7.195853 0.200032
75 48.633846 39.615265 0.000000 2.370968 1.239280 1.934120 3.309145 6.112320 0.200000
76 48.202259 39.505142 0.000000 2.292500 1.301565 2.132966 3.848734 7.506135 0.250004
77 48.139648 39.364124 0.000000 2.010128 1.323594 2.208704 4.067833 8.113789 0.250017
78 48.034977 38.845734 0.000000 1.686919 1.340179 2.269849 4.264133 8.704770 0.204876
79 48.359425 39.187794 0.000000 1.677920 1.307426 2.147274 3.881141 7.580282 0.167466
