%% Trajectory 11
%% frame x (pixel)     y (pixel)    z (pixel)      m0         m1           m2           m3           m4           s 
33 58.959389 40.231419 0.000000 0.703118 1.319665 2.280084 4.477866 9.765258 0.250000
35 58.352692 40.388485 0.000000 0.974477 1.399125 2.474773 4.891320 10.578949 0.200035
37 58.178421 39.984539 0.000000 1.299249 1.526585 2.916254 6.164946 14.068137 0.200000
38 57.671299 39.889332 0.000000 1.325632 1.394368 2.451421 4.787460 10.165296 0.200474
39 57.712177 40.077023 0.000000 1.095885 1.358681 2.329483 4.445684 9.256450 0.312008
40 57.830963 40.031448 0.000000 1.286215 1.523559 2.894695 6.087243 13.803211 0.166667
41 57.358711 39.630764 0.000000 1.460235 1.567417 3.021112 6.422709 14.669253 0.166667
42 57.808777 39.787163 0.000000 1.226994 1.478045 2.728135 5.578984 12.322437 0.200012
44 56.781807 39.244583 0.000000 1.718913 1.613887 3.198765 6.990025 16.400211 0.200000
45 56.903610 39.184330 0.000000 1.935062 1.529177 2.913487 6.155670 14.051631 0.166667
46 56.364113 39.376221 0.000000 2.148008 1.466774 2.675491 5.393281 11.736509 0.166667
47 56.716805 39.681652 0.000000 2.158936 1.481297 2.710122 5.465997 11.878428 0.200015
48 56.344902 39.634548 0.000000 2.059589 1.487962 2.756505 5.649168 12.508420 0.250000
49 56.233894 39.909775 0.000000 2.203297 1.495765 2.765347 5.628588 12.316342 0.250000
50 56.070271 40.135113 0.000000 1.931343 1.553736 2.991279 6.376148 14.672150 0.250000
51 55.772968 39.833080 0.000000 2.239054 1.412359 2.499868 4.902009 10.411386 0.253841
52 55.758533 40.314095 0.000000 2.235795 1.394912 2.424967 4.655240 9.676523 0.336812
53 55.743023 40.821209 0.000000 2.400865 1.393324 2.431135 4.692019 9.809924 0.200678
54 55.470001 41.114433 0.000000 2.211882 1.511235 2.825001 5.827180 12.955461 0.200001
56 55.498829 42.385635 0.000000 1.368843 1.499348 2.852089 6.086686 14.179170 0.187065
