%% Trajectory 6
%% frame x (pixel)     y (pixel)    z (pixel)      m0         m1           m2           m3           m4           s 
4 20.619894 49.702827 0.000000 2.003892 1.319476 2.193621 4.031349 8.034259 0.168037
5 20.562969 49.646667 0.000000 2.489981 1.281314 2.069487 3.680056 7.081725 0.200605
6 20.527136 49.546970 0.000000 2.534926 1.304171 2.132939 3.832878 7.432333 0.293080
7 20.501461 49.683434 0.000000 3.167140 1.301516 2.127337 3.821462 7.408822 0.200209
8 20.440231 49.612015 0.000000 2.912716 1.304098 2.143776 3.889542 7.654665 0.473747
9 20.574329 49.724407 0.000000 3.076756 1.300310 2.142920 3.915350 7.799392 0.251044
10 20.460379 49.476101 0.000000 2.985647 1.295504 2.109927 3.771323 7.264340 0.355369
11 20.572260 49.471626 0.000000 3.112421 1.318270 2.199748 4.074579 8.233294 0.265338
12 20.561459 49.512566 0.000000 3.131662 1.326901 2.225982 4.138929 8.377880 0.415183
13 20.431221 49.507111 0.000000 3.378933 1.285802 2.067927 3.630486 6.826025 0.309306
14 20.391642 49.461369 0.000000 3.509096 1.294667 2.092418 3.690078 6.964240 0.250000
15 20.367584 49.501423 0.000000 3.932233 1.297502 2.102596 3.720787 7.053211 0.250000
16 20.361603 49.439278 0.000000 3.735326 1.287663 2.073129 3.643617 6.857619 0.250000
17 20.496342 49.517326 0.000000 3.649284 1.309639 2.135576 3.796107 7.209476 0.250000
18 20.406017 49.548195 0.000000 4.077060 1.300470 2.108532 3.728818 7.052630 0.250003
19 20.486191 49.600403 0.000000 4.135934 1.300987 2.111649 3.738222 7.076411 0.250000
20 20.426441 49.533031 0.000000 4.614314 1.301233 2.114109 3.748269 7.110574 0.250021
21 20.387417 49.501377 0.000000 4.659534 1.320950 2.168266 3.876740 7.396859 0.250001
22 20.359715 49.442719 0.000000 4.791879 1.302956 2.118605 3.756957 7.122143 0.250130
23 20.424458 49.509399 0.000000 4.989587 1.319338 2.168199 3.893584 7.492568 0.268955
24 20.337973 49.409645 0.000000 4.915456 1.339996 2.231441 4.058708 7.901827 0.200015
25 20.420816 49.380848 0.000000 5.060856 1.321687 2.175077 3.906336 7.504350 0.200000
26 20.462101 49.320206 0.000000 5.126688 1.339380 2.237109 4.096257 8.064422 0.200000
27 20.412512 49.313347 0.000000 4.812099 1.350912 2.271348 4.184698 8.282070 0.200012
28 20.621347 49.262501 0.000000 5.162807 1.337878 2.229095 4.066521 7.961346 0.200000
29 20.700533 49.188236 0.000000 5.178879 1.376630 2.368054 4.489496 9.190862 0.200000
30 20.784445 49.143562 0.000000 5.304837 1.412462 2.489416 4.842905 10.178763 0.200000
31 21.015154 49.000187 0.000000 5.182208 1.460372 2.667866 5.400108 11.828941 0.250000
32 21.091011 48.880508 0.000000 5.396739 1.424341 2.529396 4.956128 10.484776 0.250000
33 21.334072 48.951424 0.000000 4.671224 1.430731 2.547163 5.003089 10.609228 0.428842
34 21.277983 48.714622 0.000000 5.068020 1.404968 2.449757 4.698247 9.711826 0.255572
35 21.331610 48.797699 0.000000 4.902635 1.371919 2.340894 4.385460 8.842048 0.260727
36 21.606096 48.853523 0.000000 4.804673 1.429067 2.540462 4.981493 10.545555 0.250000
38 22.164192 48.655312 0.000000 3.494760 1.424681 2.538284 5.019952 10.789946 0.205418
39 22.168726 48.429451 0.000000 3.683517 1.470293 2.698060 5.497959 12.156711 0.200125
41 21.604002 48.304680 0.000000 2.652407 1.576888 3.060002 6.557670 15.139826 0.200016
42 21.373583 48.188042 0.000000 2.525067 1.539467 2.921098 6.117522 13.807881 0.200001
43 21.379301 47.710541 0.000000 2.462599 1.535493 2.925177 6.165357 14.024354 0.200003
46 22.025742 47.802597 0.000000 2.440123 1.525351 2.875496 5.985636 13.433291 0.250000
47 21.518421 48.065575 0.000000 2.487803 1.520487 2.856278 5.937588 13.338274 0.250002
48 21.916759 48.013451 0.000000 2.077327 1.567403 3.056532 6.602381 15.387547 0.250000
