%% Trajectory 4
%% frame x (pixel)     y (pixel)    z (pixel)      m0         m1           m2           m3           m4           s 
6 33.391445 59.203526 0.000000 0.912102 1.280944 2.086510 3.751173 7.317032 0.215657
7 33.776672 59.512344 0.000000 0.807734 1.201806 1.882133 3.298537 6.398159 0.200000
9 33.375221 58.615433 0.000000 1.057954 1.464733 2.712786 5.620746 12.703747 0.139215
10 33.354713 58.974453 0.000000 1.032372 1.262212 2.040884 3.658469 7.140434 0.200005
11 33.391453 58.792625 0.000000 1.036122 1.481322 2.747582 5.675950 12.735651 0.250003
12 33.554394 58.339283 0.000000 1.524225 1.412024 2.501490 4.928005 10.572517 0.250052
14 33.658581 58.553387 0.000000 1.557072 1.325169 2.230713 4.168407 8.486592 0.200000
15 33.764591 58.978619 0.000000 1.471894 1.326908 2.245375 4.228458 8.695831 0.200000
16 33.667526 58.646408 0.000000 1.792434 1.399005 2.466130 4.834735 10.319878 0.200000
17 33.601116 58.700428 0.000000 1.825565 1.310492 2.175586 4.012523 8.081106 0.250000
18 33.512211 58.636040 0.000000 2.062344 1.286248 2.089264 3.745376 7.290274 0.333333
20 34.061630 58.635662 0.000000 1.683063 1.298614 2.157106 3.978156 7.998084 0.250000
21 34.046597 58.422997 0.000000 1.894573 1.338303 2.268263 4.271369 8.769386 0.200000
23 33.913132 57.754601 0.000000 2.352810 1.419003 2.539150 5.060658 10.987201 0.250000
24 34.108643 57.437363 0.000000 2.267648 1.497432 2.796403 5.794960 13.004556 0.246282
25 33.699333 57.437984 0.000000 1.771683 1.469160 2.689763 5.447272 11.929273 0.250008
26 33.735474 57.607082 0.000000 1.788458 1.382298 2.384796 4.542562 9.370775 0.272908
29 33.272865 56.266361 0.000000 1.187633 1.466331 2.702280 5.514660 12.164581 0.277918
