%% Trajectory 36
%% frame x (pixel)     y (pixel)    z (pixel)      m0         m1           m2           m3           m4           s 
132 51.243446 37.325592 0.000000 2.178240 1.408586 2.507811 4.971390 10.731160 0.185491
134 51.083664 37.389736 0.000000 2.182858 1.388599 2.419238 4.665160 9.747414 0.166667
135 51.635399 37.384590 0.000000 2.246945 1.385073 2.395226 4.575304 9.461944 0.326535
136 51.361862 37.546539 0.000000 2.246012 1.470161 2.672681 5.354667 11.565434 0.189129
137 51.381435 37.375061 0.000000 2.467990 1.370396 2.364187 4.530204 9.450455 0.167555
138 51.394817 37.387508 0.000000 2.683455 1.390219 2.426696 4.699817 9.896295 0.227525
140 50.709835 36.971058 0.000000 2.799592 1.537102 2.934926 6.201320 14.131500 0.200004
141 50.342491 36.729858 0.000000 3.051078 1.509011 2.806555 5.748375 12.671215 0.244161
142 50.402718 36.936958 0.000000 3.080340 1.398947 2.441774 4.704789 9.798404 0.394509
143 49.779427 36.850822 0.000000 2.985617 1.487199 2.735944 5.557401 12.191369 0.200038
144 50.358109 36.860180 0.000000 2.681314 1.459749 2.646682 5.308887 11.522277 0.200000
145 50.186256 36.740906 0.000000 2.709148 1.437858 2.562165 5.039200 10.703920 0.250000
146 50.154972 37.005650 0.000000 2.864354 1.475054 2.714423 5.516999 12.087675 0.250022
147 49.781918 37.139576 0.000000 3.059510 1.370244 2.349418 4.446587 9.106962 0.200006
148 49.657131 37.542522 0.000000 2.624472 1.369880 2.326359 4.322718 8.610234 0.250000
149 49.400265 37.339630 0.000000 2.426627 1.417271 2.512880 4.936754 10.525969 0.250000
