%% Trajectory 22
%% frame x (pixel)     y (pixel)    z (pixel)      m0         m1           m2           m3           m4           s 
108 27.911398 47.289494 0.000000 1.615853 1.267687 2.037792 3.614777 6.956447 0.250000
111 27.846590 47.163315 0.000000 1.889291 1.293311 2.103659 3.762168 7.261435 0.250000
112 27.955616 47.337833 0.000000 1.981999 1.315046 2.194163 4.070122 8.241045 0.250000
113 27.550552 47.214554 0.000000 1.848552 1.253502 1.982010 3.428154 6.371130 0.250000
114 27.692955 47.245228 0.000000 2.071353 1.285910 2.090417 3.745260 7.264547 0.250000
115 27.705637 47.164562 0.000000 1.965535 1.333571 2.234630 4.132761 8.270122 0.250000
116 27.651953 47.180447 0.000000 1.873869 1.305251 2.158769 3.952292 7.859172 0.250000
117 27.579872 47.214550 0.000000 2.040410 1.306715 2.157349 3.926468 7.728449 0.250000
118 27.584198 47.205650 0.000000 2.009575 1.278478 2.054092 3.615418 6.843956 0.250000
119 27.817451 46.989838 0.000000 2.221548 1.356321 2.316984 4.375040 8.940310 0.250000
120 27.882780 47.129738 0.000000 2.015909 1.358549 2.335173 4.461104 9.275330 0.250000
121 27.581163 47.163048 0.000000 1.841017 1.262590 2.014773 3.535352 6.704237 0.250000
122 27.728609 47.181545 0.000000 1.787546 1.267988 2.035938 3.596447 6.866956 0.250000
123 27.772480 47.181129 0.000000 2.090042 1.296976 2.121077 3.827211 7.481590 0.251295
124 27.629177 47.289368 0.000000 1.994213 1.272468 2.046361 3.628764 6.976347 0.218076
125 27.657242 47.169575 0.000000 1.749348 1.272127 2.039944 3.590033 6.810528 0.250000
126 27.755360 47.212124 0.000000 2.153531 1.308864 2.160025 3.929410 7.731231 0.250020
127 27.730188 47.208530 0.000000 2.047014 1.291895 2.095295 3.731295 7.163739 0.328953
128 27.764866 46.989822 0.000000 1.767965 1.360658 2.344288 4.482454 9.304460 0.291880
129 27.615412 47.285736 0.000000 1.765434 1.302894 2.139127 3.883648 7.660509 0.261413
130 27.750389 47.339920 0.000000 1.921686 1.316707 2.182132 3.984522 7.863145 0.214768
131 27.941595 47.112507 0.000000 1.802907 1.333033 2.258573 4.251529 8.708722 0.187956
132 27.764345 47.209866 0.000000 2.166870 1.296106 2.124133 3.843000 7.535295 0.328054
133 27.865751 47.250954 0.000000 1.894063 1.298366 2.125848 3.839997 7.514263 0.198357
134 27.830038 47.108349 0.000000 2.228338 1.351054 2.303516 4.346765 8.888841 0.175489
135 27.837236 47.101364 0.000000 2.200900 1.339257 2.275269 4.284255 8.755193 0.266738
136 27.677540 47.050014 0.000000 2.228802 1.316926 2.191315 4.028698 8.024931 0.223128
137 27.868103 47.329273 0.000000 2.499468 1.322148 2.206500 4.070469 8.139999 0.200281
138 27.895214 47.226856 0.000000 2.718765 1.304166 2.142521 3.880480 7.605482 0.250128
139 27.869860 47.224163 0.000000 2.492052 1.311074 2.158415 3.907860 7.634118 0.202018
140 27.908281 47.222244 0.000000 2.345456 1.319458 2.197379 4.048832 8.094728 0.232202
141 27.819691 47.180710 0.000000 1.980014 1.364835 2.339089 4.425713 9.050442 0.200075
142 27.698856 47.356800 0.000000 2.346226 1.282680 2.069428 3.659100 6.960397 0.356634
143 27.921808 47.167610 0.000000 2.728152 1.350390 2.288925 4.267104 8.567492 0.209318
144 27.786224 47.093933 0.000000 2.609705 1.325768 2.208243 4.048444 8.009286 0.200011
145 27.867537 47.306400 0.000000 2.633433 1.378823 2.392790 4.603140 9.613472 0.200187
146 27.901876 47.124123 0.000000 3.138355 1.377596 2.382823 4.558744 9.443956 0.200000
147 28.032480 47.123623 0.000000 2.923959 1.384797 2.413955 4.660957 9.750568 0.200029
148 28.086096 46.965725 0.000000 3.241655 1.397802 2.451039 4.762134 10.032610 0.200000
149 27.974026 47.138279 0.000000 3.553277 1.367893 2.352919 4.473165 9.203037 0.250000
150 27.842535 47.136642 0.000000 3.230662 1.398523 2.454679 4.765165 10.008284 0.250054
151 27.882557 46.816986 0.000000 3.381645 1.363134 2.326961 4.375113 8.879167 0.251514
152 28.043268 46.770973 0.000000 3.316254 1.372228 2.358357 4.465382 9.118284 0.250000
153 28.184166 46.574451 0.000000 3.387320 1.336155 2.238020 4.121329 8.180473 0.250742
154 28.206409 46.519642 0.000000 3.527296 1.370808 2.342020 4.396317 8.883677 0.250000
155 28.563379 46.480396 0.000000 3.591426 1.306817 2.128740 3.785050 7.202844 0.250000
156 28.778578 46.201439 0.000000 3.348256 1.366831 2.337513 4.405326 8.965423 0.250273
157 28.728550 46.247616 0.000000 3.390079 1.368167 2.341552 4.413067 8.972824 0.250143
158 28.952135 46.490990 0.000000 3.411423 1.391615 2.421238 4.644481 9.617393 0.250033
159 29.159246 46.368900 0.000000 3.387396 1.331952 2.224429 4.082961 8.078471 0.269826
160 29.308134 46.235310 0.000000 3.366892 1.348461 2.263661 4.158737 8.193391 0.282983
161 29.297983 46.090878 0.000000 2.951413 1.362736 2.316353 4.318954 8.655354 0.259555
162 29.520472 45.476151 0.000000 2.707575 1.394219 2.404920 4.543854 9.214865 0.250011
163 29.628710 45.353237 0.000000 2.528157 1.414960 2.483512 4.789315 9.937308 0.200000
164 29.262751 45.351353 0.000000 2.155298 1.387190 2.405332 4.594884 9.467426 0.200001
165 29.596771 45.307213 0.000000 2.214510 1.427950 2.508806 4.824733 9.942751 0.200005
