%% Trajectory 38
%% frame x (pixel)     y (pixel)    z (pixel)      m0         m1           m2           m3           m4           s 
197 33.501736 22.096161 0.000000 1.758711 1.448008 2.644621 5.380346 11.910050 0.200000
198 33.688377 21.954170 0.000000 1.636582 1.349285 2.304843 4.397885 9.192799 0.200190
199 33.757912 21.557802 0.000000 1.529804 1.385792 2.426376 4.730752 10.048301 0.194703
200 33.719273 21.680374 0.000000 1.490694 1.348962 2.351880 4.629166 10.068154 0.169627
202 33.532440 21.954258 0.000000 2.143382 1.345421 2.287063 4.309689 8.824005 0.193745
203 33.715298 21.812798 0.000000 2.791997 1.363538 2.334283 4.433029 9.156410 0.250485
204 33.518436 21.910528 0.000000 3.123376 1.306731 2.141779 3.845747 7.419095 0.166667
206 33.786789 21.886253 0.000000 3.981793 1.328212 2.229732 4.145625 8.372993 0.172627
207 33.864681 21.762829 0.000000 3.662681 1.354090 2.317527 4.402395 9.098845 0.142857
208 33.610317 21.925949 0.000000 4.246301 1.307069 2.155619 3.911225 7.659223 0.170884
209 33.835762 21.924667 0.000000 4.841144 1.378171 2.383892 4.558482 9.436001 0.200000
210 33.832912 21.934019 0.000000 4.205727 1.340381 2.263898 4.225515 8.544077 0.200000
211 33.562550 21.870502 0.000000 4.448666 1.287559 2.081743 3.689721 7.040287 0.142857
212 33.671276 22.176531 0.000000 4.641138 1.348722 2.272529 4.206019 8.384721 0.200000
213 33.603138 22.120131 0.000000 5.458570 1.356938 2.299692 4.276900 8.552260 0.200000
214 33.664009 22.311457 0.000000 4.826915 1.332534 2.218437 4.042089 7.897392 0.166667
215 33.665035 22.380848 0.000000 5.385433 1.321791 2.181247 3.939762 7.635490 0.250000
216 33.733292 22.711250 0.000000 5.591578 1.376615 2.374717 4.528356 9.353506 0.250000
217 33.785126 22.938248 0.000000 5.783928 1.412101 2.496418 4.886050 10.354949 0.333333
218 33.670815 22.848341 0.000000 4.870121 1.357398 2.308826 4.326667 8.757263 0.333333
219 33.652660 22.829927 0.000000 4.692773 1.329972 2.226284 4.106207 8.183270 0.333333
220 33.703030 23.082279 0.000000 4.686221 1.408479 2.480086 4.824247 10.145235 0.333333
221 33.486618 23.490419 0.000000 4.899197 1.384786 2.376126 4.469042 9.031539 0.333333
223 33.537102 24.081966 0.000000 3.084698 1.417023 2.535283 5.065115 11.046777 0.250346
226 33.995392 25.769360 0.000000 1.876735 1.405149 2.506043 4.966972 10.691957 0.250000
