%% Trajectory 40
%% frame x (pixel)     y (pixel)    z (pixel)      m0         m1           m2           m3           m4           s 
158 50.853245 19.931028 0.000000 0.676987 1.399164 2.459569 4.792180 10.129486 0.284612
160 51.460197 19.828323 0.000000 0.760263 1.410285 2.484556 4.847934 10.247672 0.166696
162 52.025089 20.504425 0.000000 0.780299 1.483638 2.788718 5.836545 13.258501 0.211496
164 52.121017 20.501610 0.000000 0.743776 1.418211 2.550391 5.140735 11.332445 0.469898
166 52.008316 19.979595 0.000000 0.591902 1.411631 2.551277 5.140995 11.265051 0.309731
167 52.029438 20.499075 0.000000 0.587242 1.471277 2.740571 5.714320 12.985963 0.351150
169 52.124809 20.778076 0.000000 0.758045 1.521354 2.876970 6.045115 13.763462 0.351677
171 52.225121 19.954220 0.000000 0.686951 1.428429 2.565057 5.146421 11.274204 0.322877
173 51.392208 21.216652 0.000000 0.787081 1.425889 2.589049 5.288463 11.852726 0.251849
175 51.834412 21.044319 0.000000 1.315368 1.428838 2.582699 5.193591 11.347853 0.143201
176 51.853043 20.318819 0.000000 1.346445 1.453533 2.624133 5.240913 11.322337 0.201038
177 51.668121 20.712645 0.000000 1.096240 1.373417 2.354022 4.439754 9.019941 0.197864
179 51.388912 20.629770 0.000000 1.492958 1.328689 2.205033 4.008790 7.829062 0.166667
180 51.793335 20.661640 0.000000 1.862371 1.406569 2.446125 4.674905 9.621734 0.333333
181 51.997307 20.749727 0.000000 2.076815 1.449481 2.639480 5.335683 11.691050 0.333333
182 51.542130 20.654272 0.000000 1.626930 1.318856 2.182100 3.967504 7.780605 0.254476
183 51.806694 20.672750 0.000000 1.681323 1.372838 2.347331 4.413771 8.947360 0.443539
184 51.666409 20.733620 0.000000 2.029420 1.326877 2.203590 4.024371 7.936442 0.250015
185 51.968956 20.892597 0.000000 1.876940 1.377412 2.386333 4.570517 9.472877 0.333551
186 51.652424 20.764933 0.000000 2.020284 1.396729 2.432109 4.668092 9.677863 0.333334
187 51.696304 20.694780 0.000000 2.329653 1.364559 2.298613 4.211613 8.219948 0.250147
188 51.788006 20.785664 0.000000 2.698581 1.393960 2.428805 4.672244 9.720061 0.333333
189 51.574894 21.052839 0.000000 2.213811 1.468056 2.672787 5.357334 11.553609 0.333489
190 51.707325 20.763752 0.000000 2.715727 1.456631 2.632864 5.264385 11.396248 0.333333
191 51.784325 20.875277 0.000000 3.079410 1.430767 2.565945 5.105635 11.025864 0.333334
192 51.795635 21.019669 0.000000 2.787482 1.392705 2.439463 4.725011 9.903601 0.250177
193 51.758110 20.796057 0.000000 3.366451 1.414416 2.496464 4.866309 10.257567 0.250000
194 51.764000 20.675552 0.000000 2.985767 1.363948 2.302268 4.251045 8.416458 0.388573
195 51.604321 20.803286 0.000000 3.212451 1.361871 2.315505 4.328980 8.725572 0.386562
196 51.532143 20.862429 0.000000 3.205202 1.346429 2.271126 4.214878 8.441121 0.344602
197 51.365475 20.808659 0.000000 3.587185 1.422124 2.511378 4.892147 10.291094 0.334275
198 51.413326 21.055408 0.000000 3.487025 1.406224 2.463711 4.753813 9.887003 0.333333
199 51.405632 21.171471 0.000000 3.729731 1.413191 2.480831 4.787040 9.938203 0.333333
200 51.864101 21.041048 0.000000 3.603049 1.445803 2.621152 5.264969 11.449164 0.333333
201 51.888802 21.645582 0.000000 3.815371 1.438815 2.571005 5.067204 10.776448 0.333333
202 51.770111 21.601540 0.000000 3.670705 1.431329 2.531219 4.913963 10.250246 0.333333
203 51.758644 21.629417 0.000000 3.711563 1.431624 2.549077 5.012060 10.650327 0.333333
204 51.502411 21.857195 0.000000 3.312698 1.467996 2.673012 5.359442 11.566721 0.333336
205 51.420273 22.244698 0.000000 3.167894 1.395538 2.432783 4.678373 9.722769 0.337062
206 51.537560 22.081635 0.000000 3.017485 1.433784 2.565321 5.076987 10.872711 0.333418
207 51.878525 22.701187 0.000000 3.278161 1.482641 2.721131 5.513546 12.057893 0.250000
208 51.543919 22.812548 0.000000 2.742485 1.473774 2.680043 5.366703 11.576442 0.333333
210 51.345085 23.407099 0.000000 1.184394 1.447987 2.644437 5.389541 11.980011 0.200257
211 51.676067 23.968231 0.000000 1.291794 1.426746 2.534835 4.966148 10.501123 0.167393
