%% Trajectory 23
%% frame x (pixel)     y (pixel)    z (pixel)      m0         m1           m2           m3           m4           s 
160 58.061993 18.330173 0.000000 1.901531 1.266473 2.100883 3.937918 8.185694 0.200000
161 58.091141 18.417311 0.000000 2.119519 1.306338 2.167136 3.996147 8.045290 0.200000
162 58.280830 18.620287 0.000000 2.024199 1.245969 2.017389 3.701266 7.597558 0.200000
163 57.984200 18.374308 0.000000 2.309078 1.292221 2.137635 3.927287 7.858954 0.200000
164 58.177837 18.449442 0.000000 2.370592 1.255814 2.009815 3.566453 6.907617 0.200000
165 58.109375 18.403351 0.000000 2.301303 1.278671 2.094938 3.835340 7.708554 0.166667
166 58.298584 18.315762 0.000000 2.461873 1.250188 1.987935 3.498256 6.708406 0.201324
167 58.159508 18.419821 0.000000 2.628885 1.305841 2.167652 3.994684 8.017200 0.168066
168 57.959835 18.498375 0.000000 2.501536 1.293761 2.114240 3.808445 7.425680 0.142857
169 57.904697 18.333138 0.000000 2.583198 1.339944 2.280339 4.305722 8.836334 0.216121
170 57.960800 18.457300 0.000000 2.630906 1.351467 2.306372 4.356622 8.917268 0.143236
171 58.006413 18.427624 0.000000 2.800894 1.314276 2.191905 4.051187 8.135029 0.166672
172 58.108940 18.669783 0.000000 2.555453 1.234838 1.929525 3.300853 6.077962 0.166667
173 58.057430 18.545368 0.000000 2.684978 1.245595 1.958476 3.372057 6.248538 0.166667
174 58.067207 18.399473 0.000000 2.567956 1.283630 2.085888 3.739245 7.259001 0.193983
175 58.264214 18.538425 0.000000 2.441785 1.195292 1.818152 3.043847 5.542065 0.166674
176 58.087173 18.554377 0.000000 2.489888 1.292939 2.111746 3.813254 7.477638 0.354600
177 58.199245 18.748743 0.000000 2.873154 1.252135 1.976384 3.423182 6.397221 0.143194
178 58.105179 18.426847 0.000000 2.406810 1.296914 2.149790 3.966031 7.988632 0.319274
179 58.158360 18.152403 0.000000 2.625376 1.274944 2.072187 3.734724 7.332436 0.283469
180 58.105453 18.586815 0.000000 2.979622 1.229491 1.909807 3.248528 5.953457 0.166667
181 58.243610 18.351509 0.000000 2.615297 1.253109 1.988140 3.484087 6.641259 0.209580
182 58.123428 18.528454 0.000000 3.089604 1.275163 2.057759 3.650497 6.989553 0.166672
183 58.191166 18.462734 0.000000 2.884202 1.234829 1.927297 3.309039 6.162288 0.150040
184 58.068069 18.622643 0.000000 3.067501 1.275711 2.042037 3.578652 6.742321 0.278004
185 58.122784 18.552200 0.000000 3.287599 1.263579 2.004129 3.473670 6.461430 0.200200
186 58.097832 18.632309 0.000000 2.943068 1.229188 1.916546 3.272239 6.015544 0.204081
187 57.969002 18.643280 0.000000 2.647314 1.285443 2.095891 3.762381 7.295245 0.173936
188 57.672752 18.678736 0.000000 2.632629 1.257981 1.987576 3.433387 6.370221 0.147513
189 57.698627 18.673721 0.000000 2.846478 1.266003 2.016287 3.510454 6.558661 0.143344
190 57.430023 18.845802 0.000000 2.409356 1.231067 1.923509 3.293788 6.081694 0.143583
191 57.242329 18.885822 0.000000 2.600073 1.297775 2.124158 3.829410 7.463616 0.168168
192 57.124401 19.005428 0.000000 2.354147 1.287612 2.120510 3.877821 7.732226 0.180752
193 57.270992 19.211838 0.000000 2.262563 1.281000 2.083596 3.766559 7.449934 0.161451
