%% Trajectory 38
%% frame x (pixel)     y (pixel)    z (pixel)      m0         m1           m2           m3           m4           s 
103 64.812569 36.144440 0.000000 1.142855 1.424997 2.569297 5.143458 11.166711 0.166700
106 65.166298 36.045685 0.000000 1.159775 1.266460 2.029246 3.573916 6.795408 0.200016
107 64.855759 36.025711 0.000000 1.232263 1.314120 2.188708 4.038171 8.094163 0.181936
108 64.970551 36.223652 0.000000 1.434872 1.322324 2.227865 4.171043 8.511291 0.348197
109 64.674698 36.456257 0.000000 1.836672 1.346644 2.273418 4.226898 8.489307 0.299650
110 64.817215 36.056812 0.000000 1.842842 1.374825 2.371725 4.523125 9.340827 0.216646
111 64.948280 36.332554 0.000000 1.511351 1.320196 2.202518 4.067788 8.164330 0.166744
112 64.818451 36.188034 0.000000 1.834592 1.364653 2.346146 4.472343 9.262916 0.172157
113 64.861786 35.989471 0.000000 1.754774 1.381254 2.395980 4.586071 9.483249 0.184549
114 64.900993 36.209961 0.000000 2.260322 1.320103 2.202322 4.067285 8.160525 0.166797
115 64.812103 36.237816 0.000000 2.307156 1.331455 2.227239 4.113286 8.229309 0.200117
116 64.538254 36.337307 0.000000 2.264203 1.292771 2.093035 3.701699 7.013680 0.200016
117 64.630882 36.399315 0.000000 2.104297 1.324324 2.187033 3.960276 7.716794 0.250236
118 64.729507 36.540272 0.000000 2.096857 1.333789 2.211738 4.013522 7.816926 0.251725
119 64.551613 36.495167 0.000000 2.127424 1.326022 2.208948 4.060379 8.087290 0.200383
120 64.480293 36.371120 0.000000 2.257210 1.316972 2.176527 3.948564 7.716624 0.206245
121 64.659248 36.339130 0.000000 1.720858 1.343617 2.279025 4.286364 8.771670 0.200020
122 64.405739 36.417671 0.000000 1.867003 1.381956 2.400962 4.626276 9.689633 0.205921
123 64.663628 36.436279 0.000000 1.737323 1.341262 2.277611 4.305773 8.898456 0.250000
124 64.996696 36.373653 0.000000 1.842536 1.347122 2.298159 4.353378 8.977978 0.250000
125 64.612411 36.436100 0.000000 1.827919 1.351833 2.311620 4.402950 9.166715 0.250000
126 64.522636 36.793926 0.000000 2.106015 1.337521 2.234883 4.095492 8.067985 0.251109
127 64.629608 36.698795 0.000000 2.161117 1.313699 2.158700 3.880039 7.479978 0.293961
128 64.761276 36.636696 0.000000 2.143601 1.317369 2.176868 3.955588 7.760143 0.336626
129 64.824554 36.639061 0.000000 2.142602 1.337955 2.247493 4.164865 8.355363 0.369548
130 64.792320 36.605370 0.000000 2.334708 1.302963 2.133944 3.840874 7.460927 0.333466
131 64.638359 36.778843 0.000000 2.773256 1.315673 2.165226 3.900134 7.539451 0.368050
132 64.736465 36.868710 0.000000 2.366800 1.331999 2.231239 4.118713 8.218563 0.250008
133 64.816345 36.906174 0.000000 2.711427 1.349339 2.283483 4.257658 8.574103 0.646567
134 64.791237 36.871769 0.000000 2.722679 1.343638 2.266794 4.214230 8.464559 0.344699
135 64.399506 36.869247 0.000000 2.431611 1.305753 2.141360 3.853661 7.465473 0.250000
136 64.244629 37.112797 0.000000 2.345972 1.351998 2.295357 4.310139 8.784844 0.250000
137 64.074547 36.971165 0.000000 2.605727 1.395748 2.452811 4.778915 10.100207 0.356522
138 63.765022 37.131149 0.000000 2.139538 1.366667 2.346714 4.456647 9.173898 0.555855
139 63.626907 36.906834 0.000000 2.291456 1.324677 2.187046 3.953941 7.677562 0.333334
140 63.406830 37.046116 0.000000 2.467776 1.408007 2.481653 4.831417 10.163797 0.333484
141 62.891090 36.815670 0.000000 2.112988 1.351542 2.293599 4.314068 8.821712 0.333337
142 62.954502 36.945274 0.000000 1.926979 1.432240 2.571094 5.115937 11.028388 0.250000
143 63.417706 36.998966 0.000000 1.503569 1.407866 2.490794 4.884562 10.395390 0.250960
