%% Trajectory 34
%% frame x (pixel)     y (pixel)    z (pixel)      m0         m1           m2           m3           m4           s 
80 51.057766 26.287224 0.000000 2.025881 1.379673 2.378142 4.517359 9.261985 0.200365
81 50.990528 26.210821 0.000000 1.982580 1.420896 2.531024 4.988874 10.636642 0.212717
83 50.868038 26.120007 0.000000 1.928397 1.342856 2.271974 4.264351 8.709566 0.250000
84 50.999500 26.360107 0.000000 1.947055 1.337964 2.247243 4.155107 8.286854 0.250000
85 50.966587 26.263777 0.000000 2.027043 1.314971 2.188726 4.029954 8.051241 0.250000
86 50.957905 26.181501 0.000000 1.933354 1.380440 2.386266 4.554883 9.403535 0.212746
87 50.916481 25.988712 0.000000 2.076725 1.362674 2.352607 4.513667 9.426167 0.333333
88 50.933971 26.021852 0.000000 1.961346 1.304619 2.173479 4.018703 8.087684 0.250055
89 51.065132 26.113348 0.000000 2.436005 1.350750 2.296408 4.308938 8.738420 0.250000
90 50.954018 26.116060 0.000000 2.915642 1.327772 2.224251 4.108253 8.197742 0.250000
91 51.205425 26.032042 0.000000 2.636700 1.326099 2.209045 4.052569 8.025661 0.250015
92 51.277393 26.272051 0.000000 2.968831 1.280818 2.073138 3.689741 7.093890 0.250000
93 51.233414 26.299665 0.000000 3.753491 1.312212 2.159735 3.903977 7.602669 0.250000
94 51.137974 26.269836 0.000000 3.407454 1.351552 2.294981 4.297259 8.696404 0.333333
95 51.324383 26.396549 0.000000 3.777225 1.313712 2.162671 3.907400 7.604254 0.250000
96 51.325066 26.365099 0.000000 3.819609 1.299966 2.124592 3.821081 7.430595 0.250000
97 51.295521 26.336979 0.000000 4.538235 1.305897 2.137079 3.837137 7.421464 0.250000
98 51.360714 26.323296 0.000000 4.733781 1.322591 2.179558 3.925846 7.576002 0.333333
99 51.407684 26.468906 0.000000 4.767138 1.303900 2.125247 3.783673 7.215872 0.250000
100 51.343380 26.423677 0.000000 4.945695 1.335094 2.219487 4.035149 7.866611 0.250000
101 51.419933 26.740305 0.000000 4.616283 1.312062 2.143695 3.821292 7.285036 0.333333
102 51.241207 26.673035 0.000000 4.122271 1.304067 2.135371 3.837949 7.428065 0.250000
103 51.194099 26.874552 0.000000 4.356266 1.363080 2.320445 4.353135 8.817701 0.250000
104 51.176090 27.229404 0.000000 4.272556 1.361860 2.316225 4.336109 8.758477 0.250000
105 51.183170 27.250521 0.000000 4.386114 1.344951 2.255151 4.148753 8.208826 0.333333
106 51.040485 27.267723 0.000000 4.352691 1.368811 2.345306 4.427623 9.020406 0.333333
107 50.917358 27.520901 0.000000 4.713741 1.335941 2.237141 4.130761 8.257061 0.333333
108 50.826618 27.697645 0.000000 4.948046 1.366699 2.318034 4.298202 8.536691 0.333333
109 50.822266 27.701950 0.000000 4.130414 1.356722 2.287063 4.220467 8.351300 0.333333
110 50.761372 27.872032 0.000000 3.706751 1.381782 2.367056 4.442110 8.945181 0.333333
111 50.784149 28.227316 0.000000 3.481566 1.417008 2.528813 5.017619 10.822924 0.333333
112 50.155781 28.117973 0.000000 3.293513 1.416388 2.504994 4.898875 10.368606 0.333333
