%% Trajectory 41
%% frame x (pixel)     y (pixel)    z (pixel)      m0         m1           m2           m3           m4           s 
197 28.227758 51.105919 0.000000 1.346071 1.277745 2.110634 3.900828 7.919231 0.200000
199 28.650675 50.719315 0.000000 1.496835 1.454811 2.659091 5.438750 12.159291 0.206325
200 28.089222 51.245865 0.000000 1.526169 1.403070 2.476686 4.807389 10.018391 0.416734
201 28.000294 51.180717 0.000000 2.255983 1.306398 2.155962 3.919889 7.699636 0.300288
202 28.246767 51.382988 0.000000 2.341355 1.302461 2.130114 3.813410 7.324208 0.628670
203 27.900061 51.457554 0.000000 2.115439 1.307928 2.166087 3.980253 7.965731 0.356043
204 27.717676 51.359528 0.000000 2.376289 1.270473 2.039483 3.603098 6.884336 0.166687
205 27.949364 51.054672 0.000000 3.092735 1.359745 2.336787 4.454229 9.217946 0.200000
206 27.908657 50.958370 0.000000 3.063224 1.391497 2.451223 4.803555 10.252200 0.200059
207 28.079617 51.230251 0.000000 2.996843 1.298426 2.125849 3.823193 7.408571 0.258024
208 27.988949 51.231308 0.000000 3.550494 1.315451 2.186195 4.001971 7.914279 0.166667
210 27.593571 51.118847 0.000000 3.311119 1.294040 2.103091 3.748016 7.187099 0.205348
211 27.818071 51.312702 0.000000 3.481535 1.275391 2.061691 3.675285 7.096836 0.250000
212 27.723963 51.109241 0.000000 4.071487 1.364009 2.337395 4.432835 9.118503 0.250001
213 27.750500 51.165672 0.000000 4.009068 1.303896 2.140710 3.866604 7.538929 0.250001
214 27.699387 51.107246 0.000000 4.112509 1.320765 2.201117 4.050180 8.073177 0.250000
215 27.757910 51.079155 0.000000 4.300385 1.312887 2.163585 3.928196 7.715463 0.256858
216 27.642725 51.147217 0.000000 3.899660 1.313250 2.163420 3.902881 7.557843 0.258805
217 27.663242 50.937263 0.000000 4.319537 1.317223 2.174816 3.943014 7.701283 0.333816
218 27.698511 50.859280 0.000000 4.135330 1.275479 2.048788 3.617449 6.902443 0.333333
219 27.683077 50.661392 0.000000 4.478484 1.278764 2.049502 3.588877 6.737752 0.333333
220 27.888451 50.478836 0.000000 4.563183 1.283076 2.065268 3.637042 6.878398 0.333333
221 27.989038 50.469517 0.000000 4.491052 1.317211 2.187452 4.005400 7.936604 0.333333
222 28.123323 50.356865 0.000000 4.321020 1.256306 1.982798 3.423771 6.355371 0.333333
223 27.937393 50.246349 0.000000 4.590113 1.345100 2.262346 4.178929 8.305240 0.333333
224 28.292473 49.833843 0.000000 4.139732 1.361198 2.319460 4.359784 8.866659 0.333333
225 28.067417 49.581512 0.000000 4.686143 1.315458 2.171418 3.947372 7.760009 0.250943
226 28.237474 49.556118 0.000000 4.382573 1.331391 2.235955 4.158115 8.407716 0.251415
227 28.395292 49.308495 0.000000 4.326478 1.287790 2.076898 3.666171 6.953532 0.335891
228 28.586504 49.281807 0.000000 3.603766 1.301617 2.124111 3.810443 7.379591 0.333333
230 28.991287 49.934120 0.000000 2.814832 1.394599 2.468887 4.864024 10.419501 0.250000
231 29.233423 50.125298 0.000000 2.520788 1.287763 2.095280 3.760573 7.316359 0.200000
