%% Trajectory 10
%% frame x (pixel)     y (pixel)    z (pixel)      m0         m1           m2           m3           m4           s 
46 44.387402 47.587605 0.000000 1.263717 1.253706 1.973561 3.395993 6.278080 0.200000
47 44.645607 47.585358 0.000000 1.237110 1.244959 1.965390 3.421276 6.472540 0.166711
48 44.488251 47.495586 0.000000 1.215779 1.224707 1.896804 3.215100 5.871047 0.200008
49 44.784355 47.348583 0.000000 1.347434 1.280137 2.064453 3.642447 6.897773 0.278089
50 44.601124 47.436855 0.000000 1.562633 1.289087 2.082428 3.687474 7.030506 0.208984
51 44.594761 47.271446 0.000000 1.449435 1.263749 2.007271 3.489923 6.527743 0.360677
52 44.937946 47.260227 0.000000 1.476946 1.323163 2.193500 3.994399 7.834143 0.361018
53 44.564964 47.075195 0.000000 1.470742 1.276504 2.053577 3.618677 6.857638 0.276530
54 44.484234 46.896698 0.000000 1.552350 1.276315 2.056466 3.656492 7.061917 0.280056
55 44.363918 46.613331 0.000000 1.394778 1.241054 1.941110 3.321793 6.116180 0.167394
56 44.348389 46.314404 0.000000 1.302329 1.286983 2.071668 3.641985 6.859076 0.166677
57 44.168503 46.299393 0.000000 1.451436 1.292623 2.089720 3.688961 6.972988 0.174432
58 44.159756 45.920624 0.000000 1.313081 1.363058 2.325140 4.364013 8.828815 0.212430
59 44.381870 45.802456 0.000000 1.341658 1.322412 2.190776 3.981415 7.785298 0.256882
60 44.208801 45.826328 0.000000 1.222756 1.327529 2.192495 3.952490 7.616932 0.227071
61 44.593700 45.333637 0.000000 0.912692 1.293809 2.116088 3.809909 7.413796 0.200008
62 44.933315 45.383804 0.000000 0.989885 1.374277 2.357147 4.439686 8.991834 0.200001
