%% Trajectory 42
%% frame x (pixel)     y (pixel)    z (pixel)      m0         m1           m2           m3           m4           s 
178 46.448860 47.092907 0.000000 1.165322 1.293274 2.103272 3.763210 7.272146 0.213193
180 46.244957 47.110504 0.000000 1.271203 1.315591 2.180479 3.978470 7.836074 0.364774
181 46.219402 47.079605 0.000000 1.281359 1.370140 2.346857 4.420262 8.963299 0.263327
182 46.251442 47.042763 0.000000 1.338473 1.350646 2.291467 4.289785 8.680552 0.470271
183 46.190708 46.910736 0.000000 1.487006 1.349764 2.282191 4.242038 8.495801 0.333333
184 46.114784 46.758289 0.000000 1.335144 1.369659 2.349749 4.443023 9.074939 0.333333
185 46.196499 46.860729 0.000000 1.399038 1.366330 2.322787 4.346877 8.778760 0.333333
186 46.174995 46.852657 0.000000 1.334411 1.348690 2.286284 4.284627 8.704217 0.333333
187 45.970367 46.617065 0.000000 1.530743 1.389054 2.409739 4.605990 9.498692 0.271841
188 45.828480 46.731594 0.000000 1.594642 1.345935 2.268988 4.210926 8.430180 0.253635
189 45.960644 46.454887 0.000000 1.458428 1.358490 2.325572 4.406281 9.055966 0.250022
190 45.671867 46.444969 0.000000 1.678664 1.305571 2.124651 3.778200 7.202618 0.250000
191 45.544601 46.319527 0.000000 1.856266 1.304501 2.122252 3.770090 7.171100 0.250000
192 45.601528 46.057373 0.000000 1.678310 1.341841 2.260140 4.200506 8.453632 0.250000
193 45.485531 46.134922 0.000000 1.604960 1.324552 2.191022 3.974359 7.755811 0.250191
194 45.321823 45.937302 0.000000 1.771516 1.331540 2.227092 4.108692 8.203568 0.250004
195 45.384811 45.328056 0.000000 1.588945 1.395358 2.410582 4.578394 9.369805 0.259779
196 45.427429 45.285046 0.000000 1.522677 1.479346 2.719887 5.512592 12.030150 0.265839
