%% Trajectory 12
%% frame x (pixel)     y (pixel)    z (pixel)      m0         m1           m2           m3           m4           s 
55 42.284676 52.296619 0.000000 2.298745 1.261824 2.019488 3.562248 6.809750 0.205623
56 42.285614 52.360878 0.000000 2.608687 1.282427 2.095680 3.813248 7.607118 0.166989
57 42.420895 52.352448 0.000000 2.814118 1.274470 2.064472 3.700105 7.221440 0.173138
58 42.489746 52.346184 0.000000 2.985418 1.339985 2.263366 4.231943 8.590929 0.200183
59 42.546234 52.301525 0.000000 2.945768 1.316775 2.197448 4.067194 8.201159 0.175834
60 42.551243 52.232174 0.000000 3.407754 1.307395 2.151556 3.903516 7.670619 0.200000
61 42.436348 52.238411 0.000000 3.347664 1.307061 2.152936 3.910647 7.695107 0.333333
62 42.473927 52.155582 0.000000 3.689782 1.335882 2.244529 4.169212 8.404424 0.333333
63 42.365051 52.272099 0.000000 3.967804 1.341273 2.253342 4.170907 8.344862 0.333333
64 42.491600 52.116611 0.000000 3.746258 1.358216 2.321941 4.397593 9.045489 0.333333
65 42.450802 52.093163 0.000000 3.830782 1.347786 2.278466 4.249512 8.574959 0.333333
66 42.587322 52.149990 0.000000 4.276815 1.342822 2.269420 4.235577 8.565199 0.333333
67 42.390842 52.054916 0.000000 4.352042 1.372992 2.363033 4.496742 9.269815 0.333333
68 42.471680 51.943810 0.000000 4.524803 1.376418 2.366715 4.478952 9.136105 0.333333
69 42.600883 52.136223 0.000000 4.980774 1.364591 2.328547 4.375299 8.870225 0.333333
70 42.536236 52.013386 0.000000 5.270097 1.391417 2.422394 4.656233 9.674766 0.333333
71 42.509975 52.049046 0.000000 5.141777 1.375485 2.366299 4.489625 9.204240 0.333333
72 42.455307 51.913181 0.000000 5.488042 1.377475 2.355938 4.414918 8.877202 0.333333
73 42.549484 52.025436 0.000000 5.380617 1.397607 2.437680 4.690734 9.749386 0.333333
74 42.449726 52.034554 0.000000 5.660706 1.421875 2.518374 4.922158 10.386770 0.333333
75 42.372925 51.908615 0.000000 5.419310 1.411310 2.476084 4.777218 9.920375 0.333333
76 42.400280 51.862957 0.000000 5.583361 1.421835 2.515134 4.901802 10.299389 0.333333
77 42.416973 51.780960 0.000000 5.729465 1.410902 2.474213 4.772105 9.908193 0.333333
78 42.393333 51.832260 0.000000 5.491430 1.427776 2.534065 4.957608 10.460653 0.333333
79 42.327908 51.825447 0.000000 5.667698 1.467270 2.671624 5.367229 11.628767 0.500000
80 42.348114 51.806229 0.000000 5.747038 1.413570 2.481232 4.787592 9.937941 0.500000
81 42.495369 51.806545 0.000000 6.137414 1.354792 2.288252 4.240637 8.451118 0.500000
82 42.702930 51.711075 0.000000 5.942954 1.379388 2.370774 4.480198 9.118370 0.500000
83 42.696339 51.623985 0.000000 5.730515 1.377626 2.356182 4.414845 8.874125 0.500000
84 42.709114 51.522842 0.000000 5.546011 1.368170 2.329948 4.353817 8.743678 0.333333
85 42.579437 51.452908 0.000000 5.430665 1.373021 2.342544 4.383665 8.816162 0.500000
86 42.695087 51.624603 0.000000 5.052238 1.352867 2.285140 4.237731 8.455948 0.500000
87 42.659729 51.600266 0.000000 4.499744 1.355803 2.290190 4.243462 8.450956 0.250000
88 42.589615 51.591393 0.000000 4.727760 1.372767 2.347498 4.413876 8.941024 0.333333
89 42.519650 51.450474 0.000000 4.363879 1.354340 2.289329 4.252495 8.508129 0.200000
90 42.406200 51.145069 0.000000 3.738714 1.429946 2.552490 5.044110 10.794701 0.200001
91 42.666870 51.291737 0.000000 3.686930 1.415937 2.497311 4.859870 10.214107 0.200000
92 42.709846 50.928276 0.000000 3.286011 1.439661 2.603804 5.234841 11.429572 0.314173
93 42.698181 50.903793 0.000000 3.437962 1.516970 2.853823 5.940417 13.350842 0.252827
