%% Trajectory 5
%% frame x (pixel)     y (pixel)    z (pixel)      m0         m1           m2           m3           m4           s 
13 30.756508 33.429176 0.000000 1.424426 1.680107 3.423995 7.649046 18.261978 0.333333
15 30.638321 31.884581 0.000000 1.022598 1.595451 3.158213 6.907886 16.253841 0.333333
16 30.822613 31.833893 0.000000 1.557393 1.510442 2.843063 5.943165 13.459499 0.333333
17 30.715805 32.439003 0.000000 1.731818 1.592384 3.121421 6.757970 15.750710 0.333333
18 30.584967 33.255505 0.000000 1.606185 1.606101 3.150560 6.793587 15.708543 0.333333
20 30.427654 33.405643 0.000000 1.569214 1.698194 3.472581 7.771934 18.567616 0.333333
22 30.728106 33.415516 0.000000 2.101741 1.604210 3.133488 6.723945 15.472910 0.250534
23 30.727041 32.612076 0.000000 1.955517 1.587038 3.091558 6.646391 15.379251 0.398160
24 30.570543 33.418850 0.000000 1.932170 1.579629 3.068023 6.586855 15.242416 0.369266
25 30.784039 32.790764 0.000000 1.847423 1.630023 3.246154 7.112576 16.709911 0.333333
26 30.767027 32.835983 0.000000 1.746989 1.615472 3.199130 6.973832 16.316757 0.250000
28 30.846630 33.476734 0.000000 2.005850 1.560996 2.990725 6.314947 14.342397 0.277791
30 31.173006 34.246246 0.000000 1.817350 1.687069 3.445707 7.703394 18.383709 0.200002
33 31.162235 36.119705 0.000000 1.070631 1.633208 3.295983 7.340729 17.557003 0.169371
35 31.234465 36.220245 0.000000 0.946033 1.626609 3.227020 7.037707 16.454971 0.258505
37 29.727964 35.653454 0.000000 1.141173 1.651244 3.336051 7.392543 17.506004 0.278756
39 30.069820 36.313606 0.000000 0.675036 1.605241 3.198782 7.066766 16.847792 0.280955
40 29.773968 36.752430 0.000000 0.605088 1.593018 3.248550 7.414710 18.315458 0.166667
