%% Trajectory 27
%% frame x (pixel)     y (pixel)    z (pixel)      m0         m1           m2           m3           m4           s 
104 54.439404 41.181103 0.000000 1.569971 1.406573 2.463582 4.772397 10.011950 0.250000
105 54.258572 41.105377 0.000000 2.152819 1.437698 2.573559 5.092909 10.898176 0.250000
107 54.304558 40.687965 0.000000 2.139539 1.537508 2.897561 6.008336 13.393046 0.250000
108 54.419285 41.256477 0.000000 2.590848 1.461672 2.657932 5.357477 11.702185 0.270204
109 54.617165 41.042744 0.000000 2.654521 1.433869 2.577609 5.145076 11.146190 0.250000
110 54.587734 40.954082 0.000000 2.359814 1.504551 2.802552 5.770038 12.823742 0.250001
111 54.678665 41.311619 0.000000 2.301456 1.515424 2.845818 5.900243 13.181751 0.333333
112 54.543468 40.937065 0.000000 2.812919 1.538293 2.924928 6.155767 13.986659 0.250000
113 54.501427 40.683533 0.000000 3.623573 1.496470 2.752650 5.554436 12.022583 0.250000
114 54.428913 40.719257 0.000000 3.494242 1.555535 2.971016 6.251167 14.142420 0.250000
115 54.490223 40.952965 0.000000 3.429963 1.457632 2.646277 5.316866 11.554253 0.250000
116 54.654507 40.790485 0.000000 3.885587 1.527647 2.879418 5.977636 13.342114 0.200000
117 54.579395 40.650120 0.000000 4.249106 1.548704 2.941330 6.147740 13.807081 0.250000
118 54.667850 40.590805 0.000000 3.829020 1.573925 3.018687 6.352051 14.320418 0.250000
119 54.585171 40.712692 0.000000 4.756206 1.547562 2.939761 6.141194 13.777013 0.200000
120 54.617287 40.622097 0.000000 4.646190 1.507916 2.804803 5.740634 12.626949 0.200000
121 54.571384 40.700489 0.000000 4.685977 1.536817 2.890965 5.974173 13.247663 0.166667
122 54.477894 40.747639 0.000000 4.957118 1.554245 2.963546 6.216712 14.005515 0.200000
123 54.624252 40.768387 0.000000 4.879660 1.558093 2.985126 6.298966 14.285759 0.200000
124 54.580406 40.675442 0.000000 5.583792 1.547606 2.940513 6.144566 13.787451 0.200000
126 54.310692 41.111614 0.000000 5.512624 1.489905 2.744022 5.583396 12.270652 0.250000
127 54.473297 41.023949 0.000000 5.686207 1.519710 2.850796 5.902932 13.176656 0.200000
128 54.255852 41.049835 0.000000 5.852843 1.538127 2.914917 6.101496 13.773009 0.250000
129 54.406185 41.060303 0.000000 5.860312 1.489414 2.739720 5.560753 12.174668 0.200000
130 54.517185 40.874653 0.000000 6.483963 1.491934 2.745178 5.559299 12.111917 0.250000
131 54.330578 40.911766 0.000000 6.591282 1.496071 2.751882 5.562312 12.079743 0.200000
132 54.332531 40.937149 0.000000 6.923426 1.480202 2.711177 5.470834 11.888682 0.250000
133 54.278316 41.161964 0.000000 6.730683 1.480973 2.692234 5.375855 11.539147 0.250000
134 54.114628 40.895542 0.000000 6.984442 1.513685 2.822077 5.793790 12.798890 0.250000
135 53.981358 40.861191 0.000000 7.421240 1.484433 2.735907 5.567331 12.217136 0.333333
136 54.093010 40.784657 0.000000 7.843375 1.445469 2.597072 5.145027 10.994337 0.250000
137 53.976032 40.799885 0.000000 7.752337 1.513091 2.819990 5.781015 12.735512 0.250000
138 53.859688 40.709312 0.000000 7.252310 1.484778 2.715887 5.462757 11.813919 0.250000
139 53.666832 40.837139 0.000000 7.573963 1.480563 2.709647 5.461061 11.850224 0.250000
140 53.755402 41.101196 0.000000 7.738425 1.457522 2.641786 5.295487 11.481871 0.250000
141 53.648277 41.106068 0.000000 7.449951 1.437768 2.570286 5.076372 10.839580 0.250000
142 53.365273 40.959000 0.000000 7.997177 1.430521 2.552646 5.031874 10.722049 0.200000
143 53.081818 40.815678 0.000000 7.587752 1.460587 2.646598 5.287624 11.389335 0.200000
144 53.219452 41.067871 0.000000 6.723227 1.431944 2.567783 5.117053 11.084622 0.200000
146 52.943176 41.391712 0.000000 5.712050 1.365418 2.340142 4.433603 9.106263 0.166667
147 52.833904 41.275990 0.000000 5.332287 1.359541 2.309889 4.316232 8.695344 0.142857
148 52.498165 41.167400 0.000000 4.942775 1.327378 2.203903 4.017398 7.885144 0.166667
149 52.210644 41.511482 0.000000 4.384086 1.342615 2.243384 4.101718 8.040410 0.166667
150 52.365631 41.383835 0.000000 4.934750 1.352844 2.270219 4.165707 8.188866 0.200000
151 52.386387 41.075584 0.000000 4.155902 1.400921 2.442117 4.682413 9.666415 0.200001
152 52.222183 40.561577 0.000000 4.156025 1.380578 2.372488 4.489133 9.164713 0.166687
154 52.311157 40.499016 0.000000 3.517965 1.280358 2.059083 3.625871 6.865265 0.200157
155 52.060177 40.618351 0.000000 2.924843 1.323676 2.212335 4.091854 8.222698 0.168420
157 52.632931 39.898125 0.000000 2.062126 1.366788 2.344623 4.449861 9.160165 0.143516
