%% Trajectory 9
%% frame x (pixel)     y (pixel)    z (pixel)      m0         m1           m2           m3           m4           s 
36 60.138248 36.112785 0.000000 1.350392 1.353128 2.316849 4.410606 9.157618 0.200000
37 60.002312 36.123775 0.000000 1.700441 1.453366 2.654193 5.372381 11.771978 0.154400
38 59.936878 36.102329 0.000000 1.675949 1.373888 2.376619 4.554797 9.472332 0.166749
39 59.946575 36.240299 0.000000 1.990527 1.353390 2.302524 4.325967 8.798241 0.200041
40 59.842632 36.037121 0.000000 1.987213 1.350795 2.314144 4.417171 9.207958 0.250035
41 59.933533 36.017303 0.000000 1.969490 1.396816 2.467319 4.851416 10.387112 0.250000
42 59.890415 36.098690 0.000000 2.043887 1.360713 2.333510 4.437255 9.169799 0.250853
43 59.980724 36.022396 0.000000 2.240760 1.402662 2.484618 4.893353 10.475906 0.250000
44 59.891296 36.228989 0.000000 2.213658 1.362798 2.328589 4.394843 8.982521 0.250000
45 59.920719 36.075520 0.000000 2.261023 1.384847 2.439432 4.801721 10.331604 0.250000
46 59.860352 36.198410 0.000000 2.346053 1.382436 2.414933 4.692732 9.935205 0.250001
47 59.955486 36.177902 0.000000 2.336389 1.394542 2.467515 4.872764 10.506813 0.250000
48 59.895500 36.083332 0.000000 2.474231 1.406766 2.507751 4.993567 10.860551 0.250000
49 59.888363 36.262150 0.000000 2.575662 1.364540 2.358719 4.542756 9.554655 0.333333
50 59.818546 36.202633 0.000000 2.779727 1.347219 2.302084 4.388886 9.161607 0.333333
51 59.911278 36.166332 0.000000 2.553258 1.409505 2.506630 4.968798 10.741301 0.333333
52 59.727325 36.208267 0.000000 2.439976 1.389647 2.456361 4.868328 10.589080 0.250000
53 59.688240 36.158264 0.000000 2.420015 1.391447 2.446294 4.797263 10.278231 0.333333
54 59.430435 36.088783 0.000000 2.727203 1.399202 2.485722 4.940417 10.750989 0.250000
55 59.203327 36.063454 0.000000 2.475405 1.414821 2.542661 5.116338 11.266277 0.250001
56 59.078728 36.044853 0.000000 1.740970 1.482769 2.780743 5.827994 13.304815 0.200000
58 58.586746 36.224480 0.000000 1.502990 1.508942 2.905397 6.312520 15.017211 0.250000
