%% Trajectory 5
%% frame x (pixel)     y (pixel)    z (pixel)      m0         m1           m2           m3           m4           s 
7 63.370659 46.424786 0.000000 1.278872 1.395445 2.408325 4.558793 9.274048 0.203893
8 63.822006 46.407284 0.000000 1.297562 1.314199 2.164538 3.914537 7.623293 0.200000
9 63.819035 46.394630 0.000000 1.443040 1.369084 2.336369 4.377079 8.820738 0.201501
10 63.696178 46.225132 0.000000 1.896436 1.383349 2.377470 4.489990 9.126464 0.202969
11 64.043602 46.270958 0.000000 1.877837 1.371267 2.378249 4.578842 9.577597 0.200000
12 63.804222 46.554901 0.000000 1.692472 1.362425 2.320875 4.356194 8.829854 0.200032
13 63.743820 46.426083 0.000000 1.730016 1.347496 2.276094 4.240197 8.543406 0.250001
14 63.839577 46.552776 0.000000 1.728483 1.347515 2.277669 4.261748 8.666895 0.250043
15 63.518036 46.367214 0.000000 1.989990 1.308530 2.136042 3.807657 7.266763 0.250005
16 63.672638 46.200024 0.000000 2.041111 1.353160 2.282522 4.228647 8.434227 0.335198
17 63.758793 46.280884 0.000000 1.720887 1.375585 2.364916 4.481048 9.166419 0.250000
18 63.777355 46.480000 0.000000 1.943017 1.327134 2.200794 4.001572 7.827599 0.250000
19 63.685497 46.387798 0.000000 2.199535 1.313514 2.160259 3.891873 7.533595 0.333333
20 63.742302 46.488098 0.000000 2.125426 1.388123 2.403808 4.585396 9.439120 0.250620
21 63.948372 46.320107 0.000000 2.148803 1.363158 2.335705 4.421811 9.058723 0.250000
22 63.821468 46.366482 0.000000 2.127422 1.338521 2.243845 4.142064 8.259669 0.250000
23 63.769474 46.441223 0.000000 1.984026 1.294254 2.117397 3.829571 7.525848 0.333333
24 63.743671 46.359482 0.000000 2.703324 1.309843 2.143481 3.828688 7.316116 0.333334
25 63.859436 46.140011 0.000000 2.255680 1.356093 2.304631 4.303929 8.645654 0.333333
26 63.842087 46.303013 0.000000 2.385305 1.314712 2.175242 3.970633 7.849488 0.250000
27 63.883583 46.276665 0.000000 2.308925 1.314669 2.167706 3.922300 7.635978 0.250012
28 63.889435 46.320080 0.000000 2.592817 1.329775 2.215854 4.056610 7.998825 0.333333
29 63.782227 46.433289 0.000000 2.557822 1.319012 2.172540 3.917556 7.585146 0.333333
30 63.719925 46.543888 0.000000 2.442185 1.293250 2.091897 3.693914 6.983025 0.250000
31 63.635765 46.489506 0.000000 2.564166 1.323494 2.182221 3.940166 7.641320 0.250000
32 63.190880 46.315136 0.000000 2.523015 1.356819 2.290586 4.238224 8.422114 0.333333
33 63.065010 46.452328 0.000000 2.621418 1.360271 2.333879 4.434750 9.144660 0.333333
34 62.874798 46.453331 0.000000 2.611690 1.304468 2.143481 3.881730 7.612247 0.250000
35 62.836769 46.483955 0.000000 2.337815 1.288690 2.093395 3.744505 7.249028 0.250000
36 62.530388 46.381512 0.000000 2.524998 1.310882 2.146420 3.841936 7.370682 0.250000
37 62.176094 45.911259 0.000000 2.125887 1.347292 2.286293 4.286195 8.698812 0.200000
39 62.619465 44.679859 0.000000 1.501851 1.369932 2.342823 4.425108 9.055062 0.333333
40 62.218182 44.969303 0.000000 1.320554 1.435736 2.591421 5.178782 11.193473 0.250000
43 61.176941 43.485352 0.000000 0.462470 1.403621 2.602130 5.451507 12.511281 0.175417
