%% Trajectory 5
%% frame x (pixel)     y (pixel)    z (pixel)      m0         m1           m2           m3           m4           s 
11 15.095342 26.306917 0.000000 1.063463 1.326967 2.245030 4.216441 8.618834 0.250000
12 15.174150 26.365654 0.000000 1.179344 1.377169 2.412736 4.735032 10.188939 0.250000
13 14.943160 26.606749 0.000000 1.553917 1.319940 2.185868 3.980823 7.825804 0.250000
14 15.113227 26.247555 0.000000 1.558391 1.360585 2.341243 4.479230 9.338052 0.434359
15 15.339724 26.530678 0.000000 1.919611 1.294859 2.093556 3.697234 6.997045 0.349908
16 15.318229 26.575262 0.000000 1.519885 1.322583 2.185617 3.959731 7.711618 0.333333
17 15.413502 26.447390 0.000000 1.704731 1.330183 2.216999 4.047950 7.933260 0.252277
18 15.401237 26.409781 0.000000 1.945178 1.247743 1.961465 3.370496 6.222534 0.297751
19 15.542530 26.801306 0.000000 1.999596 1.278591 2.056745 3.627568 6.890908 0.572622
20 15.567775 26.600607 0.000000 2.232758 1.297261 2.110049 3.762965 7.224515 0.200022
21 15.704581 26.598101 0.000000 2.004605 1.320791 2.179360 3.948911 7.711635 0.250019
22 15.614274 26.898914 0.000000 1.726461 1.364021 2.346850 4.468876 9.225500 0.203809
23 16.153229 26.590986 0.000000 1.926283 1.300344 2.131632 3.854657 7.556399 0.200000
24 16.496185 27.052446 0.000000 1.555771 1.323779 2.227601 4.150300 8.398067 0.166667
25 16.501337 26.962614 0.000000 1.530454 1.351214 2.287219 4.261224 8.559379 0.269844
26 16.221167 26.902082 0.000000 1.928038 1.319797 2.191468 4.020016 7.990335 0.252912
27 16.535833 27.173258 0.000000 1.440884 1.386507 2.403033 4.587175 9.443524 0.206884
29 17.361568 26.040335 0.000000 1.544911 1.478030 2.728698 5.566689 12.249744 0.166667
31 16.838074 25.455481 0.000000 1.084466 1.359120 2.341988 4.496319 9.431320 0.259518
