%% Trajectory 10
%% frame x (pixel)     y (pixel)    z (pixel)      m0         m1           m2           m3           m4           s 
26 44.704628 48.883518 0.000000 1.797059 1.265727 2.043277 3.637714 7.019757 0.200036
27 44.661205 48.784500 0.000000 1.828038 1.363941 2.331103 4.405225 9.028953 0.250000
28 44.751755 49.008965 0.000000 2.618577 1.399361 2.462947 4.815019 10.235728 0.205218
29 44.728554 48.953354 0.000000 2.046002 1.337444 2.264562 4.242853 8.625246 0.200000
30 44.725067 48.979973 0.000000 2.502780 1.373686 2.361726 4.481437 9.191869 0.250272
31 44.786209 48.928307 0.000000 2.986345 1.386515 2.420286 4.685438 9.847584 0.250006
32 44.699986 49.075073 0.000000 3.060575 1.380054 2.377781 4.501580 9.167744 0.250000
33 44.667732 49.096474 0.000000 3.036638 1.344116 2.260143 4.171930 8.285913 0.333333
34 44.622234 48.836830 0.000000 3.777473 1.335173 2.229721 4.095456 8.118501 0.333782
35 44.660202 49.047852 0.000000 3.367489 1.345100 2.258693 4.174294 8.331179 0.287833
36 44.555595 48.940865 0.000000 3.990380 1.348736 2.288538 4.287123 8.693487 0.428770
37 44.612900 48.899933 0.000000 3.623403 1.333038 2.242208 4.174210 8.440491 0.333333
38 44.344101 48.961399 0.000000 3.800905 1.346210 2.276650 4.244094 8.553183 0.333333
39 44.358742 48.782898 0.000000 3.907281 1.349185 2.266663 4.172126 8.248188 0.333333
40 44.224792 48.720627 0.000000 4.037312 1.402584 2.455575 4.741502 9.889120 0.333333
41 44.163960 48.683403 0.000000 3.747388 1.347997 2.266302 4.181539 8.300243 0.333333
42 44.080620 48.516479 0.000000 3.776874 1.387504 2.410813 4.619407 9.555761 0.333333
43 44.208824 48.592731 0.000000 3.709331 1.421726 2.509222 4.878534 10.230350 0.250000
44 44.158554 48.800995 0.000000 3.871044 1.432355 2.568023 5.097002 10.953210 0.250000
45 43.853191 48.814445 0.000000 3.812179 1.436913 2.578159 5.116489 10.976657 0.250000
46 44.165321 49.215263 0.000000 3.832412 1.370968 2.365932 4.527410 9.408731 0.250000
47 44.150299 49.164745 0.000000 3.712289 1.416757 2.519450 4.978465 10.693365 0.200000
48 43.979019 49.392761 0.000000 3.506974 1.381281 2.411637 4.682600 9.898630 0.200000
49 43.740952 49.131577 0.000000 4.277267 1.320633 2.174456 3.908731 7.515162 0.200000
50 43.682697 48.973259 0.000000 3.790884 1.363442 2.333151 4.408379 9.012633 0.250000
51 43.514774 48.972393 0.000000 3.357256 1.280272 2.070257 3.673851 7.019888 0.200023
52 43.472473 48.777004 0.000000 3.460873 1.304042 2.119172 3.755292 7.113579 0.200030
53 43.466022 48.705765 0.000000 3.741781 1.299596 2.107772 3.729205 7.056892 0.200011
54 43.202332 48.519016 0.000000 2.945423 1.310015 2.145766 3.845960 7.397036 0.166683
55 42.658260 48.917149 0.000000 2.756327 1.310526 2.172461 3.978465 7.903956 0.142862
57 42.125507 49.365490 0.000000 2.023346 1.368929 2.382576 4.612952 9.720753 0.213933
58 42.297245 49.671406 0.000000 1.913588 1.326011 2.211572 4.066741 8.095954 0.167585
