%% Trajectory 32
%% frame x (pixel)     y (pixel)    z (pixel)      m0         m1           m2           m3           m4           s 
115 29.240812 50.308464 0.000000 2.084085 1.317593 2.181763 3.977886 7.839420 0.236383
116 29.295330 50.398582 0.000000 2.229006 1.301138 2.114059 3.757864 7.170042 0.251454
117 29.229120 50.402878 0.000000 2.860123 1.312677 2.159501 3.902896 7.607835 0.171236
118 29.267336 50.503113 0.000000 2.754095 1.288011 2.081776 3.688878 7.037081 0.435138
119 29.035107 50.451885 0.000000 2.804089 1.295042 2.112153 3.790677 7.351041 0.168349
120 29.266451 50.453915 0.000000 2.526998 1.252416 1.973711 3.403935 6.314533 0.200466
121 29.153463 50.487370 0.000000 2.957021 1.356554 2.292642 4.256680 8.507988 0.201256
122 29.359558 50.311451 0.000000 2.949327 1.330215 2.203109 3.992451 7.763896 0.167937
123 29.253887 50.350689 0.000000 2.854095 1.309779 2.143607 3.838109 7.370934 0.254596
124 29.283613 50.373463 0.000000 3.536794 1.323237 2.191677 3.986653 7.814164 0.200000
125 29.279840 50.408165 0.000000 3.177365 1.273035 2.031828 3.543705 6.629681 0.257866
126 29.264416 50.351501 0.000000 3.723652 1.289491 2.084659 3.696104 7.060136 0.200198
127 29.240952 50.437271 0.000000 3.266808 1.304551 2.133979 3.835784 7.436516 0.207195
128 29.176397 50.340065 0.000000 3.461170 1.269606 2.027579 3.542131 6.644152 0.389855
129 29.258362 50.315685 0.000000 3.577668 1.321449 2.170553 3.890574 7.458221 0.269750
130 29.298578 50.243492 0.000000 3.616844 1.303544 2.119344 3.759854 7.136278 0.333333
131 29.721050 50.110256 0.000000 2.995024 1.278617 2.071173 3.700327 7.164013 0.250000
132 29.638395 49.762142 0.000000 3.316635 1.263418 2.012946 3.517767 6.623786 0.333454
133 29.728357 49.780872 0.000000 3.572059 1.343479 2.270347 4.236814 8.565774 0.251919
134 29.700874 49.480354 0.000000 3.882200 1.284643 2.070115 3.657259 6.958766 0.302794
135 30.183149 49.284718 0.000000 3.994634 1.341936 2.243462 4.108163 8.077556 0.374023
136 30.733044 49.207386 0.000000 4.337493 1.322411 2.193781 4.009189 7.924462 0.396585
137 30.843466 49.585220 0.000000 4.308850 1.311045 2.151860 3.873473 7.504310 0.446221
138 31.108624 49.763958 0.000000 4.088512 1.347291 2.276663 4.233784 8.488002 0.267673
139 30.951584 49.340496 0.000000 4.004649 1.385364 2.399334 4.579737 9.433925 0.332538
141 30.439659 48.354244 0.000000 3.039512 1.471895 2.678570 5.364838 11.568924 0.250000
143 31.000820 49.489933 0.000000 2.477485 1.447324 2.614616 5.243431 11.415416 0.250000
