%% Trajectory 48
%% frame x (pixel)     y (pixel)    z (pixel)      m0         m1           m2           m3           m4           s 
148 46.535023 58.118080 0.000000 1.133444 1.440174 2.636303 5.392847 12.025135 0.357970
150 46.269917 58.088707 0.000000 0.816038 1.330361 2.271264 4.316082 8.941078 0.271922
152 46.487347 58.136246 0.000000 1.289882 1.263153 2.021607 3.562336 6.793766 0.335905
153 46.382259 58.399723 0.000000 1.416663 1.248026 1.951658 3.339512 6.151305 0.304080
154 46.574528 58.144440 0.000000 2.030429 1.259184 2.003605 3.498581 6.589635 0.250000
156 46.375263 58.178276 0.000000 1.866217 1.300789 2.135912 3.853376 7.496841 0.200000
157 46.292187 58.000114 0.000000 1.625684 1.405433 2.497591 4.933803 10.600718 0.383435
158 46.571232 57.510563 0.000000 2.069325 1.505173 2.789744 5.720896 12.696390 0.250000
159 46.672764 57.824398 0.000000 2.161807 1.421490 2.544112 5.060936 10.935710 0.250121
160 46.769146 57.714306 0.000000 2.164974 1.393569 2.467018 4.857551 10.407857 0.380128
161 46.931431 57.937790 0.000000 2.345138 1.377871 2.388613 4.597578 9.625139 0.250021
162 46.552689 57.839760 0.000000 2.816683 1.281650 2.070869 3.667990 6.987580 0.250000
163 46.749641 57.771557 0.000000 2.383685 1.418499 2.551972 5.130729 11.264254 0.250405
164 46.364071 57.943298 0.000000 1.954984 1.300506 2.141787 3.906385 7.744418 0.336830
165 46.889282 57.890522 0.000000 2.397575 1.332177 2.242831 4.191440 8.530667 0.250099
166 46.892738 57.948853 0.000000 2.396428 1.349100 2.311392 4.402036 9.128459 0.232621
167 46.830479 57.723076 0.000000 3.003761 1.298078 2.126146 3.843991 7.539217 0.264203
168 46.664806 57.870697 0.000000 2.935618 1.298784 2.131301 3.860044 7.581770 0.272392
169 46.828613 57.814358 0.000000 3.617990 1.326168 2.207457 4.040706 7.974778 0.250000
170 46.800095 57.819653 0.000000 3.345437 1.312653 2.182455 4.021250 8.063376 0.333760
171 46.717548 57.641979 0.000000 2.858706 1.412557 2.468638 4.734332 9.755552 0.200000
172 46.757736 57.665001 0.000000 2.571795 1.255811 1.978862 3.411945 6.327611 0.200000
173 46.857925 57.701740 0.000000 3.053397 1.303925 2.154642 3.924166 7.727326 0.250000
174 46.892944 57.751270 0.000000 2.866668 1.330575 2.222240 4.081722 8.084270 0.200296
175 46.605888 57.674870 0.000000 3.045196 1.355869 2.298187 4.292347 8.664985 0.201402
176 46.397419 57.746986 0.000000 3.082444 1.319457 2.181393 3.970956 7.812510 0.250160
177 46.251839 57.644127 0.000000 2.854146 1.309947 2.158991 3.912306 7.650714 0.384815
178 46.249508 57.494221 0.000000 3.130421 1.332415 2.232866 4.112974 8.166313 0.371489
179 46.144917 57.027458 0.000000 2.906798 1.379060 2.402578 4.654086 9.809819 0.250000
180 45.860706 57.319897 0.000000 2.648208 1.361069 2.336145 4.455641 9.260859 0.200000
181 45.890865 56.698315 0.000000 2.409451 1.289310 2.115682 3.843235 7.597596 0.271463
182 46.479229 56.764320 0.000000 2.016091 1.300401 2.139872 3.913178 7.824271 0.227472
183 46.224266 56.242016 0.000000 1.762289 1.443203 2.593838 5.146821 11.012701 0.251109
185 46.587044 56.866230 0.000000 1.527602 1.369250 2.399403 4.738729 10.313758 0.208854
