%% Trajectory 29
%% frame x (pixel)     y (pixel)    z (pixel)      m0         m1           m2           m3           m4           s 
103 59.850338 45.431728 0.000000 1.401416 1.275838 2.051398 3.633646 6.969348 0.231832
104 59.796581 45.417744 0.000000 1.306845 1.263979 2.014284 3.526857 6.672672 0.253487
106 59.680420 45.695129 0.000000 1.521838 1.223618 1.893118 3.205505 5.847217 0.229113
107 59.791504 45.645920 0.000000 1.551138 1.225223 1.896734 3.215078 5.873644 0.174041
108 59.669281 45.517395 0.000000 1.952104 1.224595 1.889617 3.189436 5.799335 0.172932
109 59.657993 45.342594 0.000000 1.956532 1.238948 1.935660 3.316448 6.136254 0.251423
110 59.666313 45.463448 0.000000 1.614872 1.220660 1.879498 3.167966 5.758228 0.206103
111 59.458508 45.488876 0.000000 2.209245 1.211827 1.861094 3.128281 5.668880 0.200017
112 59.466595 45.481995 0.000000 1.932053 1.244768 1.949816 3.340373 6.154363 0.200022
113 59.607635 45.688942 0.000000 2.254092 1.237624 1.929932 3.292091 6.042956 0.200003
114 59.629520 45.593983 0.000000 2.276739 1.266281 2.019949 3.534275 6.665463 0.200000
115 59.533497 45.743359 0.000000 2.020598 1.249785 1.964336 3.379047 6.256545 0.200000
116 59.653008 45.685684 0.000000 2.491482 1.224053 1.891279 3.200249 5.841212 0.200000
117 59.375122 45.670361 0.000000 2.496833 1.233451 1.921022 3.273679 6.004882 0.171045
118 59.642727 45.582855 0.000000 2.474816 1.256193 1.984681 3.428640 6.362578 0.200000
119 59.558311 45.612686 0.000000 2.721422 1.266242 2.008371 3.481406 6.478899 0.166667
120 59.564323 45.578247 0.000000 2.467933 1.293760 2.108556 3.792343 7.400459 0.166667
121 59.754925 45.454670 0.000000 2.605148 1.239228 1.938916 3.328802 6.175132 0.250000
122 59.410290 45.398155 0.000000 2.904081 1.260093 2.000798 3.483981 6.540198 0.250000
123 59.595432 45.454319 0.000000 3.103544 1.250129 1.964683 3.376965 6.240558 0.250000
124 59.568695 45.365219 0.000000 2.956884 1.249677 1.964136 3.376677 6.241588 0.250001
125 59.561062 45.478626 0.000000 2.999606 1.248115 1.961181 3.370784 6.229220 0.250480
126 59.405762 45.556866 0.000000 2.830756 1.245218 1.955352 3.358423 6.201699 0.250000
127 59.306435 45.542778 0.000000 2.446650 1.256243 1.983518 3.423966 6.349534 0.256605
128 59.037903 45.388222 0.000000 2.309071 1.301602 2.133615 3.845190 7.473030 0.249229
129 58.679256 45.337681 0.000000 2.340642 1.231593 1.920551 3.277674 6.019461 0.202739
130 58.306473 45.190041 0.000000 2.286563 1.228699 1.919369 3.302366 6.165528 0.289182
131 58.196156 44.941254 0.000000 2.675468 1.294387 2.107810 3.761797 7.213641 0.200122
132 58.160416 44.742352 0.000000 2.340903 1.271310 2.074064 3.770495 7.514966 0.355641
133 57.705353 44.451904 0.000000 1.854502 1.184751 1.783902 2.941734 5.244865 0.200000
134 57.210598 44.356346 0.000000 1.832837 1.222070 1.909412 3.299185 6.214985 0.200264
