%% Trajectory 26
%% frame x (pixel)     y (pixel)    z (pixel)      m0         m1           m2           m3           m4           s 
115 17.518143 46.687035 0.000000 1.283364 1.117997 1.595693 2.482533 4.183555 0.250000
117 17.670650 46.506523 0.000000 1.758693 1.203387 1.843036 3.124087 5.802861 0.200001
118 17.774263 46.726120 0.000000 1.452547 1.242308 1.963932 3.431389 6.534165 0.250000
119 17.353981 46.692661 0.000000 1.450560 1.175929 1.756924 2.875115 5.095497 0.250000
120 17.553698 46.824474 0.000000 1.815771 1.187266 1.789436 2.952929 5.267189 0.200161
121 17.380127 46.576172 0.000000 1.453676 1.217418 1.918868 3.387025 6.620424 0.166671
123 17.612749 46.705368 0.000000 1.796153 1.200972 1.844658 3.138453 5.853930 0.200537
124 17.824703 46.618954 0.000000 1.404985 1.262118 2.035577 3.664145 7.260853 0.184797
125 18.240585 46.409153 0.000000 1.553039 1.298727 2.144808 3.952018 7.992959 0.183306
126 18.287018 46.555847 0.000000 1.288523 1.196095 1.832982 3.114854 5.812152 0.250000
127 18.288904 46.656425 0.000000 1.856335 1.226385 1.921947 3.328007 6.271955 0.200000
128 18.615030 46.555496 0.000000 1.725219 1.288803 2.136010 3.972705 8.160016 0.250000
129 19.196341 46.391743 0.000000 1.711179 1.245138 1.966791 3.424752 6.475289 0.203092
130 19.292667 46.748089 0.000000 2.235533 1.257801 2.014352 3.584621 6.986766 0.200000
131 19.282021 46.467743 0.000000 2.085051 1.307381 2.174786 4.030714 8.186263 0.307880
132 19.522671 46.350517 0.000000 2.186294 1.272095 2.075847 3.800029 7.694594 0.250840
133 19.515110 46.207474 0.000000 1.749350 1.340690 2.337221 4.656323 10.365894 0.250000
134 19.609055 46.313393 0.000000 1.540885 1.263693 2.076401 3.844877 7.898155 0.250000
135 19.593172 46.288219 0.000000 1.653751 1.343484 2.318684 4.492874 9.580126 0.333971
136 19.704981 45.987949 0.000000 1.748608 1.504557 2.861882 6.076811 14.027314 0.250000
139 20.498192 45.500614 0.000000 2.479520 1.601979 3.196028 7.079221 16.927231 0.166667
140 20.086090 45.719131 0.000000 2.055448 1.530018 2.958786 6.394346 15.006034 0.166698
141 19.919157 45.798203 0.000000 2.178929 1.510426 2.853573 5.997669 13.663415 0.166668
142 19.434425 45.796432 0.000000 1.933965 1.467648 2.706820 5.555908 12.390778 0.203353
143 19.751413 45.653725 0.000000 2.104476 1.430587 2.562184 5.097848 11.021428 0.360254
144 20.256052 45.498215 0.000000 2.372746 1.441254 2.600188 5.206355 11.315673 0.178829
145 19.829905 45.636135 0.000000 2.118042 1.481658 2.759040 5.715989 12.851593 0.249390
146 20.165365 45.651165 0.000000 2.669654 1.479988 2.721512 5.529013 12.131413 0.166667
147 20.394997 45.540150 0.000000 2.839757 1.464297 2.652877 5.300583 11.427958 0.166892
148 20.235800 45.644142 0.000000 2.181583 1.435155 2.586262 5.169171 11.203108 0.200000
150 20.296745 45.516861 0.000000 3.113231 1.356675 2.315128 4.373457 8.971017 0.397107
151 20.491026 45.747238 0.000000 2.746395 1.509101 2.822680 5.826680 12.958837 0.166743
152 20.293949 45.873756 0.000000 2.487939 1.423678 2.523185 4.941606 10.464492 0.181566
153 20.493141 45.742985 0.000000 2.534257 1.431103 2.580014 5.181630 11.333671 0.166936
154 21.020519 45.603493 0.000000 2.734473 1.452246 2.639817 5.319322 11.611449 0.244786
155 21.228273 45.456791 0.000000 2.043894 1.372897 2.357695 4.467412 9.155859 0.200000
156 21.406145 45.751617 0.000000 2.646232 1.346504 2.259315 4.162005 8.257785 0.200000
157 21.282907 45.337727 0.000000 2.808316 1.390960 2.405570 4.585108 9.443322 0.221576
158 21.252039 45.155922 0.000000 2.704305 1.394063 2.431467 4.698031 9.856631 0.200000
