%% Trajectory 32
%% frame x (pixel)     y (pixel)    z (pixel)      m0         m1           m2           m3           m4           s 
165 54.220810 38.206139 0.000000 1.235647 1.356767 2.329679 4.457901 9.325950 0.250000
166 53.981964 38.337471 0.000000 1.270589 1.324427 2.214975 4.083167 8.134077 0.200000
167 54.030323 38.421280 0.000000 1.581746 1.350294 2.297572 4.328630 8.853683 0.200556
168 54.149811 38.353565 0.000000 1.836681 1.326597 2.206333 4.039023 7.981691 0.307786
169 54.266075 38.439812 0.000000 1.811732 1.291559 2.085181 3.673720 6.927365 0.312907
170 54.115295 38.312855 0.000000 1.872546 1.322368 2.192499 3.987986 7.804061 0.225264
171 54.041142 38.538162 0.000000 1.835898 1.307524 2.145205 3.866416 7.515936 0.250123
172 53.959183 38.367283 0.000000 2.214484 1.292103 2.104943 3.772938 7.309374 0.166667
173 53.917564 38.627502 0.000000 2.002132 1.286921 2.091839 3.753466 7.308578 0.200000
174 53.845165 38.471165 0.000000 2.237037 1.292568 2.095443 3.724947 7.129667 0.166667
175 53.368511 38.498379 0.000000 2.119114 1.293036 2.090943 3.692175 6.983429 0.205101
176 53.551056 38.379570 0.000000 2.049260 1.268256 2.018989 3.513506 6.564519 0.254418
177 53.362469 38.273998 0.000000 2.210085 1.291874 2.087685 3.681195 6.945359 0.250444
178 53.271267 37.981369 0.000000 2.243491 1.349475 2.289134 4.285434 8.676021 0.200248
179 53.285793 37.894321 0.000000 2.056067 1.334136 2.219802 4.046286 7.920143 0.200360
180 53.139858 38.002590 0.000000 1.897730 1.372075 2.371441 4.539051 9.424424 0.250000
181 53.073284 37.705288 0.000000 1.788473 1.361683 2.333837 4.434669 9.161087 0.333340
182 52.689209 37.578129 0.000000 1.645648 1.329596 2.224409 4.114765 8.265709 0.333372
183 52.465439 37.791615 0.000000 1.658010 1.332919 2.230340 4.117186 8.227443 0.254438
184 52.623230 37.300056 0.000000 1.279994 1.405229 2.467033 4.780313 10.006220 0.333333
