%% Trajectory 35
%% frame x (pixel)     y (pixel)    z (pixel)      m0         m1           m2           m3           m4           s 
128 32.516445 58.494446 0.000000 1.680944 1.351071 2.277340 4.214910 8.401012 0.200000
129 32.591885 58.664555 0.000000 1.816773 1.413492 2.481631 4.788014 9.945344 0.210802
130 32.460850 58.599705 0.000000 2.159210 1.489812 2.745239 5.592238 12.304060 0.200001
131 33.029247 58.581451 0.000000 1.858859 1.475503 2.711589 5.533123 12.257942 0.200774
132 32.938374 58.417606 0.000000 2.377853 1.499154 2.798109 5.783589 12.926231 0.219315
134 32.680882 58.267063 0.000000 2.671325 1.460340 2.629442 5.196762 11.026569 0.234215
135 32.591362 58.536240 0.000000 2.398899 1.432752 2.556786 5.041467 10.751971 0.368262
136 32.678761 58.695366 0.000000 2.430982 1.448142 2.596070 5.122464 10.886604 0.189129
137 32.773823 58.520317 0.000000 2.815127 1.449108 2.590925 5.094547 10.781081 0.166697
138 32.691067 58.658096 0.000000 2.551859 1.412332 2.479905 4.797166 10.014496 0.227525
139 32.521198 58.504112 0.000000 3.234135 1.502608 2.785278 5.691585 12.531069 0.201240
140 32.631180 58.384518 0.000000 3.227198 1.490996 2.745854 5.576678 12.214300 0.200005
141 32.415466 58.525166 0.000000 3.127700 1.534873 2.903740 6.064777 13.656045 0.244161
142 32.522991 58.325863 0.000000 3.019467 1.538245 2.916738 6.104502 13.775957 0.200003
143 32.538116 58.376022 0.000000 2.526554 1.555815 2.962059 6.204270 13.961667 0.200000
144 32.409840 58.227566 0.000000 2.809665 1.607571 3.147184 6.774245 15.647763 0.200000
145 32.360798 58.159771 0.000000 3.354045 1.557692 2.993272 6.355398 14.540753 0.250000
146 32.304073 58.271564 0.000000 3.240100 1.542693 2.928805 6.134474 13.843278 0.250022
147 32.332336 58.283031 0.000000 3.460555 1.518681 2.844114 5.871716 13.055287 0.200000
148 32.484619 58.359142 0.000000 3.721406 1.492357 2.745869 5.562138 12.128875 0.250000
149 32.330956 58.361916 0.000000 3.709246 1.481251 2.712790 5.480462 11.942908 0.250000
150 32.517033 58.126194 0.000000 3.491359 1.509120 2.807427 5.761022 12.734363 0.333333
151 32.766792 57.895107 0.000000 4.294687 1.478471 2.714572 5.498518 12.006275 0.333333
152 32.579185 57.892765 0.000000 4.085974 1.498029 2.772780 5.659231 12.444353 0.333333
153 32.595650 57.880768 0.000000 3.475439 1.531774 2.880138 5.961919 13.273789 0.250000
154 32.735016 57.627136 0.000000 3.402789 1.411782 2.457336 4.680612 9.553418 0.250000
155 32.510330 57.733837 0.000000 3.577485 1.364825 2.312162 4.287312 8.524203 0.250000
156 32.541462 57.498337 0.000000 3.673559 1.360351 2.291715 4.212336 8.274496 0.333333
157 32.513767 57.469658 0.000000 2.753179 1.348842 2.289450 4.290015 8.705675 0.333333
158 32.226116 57.514446 0.000000 2.891802 1.402776 2.441358 4.669348 9.615141 0.333333
159 32.457043 57.324650 0.000000 2.590956 1.417280 2.480548 4.771631 9.883380 0.333333
160 32.063606 56.781487 0.000000 2.709920 1.452083 2.631017 5.280591 11.474849 0.333333
