%% Trajectory 29
%% frame x (pixel)     y (pixel)    z (pixel)      m0         m1           m2           m3           m4           s 
117 40.026760 51.705582 0.000000 1.545851 1.426635 2.622483 5.443113 12.425430 0.250747
119 40.614883 51.529644 0.000000 2.028359 1.519794 2.916812 6.265782 14.646034 0.250000
120 40.562984 51.547596 0.000000 1.630194 1.579380 3.126306 6.886203 16.401188 0.250000
121 40.476173 51.594852 0.000000 1.861556 1.553564 3.017147 6.529300 15.317441 0.250000
122 40.477814 51.244827 0.000000 1.975533 1.575301 3.081287 6.686144 15.661627 0.250000
123 40.646313 51.265560 0.000000 2.379337 1.598173 3.130464 6.751200 15.627237 0.250515
125 40.327435 51.623802 0.000000 2.157529 1.404805 2.472290 4.829209 10.254949 0.250000
126 40.382877 51.507572 0.000000 2.459096 1.340747 2.239444 4.098447 8.060432 0.250000
127 40.440384 51.334690 0.000000 2.439813 1.391054 2.441105 4.762500 10.116372 0.333333
128 40.432671 51.022369 0.000000 2.130760 1.383007 2.417978 4.691755 9.890213 0.333333
129 40.397579 50.847805 0.000000 2.812593 1.354734 2.296803 4.291768 8.668679 0.333333
130 40.614887 50.757389 0.000000 2.912377 1.377083 2.381100 4.554065 9.441076 0.333333
131 40.554092 50.634892 0.000000 2.656156 1.365364 2.317105 4.319733 8.675289 0.333333
132 40.562649 50.361973 0.000000 2.589753 1.373141 2.340528 4.371894 8.771523 0.359508
133 40.513306 50.424496 0.000000 2.761396 1.405333 2.438363 4.637113 9.469847 0.250000
134 40.643208 50.367359 0.000000 2.475154 1.348351 2.259123 4.136515 8.113400 0.251316
135 40.824955 50.241241 0.000000 2.182707 1.386555 2.402992 4.590990 9.471006 0.250000
136 41.017715 50.652035 0.000000 1.948609 1.349903 2.283898 4.256843 8.565763 0.227027
137 41.140095 50.746387 0.000000 1.628626 1.391850 2.426769 4.693697 9.868939 0.200349
138 41.534595 50.633228 0.000000 1.631167 1.348916 2.292661 4.315085 8.827188 0.224319
