%% Trajectory 35
%% frame x (pixel)     y (pixel)    z (pixel)      m0         m1           m2           m3           m4           s 
146 26.523844 24.093155 0.000000 1.765206 1.498602 2.809140 5.814131 12.949039 0.200000
148 27.147127 23.471035 0.000000 2.028044 1.476538 2.718828 5.534213 12.160060 0.250000
149 26.691660 23.584734 0.000000 2.046896 1.527921 2.909119 6.146982 14.051801 0.260446
150 26.715019 23.619228 0.000000 1.822660 1.514929 2.865520 6.013960 13.661850 0.216095
151 26.999561 23.864147 0.000000 2.502293 1.482157 2.736490 5.589168 12.325298 0.200190
152 27.148806 23.872128 0.000000 2.673170 1.433250 2.565969 5.076162 10.852234 0.250017
154 26.854897 24.304888 0.000000 2.852532 1.472708 2.717764 5.568551 12.359482 0.200000
156 26.524788 24.577997 0.000000 3.176333 1.436290 2.553532 4.989575 10.483911 0.200057
157 26.574892 24.493322 0.000000 3.733150 1.452622 2.616519 5.199200 11.144461 0.200000
158 26.483690 24.567026 0.000000 4.189123 1.430249 2.542169 4.978093 10.503667 0.200000
159 26.531267 24.451338 0.000000 4.270247 1.486393 2.729869 5.526126 12.042001 0.200000
160 26.394293 24.417679 0.000000 4.512237 1.426323 2.538817 4.996086 10.630330 0.200000
161 26.560390 24.414770 0.000000 4.900796 1.458011 2.634137 5.239162 11.212562 0.250000
162 26.320305 24.840338 0.000000 5.472667 1.416869 2.488688 4.794220 9.913469 0.250000
163 26.471786 24.337994 0.000000 5.617722 1.431991 2.539667 4.956069 10.412424 0.250000
164 26.371773 24.760031 0.000000 5.164494 1.375278 2.368497 4.505274 9.270355 0.250000
165 26.384804 24.754227 0.000000 5.499691 1.367006 2.333024 4.389699 8.927253 0.250000
166 26.379305 24.752279 0.000000 6.426180 1.379260 2.367716 4.466184 9.066314 0.250000
167 26.422028 24.940214 0.000000 6.471156 1.363683 2.320375 4.337675 8.728101 0.250000
168 26.332630 24.775833 0.000000 5.778737 1.365607 2.328528 4.369794 8.846037 0.166667
170 26.396523 25.096607 0.000000 6.232431 1.354213 2.290946 4.261844 8.543782 0.333333
171 26.329239 25.048414 0.000000 6.105411 1.374733 2.366216 4.491695 9.209257 0.333333
173 26.536251 24.788456 0.000000 5.273271 1.414283 2.482258 4.796925 9.994112 0.333333
174 26.338839 25.084553 0.000000 4.596746 1.422566 2.523824 4.937032 10.415376 0.333333
175 26.228596 24.875330 0.000000 5.300808 1.403650 2.455618 4.728934 9.813252 0.250000
176 26.237749 25.006786 0.000000 4.688946 1.409232 2.475231 4.797503 10.047151 0.166667
177 26.378504 24.804596 0.000000 4.772754 1.418081 2.511971 4.925130 10.460923 0.200000
178 26.158890 24.751070 0.000000 4.055523 1.336176 2.223670 4.044306 7.876364 0.250000
179 26.228615 25.099670 0.000000 4.457520 1.344857 2.272509 4.241628 8.578928 0.250000
180 26.374840 24.693142 0.000000 4.361720 1.338953 2.225574 4.037296 7.834816 0.250000
181 26.029486 24.798508 0.000000 3.972583 1.357653 2.308018 4.313229 8.679431 0.250045
182 25.909142 24.959900 0.000000 3.071161 1.361862 2.370542 4.607436 9.777818 0.200380
184 25.982525 25.231722 0.000000 3.452993 1.376520 2.393924 4.623432 9.701499 0.443004
185 26.029852 25.532465 0.000000 3.857313 1.339028 2.269939 4.252418 8.619467 0.200000
186 26.445114 25.131018 0.000000 3.862602 1.408254 2.474282 4.803035 10.080287 0.216606
187 26.156143 25.706942 0.000000 3.601048 1.440358 2.548249 4.930592 10.214392 0.250563
188 25.779713 25.782341 0.000000 3.423442 1.360036 2.324358 4.385256 8.949164 0.200006
189 25.951710 26.211166 0.000000 3.269090 1.398734 2.497340 4.982571 10.844851 0.256503
