%% Trajectory 31
%% frame x (pixel)     y (pixel)    z (pixel)      m0         m1           m2           m3           m4           s 
178 61.072071 36.468983 0.000000 1.447864 1.314960 2.167455 3.922774 7.643421 0.250000
179 61.099129 36.554161 0.000000 1.467809 1.278444 2.057138 3.639357 6.955366 0.250000
180 61.313427 36.414520 0.000000 1.108198 1.286420 2.100361 3.811324 7.569330 0.250000
181 61.165009 36.702183 0.000000 1.424422 1.304867 2.150362 3.912511 7.716863 0.250000
182 61.036407 36.797680 0.000000 1.988828 1.369147 2.353368 4.471671 9.197317 0.333333
183 61.087067 36.859478 0.000000 1.846625 1.333224 2.253044 4.218999 8.575811 0.333333
184 61.165405 36.622726 0.000000 2.007112 1.283984 2.070366 3.663095 6.988310 0.333333
185 61.133038 36.339527 0.000000 1.860052 1.328328 2.213714 4.062363 8.052890 0.333333
186 61.130531 36.617390 0.000000 1.923884 1.282893 2.071000 3.667780 6.996945 0.333333
187 61.116905 36.723675 0.000000 2.225970 1.305179 2.154142 3.942665 7.867467 0.333333
188 61.301453 36.549801 0.000000 2.096680 1.257949 1.995170 3.471771 6.518085 0.333333
189 61.059196 36.709896 0.000000 2.342496 1.280789 2.068849 3.668657 7.010719 0.333333
190 61.040443 36.750282 0.000000 2.450058 1.280797 2.077620 3.718252 7.211981 0.333333
191 61.254967 36.750019 0.000000 2.669552 1.315284 2.162756 3.903346 7.584301 0.333333
192 61.031761 36.724728 0.000000 2.402796 1.279723 2.073838 3.703092 7.156195 0.333333
193 61.019371 36.518330 0.000000 1.964625 1.277397 2.062739 3.670225 7.073925 0.333333
194 60.606377 36.499012 0.000000 2.188668 1.257386 1.984837 3.424110 6.344278 0.333333
195 60.541302 36.623692 0.000000 2.341836 1.269811 2.026991 3.536181 6.616792 0.333333
196 60.210278 36.674026 0.000000 2.148021 1.284087 2.076100 3.685200 7.054286 0.333333
197 59.926647 36.535156 0.000000 2.340948 1.338466 2.261951 4.217438 8.499975 0.250126
198 59.656433 36.525906 0.000000 2.348817 1.269916 2.048722 3.651936 7.078439 0.250000
199 59.709187 36.481846 0.000000 1.867561 1.349090 2.302512 4.368221 9.040002 0.333333
201 59.362213 37.712502 0.000000 1.703938 1.259674 2.025103 3.605577 6.998962 0.333333
