%% Trajectory 23
%% frame x (pixel)     y (pixel)    z (pixel)      m0         m1           m2           m3           m4           s 
100 58.506302 43.060658 0.000000 1.391598 1.262827 2.041643 3.657523 7.139855 0.250000
101 58.701221 42.956284 0.000000 1.754746 1.295177 2.151801 4.001171 8.180974 0.250000
102 58.594715 42.877277 0.000000 1.730034 1.242700 1.965361 3.434772 6.538373 0.250045
103 58.594105 42.817860 0.000000 2.158021 1.287856 2.110855 3.840448 7.626914 0.333333
104 58.620102 42.773045 0.000000 2.331976 1.259894 2.015844 3.568502 6.882662 0.333334
105 58.692238 42.868450 0.000000 2.562021 1.271148 2.040518 3.604668 6.886867 0.333811
106 58.406437 42.674999 0.000000 3.291951 1.281450 2.059589 3.630869 6.900330 0.333333
107 58.527927 42.728573 0.000000 3.746559 1.312712 2.158743 3.904904 7.631061 0.333333
108 58.518768 42.816154 0.000000 4.312655 1.347542 2.269109 4.208695 8.433247 0.333333
109 58.409592 42.425869 0.000000 4.198136 1.308218 2.141251 3.835911 7.379254 0.200000
110 58.310757 42.547146 0.000000 4.815839 1.365806 2.322595 4.344307 8.765137 0.200000
111 58.462059 42.505890 0.000000 4.537928 1.320733 2.169891 3.888717 7.450825 0.250003
112 58.427357 42.582214 0.000000 5.342916 1.325619 2.185316 3.928721 7.546662 0.200000
113 58.387562 42.510944 0.000000 6.127505 1.323291 2.187775 3.968272 7.748724 0.250000
114 58.364712 42.473053 0.000000 5.676024 1.340373 2.255959 4.193764 8.452410 0.250000
115 58.387318 42.543221 0.000000 6.028533 1.319689 2.170136 3.897963 7.498294 0.250000
116 58.335953 42.529408 0.000000 6.466764 1.313488 2.152349 3.857027 7.411834 0.250000
117 58.243893 42.616035 0.000000 6.611163 1.320322 2.186693 3.982310 7.829110 0.166667
118 58.391655 42.526085 0.000000 7.415027 1.336265 2.220956 4.041038 7.893894 0.250000
119 58.296722 42.418335 0.000000 7.003134 1.316626 2.167135 3.906464 7.562286 0.333333
120 58.374962 42.268097 0.000000 7.254421 1.336002 2.237066 4.124688 8.213488 0.250000
121 58.358521 42.294697 0.000000 6.959391 1.330509 2.209838 4.022192 7.866977 0.250000
122 58.464897 42.344440 0.000000 7.484464 1.307987 2.133328 3.795566 7.220886 0.333333
123 58.416901 42.274734 0.000000 6.866277 1.362150 2.321313 4.357535 8.833667 0.250000
124 58.490463 42.113247 0.000000 6.497150 1.328170 2.216180 4.079632 8.133121 0.200000
125 58.530621 41.880798 0.000000 6.263463 1.325835 2.221230 4.123865 8.332590 0.200000
126 58.445969 41.743225 0.000000 6.344664 1.338227 2.242479 4.137561 8.249721 0.200000
127 58.438030 41.778152 0.000000 5.886211 1.331130 2.229168 4.123557 8.270522 0.200000
128 58.347099 41.726074 0.000000 5.226870 1.318008 2.177299 3.958587 7.779137 0.200000
129 58.150787 41.394688 0.000000 5.175977 1.375947 2.361215 4.463254 9.102148 0.200000
130 58.161121 41.267277 0.000000 5.807745 1.384491 2.390986 4.551979 9.357541 0.200000
132 58.232742 40.897694 0.000000 4.545434 1.387689 2.414550 4.643885 9.671033 0.362405
133 58.273911 40.794643 0.000000 3.895174 1.350143 2.292439 4.305246 8.770992 0.485111
134 58.388805 40.518272 0.000000 3.171699 1.322287 2.191051 3.983575 7.793592 0.250000
135 58.111790 40.490860 0.000000 3.809594 1.388217 2.397951 4.553947 9.306579 0.417417
136 58.173424 40.559364 0.000000 3.191467 1.335684 2.233429 4.097797 8.083949 0.250704
137 57.838387 40.816410 0.000000 2.654554 1.461676 2.683329 5.480049 12.143250 0.200000
139 57.647175 39.537712 0.000000 2.125206 1.486439 2.762108 5.681607 12.621223 0.251277
