%% Trajectory 8
%% frame x (pixel)     y (pixel)    z (pixel)      m0         m1           m2           m3           m4           s 
20 25.574080 32.105843 0.000000 2.203343 1.327506 2.197314 3.992069 7.814143 0.233565
21 25.678097 32.063335 0.000000 2.372986 1.385715 2.393863 4.557228 9.367575 0.250000
22 25.522499 32.152000 0.000000 2.283545 1.343700 2.252625 4.141031 8.187031 0.250078
23 25.582239 32.106846 0.000000 2.372319 1.315145 2.171602 3.949604 7.771770 0.257476
24 25.531363 32.134693 0.000000 2.758223 1.312296 2.166656 3.937357 7.733828 0.333333
25 25.631697 32.110519 0.000000 2.806101 1.330569 2.217662 4.067377 8.057146 0.333333
26 25.527472 32.032234 0.000000 2.458372 1.301098 2.134346 3.853787 7.519320 0.333333
27 25.466200 32.092937 0.000000 2.896377 1.302718 2.130395 3.812329 7.318519 0.341331
28 25.671133 31.902851 0.000000 2.871508 1.320796 2.177368 3.930972 7.624521 0.333335
29 25.541830 32.076591 0.000000 2.950328 1.323159 2.199127 4.026896 7.977268 0.333333
30 25.578802 32.316956 0.000000 2.972386 1.285735 2.069314 3.635895 6.841628 0.250000
31 25.622236 32.147087 0.000000 3.430482 1.297855 2.125698 3.837876 7.504186 0.250000
32 26.075211 32.420937 0.000000 3.437125 1.350150 2.284676 4.266934 8.628539 0.250000
33 26.139156 32.336163 0.000000 3.553957 1.336655 2.244988 4.161120 8.352264 0.200000
34 26.431627 32.450794 0.000000 3.390193 1.304175 2.119745 3.755934 7.112461 0.200000
35 26.613728 32.354416 0.000000 3.515583 1.326614 2.201959 4.019273 7.920370 0.200000
36 26.534388 32.623432 0.000000 3.341315 1.327091 2.191794 3.945481 7.582901 0.250000
37 26.938894 32.711792 0.000000 3.203286 1.417115 2.489327 4.805386 9.979829 0.200000
39 27.574841 31.334728 0.000000 3.520626 1.327711 2.193904 3.959184 7.649762 0.250000
40 27.585705 31.613773 0.000000 3.024566 1.349304 2.269602 4.186249 8.300843 0.250000
