%% Trajectory 21
%% frame x (pixel)     y (pixel)    z (pixel)      m0         m1           m2           m3           m4           s 
124 46.903782 48.521805 0.000000 1.876711 1.383357 2.393881 4.569010 9.420519 0.200070
125 46.943508 48.318501 0.000000 2.003501 1.426008 2.550069 5.058978 10.889249 0.200146
126 46.991226 48.466434 0.000000 1.867465 1.390329 2.408729 4.602621 9.493464 0.219457
127 47.096703 48.251381 0.000000 2.089838 1.349179 2.274868 4.219780 8.439941 0.239016
130 46.852043 48.466057 0.000000 1.796263 1.420811 2.514242 4.894050 10.257717 0.286801
131 47.062038 48.566864 0.000000 1.931447 1.388697 2.427106 4.705535 9.906517 0.231278
132 46.770275 48.462929 0.000000 1.959920 1.401774 2.443474 4.687359 9.693168 0.250000
133 46.928913 48.550018 0.000000 2.239418 1.418933 2.513447 4.926947 10.463573 0.250000
134 46.640800 48.815495 0.000000 2.220655 1.491032 2.739030 5.533092 12.009310 0.250000
135 46.854782 48.695251 0.000000 2.281840 1.356657 2.304706 4.323765 8.788256 0.250000
136 46.284348 48.945728 0.000000 2.465189 1.478969 2.712940 5.501341 12.047554 0.250003
137 46.588261 48.656963 0.000000 2.642603 1.444812 2.590936 5.125113 10.943209 0.209014
138 46.698196 48.556023 0.000000 2.524338 1.441821 2.592179 5.141883 11.005333 0.203077
139 46.760658 48.486931 0.000000 3.228069 1.462774 2.650588 5.289946 11.369649 0.250361
140 46.587051 48.750401 0.000000 2.874517 1.417012 2.508575 4.897425 10.316959 0.264884
141 46.791412 48.549683 0.000000 3.409790 1.376710 2.354736 4.421433 8.930101 0.250001
142 46.640820 48.669079 0.000000 3.574232 1.449875 2.600853 5.129545 10.880698 0.200000
143 46.662872 48.790020 0.000000 3.495488 1.475795 2.693977 5.412436 11.693992 0.200000
144 46.528610 48.748260 0.000000 3.920831 1.433274 2.539554 4.942967 10.343194 0.200000
145 46.589802 48.761570 0.000000 3.435750 1.482326 2.717129 5.488055 11.936645 0.250817
146 46.571339 48.813747 0.000000 3.729484 1.464531 2.657082 5.314734 11.456197 0.250000
147 46.415905 48.637535 0.000000 3.808438 1.476252 2.671696 5.299461 11.268262 0.250000
148 46.490467 48.910732 0.000000 4.248889 1.496584 2.760887 5.609224 12.267351 0.250000
149 46.729893 48.803226 0.000000 3.832543 1.434334 2.555217 5.014513 10.605663 0.333333
150 46.728985 48.687080 0.000000 4.109402 1.453556 2.623190 5.213727 11.159915 0.333333
151 46.627350 48.634571 0.000000 3.887724 1.441531 2.558018 4.971955 10.360029 0.250000
152 46.639706 48.520184 0.000000 4.597328 1.333011 2.201968 3.958905 7.587529 0.333333
153 46.591488 48.786312 0.000000 4.173087 1.432429 2.554504 5.028971 10.694288 0.250000
154 46.565445 48.819855 0.000000 4.782328 1.434111 2.548328 4.983747 10.495728 0.250000
155 46.599266 48.596401 0.000000 5.226130 1.394038 2.402719 4.528315 9.136786 0.333333
156 46.586563 48.808350 0.000000 4.513320 1.428308 2.532452 4.948157 10.428786 0.333333
157 46.670593 48.833790 0.000000 4.902695 1.425102 2.517936 4.893717 10.240190 0.333333
158 46.664875 48.574986 0.000000 4.446387 1.411704 2.467423 4.737583 9.784644 0.333333
159 46.597824 48.711678 0.000000 4.278613 1.403482 2.444384 4.680859 9.652469 0.250000
160 46.566471 48.798660 0.000000 4.280422 1.414634 2.488552 4.822932 10.078201 0.250000
161 46.626801 48.580715 0.000000 3.943289 1.367490 2.331391 4.364947 8.789861 0.200049
162 46.551125 48.641651 0.000000 4.160547 1.402295 2.438904 4.659432 9.576160 0.250000
163 46.630634 48.472233 0.000000 4.469644 1.350704 2.254653 4.100108 7.955672 0.200000
164 46.609207 48.627083 0.000000 4.580437 1.352427 2.281755 4.225877 8.425491 0.166667
165 46.492210 48.662582 0.000000 4.553757 1.391569 2.398778 4.529685 9.177337 0.200000
166 46.483749 48.654579 0.000000 4.480407 1.333430 2.216130 4.033090 7.880278 0.200000
167 46.450375 48.673870 0.000000 4.431864 1.395929 2.428657 4.644297 9.558912 0.200000
168 46.548061 48.607597 0.000000 5.040486 1.362684 2.307665 4.275105 8.485815 0.200000
169 46.625793 48.638298 0.000000 4.442109 1.358583 2.295482 4.246248 8.425496 0.166667
170 46.611492 48.575684 0.000000 4.960251 1.329698 2.203043 3.986750 7.723368 0.250000
171 46.609577 48.649349 0.000000 4.750742 1.369950 2.329444 4.335053 8.648816 0.200000
172 46.499508 48.614250 0.000000 4.874455 1.380780 2.363218 4.420332 8.845006 0.250000
173 46.586468 48.687244 0.000000 4.207841 1.339970 2.239294 4.101089 8.068871 0.200000
174 46.467335 48.808884 0.000000 4.244089 1.400883 2.446357 4.705775 9.762501 0.200000
175 46.438171 48.861488 0.000000 3.864045 1.398157 2.429872 4.639478 9.524295 0.250000
176 46.512394 48.808971 0.000000 3.737627 1.340053 2.249746 4.155974 8.284491 0.250000
177 46.565392 48.704525 0.000000 4.644555 1.331880 2.216609 4.043572 7.924850 0.250000
178 46.654453 48.776997 0.000000 4.278515 1.360304 2.307363 4.295836 8.599496 0.250000
179 46.527287 48.872761 0.000000 4.176964 1.395190 2.424294 4.638248 9.565613 0.250000
180 46.347092 48.835869 0.000000 4.126625 1.368946 2.334672 4.371571 8.801657 0.250000
181 46.334454 48.810726 0.000000 3.764531 1.399031 2.455720 4.778687 10.086833 0.250000
182 46.314743 49.030384 0.000000 3.559172 1.413715 2.498695 4.876798 10.275193 0.250000
183 46.305527 48.962135 0.000000 3.881130 1.463192 2.657737 5.331204 11.534771 0.250000
184 46.323761 48.720821 0.000000 4.614557 1.412789 2.492209 4.852414 10.198353 0.250000
185 46.258121 48.863033 0.000000 4.039773 1.443527 2.594390 5.144877 11.000843 0.250000
186 46.141991 48.699551 0.000000 3.353452 1.407296 2.479931 4.838225 10.224229 0.254715
187 45.881302 48.829266 0.000000 3.761655 1.435894 2.571943 5.101323 10.961479 0.250001
189 46.540039 48.235706 0.000000 2.621028 1.437258 2.570817 5.075005 10.813857 0.250004
190 46.193733 48.208996 0.000000 2.698703 1.415551 2.492288 4.822115 10.033673 0.253582
191 46.138977 48.183083 0.000000 2.954826 1.458245 2.638025 5.267737 11.353395 0.270630
193 46.285896 47.441288 0.000000 2.540899 1.354151 2.292828 4.264712 8.534942 0.278890
194 46.326130 47.486561 0.000000 2.752866 1.386810 2.393016 4.536106 9.244600 0.251229
196 46.056034 47.282532 0.000000 2.266822 1.370947 2.342319 4.402355 8.919121 0.255809
197 45.651325 47.459457 0.000000 2.221020 1.316147 2.201536 4.107656 8.395326 0.250028
199 45.335121 47.267254 0.000000 1.639252 1.240335 1.942125 3.329462 6.144475 0.229852
200 45.130623 47.643559 0.000000 1.571176 1.269925 2.033864 3.568909 6.733370 0.204298
