%% Trajectory 14
%% frame x (pixel)     y (pixel)    z (pixel)      m0         m1           m2           m3           m4           s 
53 42.893764 18.815117 0.000000 1.923713 1.298640 2.131332 3.850535 7.513297 0.200002
54 42.934502 18.720497 0.000000 2.485592 1.320509 2.189502 3.996743 7.880107 0.218909
55 43.002510 18.935299 0.000000 2.115540 1.342804 2.280519 4.280851 8.695125 0.200557
56 42.729305 18.744669 0.000000 2.423665 1.304850 2.137473 3.844020 7.449575 0.250001
57 42.810947 18.864252 0.000000 2.726350 1.327520 2.215788 4.072548 8.085093 0.363912
58 42.642189 18.662125 0.000000 2.712455 1.296089 2.098125 3.711056 7.036058 0.250003
59 42.651806 18.683685 0.000000 2.499089 1.250125 1.968704 3.395951 6.309506 0.250000
60 42.297161 19.015083 0.000000 2.875503 1.379507 2.372263 4.482970 9.118154 0.250000
61 42.215790 19.116875 0.000000 3.009974 1.318759 2.175245 3.928267 7.612845 0.250000
62 41.970966 19.030533 0.000000 2.568941 1.349234 2.298593 4.340674 8.901411 0.250000
63 41.803726 19.263020 0.000000 2.847037 1.346907 2.284369 4.280151 8.684931 0.250000
64 41.378094 19.440310 0.000000 2.676883 1.293864 2.092696 3.698055 7.004385 0.250000
65 41.056770 19.017389 0.000000 2.200084 1.355187 2.317140 4.385840 9.000311 0.166667
66 40.923817 18.984018 0.000000 2.091920 1.389160 2.435654 4.744470 10.045284 0.243842
67 40.933773 19.294998 0.000000 1.990527 1.297124 2.125286 3.843574 7.538351 0.200002
68 40.848518 19.412024 0.000000 1.692276 1.308846 2.168160 3.976527 7.935172 0.170783
