%% Trajectory 33
%% frame x (pixel)     y (pixel)    z (pixel)      m0         m1           m2           m3           m4           s 
127 20.584606 22.799633 0.000000 1.456111 1.195562 1.841235 3.152572 5.940319 0.166925
128 20.375065 22.599773 0.000000 1.411775 1.145346 1.693135 2.769068 4.981755 0.166667
129 20.522505 22.726765 0.000000 1.704244 1.181241 1.768585 2.897545 5.132164 0.166667
131 20.451633 22.845688 0.000000 1.646183 1.237014 1.944000 3.355028 6.251054 0.166667
132 20.675655 22.982668 0.000000 1.841411 1.287686 2.093994 3.749854 7.260946 0.166667
134 20.748825 23.020811 0.000000 1.957981 1.247694 1.981782 3.452343 6.473633 0.125058
137 20.871027 22.991034 0.000000 2.430933 1.387228 2.441378 4.798114 10.302475 0.167093
138 20.858156 22.803183 0.000000 2.261960 1.287423 2.119398 3.899394 7.891616 0.166667
139 20.999769 22.810633 0.000000 2.624864 1.398922 2.474239 4.877736 10.479753 0.248220
140 20.809816 22.824936 0.000000 2.470490 1.303154 2.153206 3.939915 7.846246 0.166720
141 20.965862 22.707676 0.000000 3.000213 1.359499 2.335643 4.456061 9.249628 0.245043
142 20.826950 22.890110 0.000000 2.894554 1.324575 2.210326 4.078428 8.160866 0.220453
143 21.164293 23.036398 0.000000 2.682876 1.374036 2.408744 4.709571 10.039115 0.168032
144 21.341822 23.105522 0.000000 3.012326 1.354920 2.306101 4.335350 8.822112 0.202054
145 21.525909 23.346987 0.000000 3.119037 1.307171 2.149697 3.885694 7.577491 0.310442
146 21.410929 23.527079 0.000000 3.453125 1.294389 2.093303 3.692416 6.967317 0.200720
147 21.682823 23.523520 0.000000 3.418356 1.337340 2.234497 4.098725 8.097895 0.166763
148 21.852928 23.582260 0.000000 3.588549 1.326837 2.220551 4.104483 8.224484 0.221384
149 21.851763 23.785662 0.000000 3.686350 1.380432 2.375500 4.493818 9.148727 0.201180
150 21.757553 23.541555 0.000000 3.529547 1.339415 2.244510 4.132175 8.190849 0.354134
151 22.183840 23.076555 0.000000 3.408858 1.407323 2.476170 4.828256 10.207298 0.201419
152 22.280548 22.993256 0.000000 3.593935 1.404490 2.481230 4.860623 10.326804 0.200633
153 22.490957 23.149750 0.000000 3.824426 1.413135 2.492546 4.856573 10.227524 0.202347
154 22.604776 23.196074 0.000000 3.220247 1.458418 2.621644 5.177598 10.990002 0.250000
155 22.451799 23.315773 0.000000 2.908827 1.469022 2.667866 5.332413 11.464767 0.200000
156 22.395937 23.385193 0.000000 3.428449 1.432412 2.534006 4.915205 10.227529 0.207101
157 22.343346 23.430235 0.000000 2.936325 1.478480 2.711533 5.498748 12.047431 0.250000
159 21.791334 23.018408 0.000000 2.402048 1.584421 3.091248 6.629248 15.239680 0.142857
160 22.418957 22.902813 0.000000 2.443913 1.488871 2.781925 5.773349 12.983481 0.142857
161 22.624004 23.312109 0.000000 2.447657 1.485178 2.707731 5.420000 11.650724 0.142906
162 22.410631 23.554602 0.000000 2.134140 1.580049 3.028445 6.353671 14.246233 0.200000
163 22.998112 23.739634 0.000000 2.195676 1.493243 2.806448 5.881301 13.392792 0.166802
165 22.779682 23.672554 0.000000 2.351381 1.441105 2.581680 5.102089 10.876569 0.221519
166 23.253357 24.111576 0.000000 2.554715 1.493155 2.754519 5.597424 12.234979 0.204835
167 22.909790 23.608252 0.000000 2.562133 1.520467 2.862586 5.950282 13.321051 0.200000
168 22.831350 24.094126 0.000000 2.910403 1.451306 2.621520 5.217311 11.182169 0.200000
170 23.618021 24.161972 0.000000 2.081309 1.489569 2.801462 5.874901 13.379233 0.200000
172 23.887629 23.584743 0.000000 2.660413 1.419327 2.541711 5.084084 11.102272 0.200000
174 22.673761 24.208780 0.000000 1.811452 1.334277 2.249681 4.201087 8.529874 0.200000
