%% Trajectory 21
%% frame x (pixel)     y (pixel)    z (pixel)      m0         m1           m2           m3           m4           s 
67 40.995724 26.530622 0.000000 0.929961 1.292959 2.118662 3.807052 7.351207 0.250002
68 40.781635 26.689590 0.000000 1.032251 1.307264 2.137750 3.835852 7.418127 0.250000
69 40.822926 26.533077 0.000000 1.039817 1.205487 1.852206 3.120664 5.682345 0.167061
70 40.794819 26.321720 0.000000 1.327805 1.282607 2.072575 3.683651 7.075616 0.203273
71 40.861435 26.527555 0.000000 1.401984 1.323112 2.195962 4.017115 7.953287 0.168043
72 41.030602 26.558832 0.000000 1.515882 1.327734 2.214076 4.055978 8.001973 0.219903
73 40.959820 26.241268 0.000000 1.400876 1.391222 2.419579 4.640641 9.611322 0.200085
74 40.855156 26.572800 0.000000 1.417172 1.298839 2.109642 3.751268 7.164721 0.397509
75 41.034412 26.551964 0.000000 1.974114 1.315555 2.170922 3.936393 7.692850 0.284150
76 40.932613 26.755297 0.000000 2.429144 1.336122 2.230918 4.082321 8.022570 0.395378
77 41.003761 26.544613 0.000000 2.242669 1.299510 2.134978 3.873408 7.621169 0.253060
78 40.965839 26.465012 0.000000 2.343750 1.336564 2.248169 4.172849 8.380396 0.260431
79 40.938080 26.593971 0.000000 2.630644 1.276487 2.055220 3.624676 6.872142 0.311220
80 41.092426 26.509523 0.000000 2.539124 1.297645 2.105516 3.739683 7.136119 0.271698
81 40.989685 26.585867 0.000000 2.624456 1.352706 2.299213 4.312532 8.749214 0.260426
82 40.916489 26.500437 0.000000 2.647580 1.320638 2.186673 3.978144 7.800081 0.410095
83 40.943775 26.657633 0.000000 2.986414 1.309406 2.147822 3.857599 7.437143 0.250034
84 41.058071 26.582857 0.000000 2.856142 1.304767 2.135478 3.833073 7.402620 0.356804
85 41.057156 26.678553 0.000000 2.760155 1.333385 2.225801 4.078473 8.041466 0.271563
86 41.014931 26.851500 0.000000 2.681082 1.362955 2.338017 4.434503 9.109480 0.250279
87 41.275558 27.089060 0.000000 2.498337 1.308014 2.154667 3.905788 7.646860 0.250000
88 41.266125 27.385948 0.000000 2.280873 1.257288 1.994184 3.471778 6.525064 0.250000
91 41.308319 27.942503 0.000000 2.694476 1.334404 2.240606 4.156145 8.362090 0.250000
92 40.960136 28.207737 0.000000 2.258539 1.328060 2.234080 4.154382 8.364610 0.250000
93 41.202118 28.533611 0.000000 2.578332 1.341153 2.254369 4.177955 8.376698 0.250000
94 41.104568 28.798229 0.000000 2.108933 1.325269 2.224027 4.127736 8.310615 0.250000
95 40.848030 28.790798 0.000000 2.396508 1.293122 2.113103 3.819105 7.503415 0.250000
96 40.508663 28.660191 0.000000 2.288594 1.289730 2.092495 3.727079 7.154415 0.250000
