%% Trajectory 7
%% frame x (pixel)     y (pixel)    z (pixel)      m0         m1           m2           m3           m4           s 
3 43.567131 33.981762 0.000000 0.629613 1.480767 2.778025 5.817542 13.238111 0.168918
6 42.995930 34.341522 0.000000 0.687219 1.421427 2.548072 5.112677 11.224208 0.202699
8 44.047844 34.205982 0.000000 0.684451 1.421007 2.554090 5.121916 11.189315 0.250013
9 43.780029 34.222137 0.000000 0.975487 1.365557 2.392910 4.695754 10.097849 0.250706
11 44.182850 34.576157 0.000000 1.083915 1.435294 2.572986 5.128897 11.118918 0.250000
12 44.254387 34.550137 0.000000 1.133929 1.485965 2.738105 5.574172 12.245926 0.255101
13 44.594517 34.576263 0.000000 1.353747 1.330663 2.225864 4.089059 8.089483 0.282270
14 44.251427 34.891029 0.000000 1.769718 1.391681 2.435514 4.724316 9.938654 0.394218
15 44.083893 34.780346 0.000000 2.231954 1.412768 2.508604 4.945193 10.588007 0.250004
16 44.211887 34.591686 0.000000 2.239354 1.403281 2.453724 4.733098 9.862546 0.257694
17 44.187035 34.883709 0.000000 2.261226 1.405467 2.480604 4.847426 10.259992 0.250431
18 44.275181 34.739941 0.000000 2.472435 1.391252 2.437991 4.740288 10.015269 0.333333
19 44.195499 34.566788 0.000000 2.630387 1.328280 2.214173 4.061310 8.041909 0.250000
20 44.189655 34.571732 0.000000 2.440543 1.367490 2.341707 4.423290 9.032238 0.336717
21 44.374271 34.678593 0.000000 2.648971 1.347410 2.275972 4.236791 8.525674 0.333345
22 44.185986 34.816570 0.000000 2.695498 1.393695 2.446119 4.766915 10.094214 0.439175
23 44.054718 34.779156 0.000000 2.649503 1.417092 2.510331 4.923580 10.464074 0.578328
24 44.162647 34.864620 0.000000 2.912708 1.428124 2.557177 5.079225 10.942835 0.371763
25 44.362625 34.996098 0.000000 2.822525 1.431761 2.556020 5.041192 10.743992 0.251277
26 44.234184 34.899353 0.000000 2.683047 1.407686 2.488984 4.886257 10.420237 0.250009
27 44.163288 35.018200 0.000000 2.851836 1.421500 2.539293 5.042632 10.883096 0.258907
28 44.477654 35.078438 0.000000 2.831481 1.422078 2.537081 5.019625 10.766185 0.250000
29 44.301956 34.906876 0.000000 3.081711 1.400039 2.459463 4.787355 10.105281 0.250001
30 44.221050 34.943867 0.000000 3.085335 1.392303 2.428690 4.697543 9.864592 0.200000
31 44.495892 34.923843 0.000000 2.988796 1.416247 2.508362 4.915590 10.426474 0.200000
32 44.377960 34.959690 0.000000 3.118550 1.358523 2.326912 4.418101 9.112759 0.250000
33 44.426060 35.074043 0.000000 2.924423 1.387655 2.436698 4.771074 10.194408 0.250000
34 44.354965 34.961601 0.000000 3.412412 1.372513 2.377958 4.583675 9.631736 0.250000
35 44.371639 34.973553 0.000000 3.448939 1.393930 2.450736 4.795172 10.220787 0.200000
36 44.343983 35.137440 0.000000 3.742517 1.403399 2.440929 4.659070 9.556637 0.200000
37 44.521461 35.013042 0.000000 3.512027 1.384809 2.416156 4.686413 9.892006 0.200000
38 44.449440 35.072105 0.000000 3.228471 1.396008 2.460850 4.830698 10.329319 0.200000
39 44.559902 35.200420 0.000000 3.994534 1.374201 2.346622 4.393653 8.839633 0.250000
40 44.516479 35.002865 0.000000 3.727107 1.390354 2.437897 4.757254 10.116362 0.200000
41 44.525852 35.259151 0.000000 4.250246 1.401877 2.441910 4.682408 9.685019 0.200000
42 44.550594 35.174782 0.000000 4.055170 1.381551 2.374941 4.488923 9.142518 0.250000
43 44.649254 35.184757 0.000000 4.210882 1.364005 2.317091 4.316792 8.641783 0.200000
44 44.544506 35.058167 0.000000 4.064977 1.383757 2.413459 4.680205 9.882402 0.200000
45 44.600086 35.247597 0.000000 4.159823 1.390128 2.405905 4.581689 9.407471 0.200000
46 44.621635 35.138168 0.000000 4.535788 1.360424 2.297568 4.252214 8.453416 0.250000
47 44.675140 35.245148 0.000000 3.979664 1.354981 2.288769 4.241042 8.448172 0.250000
48 44.771744 35.053131 0.000000 3.498480 1.377583 2.409180 4.697941 9.994855 0.200000
50 44.542000 35.305233 0.000000 4.433603 1.347387 2.252587 4.110973 8.024372 0.166667
51 44.427349 35.360519 0.000000 4.833975 1.363487 2.297682 4.219679 8.270752 0.200000
52 44.556538 35.260307 0.000000 4.996110 1.318594 2.161226 3.859630 7.358602 0.200000
53 44.564323 35.334614 0.000000 5.191911 1.328795 2.195963 3.959889 7.635501 0.166667
54 44.501019 35.354862 0.000000 4.941816 1.351719 2.266877 4.159145 8.185355 0.166667
55 44.450287 35.410034 0.000000 4.652349 1.360641 2.288672 4.197956 8.226356 0.166667
56 44.444561 35.434410 0.000000 4.378153 1.356414 2.284700 4.210558 8.320979 0.166667
57 44.307129 35.567635 0.000000 4.517945 1.339997 2.232850 4.069762 7.955758 0.166672
58 44.009224 35.455132 0.000000 4.350170 1.355231 2.313186 4.365945 8.930827 0.187029
59 43.944679 35.598785 0.000000 4.621025 1.359025 2.314000 4.342963 8.803137 0.166667
60 43.709324 35.651962 0.000000 4.362891 1.314382 2.172040 3.951213 7.764592 0.196514
61 43.650093 35.905815 0.000000 4.355746 1.335945 2.248572 4.189243 8.477629 0.174308
62 43.713154 36.197704 0.000000 4.499365 1.376251 2.358438 4.435783 8.966504 0.245299
63 43.563496 35.982441 0.000000 3.896161 1.381480 2.395009 4.595438 9.561341 0.169564
64 43.650177 36.009632 0.000000 3.697915 1.364393 2.350915 4.497691 9.362223 0.200001
65 43.508816 36.168217 0.000000 3.613296 1.370713 2.340668 4.383594 8.818389 0.200000
66 43.315151 36.167194 0.000000 3.171664 1.326938 2.197468 3.986916 7.773050 0.203809
67 43.698269 36.072968 0.000000 3.203933 1.383146 2.392121 4.565477 9.418648 0.307388
68 43.720764 35.532478 0.000000 3.139172 1.363414 2.312755 4.293397 8.544772 0.213234
