%% Trajectory 23
%% frame x (pixel)     y (pixel)    z (pixel)      m0         m1           m2           m3           m4           s 
95 22.678896 47.817669 0.000000 3.222616 1.411149 2.492329 4.866810 10.280750 0.200000
96 22.598204 47.805336 0.000000 3.675605 1.368764 2.341745 4.414972 8.990255 0.182415
97 22.901028 48.146027 0.000000 3.771451 1.481814 2.730050 5.571936 12.311928 0.179502
99 22.975708 47.883583 0.000000 4.003878 1.466413 2.673816 5.382545 11.689347 0.238399
100 22.954613 47.797264 0.000000 4.328665 1.457877 2.635316 5.249701 11.262500 0.169724
101 22.949697 47.760319 0.000000 5.144112 1.421927 2.531445 4.990282 10.654393 0.269833
102 22.862104 47.736042 0.000000 5.139249 1.423512 2.517936 4.911089 10.339857 0.218838
103 22.888271 47.861401 0.000000 5.016020 1.422446 2.524400 4.948650 10.483622 0.203054
104 22.874710 47.707405 0.000000 5.794492 1.402810 2.457328 4.756718 9.965795 0.257508
105 22.762123 47.680260 0.000000 5.423728 1.361162 2.306184 4.291882 8.603235 0.200188
106 22.841856 47.684139 0.000000 5.060206 1.367510 2.327181 4.342949 8.706412 0.200000
107 22.764078 47.886700 0.000000 5.607168 1.398282 2.436161 4.676157 9.684846 0.166865
108 22.919661 47.728039 0.000000 5.136850 1.451502 2.617745 5.210696 11.189793 0.166667
109 22.916552 47.795460 0.000000 5.557846 1.383220 2.392744 4.559239 9.369235 0.167673
110 22.956198 47.648300 0.000000 6.410232 1.392203 2.423697 4.664480 9.721201 0.166952
111 22.911417 47.707020 0.000000 6.655380 1.392199 2.417055 4.620531 9.522837 0.166681
112 22.950205 47.604683 0.000000 6.901184 1.398889 2.437542 4.676095 9.667549 0.166667
113 22.767872 47.854042 0.000000 6.410977 1.391936 2.416361 4.618846 9.520517 0.166667
114 22.798365 47.740116 0.000000 6.326953 1.360193 2.314106 4.339874 8.799340 0.166671
115 22.771372 47.685787 0.000000 6.295092 1.341596 2.250058 4.137670 8.176446 0.166667
116 22.930826 47.620869 0.000000 6.533995 1.368715 2.338370 4.391699 8.881436 0.200000
117 22.768444 47.801502 0.000000 7.088406 1.361181 2.305001 4.277790 8.526997 0.202324
118 22.908215 47.683369 0.000000 7.076151 1.377592 2.368065 4.483216 9.160128 0.200901
119 22.800348 47.530331 0.000000 7.267837 1.325748 2.194184 3.973518 7.719936 0.250000
120 22.907839 47.550350 0.000000 7.261853 1.353498 2.283809 4.230532 8.432582 0.250005
121 22.912693 47.466892 0.000000 7.400338 1.327831 2.204106 4.012456 7.854835 0.250000
122 22.923891 47.426262 0.000000 7.045263 1.319074 2.175671 3.932547 7.637618 0.250001
123 22.888754 47.340504 0.000000 6.849801 1.345217 2.262347 4.183002 8.338299 0.265928
124 22.946627 47.430965 0.000000 6.502118 1.351256 2.285748 4.257413 8.562000 0.250001
125 22.871817 47.338318 0.000000 6.401062 1.329076 2.209497 4.031702 7.920243 0.250000
126 22.976299 47.313797 0.000000 6.871061 1.347162 2.271244 4.210691 8.412640 0.250000
127 23.004974 47.347534 0.000000 6.758621 1.358379 2.309798 4.327194 8.754299 0.200000
128 23.052141 47.493862 0.000000 5.874782 1.326665 2.201092 4.010257 7.872247 0.250002
129 23.051493 47.525070 0.000000 6.512509 1.328456 2.214154 4.064428 8.064290 0.200000
131 22.971640 47.515282 0.000000 5.680970 1.310255 2.152000 3.878241 7.525893 0.200000
132 22.987560 47.465034 0.000000 5.211590 1.328682 2.216451 4.078281 8.124371 0.142857
133 22.842159 47.480114 0.000000 5.079202 1.276212 2.043824 3.581272 6.741158 0.142857
134 23.096554 47.464561 0.000000 4.986731 1.329913 2.209844 4.027201 7.893435 0.142857
135 22.971233 47.388786 0.000000 4.536816 1.295129 2.120479 3.830551 7.493651 0.166671
136 23.000364 47.375546 0.000000 4.727944 1.316099 2.183876 3.996061 7.909689 0.200000
137 22.898294 47.433811 0.000000 4.312204 1.284063 2.073411 3.672669 7.010265 0.200000
138 22.976910 47.245483 0.000000 4.085791 1.313886 2.173357 3.956261 7.771810 0.333957
139 22.839991 47.473652 0.000000 3.913753 1.268179 2.019269 3.513339 6.557545 0.254551
140 22.849970 47.381508 0.000000 3.951966 1.276710 2.049125 3.601329 6.804523 0.486486
141 23.036827 47.260353 0.000000 4.287767 1.326044 2.209883 4.054844 8.032700 0.202644
142 22.915970 47.396099 0.000000 3.925733 1.287793 2.079529 3.677998 6.996479 0.214247
143 23.016289 47.247459 0.000000 3.912899 1.313458 2.177388 3.980042 7.867209 0.184914
144 23.153351 47.227650 0.000000 3.618592 1.275338 2.045208 3.592349 6.784035 0.169110
145 23.176418 47.095852 0.000000 3.275224 1.347111 2.275017 4.231570 8.499990 0.177366
146 23.384418 46.730564 0.000000 3.482518 1.295271 2.106916 3.759242 7.223838 0.179611
147 23.416779 46.813103 0.000000 3.217049 1.270464 2.039076 3.617682 6.988759 0.166667
148 23.539589 46.758572 0.000000 2.692620 1.225406 1.890271 3.190863 5.805998 0.166669
149 23.625744 46.791096 0.000000 2.814498 1.318189 2.179100 3.958775 7.754010 0.166674
150 23.864561 46.367561 0.000000 2.438222 1.364196 2.335721 4.414762 9.021254 0.166836
152 23.227137 46.263733 0.000000 2.332728 1.296065 2.111589 3.774795 7.267691 0.252675
