%% Trajectory 10
%% frame x (pixel)     y (pixel)    z (pixel)      m0         m1           m2           m3           m4           s 
36 57.252159 44.378925 0.000000 1.669313 1.346466 2.274005 4.241783 8.580245 0.328454
37 57.761036 44.331577 0.000000 1.618401 1.299712 2.122014 3.795332 7.295379 0.250000
38 57.208286 44.180546 0.000000 1.943969 1.303030 2.130674 3.832961 7.451940 0.279450
39 57.461639 44.217171 0.000000 2.115007 1.299782 2.111614 3.744258 7.106347 0.250015
40 57.595600 44.348423 0.000000 2.217385 1.291875 2.087839 3.682428 6.950986 0.333333
41 57.492065 44.589272 0.000000 2.297833 1.267213 2.014511 3.498904 6.519503 0.333333
42 57.468670 44.388008 0.000000 2.482642 1.246874 1.953195 3.346373 6.166423 0.333333
43 57.356407 44.442562 0.000000 2.596457 1.289863 2.080769 3.663576 6.905219 0.250000
44 57.396046 44.543839 0.000000 2.809510 1.291851 2.082641 3.664766 6.905419 0.333333
45 57.359333 44.407230 0.000000 2.825471 1.273474 2.032593 3.543723 6.625015 0.250000
46 57.407738 44.522968 0.000000 3.412530 1.284461 2.063399 3.618960 6.799160 0.333338
47 57.302944 44.492794 0.000000 3.665319 1.292729 2.087022 3.676389 6.930814 0.345228
48 57.551659 44.436462 0.000000 3.509835 1.265967 2.011101 3.491147 6.503757 0.250109
49 57.310501 44.333546 0.000000 3.811916 1.263026 2.000237 3.463062 6.439222 0.259840
50 57.486145 44.500561 0.000000 3.724850 1.267023 2.015194 3.501652 6.526477 0.200000
51 57.366287 44.636478 0.000000 3.751334 1.287553 2.071784 3.639477 6.847670 0.250000
52 57.192394 44.635048 0.000000 3.931921 1.303062 2.133841 3.840816 7.462935 0.250000
53 57.094002 44.817329 0.000000 4.057902 1.325544 2.209096 4.057507 8.057710 0.250000
54 56.649185 44.922295 0.000000 3.785009 1.306951 2.137794 3.824903 7.337968 0.250000
55 56.404831 44.970856 0.000000 3.738156 1.315274 2.175350 3.970088 7.851553 0.250000
56 56.181286 45.120457 0.000000 3.849543 1.300807 2.122280 3.797701 7.313174 0.250000
57 56.106079 45.100716 0.000000 3.817887 1.350658 2.292444 4.287489 8.655385 0.333333
58 55.686977 45.142799 0.000000 3.661619 1.315584 2.168007 3.918880 7.619536 0.250000
60 55.586433 46.574009 0.000000 2.746446 1.303424 2.128543 3.818054 7.387955 0.200000
62 56.131481 47.242138 0.000000 1.994248 1.340440 2.237946 4.095824 8.056098 0.250001
64 56.010654 47.776432 0.000000 1.556064 1.404099 2.493322 4.912675 10.491774 0.166667
65 56.329231 48.001694 0.000000 0.986169 1.420196 2.537655 5.028805 10.815676 0.250000
