%% Trajectory 34
%% frame x (pixel)     y (pixel)    z (pixel)      m0         m1           m2           m3           m4           s 
151 35.820923 48.763020 0.000000 2.180782 1.474375 2.714622 5.535844 12.203810 0.250000
153 35.669098 49.197433 0.000000 2.251504 1.383083 2.397156 4.581611 9.453344 0.200030
154 35.511051 49.335785 0.000000 1.982359 1.382825 2.408263 4.664551 9.844394 0.200000
155 35.656013 49.524235 0.000000 2.321032 1.330428 2.209334 4.023020 7.876371 0.200029
157 35.773571 49.731743 0.000000 3.270237 1.449658 2.606800 5.169760 11.058022 0.210993
158 35.790863 49.920929 0.000000 3.088690 1.433778 2.582252 5.158016 11.171699 0.200000
159 35.888470 49.868126 0.000000 3.396183 1.393394 2.425728 4.651446 9.620628 0.204874
161 35.813198 49.729469 0.000000 4.400019 1.464071 2.660862 5.328553 11.495861 0.250000
163 35.968784 49.587769 0.000000 5.879009 1.430634 2.552022 5.030424 10.720735 0.250000
164 35.702019 49.691532 0.000000 5.765362 1.387164 2.397323 4.561684 9.365458 0.250000
165 35.688747 49.663322 0.000000 5.239657 1.399896 2.438442 4.674451 9.660522 0.200000
166 35.811779 49.757408 0.000000 5.634381 1.458465 2.647791 5.326620 11.608974 0.200000
167 35.811020 49.633514 0.000000 6.290838 1.419560 2.498308 4.832117 10.054090 0.200000
168 35.644012 49.764606 0.000000 6.183977 1.417426 2.490577 4.804660 9.963087 0.200000
169 35.822224 49.677746 0.000000 6.414071 1.374764 2.352142 4.423778 8.961951 0.250000
170 35.763626 49.690742 0.000000 7.084453 1.380148 2.381569 4.529443 9.301454 0.250000
171 36.079372 49.764042 0.000000 7.553092 1.427611 2.531079 4.944814 10.419823 0.250000
172 36.089382 49.767059 0.000000 7.480560 1.414533 2.490304 4.828134 10.088111 0.250000
173 36.333096 49.739025 0.000000 7.577467 1.389370 2.396044 4.537405 9.246541 0.250000
175 36.450115 49.771641 0.000000 7.787014 1.381645 2.365310 4.432253 8.906787 0.333333
176 36.481880 49.924191 0.000000 7.869003 1.385033 2.384885 4.515126 9.207658 0.333333
177 36.589844 49.797592 0.000000 7.125200 1.366542 2.327314 4.355727 8.778674 0.333333
178 36.585312 49.410690 0.000000 7.705247 1.353571 2.277970 4.198651 8.308646 0.333333
180 36.577583 49.360184 0.000000 6.864565 1.371270 2.339295 4.386647 8.862593 0.333333
181 36.533806 49.651390 0.000000 7.038545 1.328196 2.200317 4.002240 7.845032 0.333333
183 36.393116 49.815449 0.000000 4.489946 1.469176 2.675475 5.388189 11.723329 0.250000
184 36.561039 49.991062 0.000000 4.812340 1.367704 2.341486 4.415438 8.981473 0.250005
185 36.507622 50.012085 0.000000 4.578307 1.340090 2.246375 4.141784 8.235544 0.250000
186 36.615227 49.717609 0.000000 4.191380 1.264014 2.007683 3.487693 6.507473 0.205900
187 36.614334 49.645752 0.000000 4.647341 1.299141 2.106984 3.736024 7.108196 0.281476
189 36.880798 49.772129 0.000000 3.577744 1.390192 2.429440 4.693121 9.808972 0.203911
190 37.164577 49.739239 0.000000 3.655418 1.357778 2.310395 4.349867 8.888833 0.200010
191 37.267467 49.873356 0.000000 3.665576 1.364300 2.326816 4.372308 8.865817 0.200143
192 37.322819 49.650673 0.000000 2.992806 1.350993 2.304733 4.363822 8.990159 0.202322
193 37.411640 49.510761 0.000000 3.758407 1.366073 2.329033 4.374128 8.872965 0.201968
