%% Trajectory 18
%% frame x (pixel)     y (pixel)    z (pixel)      m0         m1           m2           m3           m4           s 
102 22.850611 24.380941 0.000000 1.402912 1.496538 2.774865 5.671769 12.480418 0.250000
105 22.125463 23.938814 0.000000 0.976178 1.461056 2.676850 5.437053 11.945391 0.351753
106 22.669199 23.308317 0.000000 1.022737 1.478133 2.747016 5.683049 12.775622 0.341054
109 23.422216 24.508114 0.000000 1.382164 1.514338 2.836735 5.869057 13.084900 0.213567
110 23.538717 24.144545 0.000000 1.094620 1.417104 2.539418 5.060118 10.962190 0.189470
111 23.828617 24.649431 0.000000 1.379844 1.391906 2.450740 4.811774 10.311990 0.168888
112 23.463726 24.345676 0.000000 1.213082 1.480002 2.735208 5.587292 12.320209 0.198675
115 24.375532 24.876648 0.000000 1.065435 1.382744 2.427949 4.741763 10.081573 0.200003
