%% Trajectory 8
%% frame x (pixel)     y (pixel)    z (pixel)      m0         m1           m2           m3           m4           s 
2 55.104061 41.922173 0.000000 0.676244 1.596937 3.178742 7.016277 16.695822 0.408972
3 54.948006 41.554958 0.000000 0.766522 1.646598 3.341466 7.476038 17.941168 0.274654
4 54.944599 41.432774 0.000000 0.641637 1.657572 3.406446 7.719893 18.744169 0.189297
6 55.237629 40.755108 0.000000 0.465410 1.448183 2.727066 5.753115 13.208940 0.317969
7 55.440056 40.908997 0.000000 0.731709 1.406665 2.515821 5.026984 10.974405 0.143672
8 55.368752 40.720760 0.000000 1.113252 1.413932 2.546678 5.133286 11.306464 0.250000
9 55.145382 40.794628 0.000000 1.132923 1.499367 2.827183 5.959284 13.678341 0.200000
10 55.590347 40.618149 0.000000 1.222335 1.342997 2.279248 4.293732 8.813124 0.200000
11 55.564785 40.830185 0.000000 1.511175 1.388598 2.450632 4.828211 10.390779 0.200000
12 55.406559 40.576687 0.000000 1.286527 1.345774 2.267408 4.217616 8.501656 0.125000
13 55.377304 40.738644 0.000000 1.650934 1.404741 2.492146 4.929718 10.639425 0.250000
14 55.450623 40.668758 0.000000 1.765283 1.374735 2.395339 4.668665 9.975367 0.166667
15 55.526806 40.557663 0.000000 1.984076 1.278212 2.047097 3.590997 6.778344 0.200000
16 55.553005 40.605919 0.000000 1.909437 1.314420 2.180259 3.995941 7.946519 0.166667
17 55.367645 40.674473 0.000000 2.342849 1.293646 2.131406 3.910945 7.863255 0.333333
18 55.474937 40.639496 0.000000 2.197710 1.316338 2.176171 3.959835 7.787965 0.200000
19 55.456066 40.604630 0.000000 2.611211 1.306400 2.141980 3.857455 7.490840 0.250000
20 55.549286 40.707546 0.000000 2.685971 1.358740 2.333627 4.453769 9.261785 0.333333
21 55.456196 40.586979 0.000000 2.648237 1.282938 2.081789 3.733642 7.282465 0.200000
22 55.540085 40.538025 0.000000 2.448747 1.265135 2.012367 3.504717 6.566041 0.200000
23 55.665806 40.598125 0.000000 3.016306 1.270809 2.044557 3.633601 7.022891 0.200000
24 55.594013 40.625198 0.000000 3.063951 1.310643 2.154357 3.893822 7.600282 0.250000
25 55.410080 40.604988 0.000000 3.291796 1.311625 2.170182 3.964729 7.857088 0.500000
26 55.493824 40.608616 0.000000 3.190119 1.323922 2.215622 4.113492 8.323512 0.333333
27 55.504555 40.436420 0.000000 3.548258 1.325989 2.203718 4.029493 7.957993 0.250000
28 55.485558 40.431328 0.000000 3.523139 1.312235 2.159122 3.898032 7.578887 0.333333
29 55.173935 40.211094 0.000000 3.686698 1.346366 2.280001 4.268285 8.665986 0.200000
30 54.937840 40.279953 0.000000 4.108152 1.353654 2.306903 4.352852 8.916782 0.333333
31 54.578064 40.282249 0.000000 3.661333 1.291053 2.084581 3.673857 6.930986 0.500000
32 54.450508 40.145874 0.000000 3.651568 1.320243 2.180937 3.952860 7.711550 0.333333
33 54.257839 40.144787 0.000000 3.374714 1.341231 2.240217 4.099320 8.055012 0.333333
34 54.164539 40.317444 0.000000 3.220063 1.342465 2.260550 4.202087 8.461447 0.250000
35 53.802425 40.201748 0.000000 2.821552 1.369110 2.335769 4.376644 8.826704 0.333333
36 53.542259 40.535069 0.000000 2.227184 1.326802 2.193365 3.970370 7.719523 0.250000
37 53.558853 40.740356 0.000000 2.243925 1.397925 2.448227 4.742434 9.950394 0.333333
38 53.516899 40.995789 0.000000 1.851482 1.465106 2.671923 5.379613 11.682097 0.333333
39 53.360950 40.869408 0.000000 1.706374 1.329184 2.213755 4.050128 7.983534 0.754722
40 53.909790 40.942654 0.000000 1.251213 1.348319 2.300463 4.342264 8.878606 0.394920
41 53.729813 41.307308 0.000000 1.288899 1.415891 2.545932 5.105645 11.159798 0.200120
42 54.193768 41.056988 0.000000 1.047413 1.391714 2.447282 4.781783 10.156907 0.200749
43 54.068264 40.990265 0.000000 0.825360 1.398403 2.467299 4.828169 10.252672 0.200179
45 55.442383 41.080441 0.000000 0.484036 1.358885 2.343649 4.480655 9.305510 0.438972
