%% Trajectory 18
%% frame x (pixel)     y (pixel)    z (pixel)      m0         m1           m2           m3           m4           s 
85 57.725227 40.115227 0.000000 0.580517 1.177041 1.829372 3.189933 6.167036 0.250000
87 58.215683 40.148708 0.000000 0.677100 1.237582 1.942434 3.349001 6.237653 0.305417
88 58.451378 40.527103 0.000000 0.884057 1.237949 1.931836 3.295253 6.043341 0.333333
89 58.348034 40.338284 0.000000 1.091528 1.250711 1.965621 3.378110 6.240416 0.333333
90 58.137463 40.447754 0.000000 1.095057 1.272910 2.063707 3.704664 7.245334 0.333333
91 57.959824 40.402149 0.000000 1.246987 1.261724 2.028527 3.622860 7.084397 0.250000
92 58.105782 40.709354 0.000000 1.341632 1.263236 2.012053 3.518756 6.644252 0.333333
93 58.018734 40.541447 0.000000 1.591402 1.296512 2.139494 3.921220 7.847928 0.333333
94 58.146324 40.617977 0.000000 1.751464 1.264366 2.017260 3.543450 6.744329 0.333333
95 58.164101 40.531094 0.000000 1.984163 1.249284 1.965872 3.382641 6.254560 0.333333
96 58.064938 40.620800 0.000000 2.099507 1.285241 2.090933 3.752653 7.303885 0.250000
97 58.004002 40.571838 0.000000 2.283811 1.294584 2.121366 3.844763 7.577365 0.333333
98 58.202961 40.587906 0.000000 2.579566 1.295240 2.108562 3.766272 7.248230 0.333333
99 57.971474 40.579182 0.000000 2.561311 1.290366 2.100023 3.767140 7.319847 0.333333
100 58.072601 40.644386 0.000000 2.429512 1.291046 2.094815 3.731981 7.169643 0.250000
101 58.196503 40.437786 0.000000 2.692646 1.285268 2.081637 3.712596 7.169220 0.500000
102 57.968464 40.469566 0.000000 2.501186 1.293779 2.109237 3.785824 7.350422 0.333333
103 58.006210 40.525837 0.000000 2.611391 1.315482 2.197263 4.070255 8.210780 0.333333
104 57.997856 40.405415 0.000000 3.117865 1.312775 2.193216 4.076478 8.281058 0.333333
105 58.111225 40.465397 0.000000 2.902615 1.302445 2.138998 3.875484 7.611001 0.333333
106 58.232433 40.379784 0.000000 2.681281 1.251461 1.981988 3.457853 6.545022 0.250000
107 58.087761 40.534451 0.000000 2.737221 1.274151 2.038204 3.563004 6.679172 0.333333
108 57.916294 40.363503 0.000000 3.153695 1.290618 2.115886 3.841728 7.594432 0.333333
109 57.868053 40.261738 0.000000 2.913790 1.327453 2.231391 4.161372 8.454443 0.333333
110 57.826900 40.122952 0.000000 3.252785 1.338751 2.262007 4.235675 8.625928 0.333333
111 57.637001 40.013885 0.000000 3.161325 1.320046 2.226078 4.198601 8.698804 0.333333
112 57.173233 39.564404 0.000000 2.960245 1.375028 2.367731 4.505187 9.289557 0.250000
113 56.991753 39.446850 0.000000 2.879982 1.365419 2.352503 4.493518 9.319986 0.333333
114 56.926590 39.420414 0.000000 3.371150 1.389904 2.418719 4.654371 9.699379 0.333333
115 56.624859 39.552170 0.000000 2.826578 1.362931 2.339332 4.456423 9.243233 0.250000
116 56.328556 39.058163 0.000000 2.685241 1.459237 2.663765 5.406601 11.922262 0.333333
117 56.401405 38.415413 0.000000 2.778779 1.529136 2.886927 6.018731 13.526812 0.250000
118 56.577293 38.224648 0.000000 2.757162 1.487885 2.741742 5.584747 12.290007 0.250000
119 56.724476 38.149197 0.000000 2.012210 1.473362 2.714467 5.555251 12.330193 0.200100
120 56.885921 37.502388 0.000000 2.044074 1.469837 2.676125 5.373846 11.633050 0.318755
121 56.744045 37.275925 0.000000 1.608238 1.449944 2.615289 5.228176 11.318531 0.250044
122 56.729698 37.136124 0.000000 1.994966 1.412319 2.483130 4.812452 10.063026 0.198659
123 56.879158 36.946720 0.000000 1.647052 1.422055 2.550492 5.090613 11.043808 0.227010
124 56.797482 36.957024 0.000000 1.763155 1.399085 2.471061 4.839569 10.275547 0.229670
125 56.660751 37.411957 0.000000 1.949625 1.378059 2.370156 4.484156 9.142026 0.356112
126 56.956581 37.125771 0.000000 1.824064 1.472896 2.694225 5.448268 11.897381 0.168609
127 56.522541 37.332676 0.000000 1.744330 1.410464 2.470487 4.754418 9.840855 0.208690
128 56.052311 37.609631 0.000000 1.669281 1.455212 2.647460 5.333133 11.619886 0.200011
129 56.435326 37.470699 0.000000 1.604595 1.401003 2.437479 4.679399 9.705803 0.200189
131 55.606792 37.444443 0.000000 2.013197 1.348348 2.273321 4.204241 8.362475 0.200010
132 55.600727 38.159332 0.000000 2.109892 1.363777 2.312559 4.295512 8.564464 0.250001
133 55.441013 38.079937 0.000000 1.859692 1.395740 2.424976 4.644117 9.608673 0.225351
134 55.746616 38.273678 0.000000 1.807473 1.303169 2.130391 3.818395 7.363549 0.200014
136 55.600716 38.091702 0.000000 1.197219 1.342859 2.283350 4.310628 8.864465 0.308790
137 55.241428 38.380138 0.000000 1.149366 1.276413 2.038719 3.558847 6.665228 0.285345
