%% Trajectory 46
%% frame x (pixel)     y (pixel)    z (pixel)      m0         m1           m2           m3           m4           s 
160 54.725826 19.580524 0.000000 1.055853 1.259087 1.994525 3.469560 6.519721 0.142857
161 54.663189 19.536610 0.000000 1.081170 1.191104 1.812207 3.051098 5.636161 0.143619
162 54.544399 19.566017 0.000000 1.218630 1.249772 1.982344 3.493722 6.755419 0.203832
163 54.472786 19.452642 0.000000 1.499172 1.202251 1.825205 3.031559 5.434213 0.166667
164 54.426620 19.681881 0.000000 1.852723 1.280653 2.053939 3.598739 6.761855 0.250102
165 54.418003 19.563572 0.000000 1.765160 1.209005 1.859691 3.147322 5.783855 0.200000
166 54.855255 19.565809 0.000000 1.314710 1.188900 1.807885 3.029880 5.534472 0.200000
167 55.066231 19.370455 0.000000 1.474957 1.269194 2.033134 3.569929 6.744444 0.200000
168 54.755043 19.480417 0.000000 1.676097 1.207805 1.845924 3.090852 5.591733 0.200000
169 54.611553 19.515005 0.000000 1.613436 1.221051 1.883669 3.188175 5.838979 0.200000
170 54.414928 19.393013 0.000000 1.816751 1.247771 1.956994 3.357006 6.192288 0.200000
171 54.488239 19.474972 0.000000 2.177396 1.240254 1.934267 3.299220 6.055102 0.200000
172 54.646019 19.273767 0.000000 2.253506 1.235960 1.936061 3.342295 6.270526 0.200000
173 54.554653 19.459648 0.000000 2.538358 1.255155 1.979162 3.410323 6.310477 0.200000
174 54.587585 19.433424 0.000000 2.496617 1.278223 2.043623 3.567670 6.676208 0.200000
175 54.473351 19.422230 0.000000 2.795666 1.274066 2.029856 3.531663 6.589250 0.250000
176 54.430302 19.631699 0.000000 2.564480 1.258422 1.988748 3.435309 6.372386 0.250000
177 54.495567 19.632010 0.000000 2.998210 1.295756 2.093064 3.688931 6.957699 0.250990
178 54.671867 19.699398 0.000000 2.770946 1.323740 2.199181 4.030513 8.005273 0.250000
179 54.606205 19.606598 0.000000 2.774934 1.253474 1.976207 3.408423 6.321671 0.250047
180 54.504784 19.636013 0.000000 3.176749 1.282375 2.053997 3.592465 6.734133 0.250000
181 54.532646 19.716297 0.000000 3.140406 1.295859 2.096847 3.701504 6.990299 0.250010
182 54.659725 19.682425 0.000000 2.778777 1.290918 2.088019 3.699706 7.051293 0.200020
183 54.649555 19.823479 0.000000 2.899592 1.290045 2.087323 3.696178 7.030049 0.217062
184 54.882961 19.860409 0.000000 2.761100 1.330512 2.224417 4.102370 8.186831 0.217279
185 54.669048 19.797293 0.000000 2.727337 1.307191 2.139500 3.844869 7.449977 0.203692
186 54.517677 20.257299 0.000000 2.510327 1.356928 2.290604 4.234918 8.399764 0.200012
187 54.557777 20.672659 0.000000 2.486508 1.331980 2.199042 3.950615 7.564298 0.168303
188 54.498844 20.697565 0.000000 2.431514 1.289422 2.076120 3.647692 6.860386 0.200000
189 54.136047 21.062231 0.000000 2.774423 1.399342 2.450166 4.742571 9.941334 0.250000
190 54.364449 20.872917 0.000000 2.787290 1.317682 2.167187 3.897423 7.515486 0.173253
191 54.366543 21.227329 0.000000 2.599432 1.282753 2.069961 3.663306 6.982890 0.171003
192 53.913342 21.125719 0.000000 2.416075 1.360242 2.348962 4.520227 9.494159 0.195708
