%% Trajectory 31
%% frame x (pixel)     y (pixel)    z (pixel)      m0         m1           m2           m3           m4           s 
103 17.668879 42.894493 0.000000 1.090014 1.183567 1.798090 3.004488 5.446772 0.333333
106 17.483303 42.762390 0.000000 1.805073 1.185213 1.785387 2.943426 5.242886 0.250000
107 17.433088 42.859909 0.000000 1.513828 1.234498 1.930914 3.306013 6.090049 0.256256
108 17.628883 42.620190 0.000000 2.065200 1.241502 1.937925 3.313894 6.110281 0.250000
109 17.512295 42.778881 0.000000 1.787215 1.221004 1.886229 3.190033 5.814692 0.200000
110 17.751638 42.713741 0.000000 1.781885 1.264343 2.006207 3.489651 6.543361 0.200004
111 17.732641 42.666000 0.000000 2.140053 1.233398 1.928444 3.323677 6.228991 0.202977
112 17.731462 42.711445 0.000000 2.111920 1.250725 1.969695 3.392374 6.280017 0.211918
113 17.735033 42.597130 0.000000 1.767177 1.216664 1.875555 3.166167 5.763186 0.173609
114 17.936768 42.266190 0.000000 2.089319 1.335329 2.263055 4.252591 8.683384 0.203022
115 17.592445 42.707375 0.000000 2.202166 1.201174 1.832006 3.057409 5.502975 0.166667
116 17.605978 42.530106 0.000000 1.870397 1.256126 1.978608 3.408274 6.310750 0.250105
117 17.692720 42.544479 0.000000 2.339233 1.200772 1.824854 3.033691 5.441748 0.200000
118 17.649166 42.644127 0.000000 2.347892 1.233076 1.916926 3.259359 5.964289 0.200005
119 17.790447 42.401493 0.000000 3.181560 1.251884 1.973860 3.404570 6.311837 0.418177
120 17.660519 42.312805 0.000000 2.803732 1.244745 1.950582 3.343097 6.161448 0.200000
121 17.769423 42.378078 0.000000 2.778619 1.220678 1.885904 3.190249 5.817070 0.200000
122 17.821638 42.461044 0.000000 3.303676 1.271078 2.030537 3.546972 6.648213 0.250000
123 17.710489 42.578491 0.000000 3.320154 1.207021 1.843231 3.079970 5.551487 0.200000
124 17.945417 42.380230 0.000000 3.503073 1.263847 2.012729 3.518624 6.636937 0.200000
125 17.752760 42.455582 0.000000 3.595612 1.213395 1.858648 3.113859 5.623282 0.250000
126 18.026253 42.336895 0.000000 3.262860 1.261731 2.015707 3.542948 6.731707 0.250000
127 18.338142 42.405930 0.000000 3.614299 1.209288 1.848703 3.092740 5.581065 0.200000
128 18.560230 42.414001 0.000000 3.337406 1.203518 1.835212 3.063563 5.519660 0.250000
129 18.623518 42.380066 0.000000 3.901604 1.246422 1.955901 3.365744 6.251040 0.250000
130 18.891619 42.413990 0.000000 3.691029 1.258337 1.990818 3.445583 6.408033 0.250000
132 19.505537 42.633083 0.000000 2.859376 1.180112 1.762115 2.876651 5.075794 0.250000
133 19.949329 42.537483 0.000000 2.641233 1.255792 2.001128 3.510437 6.663834 0.250000
