%% Trajectory 29
%% frame x (pixel)     y (pixel)    z (pixel)      m0         m1           m2           m3           m4           s 
127 26.255016 29.790075 0.000000 2.137856 1.271011 2.027982 3.538770 6.627700 0.199051
128 26.413525 30.084488 0.000000 2.654142 1.272379 2.045568 3.620291 6.929902 0.200015
129 26.330936 29.760880 0.000000 2.885199 1.269624 2.019978 3.512643 6.555726 0.142857
130 26.344402 29.981863 0.000000 2.973067 1.301907 2.154339 3.958432 7.934765 0.166668
131 26.417114 30.039808 0.000000 3.311380 1.272291 2.042127 3.607365 6.895558 0.250025
132 26.557558 29.815170 0.000000 3.599964 1.254428 1.978088 3.410854 6.320140 0.166667
133 26.560116 29.944546 0.000000 4.293452 1.283618 2.068116 3.652772 6.946416 0.166680
134 26.645475 29.987385 0.000000 3.853458 1.328329 2.230189 4.146759 8.379523 0.166673
135 26.389648 30.043880 0.000000 3.982417 1.322605 2.188035 3.966737 7.726780 0.200000
136 26.364168 30.087517 0.000000 4.486959 1.309047 2.161456 3.942744 7.805847 0.200000
137 26.462341 29.895969 0.000000 4.562812 1.302522 2.118239 3.762113 7.156049 0.200000
138 26.505505 30.091125 0.000000 4.915206 1.274083 2.043884 3.593166 6.798714 0.200000
139 26.639471 30.039743 0.000000 4.907544 1.296736 2.117409 3.805350 7.393000 0.200021
140 26.492523 29.907253 0.000000 4.338039 1.278761 2.049577 3.591350 6.751929 0.250000
142 26.538311 29.906565 0.000000 5.536965 1.307830 2.138958 3.831432 7.377377 0.250000
143 26.502335 29.898670 0.000000 5.428710 1.276350 2.050583 3.617337 6.886817 0.250000
144 26.599670 29.976154 0.000000 6.187593 1.321536 2.189298 3.985158 7.818485 0.250000
145 26.641573 29.981886 0.000000 6.347744 1.348816 2.287581 4.288984 8.716241 0.250000
146 26.665379 29.927813 0.000000 6.459272 1.316075 2.170498 3.930194 7.666008 0.250811
147 26.744495 29.964296 0.000000 6.285061 1.347144 2.285302 4.286459 8.714067 0.250000
148 26.735388 30.062744 0.000000 5.829106 1.298307 2.122861 3.821267 7.437383 0.250000
149 27.005903 30.137781 0.000000 5.411086 1.348804 2.298913 4.345651 8.927603 0.333333
150 27.177399 30.286209 0.000000 5.652375 1.293487 2.101819 3.741666 7.159673 0.333333
151 27.400269 30.245731 0.000000 6.354801 1.305686 2.136593 3.837880 7.428975 0.333333
152 27.452921 30.388378 0.000000 5.403305 1.296191 2.097718 3.703775 6.996315 0.333333
153 27.524160 30.455996 0.000000 5.143029 1.251655 1.969965 3.389719 6.267173 0.250000
154 27.781168 30.424953 0.000000 4.386730 1.264596 2.012924 3.512008 6.601447 0.250000
155 27.856079 30.558512 0.000000 4.382841 1.339904 2.230420 4.060958 7.927967 0.333333
156 27.891605 30.700592 0.000000 4.311182 1.364855 2.334176 4.411748 9.030996 0.250000
158 27.353352 31.047039 0.000000 2.526740 1.293738 2.114958 3.805024 7.393049 0.238352
159 27.369345 31.455721 0.000000 2.877712 1.287991 2.079315 3.675818 6.988191 0.200000
161 26.441328 31.624140 0.000000 2.139311 1.292065 2.090566 3.708710 7.085312 0.166733
162 26.457010 31.349932 0.000000 1.853190 1.244776 1.949266 3.337016 6.141276 0.166669
163 26.768650 30.978130 0.000000 2.098147 1.388489 2.406627 4.598775 9.481433 0.167147
