%% Trajectory 20
%% frame x (pixel)     y (pixel)    z (pixel)      m0         m1           m2           m3           m4           s 
74 57.655960 19.631077 0.000000 1.588399 1.422392 2.532170 4.998970 10.705799 0.250124
76 57.239456 20.202646 0.000000 2.770333 1.603468 3.147975 6.790086 15.691994 0.200000
77 57.383965 20.158028 0.000000 3.366330 1.551143 2.952131 6.170951 13.837313 0.250006
78 57.551277 20.316643 0.000000 3.005779 1.508270 2.821091 5.847904 13.119494 0.200001
79 57.603886 19.721752 0.000000 2.806015 1.542252 2.933108 6.147311 13.852915 0.200007
80 57.554089 19.837175 0.000000 2.738786 1.439386 2.560308 5.001802 10.502528 0.200237
81 57.525307 19.792580 0.000000 2.586471 1.417089 2.488738 4.805985 9.996325 0.262704
82 58.060772 19.748085 0.000000 2.592153 1.484954 2.739182 5.587590 12.313270 0.250006
83 58.357628 19.607248 0.000000 2.133651 1.457286 2.621748 5.195294 11.097133 0.250000
84 58.035763 19.540684 0.000000 2.378588 1.388836 2.413066 4.624169 9.572627 0.389148
85 58.031269 19.692739 0.000000 2.797976 1.455569 2.631212 5.255118 11.338566 0.262714
86 58.181007 19.774651 0.000000 2.393228 1.414778 2.511956 4.950800 10.591536 0.250000
87 58.309731 19.523706 0.000000 2.079029 1.401705 2.442007 4.694928 9.764404 0.333333
88 58.243824 19.657421 0.000000 2.261519 1.378683 2.380286 4.539389 9.370401 0.333333
89 58.244228 19.942705 0.000000 2.266631 1.397184 2.471028 4.874617 10.493988 0.333333
90 58.200085 20.051266 0.000000 2.526443 1.396625 2.443824 4.727973 9.897860 0.333333
91 57.992363 20.249868 0.000000 2.669842 1.418638 2.509808 4.898475 10.321600 0.333333
92 57.865055 20.410542 0.000000 2.575595 1.485248 2.742657 5.599028 12.345348 0.333333
93 57.878040 20.451431 0.000000 2.584960 1.390715 2.418312 4.646730 9.664907 0.333333
94 57.713017 20.843182 0.000000 2.151376 1.418739 2.505284 4.876079 10.238453 0.333333
95 57.694160 20.756908 0.000000 1.699845 1.515722 2.823813 5.794943 12.802907 0.250003
97 58.331306 20.752630 0.000000 1.496677 1.387538 2.387015 4.507774 9.153477 0.333333
98 58.503315 21.369642 0.000000 1.443801 1.494026 2.795876 5.847963 13.322861 0.250466
99 58.335125 20.718233 0.000000 1.373278 1.475800 2.728742 5.610906 12.526916 0.252028
101 58.477448 22.198513 0.000000 0.738655 1.486021 2.832732 6.066350 14.176499 0.250000
