%% Trajectory 30
%% frame x (pixel)     y (pixel)    z (pixel)      m0         m1           m2           m3           m4           s 
101 21.170605 63.630260 0.000000 1.359685 1.366410 2.392301 4.706119 10.181699 0.333333
104 20.842890 64.476997 0.000000 1.300969 1.418133 2.543130 5.063117 10.929391 0.333333
106 21.450121 63.606773 0.000000 2.046025 1.485845 2.731368 5.545466 12.152390 0.250000
108 21.542433 62.894222 0.000000 2.277503 1.567609 3.050283 6.559010 15.172111 0.250000
110 21.113779 63.749886 0.000000 1.968234 1.537673 2.923511 6.131339 13.839146 0.200000
113 21.543499 63.393726 0.000000 2.549099 1.511880 2.817269 5.777706 12.740330 0.166667
114 21.323334 63.511826 0.000000 2.430286 1.638805 3.231846 6.954959 15.954216 0.200000
115 21.286558 63.314251 0.000000 1.964559 1.541143 2.932041 6.163068 13.959620 0.167679
117 22.255003 62.787052 0.000000 2.266490 1.502383 2.797213 5.741070 12.679316 0.200000
118 22.608456 62.500343 0.000000 2.262010 1.451848 2.623969 5.245897 11.334358 0.203095
120 22.556961 62.186657 0.000000 2.235201 1.513428 2.818700 5.773993 12.707328 0.200007
121 22.687048 62.623478 0.000000 2.481290 1.472511 2.695715 5.460299 11.959513 0.200068
122 22.663012 62.247349 0.000000 2.576379 1.417495 2.485278 4.781443 9.886393 0.250000
123 22.698860 62.464520 0.000000 2.698775 1.462822 2.641103 5.238582 11.160238 0.200000
