%% Trajectory 13
%% frame x (pixel)     y (pixel)    z (pixel)      m0         m1           m2           m3           m4           s 
49 54.491753 33.427258 0.000000 2.194767 1.290440 2.083538 3.669685 6.914283 0.142881
50 54.496738 33.565758 0.000000 2.247867 1.324219 2.194985 3.996465 7.840836 0.235552
51 54.577110 33.627689 0.000000 2.059103 1.289582 2.102135 3.781940 7.383869 0.170145
53 54.549572 33.284725 0.000000 1.978154 1.296099 2.095611 3.706149 7.035845 0.166667
54 54.516548 33.342594 0.000000 2.240750 1.336598 2.229600 4.101096 8.170159 0.167143
55 54.570354 33.490620 0.000000 1.911349 1.305256 2.125523 3.778112 7.187376 0.170060
56 54.476677 33.354599 0.000000 2.259891 1.254054 1.980162 3.420904 6.356141 0.167629
57 54.502571 33.363838 0.000000 2.450713 1.295006 2.099815 3.727954 7.113972 0.228354
58 54.650700 33.637707 0.000000 2.648647 1.322949 2.189472 3.971553 7.743895 0.200000
59 54.534836 33.401043 0.000000 2.530373 1.271114 2.026421 3.529024 6.591729 0.200000
60 54.507622 33.486671 0.000000 3.057131 1.307275 2.130775 3.793622 7.236864 0.259441
61 54.469166 33.571625 0.000000 3.010813 1.326273 2.189954 3.954311 7.657072 0.168036
62 54.376240 33.329308 0.000000 2.812617 1.291890 2.095314 3.719728 7.091706 0.218792
63 54.377491 33.418610 0.000000 3.202432 1.359995 2.312516 4.330584 8.755763 0.188748
64 54.206696 33.498688 0.000000 3.313986 1.344798 2.263497 4.196876 8.408053 0.228937
65 54.455616 33.385864 0.000000 3.093852 1.326009 2.193194 3.977003 7.757524 0.166747
66 54.291214 33.509941 0.000000 3.501230 1.328685 2.198259 3.973839 7.692461 0.200182
67 54.298473 33.462353 0.000000 3.326707 1.308387 2.142021 3.840499 7.399928 0.319452
68 54.412930 33.670513 0.000000 3.147961 1.321316 2.172580 3.900806 7.498861 0.245077
69 54.339088 33.532246 0.000000 3.405494 1.337924 2.226999 4.049845 7.885782 0.224284
70 54.348995 33.568909 0.000000 3.841321 1.336380 2.228698 4.079325 8.040660 0.254860
71 54.287590 33.516766 0.000000 3.857196 1.329156 2.205127 4.011464 7.851170 0.241457
72 54.317322 33.403725 0.000000 3.748164 1.351971 2.287157 4.260067 8.567739 0.285001
73 54.302658 33.482170 0.000000 3.897480 1.346644 2.241009 4.058745 7.834898 0.368299
74 54.288132 33.442284 0.000000 4.332150 1.351910 2.281826 4.230997 8.451516 0.379519
75 54.326866 33.409954 0.000000 3.920275 1.344117 2.261223 4.189050 8.387502 0.255345
76 54.316833 33.301559 0.000000 4.157764 1.347875 2.265268 4.176324 8.279031 0.274099
77 54.293808 33.513241 0.000000 3.718737 1.380652 2.365419 4.450356 9.016329 0.200000
78 54.306889 33.436062 0.000000 3.642863 1.335943 2.221040 4.033053 7.839748 0.358196
79 54.268429 33.463985 0.000000 4.057555 1.378651 2.363254 4.453005 9.044806 0.202461
80 53.861053 33.398460 0.000000 4.026406 1.387165 2.400680 4.581629 9.448425 0.201030
81 53.804474 33.368759 0.000000 4.399924 1.394200 2.417534 4.606773 9.452265 0.200000
82 53.650627 33.359303 0.000000 4.072994 1.378146 2.361497 4.438587 8.967303 0.250000
83 53.538025 33.224648 0.000000 3.817135 1.388608 2.400415 4.563925 9.350663 0.250000
84 53.670849 33.240379 0.000000 4.037017 1.380433 2.368038 4.458475 9.026857 0.250000
85 53.723091 33.193333 0.000000 3.627559 1.395389 2.441094 4.726138 9.916058 0.250000
86 53.478783 33.025711 0.000000 3.497307 1.482284 2.729331 5.554192 12.205137 0.250000
87 53.490009 33.110195 0.000000 3.167781 1.396245 2.440150 4.711187 9.840893 0.250000
88 53.248138 32.838570 0.000000 3.171842 1.466960 2.649096 5.254486 11.198800 0.250000
