%% Trajectory 13
%% frame x (pixel)     y (pixel)    z (pixel)      m0         m1           m2           m3           m4           s 
54 54.318562 34.289600 0.000000 1.500940 1.257611 1.991786 3.448195 6.407784 0.166811
55 54.275009 34.250744 0.000000 1.547562 1.308704 2.138653 3.825140 7.344050 0.250006
56 54.185249 34.268234 0.000000 1.641066 1.347639 2.299737 4.370195 9.067803 0.220498
57 54.340069 34.306206 0.000000 1.736242 1.253414 1.974137 3.399233 6.288767 0.301623
58 54.409058 34.295872 0.000000 1.969750 1.288225 2.084109 3.693695 7.040075 0.271589
59 54.345760 34.320126 0.000000 2.135889 1.333120 2.225777 4.096743 8.162323 0.263132
60 54.401962 34.274532 0.000000 2.341327 1.255463 1.978001 3.407965 6.311073 0.250150
61 54.264050 34.289322 0.000000 2.152625 1.324207 2.214720 4.100956 8.255453 0.395569
62 54.246246 34.347492 0.000000 2.250528 1.270369 2.023830 3.521795 6.571993 0.254048
63 54.322224 34.345421 0.000000 2.303729 1.286436 2.080390 3.694374 7.079402 0.232664
64 54.273048 34.377567 0.000000 2.362014 1.274296 2.033960 3.546478 6.631477 0.202472
65 54.302891 34.236313 0.000000 2.217330 1.333401 2.237674 4.157443 8.398376 0.322224
66 54.411304 34.204021 0.000000 2.486328 1.303065 2.131977 3.833972 7.442496 0.166683
67 54.436810 34.304871 0.000000 2.494949 1.264032 2.016137 3.534034 6.696634 0.166676
68 54.338135 34.142178 0.000000 2.341335 1.288632 2.081185 3.676699 6.971058 0.237428
69 54.421776 34.192806 0.000000 2.214656 1.262293 1.998464 3.459788 6.434414 0.143877
70 54.298008 34.375134 0.000000 2.617916 1.269946 2.021571 3.516474 6.563026 0.166669
71 54.265461 34.256256 0.000000 2.657365 1.304109 2.139076 3.863713 7.549957 0.142893
72 54.242195 34.247227 0.000000 3.076365 1.276712 2.053050 3.626514 6.912760 0.166667
73 54.377956 34.156403 0.000000 2.721349 1.287959 2.080959 3.685117 7.023480 0.200282
74 54.197857 34.358337 0.000000 2.972849 1.294612 2.101549 3.739292 7.160562 0.166684
75 54.553261 34.330475 0.000000 2.595778 1.297222 2.127484 3.860370 7.621265 0.143381
76 54.324371 34.411385 0.000000 2.870013 1.297767 2.122461 3.829665 7.494723 0.355645
77 54.367039 34.257969 0.000000 2.397281 1.309164 2.146776 3.868040 7.518213 0.167926
78 54.276470 34.239582 0.000000 2.416595 1.299481 2.113904 3.767294 7.217437 0.172913
79 54.351639 34.099197 0.000000 2.488472 1.314801 2.162309 3.894435 7.532126 0.304713
80 54.205734 34.206440 0.000000 3.156410 1.301141 2.122633 3.801587 7.336200 0.175496
81 54.335796 34.390472 0.000000 2.712266 1.308066 2.146031 3.867314 7.516532 0.187315
82 54.412357 34.138512 0.000000 2.686548 1.347192 2.286539 4.295146 8.758277 0.204006
83 54.306835 34.085213 0.000000 2.539386 1.298575 2.116778 3.783045 7.271151 0.181712
84 54.357021 34.321590 0.000000 3.073636 1.283459 2.061050 3.613702 6.787665 0.166667
85 54.354588 34.301712 0.000000 2.949565 1.289458 2.083821 3.683774 6.990499 0.200006
86 54.269268 34.221771 0.000000 3.107874 1.314665 2.162443 3.902161 7.578902 0.166667
87 54.282440 34.320225 0.000000 3.368321 1.298510 2.112485 3.771265 7.254509 0.200000
88 54.255527 34.189938 0.000000 3.604866 1.314861 2.168701 3.926128 7.650577 0.200000
89 54.330772 34.141418 0.000000 3.257403 1.312443 2.156266 3.884529 7.526371 0.200000
90 54.402966 34.218502 0.000000 3.075015 1.287835 2.091684 3.736411 7.211242 0.166669
91 54.339458 34.216770 0.000000 3.256961 1.293696 2.088498 3.679752 6.940425 0.200000
92 54.265999 34.143902 0.000000 3.233163 1.302711 2.131006 3.829136 7.416910 0.200145
93 54.154579 34.303185 0.000000 3.230419 1.314515 2.176000 3.975512 7.873127 0.200178
94 54.377357 34.223026 0.000000 3.176602 1.289549 2.083739 3.690325 7.033682 0.200040
95 54.205418 34.178127 0.000000 3.475556 1.328009 2.204948 4.014923 7.861679 0.200000
96 54.333179 34.251205 0.000000 3.523571 1.272472 2.030915 3.541660 6.624601 0.201349
97 54.354305 34.152855 0.000000 3.550396 1.305128 2.138462 3.845949 7.450068 0.200027
98 54.188854 34.265945 0.000000 3.305232 1.321051 2.194938 4.014444 7.928506 0.200019
99 54.316032 34.211220 0.000000 3.426382 1.297336 2.105384 3.738145 7.124223 0.200016
100 54.069000 34.312801 0.000000 3.164606 1.308449 2.151664 3.898570 7.644128 0.200087
101 54.336071 34.266178 0.000000 3.492906 1.314843 2.159997 3.884875 7.505215 0.212233
102 54.267738 34.162548 0.000000 3.283735 1.301980 2.130973 3.832873 7.435009 0.200022
103 54.332645 34.163189 0.000000 3.675188 1.305923 2.134657 3.822229 7.353682 0.200846
104 54.186199 34.239407 0.000000 3.981602 1.303977 2.132830 3.830261 7.414670 0.200001
105 54.311840 34.218132 0.000000 4.026671 1.307820 2.141639 3.839874 7.392603 0.255494
106 54.410679 34.139038 0.000000 3.371079 1.292450 2.091562 3.703646 7.040674 0.250000
107 54.392120 34.290607 0.000000 3.691685 1.283974 2.062269 3.616322 6.792958 0.250000
108 54.282318 34.335175 0.000000 3.711436 1.295365 2.096131 3.700494 6.988714 0.250000
109 54.323032 34.174122 0.000000 3.386702 1.285167 2.073041 3.661706 6.951040 0.200000
110 54.351807 34.345787 0.000000 2.928078 1.264442 2.006913 3.481114 6.480807 0.377985
111 54.369865 34.272190 0.000000 3.370915 1.285871 2.070302 3.644473 6.884671 0.250000
112 54.255993 34.276100 0.000000 3.418440 1.302982 2.126080 3.802898 7.316523 0.253139
113 54.357704 34.319881 0.000000 3.466105 1.289614 2.076357 3.648674 6.865068 0.200000
114 54.256908 34.245651 0.000000 3.402407 1.316707 2.175610 3.954687 7.762258 0.200000
115 54.458321 34.291328 0.000000 3.393981 1.309561 2.148844 3.868901 7.502895 0.200096
116 54.297901 34.153744 0.000000 3.184758 1.300850 2.130888 3.834059 7.433732 0.200476
117 54.371059 34.327530 0.000000 3.504740 1.282835 2.058263 3.605424 6.766139 0.250338
118 54.380131 34.317642 0.000000 3.193006 1.268423 2.019157 3.512098 6.553765 0.250159
119 54.263920 34.316486 0.000000 3.615769 1.282061 2.061237 3.632616 6.893799 0.200000
120 54.488880 34.476955 0.000000 3.436747 1.286435 2.078404 3.685415 7.046123 0.250000
121 54.394627 34.492252 0.000000 3.499016 1.284193 2.068788 3.656502 6.967657 0.250000
122 54.395283 34.402779 0.000000 2.983203 1.312736 2.156590 3.883388 7.522310 0.250943
123 54.276054 34.440628 0.000000 3.370330 1.281431 2.054231 3.596241 6.747354 0.250000
124 54.261532 34.503983 0.000000 3.717342 1.297596 2.103033 3.721766 7.054321 0.200000
125 54.397972 34.339848 0.000000 3.107318 1.321105 2.169777 3.883249 7.420333 0.200000
126 54.194679 34.507244 0.000000 3.804389 1.307211 2.147855 3.890627 7.635351 0.200000
127 54.307709 34.453270 0.000000 3.480395 1.286069 2.063858 3.616032 6.788382 0.200000
128 54.275505 34.278885 0.000000 3.553988 1.318885 2.164008 3.877737 7.440025 0.250000
129 54.364483 34.427586 0.000000 3.499907 1.308699 2.136022 3.811029 7.291748 0.250000
130 54.323032 34.280411 0.000000 3.730419 1.313944 2.148245 3.829661 7.295973 0.200000
131 54.180111 34.410267 0.000000 4.161635 1.319878 2.175480 3.935031 7.668293 0.200000
132 54.377464 34.247314 0.000000 3.797610 1.301055 2.113085 3.748820 7.124999 0.250000
133 54.255013 34.345573 0.000000 4.141319 1.314001 2.148080 3.827775 7.287033 0.250000
134 54.133266 34.347927 0.000000 3.918706 1.350876 2.270023 4.176689 8.244733 0.250000
135 54.232536 34.307133 0.000000 3.640414 1.338786 2.232100 4.074765 7.984686 0.250000
136 54.027958 34.331921 0.000000 3.333891 1.407461 2.485984 4.868524 10.346319 0.250000
137 53.951740 34.343369 0.000000 3.566859 1.362879 2.325310 4.384493 8.960776 0.200000
138 53.663002 34.115238 0.000000 2.953446 1.366442 2.311726 4.283132 8.517501 0.203792
139 53.520725 34.286457 0.000000 3.268906 1.359948 2.291185 4.215565 8.298677 0.322009
140 53.404964 34.303108 0.000000 3.102520 1.364837 2.308953 4.275817 8.492867 0.272147
141 53.321457 34.176796 0.000000 2.892154 1.343588 2.253397 4.144810 8.193751 0.633157
142 53.179741 33.867241 0.000000 2.646037 1.407025 2.480625 4.840025 10.233799 0.318621
143 52.711891 33.750103 0.000000 2.109088 1.340072 2.268319 4.258400 8.698140 0.207455
144 52.586555 33.305729 0.000000 2.147592 1.440328 2.591940 5.167502 11.160765 0.334488
145 52.605022 32.956825 0.000000 1.941360 1.347835 2.278092 4.232787 8.473390 0.250000
146 52.439877 32.409630 0.000000 1.798602 1.249954 1.969841 3.395114 6.288047 0.250000
