%% Trajectory 28
%% frame x (pixel)     y (pixel)    z (pixel)      m0         m1           m2           m3           m4           s 
127 70.158363 41.445690 0.000000 1.111232 1.323187 2.224351 4.143784 8.395632 0.250000
128 70.234512 41.731571 0.000000 1.375612 1.465423 2.634021 5.176432 10.882142 0.250000
129 70.406967 41.573734 0.000000 1.362160 1.325191 2.216884 4.114436 8.323011 0.321318
130 70.219887 41.638649 0.000000 1.656464 1.472680 2.704640 5.499119 12.092745 0.324128
131 70.483582 41.477322 0.000000 1.800879 1.356294 2.283626 4.211552 8.340623 0.200000
132 70.429077 41.423550 0.000000 1.605838 1.405338 2.470755 4.823779 10.246264 0.250469
133 70.526054 41.512024 0.000000 1.603173 1.323743 2.187886 3.968928 7.755754 0.333335
134 70.146294 41.530903 0.000000 1.584532 1.358562 2.333897 4.464878 9.331497 0.250000
135 70.194908 41.471546 0.000000 2.005676 1.409187 2.481837 4.848305 10.292772 0.250000
136 70.378540 41.405701 0.000000 2.105882 1.253347 1.973979 3.398927 6.288305 0.333333
137 70.166679 41.533741 0.000000 2.428699 1.371658 2.363399 4.499565 9.276375 0.250000
138 70.132828 41.639603 0.000000 2.207318 1.384598 2.395348 4.587049 9.533959 0.250000
139 70.251610 41.598000 0.000000 2.127777 1.358007 2.331123 4.453534 9.289031 0.250000
140 70.122665 41.448898 0.000000 1.986075 1.382104 2.393210 4.590579 9.560182 0.250000
141 70.341934 41.287956 0.000000 2.133424 1.326233 2.196602 3.980190 7.736049 0.333333
142 70.392006 41.460720 0.000000 2.208589 1.279082 2.057186 3.618293 6.830225 0.333333
143 70.079277 41.512718 0.000000 2.038912 1.341333 2.276257 4.286959 8.795392 0.250021
144 69.663094 41.605980 0.000000 2.488120 1.322743 2.200549 4.031424 7.984107 0.250000
145 69.668686 41.424812 0.000000 2.239815 1.308027 2.150738 3.889007 7.594176 0.250007
146 69.316216 41.372437 0.000000 2.158982 1.389646 2.410606 4.609994 9.525986 0.250013
147 68.819260 41.666901 0.000000 2.240421 1.376304 2.369868 4.499881 9.236703 0.438081
148 68.969711 41.636597 0.000000 2.158230 1.422896 2.555488 5.113042 11.134984 0.306959
149 68.316620 41.829865 0.000000 1.993503 1.392306 2.417537 4.626303 9.559340 0.409683
150 68.450493 41.610973 0.000000 1.676219 1.331545 2.211907 4.020417 7.839804 0.250017
