%% Trajectory 25
%% frame x (pixel)     y (pixel)    z (pixel)      m0         m1           m2           m3           m4           s 
106 31.239466 47.341370 0.000000 1.615988 1.422231 2.543540 5.056955 10.925980 0.250000
109 30.842672 47.137035 0.000000 1.795281 1.283034 2.069317 3.658056 6.956007 0.250000
110 30.754692 47.085339 0.000000 1.531850 1.364128 2.320325 4.339876 8.745868 0.200000
111 30.553818 46.759235 0.000000 1.610672 1.316748 2.169719 3.932307 7.697865 0.221038
112 30.726477 47.161694 0.000000 2.057425 1.357481 2.315289 4.372060 8.963853 0.250000
113 30.756996 47.078213 0.000000 2.289962 1.359894 2.314254 4.338186 8.778543 0.333333
114 30.636255 46.945236 0.000000 1.825379 1.388844 2.424433 4.680246 9.781425 0.200047
115 30.633615 46.840271 0.000000 2.034294 1.337068 2.230825 4.071503 7.965076 0.250000
116 30.592026 47.308060 0.000000 2.258806 1.338434 2.244283 4.150562 8.308094 0.203797
117 30.919346 47.131664 0.000000 2.197469 1.362281 2.343510 4.473824 9.286587 0.166684
118 30.606192 46.899666 0.000000 2.247327 1.315306 2.164282 3.897841 7.531737 0.321190
119 30.641521 47.171318 0.000000 2.388738 1.323611 2.195572 4.002089 7.863542 0.200000
120 30.730368 47.147606 0.000000 2.341734 1.330537 2.220556 4.078458 8.081962 0.250000
121 30.995359 47.214809 0.000000 1.858433 1.344793 2.296528 4.371183 9.092392 0.250000
122 31.032440 46.931488 0.000000 2.172341 1.312818 2.186571 4.022957 8.012481 0.250000
123 31.261990 46.887302 0.000000 2.010220 1.270076 2.054429 3.681804 7.194226 0.333333
124 31.569719 46.927063 0.000000 1.947170 1.282785 2.064719 3.628972 6.830904 0.250002
125 31.726818 46.677303 0.000000 1.865847 1.279212 2.055086 3.615699 6.839503 0.333350
126 32.050694 46.799656 0.000000 1.684592 1.286062 2.095125 3.763365 7.317283 0.333334
127 31.838961 46.716091 0.000000 1.845755 1.255065 1.987036 3.449595 6.454545 0.250000
128 32.417759 46.914917 0.000000 1.509076 1.221622 1.891091 3.207606 5.866107 0.250000
129 32.477253 46.827419 0.000000 1.337564 1.277908 2.060419 3.659930 7.040434 0.321318
131 33.031727 46.031342 0.000000 0.871473 1.352078 2.333950 4.469853 9.285508 0.214810
