%% Trajectory 6
%% frame x (pixel)     y (pixel)    z (pixel)      m0         m1           m2           m3           m4           s 
11 24.144306 46.510361 0.000000 1.013889 1.289099 2.118229 3.855232 7.628782 0.250000
12 24.068583 46.358494 0.000000 1.163371 1.319410 2.205159 4.087297 8.245712 0.250000
13 24.256628 46.579704 0.000000 1.299676 1.324736 2.195443 3.994637 7.825151 0.250000
14 24.513964 46.474991 0.000000 1.083542 1.263087 2.002650 3.470008 6.453105 0.250000
15 24.061981 46.481266 0.000000 1.138759 1.264665 2.031775 3.593661 6.872807 0.250000
16 24.233194 46.498112 0.000000 1.284438 1.316458 2.188421 4.015754 7.983746 0.250015
17 24.261009 46.606915 0.000000 1.227958 1.333810 2.248884 4.204121 8.555345 0.250001
18 24.477238 46.733067 0.000000 1.226406 1.315302 2.159999 3.880520 7.480270 0.250000
19 24.266691 46.589207 0.000000 1.503166 1.335715 2.234241 4.113569 8.179031 0.284031
20 24.270861 46.528889 0.000000 1.502819 1.332425 2.222467 4.076965 8.072842 0.485961
21 24.262812 46.694534 0.000000 1.537861 1.339304 2.265522 4.250187 8.676607 0.250138
22 24.218555 46.727425 0.000000 1.562052 1.329864 2.207597 4.024431 7.905529 0.304700
23 24.773886 46.722767 0.000000 1.705957 1.422786 2.533304 5.003992 10.733795 0.250000
24 24.377054 46.254875 0.000000 1.781908 1.356904 2.319779 4.399250 9.074588 0.252217
25 24.621595 46.413200 0.000000 1.673270 1.372325 2.355186 4.454006 9.102200 0.250000
26 24.808369 46.377823 0.000000 1.665232 1.390916 2.408705 4.594070 9.459663 0.250000
27 24.718937 46.198406 0.000000 1.737290 1.393996 2.422490 4.645307 9.630679 0.333333
28 24.846115 45.871582 0.000000 1.579167 1.371924 2.340524 4.379359 8.803082 0.333333
29 25.289381 45.870163 0.000000 1.553044 1.384221 2.387764 4.536126 9.290370 0.333333
30 24.988003 45.836399 0.000000 1.651707 1.414370 2.512537 4.948878 10.573542 0.250275
31 25.213888 45.326897 0.000000 1.683516 1.315742 2.175618 3.951217 7.730746 0.333333
32 25.386320 45.166553 0.000000 1.484591 1.379987 2.392855 4.588306 9.530572 0.253843
34 26.382837 45.987862 0.000000 1.132195 1.461000 2.672248 5.417210 11.882936 0.357899
35 26.516304 46.297703 0.000000 1.307599 1.516276 2.851000 5.924787 13.278858 0.250000
