%% Trajectory 100
%% frame x (pixel)     y (pixel)    z (pixel)      m0         m1           m2           m3           m4           s 
190 51.526035 51.169655 0.000000 1.142816 1.352001 2.301587 4.327783 8.808987 0.288426
193 51.307861 51.133057 0.000000 1.185254 1.398322 2.455922 4.787207 10.134432 0.250000
194 51.469429 51.464024 0.000000 1.276394 1.308036 2.152497 3.886660 7.550767 0.239158
195 51.615215 51.740189 0.000000 1.212146 1.303342 2.142855 3.912210 7.801797 0.200614
196 51.435486 51.421619 0.000000 1.095454 1.392147 2.464308 4.881751 10.579214 0.222037
197 51.283504 51.372723 0.000000 1.299648 1.251576 1.983720 3.450251 6.473768 0.200016
198 51.496109 51.378094 0.000000 1.332008 1.260909 2.004993 3.503510 6.618445 0.200383
199 51.471558 51.454063 0.000000 1.528025 1.275085 2.037580 3.555608 6.650740 0.250024
200 51.037155 51.230751 0.000000 1.612953 1.366217 2.338320 4.415427 9.006362 0.175055
201 51.155926 51.470608 0.000000 1.422063 1.371291 2.377762 4.574306 9.557424 0.239460
202 51.291683 51.245735 0.000000 1.230305 1.372893 2.368267 4.538020 9.467828 0.286401
203 50.859146 51.401337 0.000000 1.173278 1.389167 2.430288 4.723255 9.988276 0.251985
205 50.388580 50.658550 0.000000 1.562811 1.276305 2.036295 3.551396 6.648631 0.238941
206 50.736759 50.798904 0.000000 1.367497 1.359780 2.338404 4.467834 9.295690 0.207054
