%% Trajectory 28
%% frame x (pixel)     y (pixel)    z (pixel)      m0         m1           m2           m3           m4           s 
153 45.890392 38.037846 0.000000 2.878207 1.339185 2.270974 4.254189 8.624397 0.173583
154 45.920921 38.138660 0.000000 3.009696 1.284945 2.097206 3.764953 7.288374 0.167491
155 45.970024 38.017757 0.000000 3.064914 1.325236 2.234500 4.173302 8.461676 0.172661
156 45.966984 38.206753 0.000000 3.174732 1.295092 2.137540 3.902664 7.731168 0.253097
157 46.170361 38.233540 0.000000 3.092431 1.309186 2.223075 4.264513 9.063335 0.168883
158 46.049644 38.134979 0.000000 2.943116 1.374454 2.437794 4.870791 10.704470 0.166681
159 45.898632 38.180367 0.000000 3.053159 1.314736 2.204108 4.101249 8.306358 0.312736
160 46.058727 38.089371 0.000000 3.390409 1.366054 2.402264 4.747874 10.303592 0.167303
161 46.085587 38.284039 0.000000 3.480729 1.358861 2.381692 4.708597 10.265772 0.166667
162 45.925060 37.970417 0.000000 3.445253 1.344472 2.288824 4.297970 8.715747 0.200032
163 45.982498 37.876331 0.000000 3.202489 1.297142 2.122323 3.818917 7.415524 0.204430
164 46.010971 38.036991 0.000000 3.473389 1.329259 2.257970 4.258127 8.727384 0.200963
165 46.086353 38.061661 0.000000 3.670353 1.379249 2.444920 4.864688 10.607626 0.200074
166 45.938728 37.988914 0.000000 3.607659 1.326080 2.229760 4.131826 8.260603 0.200000
167 46.063686 38.084663 0.000000 3.980510 1.385853 2.461281 4.906228 10.720445 0.200000
168 46.042648 38.086994 0.000000 4.251451 1.373604 2.423330 4.792638 10.378958 0.200000
169 45.957737 37.795471 0.000000 3.800714 1.283024 2.078823 3.707920 7.148649 0.200000
170 45.910416 38.078465 0.000000 4.035807 1.343613 2.284333 4.293530 8.737883 0.250000
171 45.898899 38.070328 0.000000 3.718480 1.323050 2.221169 4.123951 8.299252 0.250000
172 46.096970 38.268055 0.000000 3.703827 1.376110 2.445958 4.907288 10.846407 0.200000
173 46.079662 38.383339 0.000000 3.645579 1.353840 2.357317 4.618929 9.967192 0.200023
174 46.125286 38.491405 0.000000 3.528585 1.309486 2.214872 4.226552 8.935008 0.200146
175 46.155754 38.705788 0.000000 3.161359 1.349042 2.338120 4.565964 9.844391 0.270872
176 46.129387 38.846737 0.000000 3.371858 1.364543 2.369992 4.611803 9.854796 0.170858
177 46.010147 38.817226 0.000000 3.704189 1.372651 2.403268 4.704875 10.081261 0.174412
178 45.775909 38.880932 0.000000 3.372965 1.318996 2.183941 3.983854 7.860250 0.303981
179 45.656261 39.081203 0.000000 3.276879 1.346286 2.322706 4.487198 9.507609 0.357502
180 45.496723 38.886402 0.000000 3.210250 1.320277 2.178188 3.942304 7.683452 0.247172
181 45.451355 39.016148 0.000000 3.342236 1.344328 2.301682 4.391887 9.155728 0.310265
182 45.496464 38.964386 0.000000 2.430390 1.358598 2.331076 4.439392 9.199398 0.200001
183 45.170383 39.270020 0.000000 2.267733 1.320840 2.200680 4.061944 8.159212 0.200003
184 45.227196 39.356030 0.000000 2.035572 1.268449 2.039645 3.634034 7.069136 0.250000
185 44.717422 39.217476 0.000000 1.701619 1.319084 2.183483 3.978406 7.830842 0.250000
