%% Trajectory 22
%% frame x (pixel)     y (pixel)    z (pixel)      m0         m1           m2           m3           m4           s 
106 35.665794 57.197060 0.000000 2.002416 1.262804 2.005553 3.481305 6.485383 0.201315
108 35.810284 57.304829 0.000000 2.054402 1.311231 2.153857 3.878067 7.507114 0.250000
109 35.726803 57.175194 0.000000 2.094392 1.270844 2.040595 3.595752 6.828782 0.200000
110 35.697720 57.023571 0.000000 2.289382 1.344884 2.274837 4.254060 8.630380 0.200003
111 35.803322 57.144596 0.000000 2.455049 1.313228 2.166607 3.930869 7.693117 0.200168
112 35.567951 57.106152 0.000000 1.946997 1.250125 1.999313 3.559833 6.962475 0.250000
113 35.733128 56.950264 0.000000 2.604228 1.339352 2.265237 4.257202 8.724966 0.205417
114 35.734608 56.700275 0.000000 1.938239 1.298505 2.113792 3.786473 7.334026 0.314474
115 35.913731 56.701378 0.000000 1.856229 1.323611 2.212176 4.088075 8.191922 0.205759
116 35.889790 56.624126 0.000000 2.101345 1.421215 2.541706 5.047498 10.883776 0.200003
117 35.888206 56.514492 0.000000 1.856221 1.289037 2.087456 3.701802 7.050681 0.246498
118 36.212082 56.380428 0.000000 1.420875 1.265790 2.026939 3.591270 6.926984 0.208869
119 35.768600 56.162663 0.000000 1.620966 1.286632 2.076787 3.691967 7.109647 0.250210
121 35.427631 54.575287 0.000000 1.656368 1.495034 2.781752 5.730752 12.751369 0.250000
123 35.580109 55.208164 0.000000 1.590201 1.308924 2.158668 3.943112 7.845187 0.333333
