%% Trajectory 18
%% frame x (pixel)     y (pixel)    z (pixel)      m0         m1           m2           m3           m4           s 
88 53.847782 36.063290 0.000000 0.431193 1.346467 2.296755 4.350666 8.966862 0.252707
90 53.748096 36.103008 0.000000 0.363263 1.244399 1.975835 3.457425 6.554674 0.333333
91 54.088814 35.921688 0.000000 0.447553 1.310522 2.188085 4.036090 8.054025 0.333343
92 53.606731 35.798218 0.000000 0.728206 1.249374 1.963357 3.376199 6.244113 0.500000
93 53.565590 35.684635 0.000000 0.717925 1.275514 2.103317 3.903934 8.029380 0.500000
94 54.002300 35.890007 0.000000 0.801401 1.311551 2.192332 4.059878 8.164588 0.333473
95 53.943535 35.980377 0.000000 0.811778 1.337987 2.257880 4.202576 8.449280 0.500000
96 53.565235 35.811325 0.000000 0.923289 1.290790 2.121729 3.871176 7.706671 0.500000
97 54.035488 35.935413 0.000000 0.995479 1.357219 2.324277 4.405974 9.059333 0.500000
98 53.762691 35.782936 0.000000 0.745759 1.267802 2.067369 3.754743 7.470458 0.333582
99 53.886169 35.832420 0.000000 0.957166 1.256181 2.006816 3.539763 6.777923 0.333333
100 53.735161 35.722301 0.000000 0.934168 1.307953 2.172707 4.007764 8.066215 0.333333
101 53.835304 35.734951 0.000000 0.975278 1.261840 2.025553 3.586105 6.883527 0.333333
102 53.904255 35.851673 0.000000 0.924691 1.301221 2.183551 4.105138 8.483044 0.223704
103 53.828251 35.808685 0.000000 0.920674 1.298377 2.141969 3.909054 7.749654 0.500000
104 53.803265 35.668419 0.000000 0.894585 1.233097 1.956050 3.464238 6.764476 0.271342
105 53.913258 35.573067 0.000000 1.217360 1.285154 2.119483 3.904016 7.898344 0.333335
106 53.838348 35.585590 0.000000 1.009618 1.329899 2.273567 4.376102 9.302178 0.333427
107 53.874916 35.541344 0.000000 1.199744 1.280205 2.118987 3.949045 8.152349 0.349536
108 53.821529 35.380341 0.000000 1.175879 1.310138 2.224672 4.279480 9.154394 0.355645
109 53.808479 35.552338 0.000000 1.212825 1.285665 2.150353 4.071273 8.576117 0.378991
110 53.788063 35.282150 0.000000 1.262213 1.295368 2.178755 4.165415 8.895983 0.496176
111 53.741928 35.214161 0.000000 1.271727 1.321003 2.271192 4.447918 9.720839 0.553320
112 53.720982 35.247303 0.000000 1.439423 1.292480 2.175820 4.167259 8.921964 0.453247
113 53.748535 35.144299 0.000000 1.129924 1.271052 2.134149 4.118656 8.966544 0.336701
114 53.452686 35.306911 0.000000 1.221596 1.267379 2.119925 4.066045 8.787367 0.463540
115 53.293552 35.372318 0.000000 1.030972 1.280944 2.163666 4.192427 9.142697 0.357146
116 53.045681 35.404430 0.000000 1.020974 1.334542 2.329913 4.628614 10.227576 0.202446
117 52.705143 35.499893 0.000000 0.909461 1.219232 1.944263 3.510409 7.093779 0.221239
118 52.575851 35.433151 0.000000 0.794133 1.227158 1.988366 3.678457 7.666219 0.205922
119 52.174988 35.181557 0.000000 0.782131 1.301346 2.250613 4.486961 10.068614 0.216294
