%% Trajectory 14
%% frame x (pixel)     y (pixel)    z (pixel)      m0         m1           m2           m3           m4           s 
62 20.085405 36.005688 0.000000 0.920228 1.339560 2.349113 4.651271 10.144599 0.250093
64 20.430286 36.215672 0.000000 1.299244 1.300801 2.127499 3.836600 7.497787 0.333333
65 20.271957 36.272148 0.000000 1.583611 1.316650 2.189076 4.015215 7.974096 0.250000
66 20.348473 36.211666 0.000000 1.547772 1.367458 2.378160 4.591466 9.620033 0.333333
67 20.422789 36.415089 0.000000 1.733615 1.346500 2.275065 4.242693 8.562632 0.254580
68 20.448252 36.083332 0.000000 1.392195 1.383427 2.433196 4.767192 10.175122 0.251660
69 20.068071 35.642433 0.000000 1.111308 1.348476 2.321647 4.462282 9.380690 0.200066
70 20.373413 35.925682 0.000000 1.339873 1.345420 2.263834 4.201619 8.438373 0.250301
71 20.147186 36.198006 0.000000 1.784936 1.277556 2.086446 3.789901 7.526798 0.250000
72 20.317869 35.918194 0.000000 1.653609 1.346958 2.289204 4.282608 8.634728 0.250008
73 19.870382 35.980064 0.000000 1.224153 1.424220 2.551060 5.061611 10.858700 0.250000
75 20.289831 35.938622 0.000000 1.873620 1.380762 2.391835 4.566856 9.407327 0.200713
76 20.364971 35.928421 0.000000 1.785502 1.390656 2.434505 4.748194 10.103274 0.205760
78 20.395382 35.848969 0.000000 2.692058 1.320080 2.185879 3.985050 7.853154 0.200000
79 20.293377 35.980125 0.000000 2.535569 1.330388 2.247859 4.214334 8.593204 0.250000
81 20.376915 35.836720 0.000000 3.215592 1.332036 2.219005 4.050819 7.941536 0.349727
83 20.343626 35.695259 0.000000 4.367204 1.306148 2.139266 3.848050 7.462093 0.333333
84 20.265821 35.779827 0.000000 4.122458 1.336334 2.241661 4.144899 8.287007 0.250029
85 20.331131 35.560810 0.000000 4.742235 1.269933 2.025279 3.528069 6.590023 0.250000
86 20.334551 35.685482 0.000000 4.663820 1.251821 1.970068 3.389755 6.267252 0.250000
87 20.305925 35.731277 0.000000 4.596378 1.291805 2.098980 3.743271 7.191465 0.500000
88 20.298874 35.592278 0.000000 4.759852 1.264909 2.007308 3.481518 6.481540 0.333333
89 20.339062 35.597534 0.000000 5.278552 1.292481 2.087401 3.679517 6.942729 0.333333
90 20.189762 35.653812 0.000000 4.662655 1.256681 1.990996 3.451633 6.431797 0.333333
91 20.267780 35.574673 0.000000 5.636328 1.285449 2.068617 3.640348 6.877247 0.333333
92 20.285177 35.579144 0.000000 5.464629 1.294789 2.102328 3.735944 7.129805 0.333333
93 20.308538 35.585300 0.000000 5.040901 1.269906 2.025562 3.529344 6.593525 0.250000
95 20.246870 35.504944 0.000000 5.732962 1.278528 2.048397 3.583528 6.717420 0.333333
96 20.384228 35.481224 0.000000 5.533820 1.260304 1.995287 3.452694 6.414226 0.250000
98 20.298363 35.374924 0.000000 6.518657 1.292376 2.097990 3.735363 7.159169 0.333333
99 20.199396 35.578091 0.000000 5.987258 1.264359 2.009296 3.490429 6.507637 0.333333
100 20.303860 35.639957 0.000000 6.040803 1.284896 2.067232 3.633413 6.846169 0.333334
101 20.294548 35.619801 0.000000 6.232839 1.276680 2.041492 3.565241 6.674232 0.333334
102 20.244333 35.641964 0.000000 5.885656 1.282212 2.060789 3.616736 6.799210 0.334119
103 20.520470 35.637573 0.000000 5.513621 1.302319 2.122984 3.796564 7.314805 0.333333
104 20.703325 35.470024 0.000000 5.100191 1.350848 2.288167 4.279534 8.673697 0.333333
105 20.841177 35.398571 0.000000 4.710605 1.331182 2.219123 4.076045 8.099968 0.333519
106 20.996140 35.309921 0.000000 4.278886 1.383425 2.412520 4.662848 9.776977 0.333337
107 21.206783 35.353939 0.000000 4.351351 1.332698 2.220542 4.067092 8.033051 0.333333
109 21.669910 35.609253 0.000000 4.317668 1.328932 2.195256 3.968752 7.703023 0.333333
111 21.585516 36.220238 0.000000 3.406645 1.376467 2.365031 4.482896 9.183261 0.333333
112 21.658010 35.959583 0.000000 3.346699 1.427432 2.550152 5.025816 10.675951 0.333333
114 20.913910 36.150772 0.000000 2.252202 1.310693 2.159813 3.916642 7.668069 0.333333
