%% Trajectory 32
%% frame x (pixel)     y (pixel)    z (pixel)      m0         m1           m2           m3           m4           s 
132 19.555326 42.749676 0.000000 1.406617 1.214011 1.874740 3.177764 5.819610 0.166667
134 19.727222 42.827667 0.000000 1.791626 1.279957 2.071949 3.679063 7.025373 0.142860
135 19.841030 42.697189 0.000000 2.024740 1.362426 2.347051 4.462689 9.159431 0.215889
136 19.852575 42.948380 0.000000 2.233000 1.306843 2.168513 3.986257 7.969537 0.166871
137 19.668484 42.896400 0.000000 2.402413 1.304058 2.136465 3.841585 7.437878 0.200655
138 19.814497 42.988312 0.000000 2.475317 1.325620 2.221960 4.108357 8.209790 0.203959
139 19.796019 43.001297 0.000000 2.442482 1.324946 2.210326 4.055531 8.021691 0.357126
140 19.881758 42.916649 0.000000 2.613952 1.358530 2.335331 4.455633 9.243067 0.218776
141 19.670547 43.026588 0.000000 2.585133 1.322922 2.209592 4.074890 8.134594 0.200065
142 19.883242 43.094402 0.000000 2.929327 1.337445 2.247323 4.174249 8.401222 0.201791
143 19.971613 43.143227 0.000000 2.716430 1.346748 2.277060 4.238396 8.504870 0.203667
144 20.097839 43.156414 0.000000 2.613038 1.337026 2.233504 4.098186 8.099810 0.200007
145 20.249092 43.016972 0.000000 2.369160 1.318637 2.194303 4.037194 8.053493 0.200000
146 20.064363 42.921616 0.000000 2.424491 1.303206 2.159667 3.970667 7.944936 0.200002
147 20.538298 42.867374 0.000000 2.942044 1.282396 2.083815 3.727937 7.206832 0.200834
148 20.585943 42.737000 0.000000 2.245020 1.194818 1.815308 3.021730 5.434824 0.202472
149 20.816389 42.570606 0.000000 2.222674 1.270396 2.030601 3.555908 6.698081 0.206528
150 20.977379 42.129002 0.000000 2.560605 1.303465 2.155560 3.951627 7.879982 0.203364
151 20.898649 42.111580 0.000000 2.177328 1.349955 2.301673 4.349753 8.927244 0.250568
