%% Trajectory 14
%% frame x (pixel)     y (pixel)    z (pixel)      m0         m1           m2           m3           m4           s 
51 27.621056 18.938982 0.000000 2.124407 1.297088 2.118386 3.808900 7.409040 0.304018
52 27.599615 19.191675 0.000000 2.091074 1.412980 2.467429 4.731824 9.758245 0.200000
53 27.501513 18.965809 0.000000 2.463176 1.397229 2.452142 4.770398 10.074319 0.227905
54 27.333561 19.193989 0.000000 2.626124 1.393965 2.433343 4.695560 9.810209 0.195674
55 27.434198 19.079157 0.000000 3.362997 1.380930 2.393255 4.581334 9.486993 0.157886
56 27.426495 19.273237 0.000000 3.337513 1.318901 2.169560 3.903367 7.533309 0.166667
57 27.350441 18.972929 0.000000 3.096775 1.366683 2.356009 4.497674 9.312490 0.142857
58 27.511374 19.144894 0.000000 3.514046 1.329925 2.214095 4.047580 7.968903 0.166667
59 27.522827 19.203392 0.000000 3.648442 1.366432 2.327947 4.363719 8.825409 0.202835
60 27.451225 19.235037 0.000000 3.404807 1.308463 2.136813 3.814123 7.298772 0.322404
61 27.551725 19.227411 0.000000 4.044861 1.365664 2.315568 4.297576 8.555433 0.282199
62 27.461262 19.253445 0.000000 4.149033 1.365487 2.325080 4.350188 8.766273 0.326991
63 27.510250 19.073507 0.000000 4.377993 1.360241 2.311909 4.322342 8.711143 0.383819
64 27.574810 19.218920 0.000000 4.250070 1.336778 2.221162 4.027354 7.806451 0.203518
65 27.556770 19.365217 0.000000 4.152017 1.327558 2.201609 4.002391 7.824955 0.365819
66 27.608101 19.172001 0.000000 3.967999 1.319407 2.177001 3.937424 7.656737 0.200790
67 27.563465 19.257175 0.000000 3.896884 1.338565 2.240536 4.119567 8.158042 0.252097
68 27.502657 19.283253 0.000000 4.066831 1.344403 2.259507 4.168457 8.276823 0.200098
69 27.443594 19.452309 0.000000 4.154562 1.309941 2.136983 3.800406 7.220987 0.200001
70 27.405703 19.397076 0.000000 4.489872 1.312496 2.143475 3.814878 7.251780 0.315269
71 27.324673 19.526815 0.000000 4.256047 1.373178 2.343750 4.384068 8.804448 0.280127
72 27.279810 19.717413 0.000000 3.710213 1.363969 2.332451 4.398937 8.968353 0.200324
73 27.297592 19.904928 0.000000 4.319211 1.353539 2.306892 4.358945 8.960313 0.250000
74 27.296003 20.067085 0.000000 3.929403 1.368681 2.344233 4.429936 9.053872 0.250000
75 27.285799 20.325884 0.000000 4.083212 1.328618 2.206737 4.025637 7.912034 0.250000
76 27.283827 20.455355 0.000000 3.643218 1.364460 2.305109 4.246695 8.353502 0.250213
77 27.271566 20.622625 0.000000 3.925642 1.366656 2.318924 4.311577 8.609572 0.250016
78 27.322554 20.379263 0.000000 3.035527 1.378302 2.369630 4.486808 9.172588 0.250000
79 27.455679 20.833870 0.000000 2.579471 1.416260 2.501971 4.882123 10.299530 0.254471
81 28.192013 20.572441 0.000000 1.432903 1.431853 2.589238 5.222983 11.487280 0.200002
