%% Trajectory 9
%% frame x (pixel)     y (pixel)    z (pixel)      m0         m1           m2           m3           m4           s 
32 42.033092 10.285115 0.000000 1.737054 1.354587 2.301877 4.319254 8.772114 0.341881
33 42.220177 10.329650 0.000000 1.956799 1.327562 2.202093 3.998438 7.790207 0.291374
34 42.288757 10.289867 0.000000 1.810289 1.342305 2.261571 4.204752 8.463003 0.258878
35 42.240093 10.446263 0.000000 2.080324 1.319481 2.169666 3.897955 7.500232 0.273907
36 42.134090 10.250205 0.000000 1.744672 1.381844 2.407304 4.651103 9.758338 0.205194
37 42.103355 10.255882 0.000000 2.230760 1.356707 2.308271 4.334311 8.804355 0.253754
38 42.068558 10.279806 0.000000 2.421750 1.370665 2.353270 4.462403 9.159182 0.250766
39 42.092415 10.335795 0.000000 2.255887 1.346315 2.271626 4.230374 8.527024 0.250186
40 42.019016 10.346238 0.000000 2.491889 1.365437 2.336523 4.405838 8.967185 0.255518
41 42.207371 10.188018 0.000000 2.806062 1.342404 2.262728 4.208321 8.471736 0.252724
42 42.149979 10.262560 0.000000 2.692435 1.348024 2.278634 4.249192 8.571653 0.250000
43 42.137688 10.270804 0.000000 2.920789 1.339524 2.254904 4.185844 8.404654 0.250000
44 42.308006 10.344412 0.000000 2.981429 1.329955 2.205819 4.007769 7.823400 0.250000
45 42.389946 10.306760 0.000000 3.253675 1.288423 2.084395 3.697306 7.062074 0.250000
46 42.418488 10.356114 0.000000 2.951200 1.313317 2.156588 3.880406 7.507914 0.200000
47 42.419266 10.361484 0.000000 2.776172 1.313124 2.158610 3.895077 7.573659 0.166667
48 42.218876 10.660610 0.000000 3.077460 1.301695 2.115408 3.752896 7.127939 0.200000
49 42.179104 11.040624 0.000000 2.947458 1.338600 2.252005 4.176039 8.365886 0.200000
50 42.269405 11.205604 0.000000 2.443551 1.312173 2.159428 3.904591 7.611140 0.166667
51 42.290489 11.420701 0.000000 2.756331 1.304896 2.122289 3.763751 7.134989 0.200000
52 42.350430 11.576318 0.000000 2.515957 1.285718 2.066736 3.626428 6.814841 0.200000
53 42.229858 11.646363 0.000000 2.361401 1.301237 2.114359 3.746624 7.097416 0.213031
54 42.288773 11.850547 0.000000 2.188340 1.359105 2.306068 4.312429 8.719518 0.200937
56 43.219624 12.188107 0.000000 1.806704 1.356426 2.306937 4.325562 8.764562 0.181112
57 43.391460 11.992214 0.000000 1.677675 1.400743 2.472059 4.839314 10.277468 0.213210
58 43.802647 11.942899 0.000000 1.192087 1.364553 2.348941 4.495045 9.374613 0.249695
