%% Trajectory 16
%% frame x (pixel)     y (pixel)    z (pixel)      m0         m1           m2           m3           m4           s 
25 35.281040 29.747087 0.000000 1.510508 1.411240 2.472779 4.759809 9.854289 0.250000
26 35.260601 29.757143 0.000000 1.578841 1.380352 2.374254 4.484180 9.108229 0.169618
27 35.536106 30.237158 0.000000 1.623355 1.431593 2.558377 5.045846 10.742730 0.247189
28 35.362659 30.154226 0.000000 1.859394 1.517217 2.861709 5.978714 13.501534 0.200000
30 35.149288 30.188332 0.000000 2.164254 1.439163 2.580694 5.124383 11.024989 0.200804
31 35.094219 29.768137 0.000000 2.110508 1.463329 2.674591 5.419711 11.897549 0.200002
32 35.015949 29.782694 0.000000 2.331240 1.424390 2.531585 4.965004 10.508438 0.200264
33 35.084675 30.020567 0.000000 2.511579 1.454873 2.660281 5.413064 11.962116 0.202931
34 35.229206 29.592224 0.000000 2.696797 1.393349 2.420511 4.631217 9.555799 0.200447
35 35.246647 29.775129 0.000000 2.984564 1.364198 2.322318 4.351449 8.796231 0.200389
36 35.177017 29.830767 0.000000 3.298141 1.389050 2.423071 4.689826 9.868105 0.256125
37 34.942638 29.766594 0.000000 3.211082 1.350916 2.290467 4.289472 8.696867 0.251019
38 35.155052 29.893576 0.000000 2.943584 1.393327 2.425583 4.657757 9.658854 0.432713
39 34.940224 30.117224 0.000000 3.407904 1.429939 2.553229 5.043125 10.780377 0.250000
40 35.006725 30.141912 0.000000 3.208369 1.402566 2.452105 4.723157 9.806860 0.250001
41 35.059021 30.266693 0.000000 3.295853 1.382472 2.383095 4.516869 9.217769 0.333333
42 34.787575 30.400791 0.000000 3.167066 1.313194 2.157328 3.882155 7.507208 0.333333
43 35.024212 30.539061 0.000000 3.717637 1.400433 2.457636 4.765126 9.988478 0.333333
44 35.045307 30.753305 0.000000 3.179191 1.404132 2.463028 4.767475 9.962097 0.333333
45 34.859253 30.740755 0.000000 3.368611 1.365489 2.331164 4.383565 8.899476 0.333333
46 34.690941 31.089989 0.000000 3.519798 1.353606 2.306186 4.348088 8.897372 0.333333
48 34.302605 31.678137 0.000000 1.754659 1.391607 2.406233 4.579269 9.397762 0.250000
50 33.423962 32.411999 0.000000 1.945282 1.474801 2.707135 5.501647 12.092788 0.250000
51 33.072132 31.934595 0.000000 1.580426 1.435574 2.624223 5.361938 11.941622 0.200192
54 32.416908 32.962288 0.000000 1.233612 1.305229 2.134053 3.832737 7.423158 0.250000
