%% Trajectory 15
%% frame x (pixel)     y (pixel)    z (pixel)      m0         m1           m2           m3           m4           s 
38 36.058128 24.666754 0.000000 1.361753 1.351379 2.301962 4.344146 8.907633 0.204223
39 35.858665 24.165575 0.000000 1.471687 1.361793 2.347102 4.497681 9.391559 0.211092
40 36.078484 24.374809 0.000000 1.648063 1.299507 2.130391 3.840795 7.468719 0.200085
41 36.112965 24.456320 0.000000 2.268942 1.354822 2.301751 4.327373 8.833654 0.200056
42 36.073765 24.522705 0.000000 2.099137 1.353957 2.311031 4.365897 8.952508 0.196680
43 35.907703 24.506704 0.000000 2.681029 1.354966 2.291857 4.268406 8.587742 0.251477
44 36.133221 24.487490 0.000000 2.779378 1.331625 2.242125 4.186406 8.508661 0.254574
45 35.866550 24.229912 0.000000 3.035004 1.339386 2.241676 4.117064 8.135713 0.313747
46 36.033005 24.346100 0.000000 3.447367 1.342460 2.267405 4.227793 8.531643 0.200000
47 35.976437 24.453520 0.000000 2.871131 1.319362 2.209300 4.109478 8.338316 0.250000
48 36.123882 24.653419 0.000000 3.164075 1.359825 2.315058 4.350645 8.848239 0.250000
49 35.832306 24.432573 0.000000 3.260557 1.292615 2.114083 3.821329 7.506584 0.250000
50 35.871372 24.532919 0.000000 3.700305 1.312441 2.167347 3.949207 7.801389 0.200000
51 35.792286 24.546064 0.000000 3.843100 1.285086 2.068402 3.640030 6.874000 0.200000
52 35.896656 24.520021 0.000000 3.781383 1.317287 2.176769 3.956710 7.768544 0.250000
53 35.811745 24.727352 0.000000 3.853136 1.309710 2.144920 3.850289 7.434269 0.250000
54 35.835838 24.562290 0.000000 4.019773 1.275306 2.042011 3.585044 6.783058 0.250000
55 35.835117 24.655630 0.000000 4.198716 1.335360 2.236040 4.129395 8.256582 0.333333
56 35.850529 24.569376 0.000000 4.053839 1.304389 2.146159 3.900501 7.695459 0.333333
57 35.858284 24.610199 0.000000 4.170842 1.332605 2.225410 4.090795 8.122765 0.333333
58 35.874073 24.649347 0.000000 4.117312 1.323408 2.191348 3.989049 7.833677 0.333333
59 35.767902 24.614746 0.000000 4.615463 1.312956 2.151081 3.853758 7.403639 0.333333
60 35.832146 24.415560 0.000000 4.280256 1.289456 2.085304 3.689920 7.010619 0.333333
61 35.758442 24.454052 0.000000 4.215541 1.296282 2.109648 3.768924 7.259241 0.333333
62 35.723923 24.594551 0.000000 4.056577 1.297253 2.101140 3.711826 7.013308 0.333333
63 35.803539 24.516582 0.000000 4.566318 1.293363 2.103413 3.759789 7.257098 0.333333
64 35.717850 24.505640 0.000000 4.078320 1.262536 2.001621 3.468064 6.449710 0.335465
65 35.795795 24.464800 0.000000 4.625995 1.325488 2.190608 3.962400 7.695004 0.333333
66 35.767700 24.590582 0.000000 4.711403 1.296582 2.112410 3.782431 7.312705 0.333333
67 35.714062 24.511518 0.000000 4.951600 1.251017 1.967966 3.384392 6.254312 0.333333
68 35.806553 24.556509 0.000000 5.170219 1.291681 2.089807 3.700479 7.040189 0.333333
69 35.701176 24.646267 0.000000 4.739863 1.270344 2.022075 3.515625 6.555849 0.333334
70 35.740540 24.693130 0.000000 4.793015 1.284790 2.066773 3.634695 6.858884 0.333334
71 35.906078 24.710901 0.000000 4.757710 1.307518 2.143842 3.855017 7.458247 0.359309
72 35.848186 24.741415 0.000000 4.405375 1.283091 2.072469 3.682846 7.078945 0.346227
73 36.214512 24.856064 0.000000 4.634731 1.317099 2.193111 4.035614 8.052481 0.363596
74 36.451324 24.888443 0.000000 4.547556 1.294986 2.117388 3.823994 7.500422 0.265784
75 36.606579 24.891796 0.000000 4.723636 1.288203 2.078812 3.667262 6.937371 0.250000
76 36.785633 24.945913 0.000000 4.650583 1.329172 2.214661 4.053606 7.987513 0.250000
77 37.165272 24.911755 0.000000 4.085387 1.323750 2.207108 4.063550 8.105989 0.318693
78 37.438709 24.613554 0.000000 4.145830 1.306120 2.138727 3.848058 7.469759 0.200114
80 36.571625 25.468668 0.000000 2.846852 1.304648 2.130693 3.816302 7.360623 0.231730
81 36.334770 26.051607 0.000000 2.677754 1.366518 2.345047 4.452917 9.168097 0.412558
82 36.130554 25.748446 0.000000 1.995333 1.304393 2.152154 3.926001 7.778530 0.166680
83 36.198269 25.176924 0.000000 2.167535 1.326876 2.217662 4.094960 8.198475 0.170116
84 36.256592 25.483187 0.000000 1.875721 1.305174 2.129245 3.799869 7.274318 0.168250
