%% Trajectory 42
%% frame x (pixel)     y (pixel)    z (pixel)      m0         m1           m2           m3           m4           s 
187 47.823021 34.310123 0.000000 2.065592 1.403033 2.482188 4.889091 10.494832 0.250000
188 48.010181 34.484764 0.000000 1.911157 1.363562 2.318262 4.332900 8.729620 0.250056
189 47.997601 34.378864 0.000000 2.151057 1.357345 2.317630 4.381668 8.983500 0.250000
190 48.142174 34.123592 0.000000 2.169116 1.380377 2.401145 4.629276 9.686537 0.250000
191 48.086521 34.362732 0.000000 2.184549 1.322766 2.237327 4.213913 8.665257 0.250000
192 48.009911 34.350658 0.000000 2.790817 1.338697 2.285830 4.361763 9.122040 0.200000
194 48.039574 34.404072 0.000000 2.606479 1.364601 2.332995 4.404883 9.006793 0.200000
195 48.308216 34.317783 0.000000 2.636213 1.287030 2.072894 3.654839 6.928175 0.200163
196 48.020367 34.246422 0.000000 2.748375 1.281476 2.080487 3.727379 7.242125 0.250000
197 48.039566 34.329723 0.000000 2.678921 1.297407 2.116699 3.797295 7.354243 0.250000
198 48.105095 34.278324 0.000000 3.118522 1.335628 2.225075 4.055965 7.925954 0.166779
199 47.740223 34.169960 0.000000 3.498663 1.341124 2.266200 4.241264 8.627181 0.173366
200 47.722431 34.055992 0.000000 3.151473 1.358011 2.316293 4.357550 8.861922 0.167561
201 47.539124 33.934963 0.000000 3.049531 1.328970 2.204872 4.002611 7.790803 0.229560
202 47.365425 34.053490 0.000000 2.736967 1.389292 2.429502 4.708712 9.904198 0.200056
204 46.869190 33.759899 0.000000 2.952535 1.320396 2.187013 3.988602 7.856818 0.200075
205 46.744083 33.636784 0.000000 2.663023 1.334567 2.242295 4.159866 8.365081 0.166689
