%% Trajectory 21
%% frame x (pixel)     y (pixel)    z (pixel)      m0         m1           m2           m3           m4           s 
50 16.564222 43.786377 0.000000 1.851763 1.320972 2.193108 3.997770 7.844547 0.167678
52 16.420359 43.961849 0.000000 2.417311 1.388449 2.425432 4.700374 9.892623 0.170891
53 16.461485 43.754436 0.000000 2.197122 1.327447 2.214337 4.075062 8.121351 0.167857
55 16.334335 43.615829 0.000000 2.041375 1.361460 2.346351 4.505526 9.453936 0.167910
57 16.620752 43.761417 0.000000 2.300795 1.436084 2.591071 5.184419 11.241107 0.200000
58 16.653219 43.816040 0.000000 2.482497 1.378573 2.368087 4.479678 9.142217 0.179604
59 16.514399 43.835457 0.000000 2.263436 1.310097 2.141876 3.826576 7.323778 0.201080
60 16.663950 43.764343 0.000000 3.147084 1.316666 2.185827 4.000344 7.920795 0.204676
61 16.460606 43.577030 0.000000 2.896684 1.322872 2.184467 3.948426 7.661680 0.197387
62 16.518131 43.531273 0.000000 3.169085 1.347882 2.269582 4.196785 8.358354 0.245256
63 16.552238 43.494030 0.000000 3.023045 1.291983 2.108703 3.804090 7.461501 0.170036
64 16.625460 43.790905 0.000000 3.066464 1.289097 2.074558 3.643664 6.853005 0.167114
65 16.855787 43.643150 0.000000 2.990691 1.325031 2.198908 3.993966 7.781109 0.166671
66 17.170647 43.432156 0.000000 2.963693 1.361433 2.327354 4.396340 8.997939 0.142857
67 17.336176 43.456425 0.000000 2.779247 1.360533 2.306030 4.286868 8.565969 0.144480
68 17.437464 43.345089 0.000000 3.181109 1.353070 2.286458 4.248379 8.510235 0.166675
69 17.641186 43.422550 0.000000 3.421661 1.303241 2.115298 3.745230 7.093024 0.200002
70 17.598110 43.396564 0.000000 2.916316 1.279831 2.070021 3.690769 7.135163 0.166667
71 17.784510 43.437103 0.000000 2.923127 1.285061 2.070278 3.654399 6.941122 0.200485
72 18.248791 42.945702 0.000000 3.161279 1.338288 2.261067 4.234242 8.618380 0.250000
73 18.162441 42.981915 0.000000 2.325578 1.372097 2.386866 4.621254 9.745999 0.200426
74 17.822498 42.412064 0.000000 2.051142 1.405832 2.483102 4.875226 10.408861 0.250000
75 17.726004 42.136353 0.000000 1.822277 1.440717 2.614166 5.280150 11.593537 0.200009
