%% Trajectory 30
%% frame x (pixel)     y (pixel)    z (pixel)      m0         m1           m2           m3           m4           s 
46 56.928535 55.486691 0.000000 0.932225 1.498261 2.825498 5.955428 13.665227 0.200000
48 56.932930 55.476471 0.000000 0.842250 1.466183 2.698733 5.529023 12.308711 0.259219
49 57.503075 56.150570 0.000000 0.937174 1.480577 2.736013 5.593401 12.356651 0.202910
51 56.868889 55.972759 0.000000 1.249380 1.473253 2.737055 5.661279 12.703528 0.333365
52 56.804211 56.188843 0.000000 1.373471 1.429029 2.558899 5.088197 10.988521 0.330985
53 56.880016 56.238956 0.000000 1.396146 1.510900 2.856144 6.011072 13.727200 0.250461
54 57.094666 55.657341 0.000000 1.035690 1.426632 2.575216 5.181894 11.338713 0.294451
55 56.831665 55.785343 0.000000 1.252710 1.477243 2.723571 5.585710 12.439231 0.333333
56 56.643013 55.656982 0.000000 1.769594 1.388147 2.436593 4.766087 10.167716 0.333366
57 56.788025 55.622375 0.000000 1.933175 1.455099 2.637447 5.303752 11.563087 0.293466
58 56.905029 55.307518 0.000000 1.947809 1.496655 2.784811 5.719926 12.653928 0.250000
59 56.874981 55.550781 0.000000 2.259569 1.534333 2.901464 6.065086 13.681924 0.280283
60 56.913616 55.543701 0.000000 1.821422 1.451720 2.620048 5.221582 11.231178 0.250036
61 56.896118 55.352573 0.000000 2.552408 1.560075 2.989355 6.314560 14.344692 0.250000
63 56.626015 55.379864 0.000000 2.830321 1.538122 2.907927 6.056601 13.573947 0.200000
64 56.605366 55.533607 0.000000 2.859156 1.490952 2.754914 5.639065 12.492144 0.250000
65 56.550453 54.761082 0.000000 2.815945 1.464368 2.680059 5.435959 11.940852 0.333333
66 56.456779 54.872063 0.000000 3.148474 1.588139 3.111037 6.731081 15.677939 0.250000
67 56.350471 54.652630 0.000000 3.210399 1.585440 3.074444 6.566845 15.076757 0.250000
69 56.620247 55.252209 0.000000 3.572301 1.580462 3.071342 6.580359 15.159670 0.250000
70 56.656353 55.274143 0.000000 3.619620 1.564563 3.021293 6.446043 14.817120 0.250000
71 56.630978 54.890762 0.000000 3.802047 1.580954 3.058686 6.506748 14.856624 0.250000
72 56.524189 55.405773 0.000000 4.302346 1.501968 2.787783 5.717338 12.660800 0.250000
73 56.446442 54.897205 0.000000 4.425075 1.529485 2.881635 5.990092 13.414576 0.250000
74 56.283165 55.138573 0.000000 4.603089 1.538333 2.906941 6.040648 13.485926 0.250000
75 56.136589 54.776566 0.000000 4.574483 1.551969 2.965520 6.248844 14.168330 0.250000
76 56.094727 54.757793 0.000000 4.937850 1.561245 2.987593 6.288665 14.211024 0.200000
77 55.809345 54.808483 0.000000 4.601732 1.567821 3.012755 6.376348 14.511086 0.250000
78 55.825359 54.616356 0.000000 5.298293 1.551192 2.944602 6.146222 13.779143 0.200000
79 55.813225 54.596996 0.000000 5.063766 1.511953 2.807868 5.739264 12.620425 0.250000
80 55.546196 54.201496 0.000000 4.712881 1.615624 3.168817 6.815880 15.692505 0.200000
81 55.537369 54.344910 0.000000 4.731215 1.566678 2.985315 6.239089 13.976551 0.200000
82 54.925293 54.116547 0.000000 4.522635 1.554029 2.985900 6.341593 14.518638 0.250000
84 55.401463 54.067112 0.000000 3.502227 1.583340 3.064533 6.512224 14.822085 0.250000
