%% Trajectory 12
%% frame x (pixel)     y (pixel)    z (pixel)      m0         m1           m2           m3           m4           s 
60 38.223553 62.255638 0.000000 1.296173 1.294784 2.194707 4.212721 8.948336 0.166667
61 37.996059 62.144917 0.000000 1.847302 1.402502 2.538184 5.154444 11.425885 0.200000
62 38.126770 62.182652 0.000000 1.904196 1.332318 2.277420 4.366233 9.180611 0.200002
63 38.137138 62.225155 0.000000 1.680543 1.303858 2.185732 4.108023 8.481575 0.250000
64 38.436722 62.332150 0.000000 2.059193 1.233894 1.962207 3.488423 6.834661 0.381886
65 38.412678 62.226486 0.000000 2.331296 1.254076 2.011464 3.590414 7.021225 0.200000
66 38.321651 62.147213 0.000000 1.817506 1.241333 1.968186 3.460566 6.650825 0.200001
67 38.733150 62.150459 0.000000 2.319336 1.292422 2.111086 3.791546 7.344436 0.482862
68 38.546333 61.819370 0.000000 2.213295 1.305264 2.182971 4.084501 8.403991 0.251501
69 38.851849 61.946415 0.000000 1.852522 1.328921 2.238825 4.165826 8.391190 0.358271
70 38.718613 61.818752 0.000000 1.512648 1.298982 2.180052 4.117352 8.595624 0.224611
71 38.897518 61.595100 0.000000 2.002119 1.234262 1.929954 3.304648 6.091605 0.309482
72 38.823269 61.734348 0.000000 2.203101 1.274417 2.059271 3.678850 7.149087 0.166667
73 39.129135 61.396820 0.000000 1.733837 1.316517 2.187528 4.002822 7.909983 0.384823
74 39.329952 61.430725 0.000000 1.255770 1.230105 1.929851 3.335706 6.256883 0.200000
75 39.387253 61.464466 0.000000 0.878519 1.118189 1.613328 2.568882 4.501822 0.166667
