%% Trajectory 95
%% frame x (pixel)     y (pixel)    z (pixel)      m0         m1           m2           m3           m4           s 
162 26.659832 27.396069 0.000000 1.170132 1.311715 2.205120 4.144623 8.557176 0.250000
163 26.329878 27.288908 0.000000 1.380119 1.375431 2.385544 4.597176 9.648080 0.333333
164 26.441908 27.165108 0.000000 1.422594 1.400443 2.475639 4.889672 10.556016 0.250001
165 26.685797 27.261265 0.000000 1.790183 1.324482 2.229579 4.182201 8.586365 0.333333
166 26.590181 27.370407 0.000000 2.163846 1.304582 2.132172 3.822167 7.378938 0.333333
167 26.520691 27.264486 0.000000 1.912295 1.367791 2.371988 4.590646 9.717490 0.250240
168 26.555580 27.285048 0.000000 2.331365 1.323210 2.208066 4.071495 8.142721 0.250000
169 26.371973 27.496500 0.000000 2.015630 1.360402 2.330510 4.417360 9.085025 0.200000
170 26.282324 27.464294 0.000000 1.980602 1.314325 2.192626 4.061394 8.202204 0.200002
171 26.528622 27.351570 0.000000 2.374960 1.348497 2.284327 4.293120 8.789476 0.250595
172 26.450905 27.024275 0.000000 2.217557 1.375875 2.397421 4.656739 9.876680 0.167631
173 26.737740 27.040447 0.000000 1.888221 1.368270 2.375813 4.593516 9.687582 0.180556
174 26.696621 26.965054 0.000000 2.573933 1.383068 2.416648 4.692472 9.915454 0.200000
175 26.620560 27.220823 0.000000 2.889511 1.332019 2.234102 4.147519 8.368908 0.166667
176 26.672184 27.097363 0.000000 2.243800 1.355422 2.336805 4.488280 9.415140 0.374156
177 26.601469 27.126291 0.000000 2.506139 1.343917 2.291741 4.341421 8.959221 0.200000
178 26.628378 27.225651 0.000000 2.310934 1.355579 2.309150 4.358304 8.943623 0.250000
179 26.648994 27.095108 0.000000 2.881184 1.350463 2.297753 4.326783 8.846542 0.250000
180 26.613894 27.082485 0.000000 2.536368 1.351728 2.305896 4.370131 9.029768 0.250000
181 26.749212 27.032196 0.000000 2.206962 1.354993 2.339946 4.511330 9.513947 0.252609
182 26.761530 27.041409 0.000000 3.153232 1.361508 2.341462 4.468021 9.273922 0.333333
183 26.767494 27.225199 0.000000 3.064896 1.321553 2.206544 4.074686 8.167478 0.333333
184 26.888132 27.365728 0.000000 3.095007 1.312645 2.176076 3.990587 7.954474 0.250345
185 26.827776 27.421095 0.000000 3.750550 1.296769 2.110064 3.769198 7.258861 0.250000
186 26.584272 27.315565 0.000000 3.605945 1.277083 2.046426 3.586268 6.748682 0.250000
187 26.767387 27.447613 0.000000 3.094998 1.328909 2.229400 4.137420 8.333759 0.250000
188 26.651340 27.642879 0.000000 3.077863 1.282591 2.059083 3.609950 6.780864 0.250000
189 26.639378 27.884600 0.000000 3.189549 1.291762 2.098153 3.748928 7.238469 0.250000
190 26.753586 28.228571 0.000000 3.062819 1.279455 2.048599 3.586444 6.738631 0.200000
191 26.842966 28.245852 0.000000 3.242538 1.326369 2.206877 4.034739 7.950642 0.334847
192 27.136835 28.444733 0.000000 3.196854 1.281266 2.054281 3.596859 6.749273 0.250000
193 27.388571 28.690571 0.000000 2.947723 1.278943 2.069913 3.710302 7.251663 0.250000
194 27.399317 28.797482 0.000000 2.448547 1.278514 2.084106 3.787307 7.550624 0.200000
195 27.591558 28.780405 0.000000 2.798554 1.288061 2.080260 3.685742 7.037574 0.200000
196 27.971575 28.576677 0.000000 2.366988 1.289173 2.096990 3.747640 7.225008 0.200000
198 28.459511 29.476006 0.000000 2.613352 1.288024 2.079247 3.675624 6.986126 0.200000
199 28.486530 29.403736 0.000000 2.310560 1.280183 2.073261 3.714248 7.241669 0.250000
202 31.004620 28.659286 0.000000 1.340760 1.352529 2.291082 4.262679 8.531416 0.290197
