%% Trajectory 32
%% frame x (pixel)     y (pixel)    z (pixel)      m0         m1           m2           m3           m4           s 
123 56.350479 48.974316 0.000000 1.672925 1.353641 2.302595 4.314342 8.727324 0.206782
124 56.300449 49.092190 0.000000 1.594502 1.303361 2.162309 3.985462 8.017109 0.200000
125 56.335720 48.987572 0.000000 1.553465 1.303448 2.150565 3.932003 7.829965 0.166667
126 56.319183 49.237915 0.000000 1.440737 1.279707 2.040006 3.554231 6.646814 0.200000
127 56.495796 49.306587 0.000000 1.691947 1.295956 2.112837 3.796186 7.390016 0.166925
128 56.352688 49.164558 0.000000 1.649158 1.308892 2.171361 3.987932 7.964266 0.166667
129 56.128819 49.135227 0.000000 1.936962 1.395152 2.432955 4.683692 9.745625 0.166667
130 56.119480 49.022839 0.000000 2.068966 1.379973 2.396200 4.610411 9.621197 0.264235
131 56.121635 49.099918 0.000000 2.398193 1.334913 2.230889 4.095303 8.093966 0.169465
132 56.307995 49.175373 0.000000 2.403172 1.297468 2.106477 3.738567 7.113606 0.166671
133 56.180397 49.325272 0.000000 2.648773 1.270447 2.025077 3.527813 6.593461 0.166667
134 56.128181 49.412048 0.000000 2.351694 1.315122 2.160976 3.883045 7.480118 0.230058
135 56.202202 49.231758 0.000000 3.033380 1.299189 2.110944 3.755369 7.176325 0.166726
136 56.216312 49.317993 0.000000 2.956424 1.304957 2.127441 3.793689 7.257308 0.221681
137 56.432590 49.349174 0.000000 2.759380 1.279338 2.048468 3.585921 6.738123 0.167739
138 56.302067 49.383793 0.000000 3.138153 1.280577 2.055358 3.607055 6.795474 0.181865
139 56.145039 49.208126 0.000000 3.018597 1.293234 2.107182 3.775321 7.300069 0.166692
140 56.268902 49.215858 0.000000 2.973318 1.304518 2.130572 3.812152 7.331967 0.197010
141 56.318756 49.256832 0.000000 2.870913 1.292034 2.089848 3.689286 6.969182 0.154896
142 56.435558 49.109398 0.000000 3.132386 1.289484 2.080898 3.669020 6.933808 0.171064
143 56.198822 49.275211 0.000000 3.051235 1.316834 2.173042 3.936398 7.677920 0.166678
144 56.284122 49.222775 0.000000 2.933731 1.266207 2.013884 3.500857 6.531306 0.202054
145 56.439468 49.237312 0.000000 3.013261 1.302394 2.123465 3.793169 7.287385 0.310442
146 56.368801 49.161400 0.000000 2.670795 1.286780 2.071248 3.638910 6.844776 0.200000
147 56.302902 49.056118 0.000000 3.021877 1.321600 2.188376 3.969630 7.732744 0.171546
148 56.331863 48.851383 0.000000 3.185756 1.298702 2.115546 3.777383 7.255397 0.201113
149 56.207409 48.822308 0.000000 3.310699 1.314952 2.170123 3.930026 7.659544 0.200021
150 56.155098 48.593628 0.000000 3.544647 1.300955 2.113027 3.743474 7.091185 0.354134
151 56.151741 48.413696 0.000000 3.486157 1.320010 2.171225 3.907180 7.545943 0.201419
152 55.796787 48.506916 0.000000 3.246496 1.291386 2.084517 3.671255 6.918792 0.201853
153 55.649059 48.311188 0.000000 3.206881 1.277624 2.047168 3.581348 6.711961 0.200000
154 55.748531 48.085819 0.000000 2.857842 1.331119 2.219108 4.067928 8.045485 0.250000
155 55.566803 47.795826 0.000000 3.624082 1.291048 2.094557 3.720759 7.102449 0.200002
156 55.028069 48.166180 0.000000 3.280231 1.362524 2.322362 4.355084 8.800653 0.207101
158 54.874233 48.342644 0.000000 2.268034 1.291126 2.102478 3.762518 7.264206 0.142937
159 54.516140 48.560284 0.000000 2.054264 1.363038 2.296050 4.219692 8.287363 0.257971
160 54.759769 48.475166 0.000000 1.775943 1.293622 2.108201 3.771973 7.273416 0.171681
163 54.846611 48.759766 0.000000 1.228533 1.343245 2.256932 4.175302 8.334934 0.205143
