%% Trajectory 34
%% frame x (pixel)     y (pixel)    z (pixel)      m0         m1           m2           m3           m4           s 
167 30.910835 29.457329 0.000000 2.072558 1.357818 2.330162 4.444142 9.234972 0.317321
168 31.073889 29.649677 0.000000 2.882036 1.346836 2.281865 4.263895 8.618799 0.250000
169 30.976067 29.547997 0.000000 2.832683 1.330778 2.229478 4.126112 8.277404 0.250185
170 30.955597 29.661539 0.000000 2.857013 1.320545 2.218515 4.143865 8.439689 0.250000
171 31.053642 29.533703 0.000000 2.767073 1.378899 2.410532 4.705297 10.038300 0.200000
172 31.004309 29.433891 0.000000 3.206306 1.326823 2.221171 4.114974 8.281769 0.250000
173 31.255198 29.681032 0.000000 3.575366 1.384179 2.378203 4.472114 9.014887 0.250000
174 30.902586 29.647505 0.000000 3.436295 1.298327 2.137647 3.908165 7.798766 0.235291
175 30.987753 29.639147 0.000000 3.522113 1.335384 2.245218 4.170959 8.389836 0.290513
176 30.944551 29.727867 0.000000 3.848963 1.339021 2.271695 4.271578 8.723824 0.286131
177 31.211929 29.782364 0.000000 3.717983 1.375332 2.355578 4.424978 8.925961 0.253261
178 31.063557 29.685932 0.000000 4.091821 1.381765 2.409211 4.669997 9.848051 0.250023
179 30.967073 29.670788 0.000000 4.470434 1.328701 2.227615 4.130116 8.305739 0.281813
180 31.051243 29.663198 0.000000 4.167970 1.368024 2.370676 4.569085 9.583607 0.252425
181 31.145985 29.604258 0.000000 4.554132 1.325235 2.183985 3.934167 7.596836 0.297695
182 31.168457 29.781330 0.000000 4.561679 1.384599 2.395149 4.560659 9.365575 0.437907
183 31.301411 29.622753 0.000000 5.324300 1.321121 2.170474 3.885953 7.428308 0.250000
184 31.341642 29.776947 0.000000 5.347858 1.350655 2.267721 4.171247 8.239445 0.280351
185 31.505951 30.056606 0.000000 5.439852 1.380552 2.381920 4.536902 9.349753 0.273930
186 31.614460 30.316565 0.000000 5.190329 1.347116 2.268984 4.209076 8.436779 0.306009
187 31.809607 30.343191 0.000000 4.328223 1.338889 2.233813 4.089349 8.056646 0.345058
188 31.959818 30.734816 0.000000 4.571093 1.374614 2.363816 4.486771 9.207627 0.250000
189 31.930058 30.629070 0.000000 4.232998 1.371154 2.345882 4.414798 8.949890 0.250000
191 32.424774 31.134510 0.000000 4.543889 1.383059 2.405715 4.648222 9.781040 0.333333
192 32.449478 31.289061 0.000000 4.269894 1.366817 2.342433 4.434441 9.096683 0.333333
193 32.507210 31.213406 0.000000 3.324631 1.443765 2.603076 5.205751 11.297503 0.333333
194 32.836750 31.053949 0.000000 3.623885 1.475344 2.706614 5.495285 12.068087 0.250000
195 33.138500 31.085434 0.000000 3.268334 1.522218 2.896887 6.126286 14.028179 0.250000
196 32.859032 30.734173 0.000000 3.055768 1.451415 2.614609 5.196625 11.138921 0.250000
198 33.473415 31.628075 0.000000 2.618948 1.431248 2.540017 4.986716 10.611664 0.259454
199 33.419296 31.992769 0.000000 2.222685 1.485785 2.744676 5.626493 12.498691 0.217328
200 33.541542 31.931786 0.000000 1.595125 1.534658 2.938619 6.243703 14.344618 0.173673
202 32.674763 31.447237 0.000000 2.930783 1.436801 2.554723 4.998857 10.539123 0.200000
203 32.760239 31.748745 0.000000 3.039121 1.424921 2.545392 5.046897 10.867758 0.250000
205 32.899765 32.178280 0.000000 1.813423 1.518102 2.876049 6.043172 13.727697 0.200056
206 32.517776 32.103188 0.000000 1.545768 1.459503 2.672220 5.435325 11.991372 0.200004
207 32.310608 31.768347 0.000000 1.345748 1.466499 2.719239 5.630702 12.700520 0.175459
