%% Trajectory 29
%% frame x (pixel)     y (pixel)    z (pixel)      m0         m1           m2           m3           m4           s 
132 49.899796 58.870983 0.000000 1.384683 1.397833 2.463812 4.839793 10.368724 0.180569
135 49.899715 58.805965 0.000000 1.630289 1.391640 2.432202 4.706606 9.865245 0.169531
136 49.772362 58.662231 0.000000 1.482295 1.304680 2.129628 3.809645 7.330811 0.315596
137 49.683556 58.435204 0.000000 1.983048 1.328438 2.207124 4.035977 7.974245 0.231761
138 49.792000 58.397129 0.000000 2.091484 1.416794 2.536944 5.068369 11.046095 0.142868
139 50.145004 58.414795 0.000000 2.556431 1.438354 2.582255 5.126518 11.012838 0.167304
140 49.698074 58.581978 0.000000 2.077321 1.400803 2.471287 4.860519 10.433507 0.143050
141 49.963352 58.405220 0.000000 2.472500 1.396611 2.430201 4.650639 9.577095 0.202395
142 49.700172 58.427464 0.000000 2.554975 1.326618 2.202558 4.012112 7.863144 0.143764
143 49.884243 58.573181 0.000000 2.530887 1.446133 2.622178 5.275471 11.500809 0.181197
144 49.807526 58.571445 0.000000 2.690182 1.337443 2.233693 4.088956 8.042338 0.230053
145 49.865288 58.562885 0.000000 2.299386 1.358547 2.316949 4.367215 8.919817 0.147217
146 49.908276 58.365936 0.000000 2.439734 1.464892 2.688622 5.473120 12.060848 0.202199
147 49.961895 58.484249 0.000000 2.615569 1.379501 2.387254 4.564198 9.440566 0.217604
148 49.894524 58.343029 0.000000 2.672096 1.470519 2.706738 5.533595 12.265777 0.153523
149 49.660633 58.416187 0.000000 2.864241 1.387231 2.407913 4.611924 9.545303 0.140215
150 49.882801 58.397732 0.000000 3.285081 1.421015 2.527469 4.983243 10.652943 0.143046
151 50.183594 58.592388 0.000000 2.793512 1.490258 2.752940 5.608955 12.320450 0.169058
152 49.934166 58.528454 0.000000 3.630178 1.404397 2.473567 4.825858 10.207218 0.142857
153 49.872982 58.415062 0.000000 3.341187 1.431287 2.570045 5.117693 11.045564 0.220470
154 49.889542 58.508492 0.000000 3.361418 1.418187 2.523142 4.977415 10.648912 0.174761
155 49.895977 58.266674 0.000000 3.866210 1.407460 2.479327 4.826923 10.165240 0.166667
156 49.934402 58.346203 0.000000 3.903192 1.437571 2.594344 5.193947 11.268493 0.166667
157 49.914845 58.424355 0.000000 4.378432 1.381821 2.389174 4.554736 9.375663 0.166667
158 50.122074 58.465740 0.000000 4.091753 1.429269 2.555077 5.052046 10.811438 0.166667
159 50.039223 58.408382 0.000000 4.641162 1.439730 2.595125 5.181885 11.200129 0.166667
160 50.107193 58.169785 0.000000 4.372763 1.480253 2.712816 5.477949 11.915638 0.166667
161 50.147640 57.955830 0.000000 4.669106 1.461980 2.647808 5.280600 11.341050 0.166667
162 50.212742 57.858486 0.000000 4.756751 1.457616 2.638895 5.276343 11.396640 0.200000
163 50.195164 57.591549 0.000000 4.618515 1.424515 2.523762 4.927713 10.383457 0.200000
164 50.267410 57.643761 0.000000 4.375385 1.452244 2.614389 5.188187 11.108368 0.200000
165 50.230591 57.505249 0.000000 4.216618 1.441225 2.572677 5.058485 10.728172 0.200000
166 50.149223 57.382442 0.000000 3.911568 1.526377 2.861821 5.908226 13.126496 0.250053
167 50.270550 57.224312 0.000000 3.550951 1.477497 2.703962 5.460932 11.903047 0.200008
168 50.261250 57.253807 0.000000 3.521457 1.464438 2.668758 5.379758 11.730186 0.250000
169 50.793869 57.601341 0.000000 3.205033 1.472523 2.706655 5.521160 12.217337 0.200000
170 50.734051 57.166965 0.000000 2.736556 1.546167 2.956311 6.250483 14.255267 0.200000
171 50.651741 57.506252 0.000000 2.092264 1.561487 3.043254 6.591604 15.438292 0.166667
173 50.536991 56.554745 0.000000 2.131747 1.591529 3.134823 6.811259 15.911633 0.166667
174 50.726219 56.728886 0.000000 1.693974 1.578220 3.095214 6.725272 15.758062 0.167255
175 50.350777 56.496361 0.000000 1.801699 1.512354 2.859069 6.010573 13.698041 0.166667
176 50.264988 56.561745 0.000000 1.631166 1.657688 3.378874 7.593062 18.296665 0.166667
178 50.831852 56.357330 0.000000 2.363253 1.480897 2.713585 5.487997 11.971638 0.166667
180 50.666973 55.984592 0.000000 1.457882 1.428733 2.559234 5.080318 10.931528 0.142857
