%% Trajectory 21
%% frame x (pixel)     y (pixel)    z (pixel)      m0         m1           m2           m3           m4           s 
110 31.904594 55.627350 0.000000 2.718686 1.311777 2.163562 3.924279 7.681375 0.296543
111 32.054676 55.610397 0.000000 3.038169 1.394520 2.434701 4.698794 9.816267 0.208298
112 31.977530 55.807045 0.000000 2.899739 1.419466 2.541407 5.058111 10.937656 0.200246
113 32.040356 55.769581 0.000000 2.685493 1.398003 2.458741 4.785602 10.087945 0.200039
114 32.019321 55.886780 0.000000 2.903091 1.380741 2.399361 4.616980 9.629329 0.200000
115 32.045231 55.806484 0.000000 3.238349 1.390064 2.423084 4.672035 9.755469 0.200284
116 31.927227 55.737938 0.000000 3.894809 1.334673 2.239903 4.147666 8.312770 0.315783
117 32.035786 55.775814 0.000000 3.913358 1.386998 2.402222 4.583087 9.429983 0.200422
118 32.052456 55.796185 0.000000 4.126753 1.355827 2.305247 4.326518 8.785498 0.247332
119 32.165035 55.800308 0.000000 3.659573 1.334914 2.236185 4.131277 8.257771 0.166670
120 32.113102 55.663185 0.000000 4.430337 1.334086 2.233458 4.116873 8.193708 0.166667
121 32.157867 55.735653 0.000000 4.813791 1.360000 2.316876 4.346692 8.802413 0.200000
122 32.286045 55.619778 0.000000 4.895527 1.326370 2.191313 3.957281 7.659150 0.200001
123 32.295246 55.620327 0.000000 4.679219 1.355505 2.300798 4.311355 8.749862 0.211449
124 32.253918 55.367516 0.000000 4.579175 1.350905 2.258844 4.126594 8.070324 0.251143
125 32.227066 55.200832 0.000000 4.622526 1.375710 2.350603 4.412751 8.923266 0.200000
126 32.423283 55.072578 0.000000 4.940331 1.349966 2.280727 4.246264 8.546077 0.200000
127 32.305199 54.774620 0.000000 5.106324 1.347643 2.279557 4.251482 8.573346 0.250000
128 32.490372 54.561577 0.000000 5.097778 1.313476 2.146676 3.824156 7.276970 0.250992
129 32.478981 54.336720 0.000000 4.700656 1.388592 2.385524 4.491166 9.082656 0.250008
130 32.515553 54.468960 0.000000 4.580257 1.320504 2.185819 3.978005 7.814099 0.250003
131 32.411293 54.489666 0.000000 4.495254 1.316263 2.155284 3.845870 7.327697 0.250000
133 32.698154 54.591923 0.000000 3.428632 1.308313 2.138140 3.827949 7.367501 0.250000
134 32.651646 54.298691 0.000000 3.068959 1.340952 2.232373 4.067855 7.957366 0.250000
135 32.467201 54.575546 0.000000 2.419611 1.285726 2.067339 3.628846 6.821645 0.250000
136 32.166454 54.292141 0.000000 1.857974 1.352377 2.273231 4.188912 8.291963 0.333333
