%% Trajectory 60
%% frame x (pixel)     y (pixel)    z (pixel)      m0         m1           m2           m3           m4           s 
196 47.792965 12.349088 0.000000 1.369485 1.396752 2.456125 4.801103 10.208552 0.167872
199 47.296947 12.867669 0.000000 2.525292 1.389975 2.422811 4.669277 9.737449 0.200774
200 47.223545 12.329003 0.000000 2.289581 1.287582 2.076730 3.675307 7.009608 0.270403
201 47.425163 12.556877 0.000000 2.164890 1.286513 2.082603 3.705074 7.118866 0.263982
202 47.062157 12.568450 0.000000 1.847266 1.363215 2.336394 4.408642 8.972077 0.200000
203 47.290485 12.627081 0.000000 2.397297 1.331861 2.195001 3.951616 7.620107 0.250000
204 47.106964 12.557837 0.000000 2.390648 1.328279 2.210152 4.029585 7.888648 0.250000
205 47.202633 12.692393 0.000000 3.041315 1.318560 2.192713 4.023855 8.001119 0.250000
206 47.043106 12.740282 0.000000 3.484821 1.354122 2.317947 4.399257 9.064778 0.250000
207 47.142319 12.807891 0.000000 3.250886 1.336338 2.238374 4.122103 8.184737 0.250000
208 47.067268 12.810784 0.000000 3.588967 1.373174 2.394001 4.654910 9.876721 0.250000
209 47.097950 12.579145 0.000000 4.079933 1.352021 2.285906 4.261165 8.591180 0.250000
210 47.139450 12.811598 0.000000 3.750104 1.373654 2.369197 4.517262 9.329382 0.250000
211 46.956268 12.776278 0.000000 3.843529 1.351595 2.307859 4.352823 8.878705 0.250000
212 46.867493 12.539845 0.000000 3.967307 1.287001 2.085843 3.712807 7.127629 0.250000
214 46.972172 12.505757 0.000000 4.387493 1.307267 2.154654 3.907962 7.656873 0.250000
215 47.114487 12.547850 0.000000 5.180496 1.310598 2.156300 3.895675 7.586272 0.250000
216 46.998791 12.490024 0.000000 5.036395 1.337734 2.261051 4.233910 8.614849 0.200000
217 46.654015 12.525232 0.000000 4.476498 1.289233 2.077277 3.654378 6.885819 0.200000
218 46.704781 12.468333 0.000000 4.942604 1.279600 2.053011 3.605087 6.804703 0.200000
219 46.435455 12.429932 0.000000 4.165003 1.268307 2.018576 3.510842 6.551890 0.200000
220 46.344200 12.692922 0.000000 4.443453 1.270933 2.024467 3.523842 6.580531 0.200000
221 46.333549 12.929503 0.000000 4.038554 1.349466 2.295903 4.323598 8.836788 0.204952
222 46.174477 13.045051 0.000000 3.925040 1.355623 2.291510 4.240865 8.414180 0.220821
223 46.154469 13.120038 0.000000 3.290651 1.361723 2.311271 4.308367 8.644992 0.201268
224 45.999702 13.162610 0.000000 3.135659 1.373166 2.391141 4.649388 9.881301 0.200000
226 45.545902 13.307473 0.000000 2.550186 1.286751 2.096452 3.789776 7.484712 0.166667
