%% Trajectory 24
%% frame x (pixel)     y (pixel)    z (pixel)      m0         m1           m2           m3           m4           s 
174 39.819798 47.793056 0.000000 1.407847 1.285840 2.088505 3.714226 7.088238 0.250000
176 39.919907 47.841095 0.000000 1.610066 1.343560 2.268584 4.229990 8.538873 0.250000
177 40.154007 47.819435 0.000000 1.728313 1.291227 2.115282 3.824275 7.487666 0.200000
178 39.805027 47.682243 0.000000 1.608511 1.286139 2.085135 3.729669 7.236692 0.200028
179 40.026287 47.518993 0.000000 1.583632 1.328544 2.217760 4.064672 8.013419 0.200000
180 39.818130 47.462067 0.000000 1.630298 1.276146 2.056627 3.666683 7.120497 0.299810
181 39.850746 47.526783 0.000000 1.648720 1.314969 2.167340 3.926415 7.670104 0.218889
182 39.699329 47.426056 0.000000 1.760755 1.253894 1.974878 3.404848 6.318932 0.212471
183 39.484982 47.617882 0.000000 1.677781 1.232109 1.916671 3.263077 5.981123 0.212816
184 39.489212 47.662601 0.000000 2.087230 1.224276 1.887671 3.186102 5.798323 0.298903
185 39.779030 47.312229 0.000000 1.796976 1.257180 1.987188 3.435407 6.381174 0.263691
186 39.645485 47.279354 0.000000 1.436569 1.190778 1.825223 3.118252 5.891716 0.200260
187 39.910973 47.128166 0.000000 1.913814 1.267726 2.046475 3.661370 7.137205 0.211564
188 39.864323 47.157898 0.000000 1.398516 1.251886 2.012293 3.594639 7.018624 0.220102
189 40.097824 47.058380 0.000000 1.742605 1.320708 2.230453 4.190427 8.593677 0.200188
190 39.903202 46.848518 0.000000 1.881301 1.333600 2.233251 4.107822 8.130253 0.288438
191 39.735191 46.569332 0.000000 1.477924 1.249505 1.973527 3.428168 6.443435 0.206882
193 39.910362 46.308048 0.000000 1.799941 1.259114 2.013405 3.555262 6.819252 0.299451
195 40.085438 46.064053 0.000000 1.783561 1.379616 2.411902 4.672905 9.810457 0.200000
196 40.148483 45.715321 0.000000 1.795038 1.331130 2.229440 4.123910 8.259219 0.200000
198 40.032772 45.926792 0.000000 1.509656 1.310645 2.169655 3.935356 7.657105 0.166667
