%% Trajectory 20
%% frame x (pixel)     y (pixel)    z (pixel)      m0         m1           m2           m3           m4           s 
116 36.571220 52.911942 0.000000 1.001654 1.269181 2.060483 3.721008 7.359228 0.200000
117 36.285530 52.688404 0.000000 1.095362 1.265918 2.020532 3.548588 6.747163 0.250000
118 36.252602 52.868244 0.000000 1.282876 1.323950 2.215405 4.098230 8.224533 0.250000
119 36.096039 52.894051 0.000000 1.773685 1.340694 2.265936 4.232788 8.567017 0.274501
120 36.175007 52.774712 0.000000 2.146949 1.345796 2.263358 4.187451 8.359947 0.250002
121 35.990288 52.847012 0.000000 2.211580 1.359251 2.328143 4.411090 9.054716 0.200057
122 35.978275 52.767036 0.000000 2.129732 1.358034 2.317522 4.362853 8.878113 0.255712
123 36.097069 52.690498 0.000000 2.011219 1.358790 2.318204 4.366085 8.897135 0.250001
124 36.114689 52.857071 0.000000 2.186604 1.350695 2.302775 4.353563 8.949200 0.342861
125 36.048931 52.750179 0.000000 2.490255 1.342492 2.263416 4.215877 8.509575 0.250000
126 35.986481 52.745838 0.000000 2.368124 1.355713 2.321492 4.419016 9.164123 0.250005
127 35.969818 52.759224 0.000000 2.501424 1.344928 2.263286 4.180460 8.303390 0.200000
128 35.968231 52.790451 0.000000 2.453181 1.355430 2.323680 4.426486 9.180163 0.250007
129 36.115490 52.667519 0.000000 2.736976 1.313233 2.161690 3.903712 7.585034 0.250000
130 36.105759 52.869591 0.000000 2.884950 1.385833 2.413855 4.652672 9.716624 0.250000
131 36.017677 52.727024 0.000000 3.075527 1.353358 2.302559 4.321988 8.770771 0.250000
132 35.927422 52.772102 0.000000 3.033287 1.372569 2.347659 4.412574 8.929538 0.250000
133 35.929714 52.888279 0.000000 3.014544 1.355350 2.302511 4.306522 8.687663 0.250000
134 36.085903 52.756168 0.000000 3.255171 1.326724 2.218946 4.093698 8.169272 0.250000
135 35.988201 52.799091 0.000000 3.442143 1.351606 2.308457 4.368333 8.973637 0.250000
136 36.008560 52.777569 0.000000 3.640293 1.355303 2.327640 4.435705 9.190309 0.333333
137 35.989346 52.766464 0.000000 3.766200 1.366263 2.349463 4.470219 9.219203 0.333333
138 36.058529 52.781311 0.000000 3.617302 1.341515 2.263934 4.212096 8.465527 0.333333
139 35.987648 52.804588 0.000000 3.467516 1.364172 2.352513 4.503856 9.374191 0.333333
140 36.062561 52.767399 0.000000 3.480043 1.337131 2.250303 4.176090 8.376873 0.333333
141 36.163612 52.727207 0.000000 3.862462 1.331207 2.227107 4.106621 8.188594 0.333333
142 35.990940 52.811001 0.000000 3.524553 1.344583 2.279102 4.269513 8.664295 0.333333
143 35.936520 52.695881 0.000000 3.444452 1.306507 2.133391 3.808130 7.286315 0.333333
144 35.869614 52.800148 0.000000 3.394946 1.330779 2.210810 4.020367 7.843302 0.333333
145 35.820633 52.732826 0.000000 3.501273 1.288821 2.080695 3.667911 6.922824 0.333333
146 35.904701 52.752007 0.000000 3.593310 1.342809 2.298317 4.379893 9.103280 0.333333
147 35.841373 52.703186 0.000000 3.541045 1.316566 2.156929 3.851392 7.343499 0.333333
148 35.860226 52.739372 0.000000 3.622726 1.298385 2.107317 3.734443 7.085046 0.333333
149 35.935543 52.693565 0.000000 3.727646 1.314776 2.158962 3.875177 7.453530 0.250000
150 35.949390 52.492558 0.000000 3.445758 1.306206 2.162217 3.959759 7.877038 0.250000
151 36.036900 52.239059 0.000000 3.484978 1.302868 2.151728 3.922989 7.748263 0.333333
152 36.032131 51.985039 0.000000 3.272465 1.334746 2.260813 4.246785 8.666146 0.333333
153 36.000854 51.936466 0.000000 3.178269 1.340941 2.275490 4.271797 8.687375 0.333333
154 35.952869 51.846336 0.000000 3.100450 1.351421 2.314457 4.391254 9.038600 0.333333
155 36.072510 51.789200 0.000000 2.817794 1.307300 2.165928 3.965362 7.867914 0.333333
156 36.174877 51.540070 0.000000 2.669971 1.255424 1.993961 3.480354 6.563757 0.250000
157 35.965141 51.306137 0.000000 2.387574 1.320160 2.215117 4.127151 8.378428 0.250000
159 36.432693 51.123375 0.000000 1.432913 1.300914 2.201687 4.226212 9.024875 0.361187
