%% Trajectory 12
%% frame x (pixel)     y (pixel)    z (pixel)      m0         m1           m2           m3           m4           s 
61 35.453781 11.773718 0.000000 1.783125 1.269109 2.016340 3.501165 6.525029 0.166673
63 35.459305 11.793149 0.000000 1.775996 1.246881 1.959428 3.368150 6.224171 0.166677
64 35.564323 11.787079 0.000000 1.738977 1.260546 1.999605 3.471333 6.478888 0.200000
65 35.483574 11.669453 0.000000 1.809164 1.276356 2.038731 3.558060 6.660544 0.301471
66 35.585678 11.915240 0.000000 1.987632 1.313725 2.150940 3.844760 7.354698 0.201852
67 35.473663 11.795096 0.000000 1.743997 1.277779 2.055553 3.630631 6.919371 0.200000
68 35.452183 11.764992 0.000000 1.986490 1.269166 2.023226 3.523607 6.580966 0.200001
69 35.341644 11.748537 0.000000 1.811765 1.267990 2.017043 3.507208 6.545506 0.200000
70 35.326397 11.704157 0.000000 1.854711 1.286143 2.086936 3.728502 7.207439 0.200051
71 35.391659 11.780944 0.000000 2.041715 1.255205 1.986917 3.443185 6.416862 0.256101
72 35.491570 11.741849 0.000000 2.486940 1.287542 2.073418 3.644909 6.861399 0.371781
73 35.235302 11.755201 0.000000 2.372806 1.299258 2.117919 3.788165 7.295649 0.318973
74 35.435642 11.731856 0.000000 2.614874 1.267490 2.015038 3.500842 6.526708 0.325579
75 35.193554 11.697385 0.000000 2.376901 1.276564 2.053517 3.624232 6.891311 0.279072
76 35.303162 11.886238 0.000000 2.481995 1.287879 2.085823 3.714053 7.141038 0.289998
77 35.288479 11.623156 0.000000 2.376139 1.266829 2.019555 3.527463 6.632195 0.250484
78 35.503475 11.728523 0.000000 2.759782 1.275919 2.038456 3.558287 6.661991 0.466029
79 35.255108 11.833626 0.000000 2.590360 1.295761 2.102773 3.737549 7.139858 0.504981
80 35.584816 11.925988 0.000000 2.718385 1.356054 2.310337 4.344051 8.833538 0.351903
81 35.487591 11.958737 0.000000 2.709078 1.361411 2.316919 4.333960 8.725896 0.206635
82 35.579952 12.244272 0.000000 2.657156 1.343377 2.263894 4.203815 8.437127 0.228229
83 35.743027 12.520886 0.000000 2.678652 1.370323 2.342812 4.407345 8.937748 0.200064
84 35.661961 12.627457 0.000000 2.598703 1.341195 2.248585 4.148173 8.260066 0.200031
85 35.827972 12.740954 0.000000 2.820291 1.383447 2.380574 4.500730 9.157877 0.200000
86 35.833790 13.021164 0.000000 2.387247 1.420255 2.528828 4.987047 10.652429 0.250000
87 35.936382 12.857141 0.000000 2.340710 1.398543 2.448921 4.733323 9.877563 0.250000
88 35.751961 12.874665 0.000000 2.258549 1.356237 2.295604 4.267003 8.531347 0.226261
90 35.904278 13.290944 0.000000 2.291528 1.444305 2.612182 5.237701 11.378865 0.200425
