%% Trajectory 27
%% frame x (pixel)     y (pixel)    z (pixel)      m0         m1           m2           m3           m4           s 
184 35.013081 51.654800 0.000000 1.397705 1.305262 2.168977 3.987517 7.953915 0.403790
185 35.470539 51.482124 0.000000 1.437945 1.284842 2.078853 3.704832 7.150169 0.250000
186 35.129978 51.591957 0.000000 1.331678 1.223106 1.919220 3.351144 6.434321 0.200000
188 35.232430 51.773956 0.000000 1.509198 1.267314 2.017061 3.517454 6.601676 0.274916
190 35.372295 51.733829 0.000000 1.493910 1.246749 1.968594 3.403214 6.326863 0.250000
191 35.106503 51.551895 0.000000 1.685557 1.306704 2.157081 3.946709 7.864199 0.249005
192 35.324551 51.541866 0.000000 1.593619 1.324622 2.207416 4.050450 8.032577 0.353171
193 35.281441 51.592766 0.000000 2.126051 1.274515 2.031925 3.539164 6.613097 0.250000
194 35.196453 51.572197 0.000000 1.827420 1.285463 2.074588 3.679230 7.046196 0.250000
195 34.966785 51.515335 0.000000 1.892038 1.290694 2.108582 3.799932 7.418551 0.200101
196 35.301170 51.505882 0.000000 2.094301 1.307269 2.135800 3.824920 7.370455 0.294069
197 35.108337 51.811485 0.000000 1.837108 1.333962 2.244485 4.171768 8.400489 0.261893
198 35.139839 51.553982 0.000000 1.801517 1.319849 2.183272 3.973930 7.816061 0.250000
199 35.077465 51.670940 0.000000 2.060406 1.274071 2.033552 3.557225 6.702375 0.250000
200 35.132607 51.624100 0.000000 1.924292 1.286811 2.085712 3.716155 7.151241 0.252518
201 35.093468 51.647350 0.000000 2.569351 1.305643 2.141611 3.856683 7.480341 0.250002
202 35.256439 51.603535 0.000000 2.080627 1.257026 1.988712 3.439103 6.385173 0.251392
203 35.190952 51.645718 0.000000 2.610099 1.249034 1.959168 3.360492 6.198037 0.250000
204 35.160248 51.484547 0.000000 2.139551 1.261935 2.001814 3.470447 6.457481 0.200009
205 35.100277 51.714375 0.000000 1.869028 1.312056 2.170077 3.962563 7.840951 0.353392
206 35.115917 51.703796 0.000000 2.248717 1.309413 2.148369 3.871149 7.515076 0.200002
207 35.236572 51.774242 0.000000 2.344157 1.289828 2.084778 3.683495 6.978213 0.203856
208 35.147015 51.690891 0.000000 2.655506 1.286412 2.077069 3.679740 7.023375 0.200011
209 35.310081 51.395576 0.000000 3.057981 1.291980 2.082764 3.664415 6.902493 0.250000
210 35.235321 51.530022 0.000000 2.776614 1.297557 2.107848 3.753873 7.198225 0.250001
211 35.488281 51.688164 0.000000 2.795106 1.253890 1.974378 3.399689 6.292029 0.250133
212 35.266804 51.434284 0.000000 2.629513 1.309647 2.156551 3.907270 7.649554 0.259935
213 35.197372 51.629314 0.000000 2.906051 1.292437 2.097815 3.728359 7.119038 0.250046
214 35.167042 51.569885 0.000000 2.603959 1.275512 2.038686 3.564506 6.694009 0.250000
215 35.208706 51.729237 0.000000 3.217340 1.273072 2.040056 3.579232 6.752621 0.250000
216 35.233562 51.757229 0.000000 2.933647 1.316880 2.179674 3.969855 7.805003 0.250006
217 35.358112 51.561604 0.000000 2.967784 1.276504 2.037468 3.551530 6.637422 0.200000
218 35.173817 51.598598 0.000000 3.063750 1.296411 2.103175 3.726052 7.068391 0.200000
219 35.289673 51.547142 0.000000 3.711999 1.270619 2.023281 3.519641 6.567450 0.250000
220 35.196712 51.586475 0.000000 3.394812 1.295533 2.099615 3.720476 7.072694 0.200000
221 35.251789 51.733387 0.000000 3.328660 1.279716 2.055439 3.612146 6.816976 0.200509
222 35.334412 51.655949 0.000000 3.635635 1.278463 2.048892 3.586072 6.726187 0.200000
223 35.180538 51.731445 0.000000 3.638786 1.289369 2.096667 3.753144 7.265479 0.200000
224 35.107452 51.489975 0.000000 2.942173 1.284913 2.074016 3.666093 6.966660 0.200002
225 35.313747 51.554638 0.000000 3.115981 1.272755 2.032325 3.550103 6.663372 0.201109
226 35.242878 51.659588 0.000000 3.595633 1.259871 2.001077 3.474599 6.474933 0.166668
227 35.349724 51.807259 0.000000 3.542148 1.273918 2.034969 3.553011 6.656737 0.200001
228 35.237160 51.413372 0.000000 3.373781 1.274905 2.037105 3.555119 6.651557 0.202779
229 35.216568 51.617928 0.000000 3.663329 1.268596 2.021261 3.518823 6.570601 0.166669
230 35.078793 51.467487 0.000000 4.028608 1.296796 2.108441 3.757703 7.207105 0.200000
231 34.911797 51.445034 0.000000 3.557647 1.275166 2.044173 3.585848 6.756948 0.250003
232 34.886368 51.535519 0.000000 3.568132 1.268373 2.019268 3.514002 6.563342 0.166667
233 34.665512 51.233463 0.000000 4.038651 1.266101 2.014980 3.503809 6.535414 0.200000
234 34.791485 51.228954 0.000000 3.596897 1.273766 2.035170 3.556670 6.673847 0.166667
235 34.923740 51.192883 0.000000 3.607865 1.327186 2.206922 4.029430 7.917704 0.200000
236 34.923912 51.081932 0.000000 3.800413 1.356340 2.305311 4.313518 8.701209 0.299190
237 35.089466 50.849125 0.000000 3.472309 1.316766 2.184447 3.994414 7.898135 0.260640
238 35.029896 50.646034 0.000000 3.476361 1.315422 2.166052 3.903395 7.545617 0.200238
239 35.089828 50.555927 0.000000 2.917798 1.305967 2.125574 3.777685 7.189654 0.257713
240 35.303932 50.343811 0.000000 2.618281 1.309801 2.134148 3.791142 7.197273 0.249956
