%% Trajectory 36
%% frame x (pixel)     y (pixel)    z (pixel)      m0         m1           m2           m3           m4           s 
157 23.773672 46.578259 0.000000 2.353840 1.291861 2.111681 3.822135 7.536388 0.143774
158 23.728640 46.445301 0.000000 2.789965 1.311037 2.172138 3.985328 7.959151 0.166667
159 23.731155 46.524368 0.000000 2.919194 1.283338 2.071458 3.675226 7.046245 0.167322
160 23.786156 46.599712 0.000000 3.150990 1.306580 2.135913 3.832828 7.415152 0.217325
161 23.709942 46.461746 0.000000 3.120813 1.280162 2.074227 3.702335 7.155244 0.213376
162 23.797556 46.581646 0.000000 2.926512 1.279614 2.055316 3.611795 6.816116 0.319908
163 23.867460 46.397648 0.000000 3.236701 1.264876 2.014373 3.514295 6.598001 0.205785
164 23.755583 46.621628 0.000000 3.167589 1.288977 2.091704 3.732046 7.194366 0.210434
165 23.802526 46.518940 0.000000 3.671949 1.256609 1.986213 3.442900 6.438406 0.142857
166 23.854481 46.458508 0.000000 3.847312 1.311148 2.151470 3.872956 7.505770 0.142900
167 23.850159 46.467236 0.000000 4.051691 1.338746 2.243380 4.143647 8.280546 0.179185
168 23.751472 46.371609 0.000000 3.873056 1.305007 2.147461 3.891811 7.628477 0.174269
169 23.788647 46.360294 0.000000 4.638176 1.325520 2.201356 4.021018 7.930568 0.200714
170 23.936993 46.330517 0.000000 4.467729 1.373280 2.366042 4.507488 9.304700 0.187027
171 24.003469 46.314034 0.000000 5.066458 1.398299 2.451516 4.758494 10.012075 0.200000
172 24.421589 46.221584 0.000000 4.960569 1.347244 2.262347 4.161596 8.221024 0.200008
173 24.398571 46.309925 0.000000 4.613144 1.320943 2.170846 3.896289 7.488306 0.200000
174 24.655920 46.150223 0.000000 4.715574 1.346528 2.274714 4.232034 8.502596 0.200000
175 24.833387 46.230415 0.000000 4.385850 1.367297 2.343289 4.435721 9.089435 0.204492
176 24.982815 46.010639 0.000000 4.322404 1.457702 2.667740 5.424656 11.968797 0.200088
177 25.030031 45.997112 0.000000 4.128169 1.407005 2.496222 4.922929 10.553110 0.200944
178 25.457355 46.398621 0.000000 4.087416 1.349589 2.264362 4.162153 8.220331 0.166667
179 25.829233 45.934093 0.000000 4.480380 1.419643 2.516094 4.935752 10.488812 0.166684
180 26.282051 45.887291 0.000000 4.642869 1.440021 2.579902 5.103068 10.898603 0.200015
181 26.063896 46.033104 0.000000 3.800126 1.439583 2.619247 5.308372 11.698003 0.250000
182 26.107082 46.154720 0.000000 3.174268 1.502551 2.783673 5.681286 12.483529 0.200000
183 25.875519 45.918819 0.000000 2.669334 1.485096 2.743771 5.602600 12.343675 0.250026
184 25.865120 45.874924 0.000000 2.381646 1.510541 2.870574 6.085732 14.007030 0.200202
