%% Trajectory 19
%% frame x (pixel)     y (pixel)    z (pixel)      m0         m1           m2           m3           m4           s 
82 51.300018 37.307720 0.000000 1.747997 1.272633 2.035600 3.572726 6.762632 0.250000
84 51.206211 37.316986 0.000000 1.987835 1.330315 2.206122 4.011750 7.849087 0.333333
85 51.343605 37.282360 0.000000 2.262997 1.280028 2.054036 3.604971 6.792408 0.333333
86 51.599110 37.268635 0.000000 1.924000 1.278423 2.050003 3.590531 6.740097 0.333333
87 51.410088 37.194340 0.000000 2.472096 1.240523 1.938250 3.312495 6.090189 0.333333
88 51.316666 37.121075 0.000000 2.461232 1.286185 2.075693 3.666087 6.952166 0.257399
89 51.208088 37.308846 0.000000 2.416135 1.292775 2.099674 3.742769 7.187369 0.250515
90 51.064415 37.189644 0.000000 3.039438 1.337846 2.242204 4.128019 8.180189 0.333333
91 51.189510 37.186634 0.000000 3.380162 1.301884 2.123194 3.794957 7.293653 0.250000
92 51.263664 37.271591 0.000000 3.244242 1.288051 2.086198 3.709392 7.113415 0.250000
93 51.091839 37.073551 0.000000 3.862401 1.365534 2.334435 4.399713 8.952643 0.254235
94 51.288631 37.058193 0.000000 3.525020 1.341747 2.259260 4.196618 8.429065 0.278258
95 51.113976 37.180420 0.000000 3.407999 1.361596 2.323446 4.377565 8.921401 0.250022
96 51.216534 37.223015 0.000000 3.712129 1.309230 2.144221 3.847057 7.417256 0.453287
97 51.208733 37.189697 0.000000 4.214343 1.308785 2.152889 3.887386 7.557698 0.250759
98 51.039875 37.131020 0.000000 4.236740 1.347705 2.282037 4.261640 8.599819 0.250000
99 51.227039 37.279510 0.000000 4.307783 1.307386 2.144128 3.863881 7.508871 0.250000
100 51.216480 37.265156 0.000000 4.614543 1.331766 2.217497 4.057283 8.004748 0.250484
101 51.185181 37.061302 0.000000 4.273403 1.373262 2.361349 4.483227 9.205020 0.250000
102 51.282623 37.119644 0.000000 4.385430 1.326949 2.203526 4.016609 7.879635 0.251652
103 51.187675 37.187912 0.000000 4.260258 1.322489 2.194613 4.004088 7.876209 0.334957
104 51.295269 37.054794 0.000000 4.368306 1.352944 2.299375 4.316576 8.773036 0.296118
105 51.262726 37.012825 0.000000 4.000730 1.359238 2.322786 4.386683 8.971681 0.254466
106 51.133442 37.002319 0.000000 4.302081 1.357352 2.322458 4.397410 9.023714 0.277475
107 51.109287 36.813057 0.000000 4.107383 1.340298 2.246304 4.129800 8.156843 0.270206
108 50.928226 36.825958 0.000000 4.460247 1.353489 2.298805 4.307503 8.723468 0.257555
109 50.557159 36.734612 0.000000 3.949198 1.313846 2.158125 3.883600 7.511768 0.292673
110 50.458004 36.465481 0.000000 4.160366 1.321684 2.178320 3.928864 7.605947 0.282471
111 50.404705 36.413548 0.000000 4.303085 1.323920 2.192804 3.984262 7.791689 0.325049
112 50.377769 36.384525 0.000000 4.798929 1.305036 2.128726 3.795753 7.255163 0.321586
113 50.192917 36.188114 0.000000 4.073008 1.355298 2.313505 4.370154 8.954802 0.255353
114 49.827061 35.916744 0.000000 4.022603 1.415147 2.486405 4.807179 10.009855 0.255192
115 49.515038 36.245243 0.000000 3.764741 1.339204 2.247206 4.154005 8.303077 0.438710
116 49.325176 36.412434 0.000000 3.432550 1.336205 2.216832 4.011269 7.755614 0.256228
117 49.019722 36.371750 0.000000 3.245584 1.344567 2.273141 4.235736 8.524431 0.250000
118 49.026958 36.216679 0.000000 2.818876 1.518624 2.844274 5.872435 13.052120 0.250000
