%% Trajectory 41
%% frame x (pixel)     y (pixel)    z (pixel)      m0         m1           m2           m3           m4           s 
138 24.231255 22.102484 0.000000 0.829163 1.361284 2.377338 4.610696 9.717572 0.166757
141 24.680710 21.928625 0.000000 1.393680 1.290686 2.100258 3.763928 7.294751 0.250035
143 24.477095 22.287750 0.000000 1.341360 1.260192 2.021492 3.595954 6.988797 0.177337
144 24.329538 22.259851 0.000000 1.543111 1.353917 2.309394 4.376357 9.037449 0.200790
145 24.406071 22.059900 0.000000 1.293531 1.227555 1.917222 3.284099 6.067877 0.250000
146 24.652393 22.145277 0.000000 1.738642 1.298997 2.113192 3.751467 7.123204 0.200007
147 24.399023 21.828430 0.000000 1.537440 1.324788 2.186512 3.936922 7.575946 0.250141
148 24.124506 22.150824 0.000000 1.326852 1.332102 2.237590 4.156689 8.373411 0.168421
149 24.476736 22.118599 0.000000 1.654725 1.268513 2.031280 3.591728 6.905498 0.200004
150 24.372765 22.214602 0.000000 2.186408 1.324686 2.202708 4.034992 7.990456 0.255468
151 24.450335 22.039860 0.000000 1.733617 1.301414 2.133861 3.857283 7.546085 0.250008
152 24.284475 22.054577 0.000000 1.923002 1.333523 2.223027 4.057992 7.946533 0.250001
153 24.531166 22.113934 0.000000 1.862635 1.298341 2.142752 3.935847 7.914792 0.250000
154 24.351711 22.412981 0.000000 1.899413 1.284363 2.112736 3.891235 7.901097 0.333333
155 24.287685 22.404818 0.000000 2.104337 1.306383 2.135714 3.823836 7.354937 0.333333
156 24.535532 22.305532 0.000000 2.500447 1.277283 2.056633 3.641134 6.969357 0.333333
157 24.578180 22.445179 0.000000 2.167001 1.280249 2.049702 3.584003 6.717177 0.333333
158 24.581434 22.189524 0.000000 2.035253 1.331036 2.223608 4.091705 8.139914 0.333333
159 24.644501 22.333157 0.000000 2.713349 1.291128 2.088473 3.704170 7.075459 0.333333
160 24.494686 22.157024 0.000000 2.299609 1.271802 2.035167 3.587850 6.859419 0.333333
161 24.466803 22.084076 0.000000 2.600583 1.293716 2.121337 3.854151 7.630250 0.333333
162 24.665548 22.310244 0.000000 2.795521 1.324432 2.192411 3.974787 7.739717 0.333333
163 24.488274 22.246319 0.000000 2.982198 1.303490 2.119265 3.757170 7.119726 0.333333
164 24.547619 22.289404 0.000000 3.264949 1.310026 2.157472 3.918506 7.709646 0.333333
165 24.433455 22.608538 0.000000 3.754368 1.303283 2.119459 3.758933 7.126318 0.333333
166 24.596441 22.325243 0.000000 3.522761 1.314286 2.148653 3.828815 7.288087 0.500000
167 24.295982 22.452137 0.000000 3.552563 1.289891 2.081018 3.666829 6.923036 0.333333
168 24.446020 22.692076 0.000000 3.699375 1.282292 2.059870 3.614730 6.799035 0.333333
169 24.547579 22.823605 0.000000 3.132763 1.317408 2.171203 3.924690 7.630014 0.333333
170 24.362558 22.982248 0.000000 3.497155 1.357552 2.309740 4.326198 8.734491 0.333333
171 24.818132 22.909958 0.000000 3.690146 1.358799 2.314236 4.349658 8.842914 0.333333
172 25.006157 23.087215 0.000000 3.198473 1.402330 2.473536 4.838742 10.267254 0.333333
173 25.035391 23.104433 0.000000 3.378826 1.394179 2.445510 4.768859 10.116741 0.250000
174 25.099455 23.145454 0.000000 2.938199 1.375255 2.383234 4.589452 9.621285 0.500000
175 25.500401 23.198141 0.000000 2.825739 1.364346 2.331605 4.397671 8.969170 0.250000
176 26.031574 23.407619 0.000000 2.453779 1.463294 2.684982 5.475806 12.117985 0.250000
