%% Trajectory 8
%% frame x (pixel)     y (pixel)    z (pixel)      m0         m1           m2           m3           m4           s 
43 26.424515 22.420282 0.000000 1.302246 1.410411 2.482338 4.832125 10.180213 0.200000
44 26.646576 22.387064 0.000000 1.149115 1.372515 2.397357 4.664570 9.873082 0.250000
45 26.588993 22.612185 0.000000 1.494698 1.350052 2.316208 4.425709 9.220630 0.250004
46 26.684673 22.439411 0.000000 1.453947 1.374983 2.406696 4.696293 9.975938 0.250000
47 27.041418 22.442329 0.000000 1.319532 1.277199 2.084475 3.773490 7.438416 0.223851
48 26.488670 22.547983 0.000000 1.538352 1.406826 2.502853 4.959553 10.681631 0.275684
49 26.695723 22.445601 0.000000 1.876185 1.323596 2.215868 4.115463 8.314330 0.250000
50 27.016142 22.161852 0.000000 1.379912 1.280060 2.105431 3.837448 7.600362 0.252767
51 26.938454 22.483410 0.000000 1.954181 1.290455 2.128609 3.897290 7.767594 0.250371
52 26.818975 22.382994 0.000000 2.221739 1.217598 1.877468 3.174290 5.794724 0.333333
53 26.819902 22.502792 0.000000 2.213732 1.239040 1.941530 3.333470 6.165100 0.250000
54 26.807182 22.655851 0.000000 2.413363 1.345880 2.288530 4.306389 8.782043 0.333333
55 27.081787 22.136753 0.000000 2.325560 1.270645 2.048700 3.638603 6.989026 0.250000
56 26.959082 22.317707 0.000000 2.087544 1.255608 2.000683 3.495116 6.568382 0.252250
57 27.060169 22.702379 0.000000 2.471528 1.280703 2.064135 3.634078 6.852165 0.259248
58 27.176527 22.932640 0.000000 2.529123 1.298001 2.167615 4.043259 8.262705 0.359068
59 27.352568 23.065868 0.000000 2.765125 1.248274 1.990401 3.504368 6.696482 0.250000
60 27.553152 23.094046 0.000000 2.416053 1.240570 1.955396 3.393260 6.378710 0.260795
61 27.589378 23.308628 0.000000 2.662117 1.224492 1.897687 3.220431 5.889111 0.250000
63 27.961433 23.278534 0.000000 1.936947 1.314621 2.187236 4.017866 7.993442 0.359793
64 28.031210 23.213627 0.000000 1.573909 1.290011 2.127470 3.904772 7.828378 0.250121
65 28.079493 23.681944 0.000000 1.399467 1.268544 2.016805 3.511316 6.575509 0.440955
