%% Trajectory 23
%% frame x (pixel)     y (pixel)    z (pixel)      m0         m1           m2           m3           m4           s 
96 48.226536 51.258251 0.000000 1.614275 1.287130 2.086627 3.701455 7.047871 0.250000
97 47.924793 51.416912 0.000000 1.110893 1.281980 2.111537 3.875118 7.792851 0.250000
100 47.911846 51.448429 0.000000 1.443159 1.222908 1.914087 3.285234 6.073726 0.250000
101 47.754166 51.255081 0.000000 1.651407 1.331239 2.221992 4.083711 8.103409 0.250000
102 47.800926 51.009377 0.000000 1.811938 1.359306 2.373883 4.660417 10.059592 0.333333
103 48.197453 51.301216 0.000000 1.659593 1.343726 2.256119 4.166417 8.302533 0.333333
105 47.701672 51.267513 0.000000 2.775581 1.290613 2.089986 3.712305 7.099648 0.333333
106 47.685173 51.557465 0.000000 3.112073 1.282765 2.064740 3.644777 6.933835 0.333333
107 47.589176 51.511677 0.000000 3.375379 1.263857 2.005119 3.476254 6.467789 0.250000
108 47.919724 51.402454 0.000000 3.027642 1.270101 2.028978 3.544979 6.647712 0.333333
109 47.649971 51.508339 0.000000 3.349950 1.259243 1.995041 3.455116 6.424263 0.333333
110 47.710682 51.677406 0.000000 3.190092 1.279387 2.053463 3.615424 6.862676 0.250000
111 47.665901 51.544193 0.000000 3.616849 1.320891 2.182099 3.946312 7.658074 0.250000
112 47.628185 51.329006 0.000000 3.949545 1.286822 2.068916 3.632102 6.831494 0.250000
113 47.804413 51.667866 0.000000 4.069073 1.258356 1.991830 3.449333 6.420754 0.333333
114 47.699162 51.614368 0.000000 3.188736 1.272579 2.042548 3.610607 6.915393 0.333333
115 47.591934 51.747128 0.000000 3.469500 1.246447 1.960248 3.374071 6.246812 0.250000
116 47.596741 51.673832 0.000000 4.146980 1.221853 1.887344 3.190053 5.808928 0.333333
117 47.529522 51.803829 0.000000 4.337005 1.279054 2.052592 3.602429 6.788322 0.250000
118 47.481682 51.641022 0.000000 4.986349 1.280501 2.051449 3.589545 6.732488 0.200000
119 47.419548 51.632778 0.000000 4.258029 1.282891 2.060326 3.613382 6.789401 0.200000
120 47.438107 51.656654 0.000000 4.612512 1.264625 2.006519 3.485353 6.514230 0.200000
121 47.258438 51.723736 0.000000 4.498341 1.285828 2.078501 3.687346 7.052121 0.250000
122 46.944328 52.030163 0.000000 4.129517 1.376625 2.392050 4.608673 9.633036 0.250000
123 46.807312 51.849731 0.000000 4.420784 1.306049 2.150465 3.903212 7.665933 0.200000
124 46.650669 51.863831 0.000000 4.181196 1.299734 2.121051 3.804555 7.364178 0.200434
125 46.550655 51.705364 0.000000 4.279739 1.272825 2.037753 3.580819 6.791131 0.260536
126 46.542294 51.493698 0.000000 4.140099 1.287285 2.072567 3.641678 6.850440 0.202965
127 46.596035 51.322479 0.000000 4.145026 1.297033 2.097803 3.702283 6.992539 0.201023
128 46.452763 51.440598 0.000000 3.502340 1.254086 1.983076 3.432842 6.393378 0.200000
129 46.034508 51.207806 0.000000 3.648932 1.348897 2.280373 4.251929 8.576234 0.250070
130 45.607944 51.167065 0.000000 3.718019 1.304953 2.124606 3.783633 7.231968 0.250000
131 45.626118 51.120827 0.000000 3.490149 1.312813 2.148937 3.846624 7.384352 0.200000
132 45.645962 51.336002 0.000000 3.172032 1.299335 2.130263 3.845610 7.509845 0.219881
