%% Trajectory 36
%% frame x (pixel)     y (pixel)    z (pixel)      m0         m1           m2           m3           m4           s 
145 20.535513 47.913208 0.000000 1.303768 1.284764 2.077755 3.696686 7.112104 0.200011
146 20.493158 48.226551 0.000000 1.576828 1.351911 2.273545 4.192611 8.310166 0.245462
147 20.729288 47.959343 0.000000 1.876706 1.341390 2.258404 4.188898 8.394274 0.336081
148 20.634754 47.886547 0.000000 1.472731 1.295006 2.102059 3.729122 7.089315 0.200147
149 20.538099 48.178135 0.000000 1.568748 1.310179 2.143199 3.832101 7.345341 0.200057
150 20.727327 48.012196 0.000000 1.876019 1.408871 2.474354 4.781395 9.946907 0.261084
151 20.670218 48.045376 0.000000 1.792571 1.451501 2.621993 5.236300 11.296137 0.250010
152 20.535215 48.011909 0.000000 1.876777 1.372220 2.351956 4.442737 9.062239 0.309447
153 20.779871 48.012756 0.000000 2.393116 1.356255 2.310399 4.341513 8.816353 0.250011
154 20.521620 48.026096 0.000000 2.215202 1.339620 2.259059 4.219291 8.567520 0.250082
155 20.556999 48.066204 0.000000 2.814657 1.376099 2.368693 4.487155 9.160933 0.393832
156 20.713619 48.032928 0.000000 2.739316 1.343977 2.265974 4.202699 8.400004 0.339160
157 20.599636 48.137936 0.000000 2.643460 1.345404 2.270739 4.229228 8.524920 0.253912
158 20.704966 48.002934 0.000000 2.760774 1.396387 2.435500 4.687925 9.748696 0.201843
159 20.741488 47.999638 0.000000 2.996356 1.374211 2.355696 4.439733 9.007825 0.359473
160 20.773733 48.074852 0.000000 3.777529 1.420144 2.517344 4.931706 10.446604 0.250000
161 20.669245 48.037910 0.000000 3.673742 1.352493 2.278449 4.208855 8.352844 0.250000
162 20.762707 48.099678 0.000000 3.864734 1.391265 2.416402 4.628133 9.574992 0.333333
163 20.709909 47.973217 0.000000 4.115409 1.399173 2.439539 4.682865 9.685566 0.333333
164 20.935865 47.907413 0.000000 4.209582 1.421253 2.542380 5.047315 10.864809 0.333333
165 20.759542 47.967571 0.000000 4.620020 1.391047 2.420713 4.646678 9.632195 0.333333
166 20.856861 47.910347 0.000000 5.013287 1.429166 2.544541 4.995028 10.574709 0.500000
167 20.764185 47.827343 0.000000 4.660909 1.429186 2.531989 4.936294 10.362678 0.333333
168 20.674480 47.657841 0.000000 4.478707 1.341979 2.245859 4.127740 8.175187 0.333333
169 20.802361 47.809490 0.000000 4.680136 1.371217 2.345392 4.411532 8.939123 0.250000
170 20.956766 47.667187 0.000000 4.543751 1.393854 2.422219 4.634126 9.558310 0.250000
171 21.080818 47.665665 0.000000 4.613624 1.368903 2.344894 4.431654 9.056147 0.200000
172 21.361126 47.474537 0.000000 4.283844 1.373236 2.337164 4.353022 8.696503 0.166667
173 21.532013 47.607601 0.000000 4.755307 1.337370 2.219672 4.018671 7.776040 0.166667
174 21.618059 47.530075 0.000000 4.539225 1.341242 2.228578 4.033870 7.792226 0.200000
175 21.860340 47.640121 0.000000 4.392364 1.387979 2.399923 4.573375 9.413780 0.200000
176 22.217669 47.363785 0.000000 4.020004 1.376547 2.356810 4.433346 8.979608 0.250000
177 22.368891 47.424618 0.000000 3.626580 1.377117 2.347700 4.373795 8.724057 0.200000
178 22.665676 47.494587 0.000000 3.401534 1.476904 2.687375 5.374322 11.558569 0.200000
179 22.719852 47.734303 0.000000 3.086357 1.463512 2.638958 5.230644 11.153044 0.250000
180 22.788761 47.641338 0.000000 2.801452 1.467804 2.666469 5.335937 11.504610 0.250000
181 22.786819 47.888462 0.000000 2.447536 1.502556 2.798368 5.754427 12.755027 0.250000
182 23.211657 47.852879 0.000000 2.042141 1.452670 2.624589 5.245680 11.345514 0.382139
183 23.338930 48.294804 0.000000 1.375869 1.515768 2.822558 5.775547 12.690390 0.250000
