%% Trajectory 20
%% frame x (pixel)     y (pixel)    z (pixel)      m0         m1           m2           m3           m4           s 
140 23.523512 23.864077 0.000000 1.365316 1.295487 2.154938 4.027435 8.320480 0.200000
141 23.512005 24.151604 0.000000 1.716226 1.344049 2.250850 4.143607 8.230323 0.200000
142 23.482460 23.996344 0.000000 1.726680 1.317086 2.188095 4.009004 7.942328 0.200000
143 23.659874 23.957476 0.000000 1.570007 1.301723 2.157123 3.965694 7.942726 0.166750
144 23.569410 23.967182 0.000000 1.663468 1.302030 2.130937 3.827738 7.401128 0.227055
145 23.535994 23.924999 0.000000 1.848770 1.295375 2.099212 3.719836 7.071553 0.143471
146 23.677187 23.694546 0.000000 2.104584 1.229424 1.905696 3.232583 5.906019 0.182089
147 23.638786 23.727562 0.000000 2.394665 1.245215 1.950909 3.343809 6.164935 0.227918
148 23.529961 23.735519 0.000000 2.153924 1.244770 1.948676 3.337879 6.151958 0.202593
149 23.536179 23.767735 0.000000 2.357281 1.237707 1.937084 3.321354 6.137013 0.232073
150 23.610359 23.709248 0.000000 2.040586 1.203239 1.830607 3.048235 5.479871 0.203883
151 23.566128 23.719006 0.000000 2.107468 1.233920 1.918749 3.265762 5.987261 0.200032
152 23.579969 23.765705 0.000000 1.957505 1.295455 2.116275 3.810897 7.427184 0.166667
153 23.545279 23.776659 0.000000 1.704168 1.183135 1.779604 2.931231 5.219731 0.166667
154 23.380457 23.839022 0.000000 1.853662 1.224597 1.894951 3.208615 5.852194 0.166667
155 23.511211 24.031300 0.000000 2.705356 1.308923 2.156713 3.911713 7.668123 0.281064
156 23.848091 24.157663 0.000000 2.368065 1.403066 2.477698 4.847632 10.274627 0.200000
157 24.034557 24.147100 0.000000 2.222929 1.377349 2.402066 4.672545 9.928741 0.200033
158 24.139645 24.317423 0.000000 1.921780 1.288353 2.118491 3.892525 7.867368 0.200000
159 24.195976 24.478064 0.000000 2.009247 1.276209 2.085453 3.813467 7.687422 0.200062
160 24.046518 24.768841 0.000000 2.408235 1.354441 2.361211 4.659772 10.189681 0.206233
161 24.371492 24.666357 0.000000 2.540424 1.277543 2.084006 3.792783 7.587785 0.311522
162 24.625145 24.786407 0.000000 2.030617 1.330299 2.255511 4.271149 8.868975 0.204906
