%% Trajectory 22
%% frame x (pixel)     y (pixel)    z (pixel)      m0         m1           m2           m3           m4           s 
126 56.553627 23.888229 0.000000 1.501194 1.280401 2.065656 3.661538 7.002656 0.333333
127 57.006809 23.830267 0.000000 1.547684 1.341592 2.287402 4.335872 8.958746 0.333333
128 56.586464 23.884668 0.000000 1.845930 1.263765 2.013296 3.523232 6.659948 0.277466
129 56.830341 23.689896 0.000000 2.034808 1.270377 2.044733 3.622963 6.944877 0.364570
130 56.712189 23.724367 0.000000 2.799655 1.271441 2.031555 3.558414 6.714652 0.333333
131 56.877701 23.596848 0.000000 2.617880 1.264218 2.011206 3.498617 6.533791 0.250000
132 56.762245 23.739117 0.000000 2.398220 1.286483 2.085460 3.715992 7.149700 0.250000
133 56.740898 23.637648 0.000000 2.165603 1.287085 2.083283 3.711117 7.151378 0.250000
134 56.711601 23.599665 0.000000 2.354248 1.259379 1.994768 3.456287 6.437124 0.250000
135 56.710323 23.458256 0.000000 2.335067 1.255499 1.993345 3.472668 6.527159 0.250000
136 56.629303 23.557421 0.000000 2.829072 1.268746 2.022250 3.521302 6.575730 0.333335
137 56.644077 23.576601 0.000000 2.724968 1.288241 2.076610 3.654396 6.885764 0.333736
138 56.555878 23.433592 0.000000 3.028477 1.280099 2.054690 3.605482 6.788907 0.333610
139 56.481773 23.499884 0.000000 3.230157 1.260645 1.994256 3.449020 6.407019 0.333333
140 56.776958 23.495121 0.000000 3.033322 1.294989 2.099546 3.732860 7.147509 0.251471
141 56.620243 23.573641 0.000000 2.957604 1.281911 2.059982 3.616204 6.804863 0.333334
142 56.635677 23.491276 0.000000 3.574395 1.273362 2.032582 3.544419 6.628230 0.265206
143 56.648315 23.573572 0.000000 3.605797 1.258191 1.988652 3.436580 6.379553 0.250000
144 56.657135 23.378210 0.000000 3.372530 1.249863 1.966474 3.383220 6.255118 0.333333
145 56.615391 23.638329 0.000000 4.042379 1.288309 2.077333 3.661133 6.921669 0.250000
146 56.603260 23.496141 0.000000 4.274898 1.287930 2.073651 3.644776 6.860694 0.250025
147 56.623585 23.593992 0.000000 4.371136 1.257424 1.988769 3.439452 6.389383 0.200206
148 56.617577 23.515438 0.000000 4.496945 1.298199 2.109728 3.747572 7.136926 0.200000
149 56.646263 23.523180 0.000000 4.180258 1.267318 2.014371 3.498663 6.520617 0.200000
150 56.661114 23.579554 0.000000 3.996883 1.278533 2.055786 3.616982 6.835372 0.250000
151 56.572330 23.555061 0.000000 4.108161 1.296121 2.095985 3.703901 7.018394 0.250000
152 56.639793 23.605549 0.000000 3.821746 1.267643 2.019767 3.520459 6.592984 0.200041
153 56.649761 23.519304 0.000000 4.158204 1.295993 2.104806 3.744980 7.165462 0.200000
154 56.530708 23.605173 0.000000 4.563508 1.296774 2.101339 3.715147 7.026239 0.250000
155 56.620846 23.534124 0.000000 4.400599 1.271410 2.025335 3.525253 6.582714 0.250000
156 56.640503 23.519960 0.000000 4.269842 1.276138 2.042877 3.572191 6.695851 0.200000
157 56.503025 23.542948 0.000000 4.530812 1.280284 2.051922 3.591886 6.738916 0.266457
158 56.474117 23.507921 0.000000 4.834238 1.287323 2.074305 3.648424 6.870525 0.264493
159 56.463299 23.693323 0.000000 4.245139 1.303577 2.129414 3.812198 7.337394 0.208180
160 56.323711 23.548822 0.000000 4.311882 1.268110 2.017013 3.505712 6.537900 0.256012
161 56.096550 23.628191 0.000000 4.049245 1.286157 2.079142 3.686583 7.040439 0.340769
162 55.947052 23.634279 0.000000 4.193761 1.342432 2.269922 4.248863 8.637801 0.258104
163 55.743515 23.824577 0.000000 4.449465 1.345697 2.260634 4.170393 8.283907 0.250672
164 55.496696 23.608810 0.000000 4.247853 1.317414 2.158343 3.855704 7.360420 0.405303
165 55.365841 23.742357 0.000000 3.776030 1.304236 2.132647 3.824927 7.382795 0.250001
166 55.240486 23.867931 0.000000 4.203934 1.331766 2.220466 4.071620 8.053999 0.200188
167 54.947277 23.831308 0.000000 3.720242 1.368060 2.352139 4.477673 9.245075 0.168640
169 54.937847 23.859591 0.000000 2.234216 1.390702 2.416109 4.628427 9.572300 0.172143
