%% Trajectory 22
%% frame x (pixel)     y (pixel)    z (pixel)      m0         m1           m2           m3           m4           s 
102 19.625698 45.072433 0.000000 2.191919 1.338182 2.256569 4.204146 8.477660 0.201909
103 19.642635 45.096458 0.000000 2.050084 1.273115 2.071382 3.740796 7.369987 0.223357
105 19.721399 44.988342 0.000000 2.157722 1.367492 2.358032 4.504011 9.324336 0.346569
106 19.650562 45.089970 0.000000 2.071826 1.360574 2.316773 4.342425 8.773768 0.226523
107 19.255419 45.307804 0.000000 2.037118 1.293839 2.117047 3.830594 7.530919 0.207380
108 19.566732 45.239922 0.000000 2.271219 1.339780 2.259384 4.210142 8.495407 0.250000
109 19.524635 45.306114 0.000000 2.501207 1.284232 2.081608 3.714003 7.162655 0.170797
110 19.732533 45.225006 0.000000 2.520237 1.314652 2.179323 3.987220 7.897235 0.200828
111 19.640667 45.297966 0.000000 2.357310 1.316733 2.169354 3.920916 7.624877 0.247687
112 19.685993 45.323383 0.000000 2.466557 1.300974 2.158274 3.988164 8.070950 0.255535
113 19.465874 45.302189 0.000000 2.583284 1.330720 2.243883 4.197299 8.550369 0.200000
114 19.506527 45.480881 0.000000 2.860512 1.322360 2.215191 4.123145 8.378383 0.166667
115 19.683510 45.445007 0.000000 2.795079 1.298041 2.103439 3.721075 7.048323 0.228145
116 19.504314 45.322540 0.000000 3.273529 1.347415 2.252691 4.107558 8.002107 0.166949
117 19.500460 45.114395 0.000000 2.697122 1.292339 2.091624 3.700515 7.018996 0.210200
118 19.519205 45.115879 0.000000 2.350369 1.375970 2.370476 4.498770 9.218763 0.283749
119 19.618523 45.086403 0.000000 2.986650 1.306066 2.148996 3.898168 7.656947 0.208967
120 19.633184 45.344025 0.000000 3.130881 1.316593 2.168366 3.919780 7.635015 0.169071
121 19.522667 45.313000 0.000000 3.378277 1.315061 2.150256 3.831994 7.294236 0.168867
122 19.680368 45.226234 0.000000 3.122298 1.348386 2.277333 4.236826 8.514878 0.167050
124 19.612738 45.276020 0.000000 3.213874 1.305832 2.134957 3.817382 7.319961 0.170044
125 19.693443 45.252434 0.000000 3.330693 1.314271 2.163780 3.908050 7.594189 0.174845
126 19.841654 45.228039 0.000000 3.376822 1.324904 2.200956 4.024831 7.950249 0.395834
127 19.688709 45.309361 0.000000 3.179257 1.298264 2.106950 3.733550 7.083831 0.210495
128 19.742157 45.262089 0.000000 3.288149 1.296082 2.098479 3.714486 7.052284 0.200000
129 19.584724 45.218071 0.000000 3.472746 1.316245 2.167897 3.913814 7.596145 0.200031
130 19.761984 45.305973 0.000000 3.327019 1.337033 2.239343 4.125666 8.200254 0.201938
131 19.597189 45.370174 0.000000 3.549292 1.278091 2.045611 3.579238 6.722531 0.233234
132 19.642550 45.256172 0.000000 3.249777 1.332044 2.221810 4.066337 8.009593 0.200000
133 19.601709 45.352211 0.000000 3.288769 1.308321 2.140460 3.837747 7.402159 0.200387
134 19.693701 45.401718 0.000000 3.362503 1.343086 2.254052 4.161500 8.292499 0.200803
135 19.696522 45.354465 0.000000 3.312794 1.316321 2.159966 3.865824 7.395599 0.222482
136 19.686222 45.348507 0.000000 3.432955 1.316858 2.155437 3.849130 7.353060 0.200000
137 19.723492 45.380650 0.000000 3.044137 1.333869 2.214154 4.031069 7.900071 0.342511
138 19.739841 45.414188 0.000000 4.028571 1.343092 2.248603 4.121923 8.109361 0.200000
139 19.748560 45.280151 0.000000 3.838751 1.344281 2.252342 4.135121 8.154700 0.229308
140 19.868305 45.414513 0.000000 3.756101 1.358679 2.307127 4.313960 8.709581 0.208689
141 19.929762 45.484951 0.000000 3.811190 1.345829 2.267760 4.208351 8.440151 0.210752
142 19.942993 45.464626 0.000000 3.765271 1.371264 2.346814 4.418858 8.970164 0.214191
143 19.939585 45.474472 0.000000 3.531547 1.347693 2.269961 4.202093 8.384203 0.201920
144 20.309135 45.446613 0.000000 3.403968 1.362192 2.299468 4.250231 8.434822 0.389386
145 20.571934 45.587097 0.000000 3.168935 1.343987 2.243306 4.082753 7.937246 0.214462
146 20.763920 45.563614 0.000000 3.712963 1.339607 2.233838 4.071535 7.949747 0.266798
147 20.814856 45.658566 0.000000 3.318985 1.388752 2.398510 4.558667 9.343056 0.250000
148 20.733997 45.705669 0.000000 3.414722 1.380678 2.391085 4.585839 9.547949 0.385657
149 21.335114 45.629597 0.000000 3.286734 1.370622 2.336337 4.370881 8.797579 0.200089
150 21.358568 45.535866 0.000000 4.003277 1.348426 2.256571 4.122577 8.056014 0.257101
151 21.046579 45.528694 0.000000 3.900631 1.335179 2.233360 4.110049 8.162413 0.250406
152 21.168337 46.329536 0.000000 3.930847 1.329179 2.207089 4.010684 7.818125 0.250125
153 21.313311 47.056622 0.000000 4.113419 1.348502 2.281276 4.255981 8.586287 0.334637
154 21.465174 47.693600 0.000000 4.260783 1.307795 2.136579 3.818816 7.325795 0.333789
155 21.617790 47.700535 0.000000 3.832807 1.338413 2.225933 4.039948 7.838530 0.333333
156 21.597715 47.835701 0.000000 3.040043 1.420895 2.499371 4.821826 9.984626 0.250000
