%% Trajectory 26
%% frame x (pixel)     y (pixel)    z (pixel)      m0         m1           m2           m3           m4           s 
114 36.696022 25.753847 0.000000 2.001832 1.343720 2.247595 4.114276 8.077336 0.172803
115 37.063114 25.614229 0.000000 1.943031 1.330286 2.234555 4.150684 8.360512 0.166667
116 37.098469 25.611187 0.000000 2.252872 1.330240 2.235841 4.163518 8.426149 0.166998
117 37.021080 25.453836 0.000000 2.323604 1.327118 2.239644 4.219217 8.715648 0.176500
118 37.232010 25.587938 0.000000 2.335926 1.346112 2.287689 4.318172 8.881294 0.283749
119 37.227543 25.537781 0.000000 2.683379 1.343856 2.288784 4.347188 9.031260 0.183322
120 37.159939 25.566786 0.000000 2.825301 1.329573 2.230737 4.140007 8.341590 0.201455
121 37.126675 25.701778 0.000000 2.477546 1.355156 2.310687 4.368641 8.982601 0.166759
122 37.369293 25.534597 0.000000 2.472592 1.303090 2.132412 3.828847 7.401221 0.317726
123 37.225098 25.490673 0.000000 3.057348 1.285947 2.080271 3.698570 7.103226 0.166667
124 37.262379 25.470142 0.000000 2.889987 1.285131 2.076344 3.682158 7.041810 0.167407
125 37.202305 25.599396 0.000000 3.091259 1.328490 2.218199 4.086537 8.153944 0.174847
126 37.353508 25.644518 0.000000 3.357761 1.326989 2.208555 4.042324 7.979467 0.395834
127 37.091896 25.604626 0.000000 3.273024 1.360949 2.337745 4.458260 9.253571 0.208993
128 37.206039 25.615133 0.000000 3.929208 1.342631 2.261997 4.190938 8.368562 0.200000
129 37.046993 25.737089 0.000000 3.776295 1.396995 2.456364 4.794948 10.170159 0.200031
130 37.399761 25.522970 0.000000 3.621145 1.315646 2.160478 3.872249 7.423953 0.201938
131 37.357437 25.602303 0.000000 3.690956 1.317335 2.171414 3.924170 7.624834 0.233234
132 37.283333 25.701372 0.000000 4.091699 1.347516 2.269746 4.205167 8.403960 0.200000
133 37.393391 25.693253 0.000000 3.754557 1.354231 2.296372 4.292829 8.672890 0.200001
134 37.281048 25.604033 0.000000 3.694632 1.341840 2.247433 4.129329 8.156556 0.200803
135 37.169483 25.647257 0.000000 3.623140 1.354366 2.298440 4.290109 8.628160 0.286534
136 37.337990 25.685698 0.000000 4.106968 1.292338 2.094799 3.719087 7.099470 0.200000
137 37.412804 25.597416 0.000000 3.972096 1.292408 2.086356 3.675561 6.930808 0.200000
138 37.566391 25.689400 0.000000 3.375957 1.333756 2.223609 4.064987 7.988752 0.207553
139 37.821243 25.684816 0.000000 3.646002 1.333003 2.216888 4.043733 7.937538 0.229308
140 37.782658 25.888220 0.000000 4.005854 1.362667 2.325783 4.374363 8.886774 0.208689
141 37.705956 26.000574 0.000000 3.586390 1.373071 2.356812 4.450198 9.054244 0.210752
142 37.746449 26.127289 0.000000 3.993994 1.360705 2.322340 4.373332 8.904514 0.214191
143 37.933441 26.237074 0.000000 3.825567 1.369857 2.351301 4.459844 9.160584 0.201906
144 37.752731 26.451712 0.000000 3.774417 1.339953 2.237344 4.089719 8.022820 0.250218
145 37.647346 26.601765 0.000000 3.865144 1.325317 2.182020 3.912566 7.484032 0.200000
146 37.557713 26.616177 0.000000 3.799390 1.302060 2.113574 3.742039 7.084598 0.266798
147 37.729862 26.793564 0.000000 4.180144 1.330435 2.205161 3.994516 7.750158 0.330390
148 37.676258 27.027157 0.000000 3.417145 1.395404 2.429612 4.668188 9.692168 0.385646
149 37.729370 27.056932 0.000000 2.902683 1.394106 2.419417 4.623455 9.527328 0.200089
150 37.872105 27.113718 0.000000 2.869491 1.397132 2.437777 4.700620 9.808884 0.250000
151 38.069885 26.887882 0.000000 3.097796 1.388507 2.422244 4.682946 9.822959 0.250000
152 38.118195 27.057783 0.000000 2.427791 1.426571 2.544207 5.011982 10.661692 0.250000
