%% Trajectory 15
%% frame x (pixel)     y (pixel)    z (pixel)      m0         m1           m2           m3           m4           s 
48 22.494329 52.222282 0.000000 2.460849 1.538066 2.935654 6.204250 14.152145 0.166667
49 22.936001 52.497066 0.000000 2.644542 1.451309 2.650847 5.398238 11.958878 0.143668
50 23.066763 52.528625 0.000000 2.947161 1.417550 2.545283 5.105240 11.173563 0.142878
51 23.132963 52.502728 0.000000 2.776398 1.452459 2.654805 5.403423 11.950075 0.166720
52 22.960045 52.217415 0.000000 2.873571 1.479077 2.751745 5.705745 12.853220 0.142857
53 22.888105 52.392910 0.000000 3.507375 1.464272 2.661842 5.339159 11.559209 0.200000
54 23.000883 52.389610 0.000000 3.672624 1.411525 2.513210 4.977973 10.726198 0.166667
55 23.071947 52.106785 0.000000 3.729635 1.449542 2.636676 5.332166 11.705623 0.200000
56 23.117531 52.255779 0.000000 4.579028 1.406785 2.486329 4.879558 10.403990 0.200000
57 23.056807 52.121372 0.000000 4.507693 1.477206 2.711570 5.494518 12.000400 0.166667
58 23.202654 52.267475 0.000000 4.186357 1.396789 2.444251 4.729434 9.905488 0.166667
59 23.181282 52.182095 0.000000 4.621203 1.460718 2.660357 5.366049 11.711919 0.166667
60 23.252008 52.207241 0.000000 5.282113 1.453568 2.622205 5.224935 11.244784 0.166667
61 23.377909 52.226128 0.000000 4.938650 1.422003 2.509963 4.876410 10.208996 0.166667
62 23.439350 52.384964 0.000000 4.955944 1.377023 2.350545 4.391097 8.793627 0.166667
63 23.513466 52.425617 0.000000 5.247759 1.339898 2.228411 4.047081 7.867155 0.166667
64 23.391499 52.465694 0.000000 5.908947 1.324637 2.180684 3.913799 7.504520 0.166667
65 23.464682 52.570217 0.000000 5.349012 1.311878 2.144109 3.819315 7.266641 0.200000
66 23.349867 52.583130 0.000000 5.641039 1.328016 2.197735 3.974741 7.700294 0.200000
67 23.405733 52.543812 0.000000 6.038075 1.336335 2.221423 4.036281 7.859177 0.200000
68 23.326027 52.548840 0.000000 6.085556 1.341136 2.248195 4.141514 8.224763 0.250000
69 23.307034 52.744225 0.000000 5.684016 1.338506 2.239697 4.112497 8.124416 0.200000
70 23.519733 52.865017 0.000000 5.267526 1.340615 2.247102 4.141405 8.232403 0.250000
71 23.429508 52.845207 0.000000 5.253567 1.337385 2.234761 4.101379 8.108496 0.250000
72 23.401787 52.883739 0.000000 5.364080 1.325504 2.197771 4.000941 7.844481 0.250000
73 23.284105 53.046013 0.000000 5.648440 1.343906 2.258806 4.168283 8.276931 0.250000
74 23.331297 52.734550 0.000000 5.704502 1.324282 2.192284 3.985537 7.809045 0.250000
75 23.416101 52.836441 0.000000 5.673203 1.319585 2.187834 3.997999 7.906051 0.250000
76 23.316711 52.904205 0.000000 5.701032 1.335540 2.234949 4.114180 8.167809 0.200000
77 23.335150 52.883228 0.000000 5.940600 1.332390 2.232431 4.129146 8.272330 0.200000
78 23.336725 52.728649 0.000000 6.079217 1.303415 2.131844 3.826530 7.395605 0.200000
79 23.310350 52.539082 0.000000 6.121696 1.292135 2.088070 3.687398 6.981943 0.250000
80 23.471025 52.388569 0.000000 5.988588 1.304667 2.122421 3.764945 7.138666 0.200000
81 23.412289 52.287937 0.000000 5.570308 1.325841 2.188365 3.946693 7.624759 0.200000
82 23.670969 52.262554 0.000000 5.251495 1.335539 2.229221 4.080948 8.031097 0.166667
83 23.629526 52.301365 0.000000 5.794184 1.342133 2.249417 4.135382 8.174572 0.250000
84 23.614100 52.245037 0.000000 5.173625 1.355370 2.298388 4.290912 8.642818 0.166667
85 23.486286 52.164665 0.000000 5.164639 1.377131 2.366523 4.474113 9.114884 0.200000
86 23.698614 52.165699 0.000000 4.795882 1.351845 2.288174 4.267524 8.595154 0.250000
87 24.031076 51.685303 0.000000 4.577291 1.386719 2.417243 4.662715 9.740078 0.250000
88 23.987999 51.567032 0.000000 3.837872 1.410963 2.490249 4.851574 10.205770 0.250000
89 24.025009 51.773026 0.000000 4.095109 1.379459 2.384777 4.560002 9.443933 0.200000
90 24.221930 51.837448 0.000000 3.540901 1.356036 2.316519 4.381290 8.988749 0.200249
91 24.148037 51.972256 0.000000 3.040773 1.326322 2.237211 4.199963 8.605797 0.200032
93 23.576439 50.993938 0.000000 2.392118 1.376833 2.395240 4.630628 9.738588 0.166754
94 23.199080 51.326717 0.000000 1.777786 1.359009 2.294325 4.243618 8.426083 0.257242
