%% Trajectory 24
%% frame x (pixel)     y (pixel)    z (pixel)      m0         m1           m2           m3           m4           s 
100 19.186129 40.347149 0.000000 1.346960 1.206004 1.851716 3.118194 5.675227 0.250000
102 19.107380 40.352978 0.000000 1.517377 1.319435 2.219971 4.165160 8.546836 0.200000
103 19.204489 40.436066 0.000000 1.553025 1.246887 1.955269 3.355250 6.195055 0.250000
105 19.111071 40.538258 0.000000 2.048001 1.297395 2.134609 3.897802 7.769617 0.200001
106 18.956562 40.469410 0.000000 2.286031 1.294052 2.100166 3.742613 7.194510 0.250004
107 19.107088 40.590527 0.000000 2.399405 1.292863 2.114806 3.826707 7.530057 0.250000
108 19.404997 40.752018 0.000000 2.471303 1.236552 1.927980 3.289934 6.044050 0.250000
109 19.191187 40.557186 0.000000 2.431686 1.284759 2.080353 3.706827 7.143768 0.333333
110 19.401638 40.300659 0.000000 2.563666 1.263265 2.011868 3.525965 6.693345 0.250000
111 19.198021 40.569550 0.000000 2.519816 1.263509 2.009798 3.513118 6.641170 0.250001
112 18.992428 40.505283 0.000000 3.090694 1.336689 2.260759 4.241092 8.658198 0.333333
113 19.041325 40.314766 0.000000 2.745158 1.308717 2.165727 3.963978 7.878374 0.250000
114 18.983341 40.486847 0.000000 2.717385 1.305948 2.151332 3.912873 7.718174 0.250000
116 18.948349 40.581139 0.000000 2.991867 1.321593 2.194641 4.013168 7.930024 0.250000
117 19.228630 40.427540 0.000000 2.953113 1.228824 1.902362 3.222421 5.880321 0.200000
118 19.119024 40.637943 0.000000 3.544955 1.292686 2.098733 3.751001 7.255809 0.250000
119 18.942875 40.573879 0.000000 4.060619 1.275239 2.058044 3.668777 7.109270 0.250000
120 19.083670 40.541027 0.000000 3.441955 1.294295 2.121765 3.864187 7.696274 0.200000
121 19.092815 40.508751 0.000000 3.616301 1.323046 2.210524 4.091569 8.236934 0.166667
122 19.064278 40.609840 0.000000 3.546693 1.294135 2.126505 3.876088 7.707164 0.200000
123 19.020967 40.350422 0.000000 4.151834 1.286047 2.100056 3.798476 7.481480 0.200000
124 19.122744 40.546322 0.000000 4.031017 1.271881 2.041349 3.602776 6.875484 0.166667
125 18.950253 40.558849 0.000000 3.911495 1.261893 2.003865 3.484914 6.521198 0.166667
126 18.906679 40.679489 0.000000 3.861651 1.284812 2.077630 3.694477 7.101382 0.250000
127 18.890945 40.638786 0.000000 3.689369 1.246984 1.951742 3.340775 6.150110 0.200000
128 18.979208 40.838734 0.000000 4.128889 1.317695 2.192585 4.020296 7.962764 0.250000
129 19.016779 40.733925 0.000000 3.931428 1.290266 2.105296 3.784295 7.358730 0.200000
130 18.937723 40.756306 0.000000 3.919327 1.285629 2.087277 3.739562 7.265038 0.200000
131 19.026159 40.802429 0.000000 3.396236 1.296414 2.138754 3.901815 7.727386 0.423624
132 19.491661 41.121243 0.000000 3.410647 1.300882 2.159653 3.988683 8.051232 0.412759
133 19.648312 41.396622 0.000000 3.287396 1.252188 2.018275 3.636899 7.226481 0.250000
134 19.584810 41.151627 0.000000 3.719597 1.324894 2.213048 4.076716 8.120838 0.254504
135 19.803900 41.281261 0.000000 3.163283 1.323132 2.227424 4.165044 8.488990 0.200000
136 19.886246 41.448215 0.000000 2.822573 1.318244 2.235847 4.246548 8.858983 0.250085
137 20.140203 41.842781 0.000000 2.576976 1.347204 2.355767 4.664977 10.228847 0.260121
138 20.369154 41.935532 0.000000 2.631352 1.361535 2.409699 4.846667 10.819303 0.412368
140 21.169769 41.095871 0.000000 1.439406 1.230616 1.986005 3.602300 7.234907 0.285222
141 21.529552 40.745747 0.000000 1.108928 1.111000 1.648776 2.786294 5.377340 0.166667
