%% Trajectory 22
%% frame x (pixel)     y (pixel)    z (pixel)      m0         m1           m2           m3           m4           s 
111 43.755577 57.186043 0.000000 0.868664 1.287725 2.082005 3.691298 7.045219 0.250000
112 43.880550 56.835178 0.000000 1.301823 1.334567 2.266855 4.273102 8.761852 0.204816
113 43.971413 56.918190 0.000000 1.484985 1.332997 2.253361 4.211872 8.526772 0.200000
114 44.421181 57.043419 0.000000 1.516799 1.244719 1.960415 3.388203 6.319913 0.250000
115 44.127888 57.159546 0.000000 1.736906 1.281970 2.099083 3.809878 7.529373 0.250000
116 43.742432 56.911526 0.000000 2.291571 1.279717 2.064763 3.664552 7.030342 0.250000
117 44.059826 56.948341 0.000000 2.258524 1.317711 2.202014 4.071591 8.166979 0.200000
118 44.229458 56.890316 0.000000 2.098350 1.301776 2.125960 3.803649 7.310299 0.200000
119 44.240517 56.822277 0.000000 2.336452 1.319099 2.185870 3.986141 7.848650 0.200000
120 44.231277 56.978489 0.000000 2.403311 1.314724 2.175755 3.959866 7.769254 0.204875
121 44.260273 56.832878 0.000000 3.012502 1.326042 2.211461 4.062175 8.064235 0.200003
122 44.257957 56.846359 0.000000 2.751262 1.341527 2.262425 4.218884 8.537778 0.200001
123 44.227871 56.887096 0.000000 2.810646 1.335120 2.243011 4.154401 8.319389 0.250088
124 44.289707 56.823711 0.000000 3.344715 1.326589 2.202732 4.013490 7.869502 0.250000
125 44.319191 56.921947 0.000000 3.440228 1.310487 2.159742 3.915614 7.663462 0.250000
126 44.221348 56.823093 0.000000 3.306731 1.316637 2.176056 3.957565 7.773458 0.250017
127 44.397732 56.767250 0.000000 3.428603 1.316873 2.189283 4.035358 8.105318 0.250000
128 44.540451 56.704048 0.000000 4.247979 1.313446 2.151668 3.853742 7.402228 0.250000
129 44.399479 56.784321 0.000000 4.059098 1.320491 2.181342 3.950469 7.696502 0.250000
130 44.467934 56.753983 0.000000 3.378401 1.300719 2.121500 3.792550 7.292944 0.250000
131 44.402020 56.396603 0.000000 3.709190 1.324409 2.190024 3.963984 7.702526 0.250000
132 44.550919 56.271729 0.000000 3.866934 1.336986 2.223509 4.037251 7.842127 0.250000
133 44.616226 56.059158 0.000000 3.731130 1.315724 2.176310 3.962754 7.795049 0.250000
134 44.527946 55.981041 0.000000 3.382857 1.333305 2.241187 4.162429 8.380953 0.250000
135 44.609119 55.821552 0.000000 3.209598 1.311326 2.151859 3.870934 7.490640 0.250000
136 44.583248 55.216496 0.000000 3.195791 1.299494 2.105781 3.721921 7.035735 0.250000
137 44.933746 55.013180 0.000000 3.355236 1.399672 2.478587 4.892025 10.524426 0.200017
138 45.387936 55.075531 0.000000 2.903574 1.381975 2.401844 4.624938 9.669544 0.250000
139 45.810425 54.784576 0.000000 2.524220 1.387088 2.395197 4.557077 9.360324 0.200000
