%% Trajectory 21
%% frame x (pixel)     y (pixel)    z (pixel)      m0         m1           m2           m3           m4           s 
98 49.698006 48.938156 0.000000 1.386311 1.298417 2.158829 3.995325 8.076703 0.250000
101 49.502647 49.069954 0.000000 1.481660 1.269624 2.036899 3.575302 6.735216 0.250000
103 49.965450 49.116230 0.000000 1.421031 1.236830 1.957876 3.426830 6.529837 0.200000
104 49.567341 48.887577 0.000000 2.067274 1.217743 1.884743 3.201509 5.876539 0.217493
105 49.690643 48.989120 0.000000 1.672558 1.281967 2.097378 3.798057 7.470440 0.202007
106 49.669765 49.197929 0.000000 1.825549 1.225935 1.907327 3.264697 6.058040 0.250798
107 49.764000 49.028873 0.000000 1.980798 1.269876 2.052914 3.663065 7.083750 0.287194
108 49.781429 49.234436 0.000000 1.878163 1.242520 1.945353 3.338982 6.180570 0.426385
109 49.943325 49.154762 0.000000 2.083045 1.279432 2.084090 3.764967 7.420788 0.250009
110 49.658634 48.887810 0.000000 1.961513 1.242798 1.962532 3.400710 6.351690 0.315429
111 49.765160 48.761383 0.000000 2.528940 1.276626 2.080204 3.771380 7.483412 0.250000
112 49.729591 48.764919 0.000000 2.939558 1.328509 2.261389 4.305032 8.985539 0.250000
113 49.669579 48.640804 0.000000 3.029649 1.288434 2.120548 3.894864 7.855406 0.250000
114 49.591496 48.634300 0.000000 3.337068 1.309425 2.172160 4.010591 8.107241 0.333333
115 49.695572 48.742065 0.000000 3.582158 1.266498 2.032175 3.584944 6.833202 0.250000
116 49.687523 48.745205 0.000000 3.366703 1.354654 2.329965 4.476895 9.420975 0.250000
117 49.641315 48.503056 0.000000 3.205056 1.268244 2.044530 3.652162 7.120167 0.166677
118 49.571194 48.726814 0.000000 3.748157 1.293401 2.116618 3.835107 7.567189 0.250000
119 49.448860 48.499207 0.000000 3.777009 1.294800 2.094565 3.697254 6.983204 0.200000
120 49.078876 48.526764 0.000000 3.575823 1.302825 2.132173 3.827585 7.395412 0.250000
121 48.909218 48.366577 0.000000 4.000150 1.297127 2.107240 3.751910 7.184547 0.250000
122 48.806309 48.317886 0.000000 3.981810 1.276791 2.045660 3.587276 6.760141 0.333333
123 48.813877 47.955643 0.000000 3.692700 1.327734 2.219899 4.094659 8.171309 0.333334
124 48.525799 47.941036 0.000000 3.966215 1.295638 2.108879 3.763335 7.224238 0.333333
125 48.412567 47.831615 0.000000 4.252278 1.327963 2.210217 4.045274 7.988354 0.250000
126 48.704220 47.423340 0.000000 3.935729 1.291656 2.084504 3.671846 6.924449 0.200017
128 47.909401 47.662811 0.000000 2.213151 1.463140 2.658617 5.331754 11.535544 0.250116
130 47.581387 49.489021 0.000000 1.816219 1.432990 2.563819 5.073383 10.856547 0.250001
