%% Trajectory 12
%% frame x (pixel)     y (pixel)    z (pixel)      m0         m1           m2           m3           m4           s 
67 33.801891 10.320089 0.000000 2.117490 1.347757 2.275203 4.234297 8.517715 0.166668
68 33.815590 10.407118 0.000000 2.529257 1.337196 2.258683 4.230926 8.623831 0.166911
69 33.864822 10.298568 0.000000 2.329180 1.310185 2.159509 3.919362 7.685973 0.316814
70 33.765430 10.359658 0.000000 2.425481 1.262450 1.995629 3.448045 6.398479 0.213655
71 33.794373 10.597683 0.000000 2.576962 1.310173 2.156372 3.912903 7.690894 0.200000
72 33.741768 10.481352 0.000000 3.127188 1.290895 2.079711 3.658436 6.893457 0.214727
73 34.028683 10.486837 0.000000 3.442413 1.349972 2.284969 4.255051 8.540855 0.200000
74 34.012630 10.396136 0.000000 2.811805 1.370368 2.370812 4.542895 9.428509 0.202930
75 33.897152 10.315779 0.000000 2.419334 1.295895 2.112184 3.783724 7.311358 0.268965
76 33.892166 10.389034 0.000000 2.783779 1.288218 2.085217 3.709644 7.121768 0.200025
77 33.706692 10.438749 0.000000 3.296787 1.234068 1.920612 3.270248 5.993359 0.250000
79 33.840710 10.399709 0.000000 2.832745 1.252595 1.975321 3.408548 6.323553 0.250844
80 33.644859 10.351951 0.000000 3.100647 1.210703 1.851743 3.100180 5.600600 0.333333
81 33.765953 10.335793 0.000000 3.278813 1.232419 1.917074 3.264598 5.987877 0.250000
82 33.761101 10.443809 0.000000 3.122062 1.230529 1.911676 3.250787 5.953869 0.200001
83 33.729664 10.389201 0.000000 3.321443 1.223439 1.892447 3.205931 5.855348 0.333337
84 33.684978 10.443254 0.000000 3.127397 1.229713 1.906139 3.234043 5.912378 0.277492
85 33.585991 10.418588 0.000000 3.788965 1.246247 1.951086 3.340385 6.150512 0.250000
86 33.677925 10.480064 0.000000 3.731499 1.237704 1.928761 3.289519 6.040905 0.263220
87 33.826546 10.538370 0.000000 3.569974 1.285561 2.071393 3.647869 6.887659 0.250076
88 33.868721 10.588140 0.000000 4.023432 1.270455 2.027735 3.539434 6.632468 0.250000
89 33.826683 10.663133 0.000000 3.439882 1.263122 2.014757 3.528878 6.671044 0.250000
90 33.872746 10.857661 0.000000 4.218000 1.352527 2.306351 4.357258 8.939807 0.250002
91 33.773163 11.111306 0.000000 3.787997 1.314774 2.191626 4.057390 8.193113 0.250000
92 33.986176 11.353432 0.000000 3.787067 1.301911 2.148571 3.911459 7.703670 0.250106
93 33.944794 11.408050 0.000000 3.635856 1.306240 2.157047 3.933819 7.777646 0.369863
94 33.922565 11.524976 0.000000 3.753448 1.319931 2.188002 3.984330 7.814711 0.250106
95 33.864037 11.626183 0.000000 3.696437 1.298684 2.123385 3.810299 7.360856 0.250040
96 33.720604 11.989062 0.000000 3.360663 1.323293 2.235043 4.224459 8.767750 0.251779
98 33.767010 11.593709 0.000000 2.507859 1.394413 2.450596 4.796479 10.236716 0.250023
100 33.442245 11.516315 0.000000 1.679018 1.387476 2.431163 4.766281 10.235658 0.203394
