%% Trajectory 5
%% frame x (pixel)     y (pixel)    z (pixel)      m0         m1           m2           m3           m4           s 
18 57.782959 34.275116 0.000000 1.742399 1.297795 2.106616 3.734043 7.085846 0.250000
20 57.914871 34.233231 0.000000 1.656441 1.293848 2.124356 3.855222 7.591279 0.250000
21 57.818302 34.244892 0.000000 1.648135 1.288922 2.106692 3.815862 7.529974 0.242158
23 57.671898 34.452286 0.000000 1.850381 1.244593 1.953234 3.351873 6.182694 0.250000
24 57.673336 34.444901 0.000000 2.266091 1.291270 2.088906 3.697763 7.031037 0.212862
25 57.834625 34.309475 0.000000 2.130375 1.269256 2.029120 3.553212 6.691865 0.250001
26 57.858170 34.108337 0.000000 1.947273 1.330671 2.257084 4.260887 8.778164 0.250000
27 57.760643 34.272652 0.000000 2.209050 1.295517 2.111996 3.796028 7.395623 0.250000
28 57.872417 34.270302 0.000000 2.241729 1.279370 2.056507 3.620368 6.851600 0.250000
29 57.781815 34.330460 0.000000 2.666135 1.293134 2.104509 3.759118 7.232392 0.349981
30 57.896225 34.225906 0.000000 2.795064 1.335359 2.251509 4.202598 8.518640 0.207659
31 57.945961 34.185875 0.000000 2.429030 1.334467 2.242800 4.155182 8.315152 0.171402
32 57.786751 34.270489 0.000000 2.946912 1.277769 2.050694 3.602834 6.803516 0.201492
33 57.840553 33.993511 0.000000 2.453858 1.378055 2.389864 4.590690 9.565212 0.200000
34 57.664749 34.108849 0.000000 2.815508 1.303002 2.136355 3.856075 7.522386 0.280705
35 57.569435 34.236126 0.000000 2.949428 1.275541 2.038241 3.557232 6.655738 0.271346
36 57.487373 34.097652 0.000000 2.505108 1.326964 2.210004 4.047793 7.996238 0.202227
37 57.221077 34.110527 0.000000 3.042833 1.343192 2.258391 4.177536 8.336907 0.395422
38 57.173271 34.084709 0.000000 3.101703 1.334337 2.234360 4.112592 8.156619 0.204085
39 56.829304 33.933659 0.000000 2.955585 1.369008 2.348298 4.444063 9.090544 0.200004
40 56.891663 34.039349 0.000000 2.775571 1.327410 2.229409 4.145792 8.365029 0.200085
41 56.525330 34.148846 0.000000 2.860959 1.332222 2.217147 4.051544 7.973892 0.371840
42 56.430363 34.271816 0.000000 2.860269 1.264800 2.007488 3.481903 6.481232 0.221029
43 56.273617 34.201214 0.000000 2.706769 1.284086 2.074333 3.679101 7.039736 0.200558
44 56.090084 34.060249 0.000000 2.204417 1.347340 2.281363 4.264144 8.626691 0.200000
