%% Trajectory 24
%% frame x (pixel)     y (pixel)    z (pixel)      m0         m1           m2           m3           m4           s 
88 20.877720 34.900528 0.000000 1.359775 1.504892 2.817908 5.837771 13.056964 0.166783
91 19.934425 35.428123 0.000000 1.207754 1.312187 2.161598 3.913875 7.641102 0.157413
92 20.334871 35.369244 0.000000 1.352943 1.447852 2.597754 5.132018 10.920591 0.200350
93 20.332209 34.941948 0.000000 1.703546 1.422597 2.505875 4.846491 10.072452 0.320006
94 20.159378 35.402313 0.000000 1.583506 1.548501 2.959321 6.228323 14.083632 0.253320
96 20.215334 35.216515 0.000000 2.196984 1.428891 2.517802 4.870667 10.128311 0.250000
97 20.135605 35.111317 0.000000 1.817886 1.384328 2.394733 4.553372 9.317924 0.333464
98 20.445959 35.087456 0.000000 2.352113 1.532456 2.902413 6.068336 13.672611 0.500000
99 20.675772 34.839073 0.000000 2.977812 1.406693 2.464801 4.765995 9.957630 0.333333
100 20.356602 34.816833 0.000000 2.863762 1.372452 2.350844 4.428441 8.986075 0.333333
101 20.636528 34.919281 0.000000 3.049053 1.406734 2.475694 4.819756 10.161647 0.333333
102 20.554880 34.766857 0.000000 3.151320 1.421919 2.518036 4.930003 10.448338 0.333333
103 20.838358 34.922119 0.000000 3.560877 1.472390 2.700842 5.471199 11.952731 0.250089
104 20.652082 34.780148 0.000000 3.444608 1.349828 2.263890 4.157579 8.196472 0.250000
105 20.549147 34.886726 0.000000 3.464314 1.414991 2.489006 4.821104 10.061982 0.250000
106 20.644276 34.918335 0.000000 3.857320 1.473255 2.692339 5.431588 11.822969 0.250066
107 20.854149 34.666763 0.000000 3.789448 1.444012 2.598200 5.173911 11.154803 0.333333
108 20.607012 34.949146 0.000000 4.005239 1.427682 2.543770 5.009738 10.669564 0.333333
109 20.857296 34.849957 0.000000 4.702371 1.418599 2.513512 4.919941 10.411189 0.342870
110 20.746925 34.745193 0.000000 4.144045 1.447060 2.587888 5.087853 10.761769 0.250062
111 20.842770 34.709278 0.000000 4.535255 1.429704 2.541477 4.984466 10.556921 0.250001
112 20.827272 34.640228 0.000000 5.000976 1.381066 2.376578 4.501602 9.197250 0.343466
113 20.798494 34.763817 0.000000 4.709620 1.410438 2.477617 4.804820 10.075415 0.250000
114 20.851366 34.706177 0.000000 5.553863 1.407856 2.465019 4.756473 9.907696 0.333333
115 20.861160 34.790871 0.000000 5.084921 1.466396 2.671361 5.378535 11.705095 0.333333
116 20.903742 34.790295 0.000000 4.927761 1.411768 2.490688 4.865335 10.306294 0.250000
117 20.926582 34.729279 0.000000 4.953489 1.420649 2.517119 4.933978 10.476014 0.250000
118 21.125799 34.905178 0.000000 5.629404 1.424898 2.535597 4.992338 10.638393 0.250000
119 21.123938 35.154224 0.000000 5.033607 1.434791 2.564575 5.058637 10.769563 0.250000
121 21.489279 35.510891 0.000000 5.735137 1.408463 2.453333 4.688715 9.633489 0.250000
122 21.515274 35.415703 0.000000 5.631573 1.447114 2.591852 5.110363 10.859748 0.250000
123 21.682343 35.578400 0.000000 4.816777 1.457777 2.621088 5.181287 11.019126 0.250000
124 21.742363 35.560429 0.000000 5.328446 1.411852 2.473583 4.764482 9.881215 0.250000
126 21.970133 34.946438 0.000000 4.022662 1.460567 2.673387 5.433936 11.970723 0.250001
127 21.868320 35.218002 0.000000 4.411974 1.429983 2.561109 5.080643 10.917180 0.250028
129 21.711702 35.468376 0.000000 3.076772 1.376251 2.358563 4.447204 9.046350 0.251053
130 21.827097 35.592861 0.000000 2.612814 1.346253 2.250740 4.112580 8.047697 0.418177
131 21.939732 35.060036 0.000000 2.426143 1.367764 2.346252 4.438097 9.063505 0.302112
132 21.948629 34.634514 0.000000 2.003943 1.335603 2.232006 4.108902 8.176754 0.250000
