%% Trajectory 29
%% frame x (pixel)     y (pixel)    z (pixel)      m0         m1           m2           m3           m4           s 
116 41.082424 17.938189 0.000000 1.549772 1.463660 2.710128 5.573266 12.411066 0.200775
117 40.825020 18.015152 0.000000 1.737633 1.432380 2.553930 5.016973 10.619604 0.345966
118 40.829739 17.775072 0.000000 1.770899 1.370114 2.331921 4.348443 8.706340 0.267177
119 40.783043 17.898108 0.000000 1.731760 1.349745 2.297635 4.349076 8.978326 0.329854
120 40.741020 17.799498 0.000000 1.894736 1.337840 2.227119 4.050986 7.890273 0.203382
121 40.801640 18.152822 0.000000 2.437114 1.367843 2.348277 4.458542 9.174038 0.196992
122 40.988537 17.873669 0.000000 2.512541 1.387585 2.418390 4.673023 9.802481 0.369572
123 40.668079 18.078178 0.000000 2.580782 1.391613 2.413978 4.615658 9.528754 0.272752
124 40.685257 18.133198 0.000000 2.907338 1.389895 2.421342 4.663395 9.722586 0.210912
125 40.863804 17.973833 0.000000 3.041503 1.381115 2.410583 4.675401 9.860185 0.243508
126 40.786869 17.719215 0.000000 2.304726 1.308291 2.144637 3.852451 7.437054 0.250773
127 40.871803 18.124577 0.000000 2.870713 1.369799 2.347541 4.428986 9.005211 0.200082
128 40.816940 17.927067 0.000000 2.639972 1.365813 2.330047 4.376121 8.868956 0.305155
129 40.828426 17.875141 0.000000 2.694361 1.300131 2.114582 3.767045 7.213886 0.361079
130 40.689232 18.295832 0.000000 2.399094 1.426739 2.526388 4.919796 10.312558 0.330566
131 40.381351 18.142622 0.000000 2.496782 1.371443 2.366883 4.528585 9.417651 0.491801
132 40.572903 17.997700 0.000000 2.816743 1.337811 2.242424 4.132792 8.208579 0.250001
133 40.458714 18.201530 0.000000 2.574831 1.332407 2.217215 4.040047 7.901271 0.550030
134 40.393192 18.190569 0.000000 2.843959 1.347748 2.289342 4.307034 8.803193 0.250024
135 40.368420 18.269972 0.000000 2.878781 1.362927 2.316562 4.327225 8.707939 0.417209
136 40.294918 18.398182 0.000000 2.813268 1.340598 2.244733 4.119996 8.125195 0.250022
137 40.178791 18.592661 0.000000 2.858938 1.326958 2.213844 4.064936 8.060013 0.356393
138 40.329098 18.721081 0.000000 3.186713 1.366360 2.325340 4.348550 8.759309 0.250002
139 40.591064 18.707178 0.000000 2.914493 1.393081 2.417962 4.632894 9.601156 0.488222
140 40.323257 18.913588 0.000000 3.181843 1.422312 2.516654 4.908207 10.326632 0.250185
141 40.305058 19.162342 0.000000 2.732049 1.410979 2.478445 4.786910 9.948998 0.250072
142 39.854530 19.362345 0.000000 2.853272 1.384557 2.411414 4.657571 9.769672 0.219044
143 39.323853 19.263931 0.000000 3.237902 1.368597 2.330713 4.353437 8.736403 0.200220
144 39.965309 19.169764 0.000000 3.379538 1.408776 2.478563 4.805813 10.049415 0.200000
145 39.617378 19.236656 0.000000 3.514473 1.338070 2.240799 4.126429 8.194400 0.166667
146 39.744278 19.239695 0.000000 2.996639 1.346978 2.268656 4.197026 8.359406 0.172106
147 39.726803 19.453516 0.000000 2.838961 1.369442 2.343096 4.418693 9.004434 0.222344
148 39.867386 19.583942 0.000000 3.019398 1.361923 2.328035 4.398929 9.008367 0.166715
149 39.741116 19.737539 0.000000 2.259943 1.417905 2.540038 5.086001 11.129354 0.166671
