%% Trajectory 30
%% frame x (pixel)     y (pixel)    z (pixel)      m0         m1           m2           m3           m4           s 
104 62.146404 27.165689 0.000000 1.360393 1.317038 2.167614 3.903104 7.536902 0.253487
105 61.934002 27.223015 0.000000 1.459431 1.276741 2.068146 3.695841 7.157950 0.328924
106 62.035336 27.151485 0.000000 1.519170 1.345096 2.309318 4.430898 9.307817 0.171318
107 62.011402 27.198036 0.000000 1.708790 1.336694 2.267097 4.272609 8.775367 0.168422
108 61.957245 27.209991 0.000000 1.890957 1.296628 2.138383 3.918069 7.833341 0.175225
109 61.955925 27.376646 0.000000 2.061761 1.329345 2.239472 4.189478 8.541378 0.251423
110 61.988693 27.184124 0.000000 2.147945 1.352403 2.312027 4.384941 9.040192 0.200000
111 61.976559 27.170639 0.000000 2.355834 1.339899 2.268184 4.258115 8.695239 0.200017
112 61.983898 27.153093 0.000000 2.734367 1.355798 2.326931 4.441399 9.237385 0.205704
113 61.909878 27.136110 0.000000 2.522168 1.357848 2.335763 4.468746 9.317869 0.200001
114 61.810005 27.188751 0.000000 3.062610 1.278118 2.062820 3.670647 7.078943 0.211939
115 62.092773 27.171576 0.000000 2.931100 1.349133 2.286478 4.282816 8.696789 0.253071
116 61.861240 27.091413 0.000000 3.333249 1.339123 2.267558 4.253882 8.667581 0.200000
117 61.928158 27.105179 0.000000 3.426531 1.355765 2.327372 4.434503 9.184451 0.166667
118 61.856625 27.088297 0.000000 3.729783 1.341844 2.263509 4.217505 8.511008 0.200000
119 61.887131 27.133450 0.000000 3.637246 1.349544 2.296359 4.324413 8.832300 0.166667
120 61.898132 27.156799 0.000000 3.840300 1.357252 2.315766 4.374082 8.964522 0.166667
121 61.901478 27.197836 0.000000 3.837875 1.333834 2.247368 4.193427 8.501149 0.250000
122 61.866776 27.065872 0.000000 3.701730 1.369053 2.358990 4.498444 9.297096 0.250000
123 61.856979 27.153591 0.000000 3.919848 1.346806 2.286265 4.289767 8.720823 0.250000
124 61.898739 27.103474 0.000000 4.077065 1.356072 2.314353 4.373404 8.968931 0.250000
125 61.697018 27.179264 0.000000 3.942994 1.365198 2.350449 4.486279 9.301073 0.250000
126 61.794758 27.170694 0.000000 3.996240 1.337372 2.254998 4.202083 8.487367 0.250000
127 61.714348 27.238041 0.000000 4.117146 1.313614 2.164113 3.929893 7.730083 0.250000
128 61.527870 27.258699 0.000000 3.872125 1.306932 2.136606 3.825941 7.364473 0.208207
129 61.525429 27.130205 0.000000 3.939683 1.409336 2.489181 4.873559 10.352789 0.203046
130 61.374336 27.174822 0.000000 3.689375 1.345514 2.268843 4.214934 8.459345 0.200009
131 61.121964 27.013538 0.000000 4.215747 1.408563 2.487645 4.862597 10.290347 0.200005
132 60.945496 26.960501 0.000000 3.760789 1.461506 2.671704 5.409046 11.844381 0.200000
133 61.045036 27.002129 0.000000 3.414281 1.435695 2.585212 5.159847 11.152809 0.200000
134 60.734631 27.031881 0.000000 3.554188 1.368601 2.354743 4.484166 9.259000 0.200000
135 60.614941 27.295963 0.000000 3.259650 1.367184 2.343614 4.442519 9.133125 0.250000
136 60.274597 27.275368 0.000000 3.265972 1.364458 2.323754 4.352874 8.790402 0.250000
137 59.825806 27.194874 0.000000 2.751915 1.430184 2.555303 5.064557 10.895934 0.200463
138 60.360622 27.100691 0.000000 2.386580 1.467637 2.660634 5.312838 11.426681 0.200007
139 60.439079 27.082497 0.000000 1.757401 1.372803 2.357179 4.467699 9.157553 0.208129
