%% Trajectory 11
%% frame x (pixel)     y (pixel)    z (pixel)      m0         m1           m2           m3           m4           s 
39 43.150230 22.506456 0.000000 1.077488 1.274907 2.049247 3.613956 6.868100 0.203930
40 43.089783 22.504400 0.000000 1.036711 1.229179 1.909768 3.253049 5.977391 0.250000
42 43.059830 22.452589 0.000000 1.160136 1.260264 1.994586 3.452645 6.421449 0.200037
43 43.160828 22.408718 0.000000 1.168537 1.263594 2.016783 3.546299 6.761634 0.250007
44 43.092304 22.477674 0.000000 1.396220 1.268644 2.025028 3.534636 6.620858 0.250001
45 43.163799 22.489805 0.000000 1.540673 1.243760 1.954039 3.360525 6.216924 0.250007
46 43.003132 22.475298 0.000000 1.497534 1.251112 1.983475 3.444791 6.432654 0.253303
47 43.080975 22.485548 0.000000 1.304055 1.238687 1.940859 3.329959 6.149474 0.250000
48 43.144466 22.572681 0.000000 1.637855 1.258645 1.991901 3.451537 6.434814 0.252382
49 43.259705 22.547840 0.000000 1.738583 1.251695 1.994135 3.517597 6.770486 0.250680
50 43.079754 22.480251 0.000000 1.842403 1.259581 1.996287 3.459808 6.439891 0.250757
51 43.089016 22.505518 0.000000 1.811623 1.312783 2.153108 3.863418 7.437574 0.250001
52 42.814945 22.759090 0.000000 1.322513 1.249271 1.981414 3.455757 6.515808 0.250000
53 43.117001 23.263210 0.000000 1.623849 1.241424 1.948015 3.347351 6.190120 0.250041
54 43.096031 23.342596 0.000000 1.458863 1.238654 1.931693 3.300922 6.079565 0.250003
55 43.227650 23.544184 0.000000 1.209071 1.245815 1.964427 3.391712 6.298032 0.250000
56 43.165043 23.835897 0.000000 1.292378 1.296933 2.134748 3.904325 7.804956 0.250353
57 43.044975 24.194874 0.000000 0.942038 1.335976 2.279365 4.342798 9.058489 0.250124
58 43.159637 24.374832 0.000000 0.885437 1.168749 1.758661 2.902077 5.180628 0.200000
59 42.762516 24.419792 0.000000 0.825278 1.253339 2.071558 3.875133 8.065820 0.167308
