%% Trajectory 13
%% frame x (pixel)     y (pixel)    z (pixel)      m0         m1           m2           m3           m4           s 
47 36.506142 48.766968 0.000000 1.512525 1.562522 3.047256 6.578623 15.295121 0.189228
49 37.205219 49.139400 0.000000 1.369174 1.323383 2.199973 4.042714 8.057513 0.286577
50 37.132080 49.557102 0.000000 1.018643 1.275059 2.076756 3.771230 7.511909 0.166667
51 37.238445 49.505093 0.000000 1.428991 1.241284 1.943542 3.344392 6.232355 0.359950
52 37.257305 49.486038 0.000000 1.693751 1.302993 2.130917 3.833797 7.455676 0.279697
53 36.996494 49.546234 0.000000 1.495626 1.373412 2.386505 4.628986 9.820510 0.222625
54 37.390423 49.374626 0.000000 1.463001 1.244397 1.951477 3.347300 6.173532 0.277347
55 37.327381 49.493507 0.000000 1.719556 1.262834 1.999871 3.461346 6.431901 0.206282
56 37.531658 49.382759 0.000000 2.013436 1.258197 1.991502 3.444325 6.393218 0.172014
57 37.336769 49.345970 0.000000 2.312629 1.291067 2.093520 3.729088 7.169732 0.166667
58 37.469601 49.358047 0.000000 2.337243 1.266042 2.010870 3.490305 6.501906 0.142857
59 37.255260 49.342331 0.000000 2.469052 1.309577 2.149773 3.875106 7.528813 0.166667
60 37.153038 49.257919 0.000000 2.324602 1.326724 2.205122 4.030856 7.952947 0.200001
61 37.280006 49.273827 0.000000 2.549038 1.299834 2.114145 3.762973 7.190703 0.200000
62 37.341778 49.282795 0.000000 2.986142 1.328945 2.208132 4.028484 7.919205 0.200000
63 37.346989 49.300365 0.000000 3.156240 1.305905 2.135614 3.827843 7.381300 0.250000
64 37.500450 49.376907 0.000000 3.499991 1.302993 2.118804 3.766817 7.184268 0.250000
65 37.360210 49.326820 0.000000 3.427259 1.332648 2.214056 4.027181 7.865173 0.250000
66 37.406235 49.326546 0.000000 3.305318 1.329621 2.204802 4.006101 7.824636 0.250000
67 37.265480 49.427216 0.000000 3.665354 1.337427 2.243119 4.146645 8.293280 0.250000
68 37.200481 49.330647 0.000000 3.707818 1.358966 2.314634 4.354986 8.879389 0.333333
69 37.193737 49.366230 0.000000 3.585976 1.363763 2.326988 4.379640 8.917830 0.250000
70 37.239605 49.381580 0.000000 3.892779 1.347032 2.272773 4.229620 8.520194 0.250000
71 37.173233 49.354637 0.000000 4.413239 1.347073 2.277354 4.248181 8.580539 0.250000
72 37.301918 49.339241 0.000000 4.638589 1.340064 2.252171 4.175637 8.383635 0.250000
73 37.280655 49.325142 0.000000 4.456373 1.349323 2.287368 4.287575 8.722315 0.333333
74 37.290558 49.367146 0.000000 4.647789 1.365282 2.335429 4.414116 9.043797 0.250000
75 37.252274 49.282772 0.000000 4.892526 1.352823 2.288746 4.265973 8.595263 0.250000
76 37.270817 49.202362 0.000000 4.921314 1.387401 2.409686 4.627602 9.630785 0.250000
77 37.169395 49.091782 0.000000 4.741442 1.432301 2.559814 5.057929 10.811285 0.250000
78 37.143185 48.950977 0.000000 4.678009 1.420541 2.533554 5.012192 10.752621 0.250000
79 37.148621 48.853664 0.000000 4.394237 1.432349 2.572388 5.127844 11.088013 0.250000
80 37.161106 48.799553 0.000000 4.180405 1.449108 2.627968 5.287104 11.529734 0.250000
81 37.068642 48.752140 0.000000 4.299271 1.451584 2.629506 5.275881 11.456234 0.250000
82 36.699253 48.660305 0.000000 4.149856 1.440181 2.577504 5.084430 10.812289 0.200000
83 36.467373 48.497818 0.000000 4.050199 1.469468 2.679615 5.395825 11.726297 0.200000
84 36.393127 48.446838 0.000000 3.682353 1.504179 2.787043 5.687683 12.491759 0.200000
85 36.229683 48.238449 0.000000 3.833344 1.490703 2.749640 5.590617 12.242445 0.250000
86 36.107525 48.211765 0.000000 3.623143 1.479859 2.710090 5.474341 11.922395 0.250000
87 35.624100 48.232731 0.000000 3.909307 1.439078 2.561168 5.006252 10.515392 0.250000
88 35.393379 48.141102 0.000000 3.360543 1.412827 2.477185 4.772799 9.890261 0.250000
91 33.237797 47.385101 0.000000 2.832174 1.420438 2.500149 4.842690 10.108362 0.250000
92 33.770428 47.675957 0.000000 2.473804 1.369590 2.359102 4.501317 9.323674 0.250298
93 33.876598 47.874500 0.000000 2.023633 1.407320 2.481108 4.846262 10.267077 0.166700
94 34.039066 47.967598 0.000000 2.114981 1.479501 2.743562 5.656221 12.647534 0.200000
95 33.792286 48.180264 0.000000 1.549416 1.380809 2.408736 4.677316 9.902070 0.235602
96 33.821445 47.888718 0.000000 1.360413 1.414126 2.506423 4.938794 10.586876 0.240121
97 33.470615 48.221188 0.000000 1.198371 1.419598 2.514858 4.931970 10.488562 0.206015
99 33.952801 46.569359 0.000000 0.872185 1.576178 3.071896 6.631185 15.441564 0.250000
