%% Trajectory 29
%% frame x (pixel)     y (pixel)    z (pixel)      m0         m1           m2           m3           m4           s 
96 34.719765 25.016088 0.000000 1.118972 1.292072 2.158866 4.060555 8.446049 0.366907
97 34.432556 25.046419 0.000000 1.341753 1.260712 2.003616 3.485101 6.512792 0.250007
98 34.819916 25.178595 0.000000 1.861494 1.369128 2.406370 4.747159 10.281210 0.250000
99 34.692566 25.064243 0.000000 1.706739 1.331085 2.251879 4.234858 8.684294 0.333356
100 34.337437 25.429735 0.000000 2.133997 1.305463 2.139844 3.845971 7.434287 0.333333
101 34.288761 25.296288 0.000000 1.987567 1.317254 2.185358 3.995404 7.902248 0.258004
102 34.428505 24.918697 0.000000 2.623684 1.312586 2.170133 3.945180 7.737806 0.333333
103 34.451092 25.286732 0.000000 2.445136 1.325455 2.200386 4.004859 7.830596 0.250000
104 34.378876 24.997513 0.000000 2.651455 1.357526 2.319568 4.366811 8.868783 0.333333
105 34.597729 25.059259 0.000000 2.447351 1.349653 2.281234 4.255652 8.597113 0.333333
106 34.436897 25.335117 0.000000 3.213575 1.339232 2.249356 4.163069 8.330862 0.333333
107 34.752422 25.175470 0.000000 3.045789 1.316328 2.176726 3.960831 7.783727 0.250000
108 34.557041 25.204569 0.000000 3.937956 1.298380 2.107089 3.739390 7.120380 0.333333
109 34.696888 25.096596 0.000000 3.887541 1.347531 2.274869 4.218027 8.416808 0.250000
110 34.675255 25.308155 0.000000 4.550926 1.282344 2.069343 3.665791 7.004533 0.250000
111 34.777409 25.197367 0.000000 4.940781 1.345278 2.264996 4.186787 8.329732 0.333333
112 34.863712 25.243273 0.000000 4.455241 1.336732 2.239021 4.133069 8.251207 0.333333
113 34.643864 25.345488 0.000000 4.939355 1.340023 2.233168 4.072715 7.970868 0.333333
114 34.823040 25.427496 0.000000 5.778738 1.342898 2.241252 4.093557 8.022536 0.333333
115 34.721237 25.443886 0.000000 5.448667 1.338672 2.234832 4.091041 8.055318 0.333333
116 34.787468 25.457245 0.000000 5.464454 1.425810 2.521260 4.902027 10.257322 0.333333
117 34.901413 25.458481 0.000000 5.570560 1.410062 2.475722 4.791971 10.012661 0.250000
118 34.872547 25.355505 0.000000 5.670524 1.410800 2.477086 4.787739 9.969181 0.333333
119 34.784012 25.498466 0.000000 5.897681 1.380701 2.374167 4.490125 9.152989 0.250000
121 34.964001 25.561327 0.000000 6.790469 1.377708 2.386966 4.580908 9.542154 0.250000
122 35.004597 25.727699 0.000000 6.462701 1.410982 2.497990 4.902498 10.438498 0.250000
123 34.916100 25.927828 0.000000 6.858460 1.402303 2.461668 4.779390 10.043962 0.250000
124 34.857372 25.899019 0.000000 6.818580 1.426280 2.528687 4.942968 10.427958 0.250000
125 35.111694 26.164854 0.000000 6.359767 1.395457 2.429991 4.666241 9.677141 0.250000
126 35.106651 26.064955 0.000000 6.629135 1.441561 2.588831 5.141788 11.046632 0.250000
127 35.172039 26.192341 0.000000 7.101133 1.377320 2.375169 4.523549 9.324955 0.250000
129 35.241295 26.255655 0.000000 5.614702 1.344250 2.265920 4.207187 8.441588 0.250000
130 35.271744 26.162251 0.000000 5.667654 1.347176 2.270027 4.209962 8.428315 0.250000
131 35.286388 26.124638 0.000000 6.162612 1.337368 2.243742 4.154952 8.335700 0.250000
132 35.556450 26.377403 0.000000 5.943736 1.305682 2.124408 3.768530 7.144708 0.250000
133 35.550194 26.308752 0.000000 5.135941 1.346282 2.248031 4.092776 7.957238 0.250000
134 35.706665 26.826538 0.000000 4.759120 1.359418 2.311374 4.329043 8.758998 0.250000
135 35.754253 26.813393 0.000000 5.045403 1.358627 2.312995 4.338076 8.785461 0.250001
136 35.808113 27.041086 0.000000 5.296670 1.389739 2.425781 4.686759 9.814143 0.250000
137 35.660046 27.311625 0.000000 4.899609 1.335164 2.227456 4.070391 7.983988 0.250000
138 35.588501 27.395456 0.000000 4.535864 1.314840 2.168033 3.932235 7.702879 0.343131
139 35.713654 27.453716 0.000000 4.734475 1.353140 2.281136 4.214328 8.362711 0.261788
140 35.609852 27.689491 0.000000 4.318148 1.395908 2.424603 4.644959 9.617837 0.250047
141 34.942738 27.703979 0.000000 4.223759 1.357332 2.329873 4.431581 9.152747 0.333333
142 34.722301 28.021059 0.000000 3.830921 1.339039 2.260894 4.220501 8.539759 0.250000
143 34.931332 28.286898 0.000000 4.013876 1.375164 2.383051 4.581319 9.568998 0.250000
145 35.040760 27.759264 0.000000 3.718374 1.434503 2.566932 5.082062 10.890357 0.250000
147 34.972580 27.763638 0.000000 2.479385 1.537598 2.932925 6.188066 14.074636 0.250000
149 35.984829 28.390276 0.000000 2.004934 1.602456 3.157600 6.857804 15.989950 0.260446
