%% Trajectory 30
%% frame x (pixel)     y (pixel)    z (pixel)      m0         m1           m2           m3           m4           s 
118 50.636463 22.628611 0.000000 1.682855 1.391758 2.428589 4.691652 9.823653 0.240132
119 50.694901 22.538475 0.000000 1.738452 1.344813 2.293732 4.358933 9.058187 0.250233
120 50.879219 22.459999 0.000000 1.845013 1.313243 2.163689 3.909603 7.599249 0.421160
121 50.862068 22.478088 0.000000 1.670976 1.305000 2.148074 3.902257 7.688498 0.250014
122 50.824833 22.545630 0.000000 1.705974 1.292382 2.101148 3.763491 7.302519 0.250000
123 50.659462 22.538465 0.000000 1.736787 1.282573 2.068459 3.658116 6.969099 0.250000
124 50.811794 22.707972 0.000000 1.903674 1.297580 2.115207 3.787452 7.311426 0.359444
125 50.815331 22.607288 0.000000 2.115287 1.287239 2.083104 3.704623 7.115581 0.250883
126 50.877762 22.664852 0.000000 1.909057 1.315281 2.178046 3.986711 7.924541 0.257598
127 50.810863 22.603613 0.000000 2.137717 1.294298 2.098717 3.724969 7.102821 0.250000
128 50.770275 22.641294 0.000000 2.230814 1.312445 2.167852 3.941687 7.743990 0.250002
129 50.783916 22.619061 0.000000 2.153469 1.339875 2.239240 4.112917 8.148006 0.200000
130 50.692112 22.596434 0.000000 2.084075 1.306929 2.132823 3.802419 7.262489 0.166694
131 50.714840 22.768391 0.000000 2.660078 1.339867 2.247806 4.148544 8.258778 0.143203
132 50.602726 22.650179 0.000000 2.642855 1.280805 2.051533 3.588788 6.728928 0.250000
133 50.451435 22.682497 0.000000 2.464153 1.302276 2.117737 3.757111 7.130270 0.200000
134 50.418427 22.754898 0.000000 2.391155 1.316541 2.158887 3.869007 7.432638 0.166667
135 50.260941 22.883627 0.000000 2.793751 1.358174 2.302571 4.289782 8.606896 0.200000
136 50.175373 23.065998 0.000000 2.526541 1.357458 2.309481 4.332902 8.782924 0.166733
137 50.156933 23.256798 0.000000 2.695845 1.350718 2.278511 4.216528 8.385073 0.188919
138 50.125130 23.279778 0.000000 2.452665 1.345542 2.258192 4.156365 8.221421 0.212424
139 49.897118 23.320066 0.000000 2.401475 1.425252 2.521712 4.912541 10.316759 0.189831
140 49.831764 23.583006 0.000000 2.421083 1.375376 2.349448 4.406047 8.891476 0.197422
141 49.958103 23.708006 0.000000 2.129290 1.356976 2.303982 4.309598 8.706871 0.300835
142 49.637947 24.304710 0.000000 2.107698 1.417286 2.505468 4.883130 10.266553 0.233608
143 49.808075 24.440437 0.000000 1.888489 1.398518 2.466149 4.821858 10.228897 0.196789
144 49.387970 24.234493 0.000000 1.723255 1.434730 2.582119 5.161861 11.207326 0.219823
