%% Trajectory 25
%% frame x (pixel)     y (pixel)    z (pixel)      m0         m1           m2           m3           m4           s 
75 39.462704 54.132370 0.000000 0.764084 1.412623 2.561032 5.240081 11.777667 0.224903
76 39.274082 54.276207 0.000000 0.783317 1.277819 2.068982 3.686287 7.094453 0.200181
77 39.645866 54.572502 0.000000 0.799948 1.324929 2.208096 4.056212 8.061852 0.220759
78 39.601078 54.181759 0.000000 1.108020 1.352382 2.309000 4.369051 8.981184 0.250000
79 39.448059 54.160816 0.000000 0.894313 1.311813 2.196064 4.092473 8.336972 0.250158
80 39.379364 54.505142 0.000000 1.046477 1.399790 2.461263 4.807051 10.213454 0.424393
81 39.236084 54.246441 0.000000 1.168498 1.450887 2.650597 5.404034 12.004069 0.251727
82 39.212448 53.959789 0.000000 1.276094 1.400829 2.509063 5.038124 11.074512 0.250609
83 39.026657 54.267918 0.000000 1.216564 1.431178 2.577096 5.154223 11.189891 0.333333
84 39.147366 54.435505 0.000000 1.207000 1.352222 2.283490 4.234624 8.452700 0.200010
85 39.272945 54.608505 0.000000 1.056993 1.313096 2.175710 3.978344 7.881220 0.200461
86 39.329895 54.222084 0.000000 1.057743 1.375087 2.365693 4.501961 9.291252 0.251380
87 39.301357 54.713974 0.000000 0.867193 1.269065 2.010178 3.484617 6.496966 0.250145
88 39.155811 54.425838 0.000000 1.173450 1.362445 2.338099 4.443230 9.170304 0.166667
89 39.417233 54.305981 0.000000 1.282137 1.397633 2.461821 4.847186 10.444816 0.342369
90 39.277714 54.312054 0.000000 1.101528 1.325868 2.220661 4.128529 8.370201 0.200032
91 39.646851 54.365906 0.000000 0.801091 1.334905 2.268384 4.312386 9.005359 0.236291
92 39.381573 54.316875 0.000000 1.416706 1.420781 2.516540 4.910858 10.326872 0.204679
93 39.311405 54.164871 0.000000 1.595056 1.298227 2.122398 3.832958 7.520741 0.166667
94 39.239536 54.205093 0.000000 1.570706 1.326861 2.198381 3.993096 7.799779 0.166667
95 39.163815 54.201843 0.000000 1.546046 1.358385 2.306867 4.303260 8.641233 0.200010
96 39.165962 54.434078 0.000000 1.543861 1.352795 2.306048 4.353913 8.925356 0.209155
97 39.248150 54.239590 0.000000 1.443518 1.317857 2.200315 4.081194 8.263925 0.396855
98 39.239422 54.269386 0.000000 1.540161 1.396168 2.429054 4.656592 9.635839 0.200015
99 39.400505 54.156128 0.000000 1.565628 1.333903 2.230249 4.110005 8.195906 0.250013
100 39.441605 54.065998 0.000000 1.500359 1.448661 2.613700 5.213813 11.242803 0.499217
101 39.253334 54.257706 0.000000 1.391913 1.339911 2.239767 4.108819 8.107320 0.200000
102 39.433590 54.247498 0.000000 1.576479 1.378385 2.394366 4.633992 9.794834 0.250173
103 39.357197 54.027092 0.000000 1.403673 1.343234 2.277216 4.270530 8.684142 0.200003
104 39.487404 54.382942 0.000000 1.477211 1.286886 2.076136 3.660367 6.919243 0.200000
105 39.646702 53.956955 0.000000 1.337991 1.340972 2.285969 4.327475 8.915366 0.200000
106 39.566921 53.957451 0.000000 1.812817 1.329171 2.237109 4.163739 8.408911 0.250017
107 39.329620 53.682949 0.000000 1.262905 1.307059 2.158384 3.921047 7.690862 0.166728
108 39.096264 53.733624 0.000000 1.348280 1.303488 2.150372 3.931391 7.832903 0.200000
109 39.586876 53.586357 0.000000 1.371578 1.382521 2.420406 4.736440 10.146294 0.200000
110 39.150261 53.449680 0.000000 1.163895 1.334286 2.230631 4.110332 8.193237 0.250002
111 39.089348 52.817673 0.000000 0.964207 1.411297 2.551815 5.165899 11.425059 0.219849
112 38.648163 53.224350 0.000000 1.118065 1.425679 2.529865 4.951739 10.465127 0.307314
114 38.533245 53.171387 0.000000 1.019504 1.450976 2.669393 5.490272 12.315250 0.361083
