%% Trajectory 7
%% frame x (pixel)     y (pixel)    z (pixel)      m0         m1           m2           m3           m4           s 
27 31.295595 37.776161 0.000000 1.982557 1.304244 2.185110 4.103921 8.492096 0.243337
28 31.175346 37.633358 0.000000 2.026009 1.255563 2.004020 3.535300 6.788790 0.312953
29 31.424585 37.634171 0.000000 1.716216 1.277563 2.072779 3.724713 7.296172 0.181095
30 31.268612 37.705971 0.000000 1.821065 1.253511 1.996903 3.527020 6.811758 0.200002
31 31.275126 37.688572 0.000000 2.084181 1.278495 2.072543 3.717308 7.259298 0.250000
32 31.246300 37.701599 0.000000 2.069008 1.313795 2.201744 4.112882 8.415246 0.200000
33 31.325783 37.594940 0.000000 2.150081 1.318920 2.204232 4.105252 8.377742 0.200000
34 31.436609 37.442970 0.000000 2.300866 1.316212 2.182734 4.002797 7.977568 0.200005
35 31.328806 37.287552 0.000000 2.375999 1.255024 1.998951 3.509833 6.687012 0.204822
36 31.345201 37.155956 0.000000 2.392360 1.301531 2.143456 3.905398 7.734093 0.203924
37 31.249683 37.109257 0.000000 2.324140 1.289415 2.089797 3.713720 7.102825 0.172464
38 31.378607 37.092129 0.000000 2.544844 1.291035 2.090660 3.710688 7.087795 0.215364
39 31.345558 37.164974 0.000000 2.256517 1.306458 2.139316 3.841316 7.423757 0.143388
40 31.347763 37.028408 0.000000 2.812646 1.311880 2.163036 3.912819 7.614719 0.142857
41 31.241613 37.125263 0.000000 2.490571 1.319909 2.193640 4.020247 7.975975 0.142877
42 31.333088 37.095432 0.000000 2.678977 1.293791 2.098133 3.726701 7.114174 0.142886
43 31.276073 37.212967 0.000000 2.702124 1.265935 2.012005 3.495493 6.518018 0.166669
44 31.245161 37.001202 0.000000 2.622124 1.321684 2.215173 4.113725 8.307492 0.190164
45 31.182470 37.214226 0.000000 2.490561 1.296608 2.108316 3.758926 7.211426 0.256157
46 31.293400 37.272156 0.000000 2.637401 1.290542 2.079691 3.657875 6.888797 0.249091
47 31.271391 37.114300 0.000000 2.656801 1.320870 2.192624 4.007131 7.912698 0.143787
48 31.244116 37.077339 0.000000 2.968721 1.293604 2.109441 3.779771 7.300658 0.184964
49 31.300980 37.165573 0.000000 2.800199 1.307673 2.143282 3.849784 7.433701 0.288619
50 31.277115 37.236767 0.000000 2.767268 1.288704 2.102764 3.791792 7.429377 0.240076
51 31.288406 37.098293 0.000000 2.782686 1.337899 2.236945 4.102769 8.091910 0.167731
52 31.282972 37.309059 0.000000 2.834813 1.279383 2.053078 3.599221 6.761964 0.166667
53 31.378357 37.269505 0.000000 3.495005 1.272925 2.033978 3.551308 6.649251 0.179605
54 31.315762 37.227192 0.000000 3.457434 1.302764 2.138425 3.864970 7.556576 0.369040
55 31.319223 37.248569 0.000000 3.172503 1.279841 2.060770 3.639562 6.925365 0.166667
56 31.389277 37.428757 0.000000 2.926882 1.285227 2.077872 3.688276 7.062615 0.166668
57 31.613281 37.379078 0.000000 2.924211 1.282204 2.077193 3.716162 7.223945 0.201067
58 31.797228 37.440231 0.000000 3.219081 1.337558 2.256219 4.219120 8.587621 0.166979
59 32.023453 37.609806 0.000000 2.844086 1.307394 2.168785 3.985152 7.961114 0.234342
60 32.401993 37.787510 0.000000 3.100259 1.322845 2.216204 4.124733 8.379063 0.209113
61 32.432404 37.832283 0.000000 2.812163 1.321476 2.221991 4.167747 8.568996 0.212616
62 32.649765 37.821854 0.000000 2.624669 1.301595 2.153917 3.969826 8.017497 0.253009
63 32.676865 37.788197 0.000000 2.504221 1.274324 2.061777 3.696129 7.229553 0.202142
64 32.933857 37.756832 0.000000 2.130972 1.317818 2.188874 4.011638 7.963355 0.200000
65 33.212719 37.956722 0.000000 2.070063 1.382454 2.410731 4.667270 9.814834 0.200000
