%% Trajectory 12
%% frame x (pixel)     y (pixel)    z (pixel)      m0         m1           m2           m3           m4           s 
31 35.743217 55.457119 0.000000 2.163274 1.269446 2.047045 3.647900 7.063611 0.247355
32 35.436668 55.703423 0.000000 2.371645 1.269180 2.022639 3.531535 6.639009 0.142911
33 35.745544 55.483219 0.000000 2.654311 1.328850 2.236218 4.163820 8.406370 0.149786
34 35.515556 55.549335 0.000000 2.390199 1.256850 1.994337 3.476150 6.543846 0.281875
35 35.421005 55.499641 0.000000 3.037445 1.253935 1.976280 3.406060 6.308417 0.143607
36 35.455391 55.451351 0.000000 3.429008 1.253752 1.976074 3.405313 6.305016 0.175586
37 35.492447 55.554230 0.000000 3.165749 1.244896 1.955021 3.358643 6.204025 0.210964
38 35.485622 55.650826 0.000000 3.632256 1.264033 2.004983 3.476165 6.470117 0.200001
39 35.556637 55.646011 0.000000 4.029704 1.245302 1.954285 3.353802 6.186870 0.200000
40 35.401947 55.561092 0.000000 3.926821 1.248047 1.959964 3.368161 6.228545 0.250000
41 35.290020 55.607738 0.000000 4.142010 1.249213 1.964523 3.378151 6.242907 0.250000
42 35.449356 55.663960 0.000000 4.571795 1.248460 1.959322 3.363264 6.208184 0.250010
43 35.336445 55.524567 0.000000 4.559164 1.262035 1.999449 3.462937 6.440640 0.250000
44 35.421406 55.600811 0.000000 4.280166 1.249517 1.964870 3.379217 6.247458 0.200000
45 35.466660 55.519032 0.000000 4.476177 1.247624 1.961359 3.371768 6.229425 0.200000
46 35.450859 55.629356 0.000000 4.488924 1.261725 1.999635 3.463566 6.439948 0.250000
47 35.517441 55.629192 0.000000 4.324370 1.252977 1.974232 3.401165 6.296183 0.166667
48 35.533527 55.608974 0.000000 5.257611 1.257520 1.988936 3.439298 6.387432 0.166670
49 35.592094 55.686672 0.000000 5.305506 1.271530 2.042546 3.615638 6.939968 0.200090
50 35.420933 55.615143 0.000000 5.212183 1.259172 1.990961 3.440712 6.385006 0.200012
51 35.341961 55.608311 0.000000 4.977870 1.277377 2.053511 3.628807 6.930892 0.166670
52 35.321167 55.577839 0.000000 5.018731 1.272175 2.026959 3.528714 6.590736 0.166667
53 35.282101 55.568298 0.000000 4.941733 1.300243 2.132045 3.862515 7.601173 0.200000
54 35.437279 55.311371 0.000000 4.795930 1.310025 2.158583 3.916814 7.685854 0.200000
55 35.418087 55.191303 0.000000 4.961960 1.362867 2.338102 4.443176 9.171385 0.200000
56 35.549343 55.073109 0.000000 5.175886 1.372226 2.367099 4.519392 9.354763 0.202747
57 35.680344 54.847553 0.000000 4.670915 1.402046 2.479878 4.888516 10.511834 0.284554
58 35.769516 54.738258 0.000000 4.575217 1.432336 2.594077 5.260549 11.670898 0.170399
59 35.740032 54.696636 0.000000 4.340601 1.414562 2.539471 5.110977 11.271520 0.200190
60 35.860600 54.400967 0.000000 4.422241 1.455790 2.675138 5.498022 12.340348 0.166667
62 35.080379 53.959354 0.000000 3.047292 1.419978 2.593387 5.333645 12.026282 0.142858
