%% Trajectory 25
%% frame x (pixel)     y (pixel)    z (pixel)      m0         m1           m2           m3           m4           s 
85 57.120201 40.497452 0.000000 0.475141 1.321201 2.202954 4.094145 8.328506 0.355617
86 57.505642 40.414104 0.000000 0.531330 1.306744 2.137360 3.836312 7.419134 0.201485
87 57.318901 40.316971 0.000000 0.561606 1.275693 2.039602 3.562248 6.670082 0.268494
88 57.559536 40.225773 0.000000 0.670523 1.318128 2.195978 4.061489 8.196005 0.256802
89 57.577705 40.419304 0.000000 0.559876 1.265669 2.029384 3.586498 6.877567 0.250164
90 57.355637 40.235378 0.000000 0.884413 1.273562 2.032283 3.543492 6.627218 0.292174
91 57.387806 40.068745 0.000000 0.966699 1.316301 2.183797 3.999934 7.942026 0.346249
92 57.317833 40.350426 0.000000 0.973326 1.266392 2.017324 3.512597 6.563025 0.278789
93 57.236942 40.329044 0.000000 0.981352 1.283527 2.059546 3.608637 6.775141 0.250022
94 57.169788 40.515430 0.000000 0.942338 1.298121 2.107008 3.734605 7.088190 0.251068
95 57.276627 40.337433 0.000000 0.876449 1.252306 1.965563 3.372566 6.220768 0.200016
96 57.412598 40.223782 0.000000 1.023889 1.293688 2.092652 3.694547 6.981589 0.219101
97 57.486313 40.349907 0.000000 1.025949 1.259257 1.993021 3.449053 6.411357 0.250000
98 57.169136 40.159569 0.000000 1.109497 1.328986 2.212071 4.048096 7.983811 0.227191
99 57.351208 40.066460 0.000000 1.247029 1.318308 2.172893 3.923078 7.606577 0.370889
100 57.223114 40.195076 0.000000 1.255021 1.351260 2.279816 4.233253 8.488425 0.203039
101 57.277428 40.158585 0.000000 1.540274 1.317669 2.178565 3.959078 7.757817 0.315818
102 57.393784 40.150608 0.000000 1.198370 1.306925 2.133866 3.812780 7.314874 0.175799
103 57.440952 40.185253 0.000000 1.386697 1.292429 2.086012 3.674694 6.929821 0.204534
104 57.230301 39.978058 0.000000 1.648031 1.396280 2.454635 4.792213 10.167422 0.200004
105 57.347496 40.009491 0.000000 1.657957 1.326256 2.219647 4.106677 8.240325 0.200461
106 57.345798 40.019176 0.000000 1.633700 1.334007 2.236758 4.141954 8.313683 0.228849
107 57.228180 39.979908 0.000000 1.880481 1.368658 2.367563 4.549419 9.513992 0.211368
108 57.264626 40.015644 0.000000 1.719643 1.354969 2.326519 4.447640 9.278868 0.200964
109 57.357689 40.008793 0.000000 2.125979 1.337656 2.268281 4.277113 8.800712 0.203125
110 57.279072 39.777973 0.000000 2.125283 1.373659 2.361736 4.481798 9.204049 0.202628
111 57.308884 39.736046 0.000000 2.167726 1.337852 2.229112 4.069129 7.980141 0.299782
112 57.454468 39.510990 0.000000 2.308754 1.353581 2.296265 4.305287 8.755519 0.283018
113 57.343113 39.512249 0.000000 2.336296 1.345065 2.263899 4.194346 8.392862 0.250000
114 57.349461 39.371845 0.000000 2.145130 1.418597 2.506886 4.893667 10.333378 0.250003
115 57.149967 39.357254 0.000000 1.772196 1.425434 2.529691 4.959581 10.516029 0.267267
116 56.999355 39.195908 0.000000 1.731435 1.442710 2.599546 5.192605 11.237396 0.250159
117 56.880943 39.036633 0.000000 1.796346 1.421438 2.550487 5.102523 11.121552 0.250114
118 56.676777 38.534061 0.000000 1.750337 1.464230 2.644599 5.252388 11.224157 0.250000
119 56.689060 38.315033 0.000000 1.727215 1.527602 2.878609 5.991385 13.452229 0.250000
120 56.646000 38.927086 0.000000 1.413239 1.463811 2.702155 5.580965 12.578433 0.200162
122 55.871674 39.220436 0.000000 1.038732 1.601276 3.182501 7.008058 16.632446 0.250002
125 55.991543 37.967175 0.000000 0.946268 1.472930 2.742594 5.716343 12.998811 0.250000
127 55.823391 38.440617 0.000000 0.981688 1.404132 2.456150 4.740794 9.890902 0.251850
