%% Trajectory 23
%% frame x (pixel)     y (pixel)    z (pixel)      m0         m1           m2           m3           m4           s 
131 39.067585 39.719009 0.000000 1.614116 1.437881 2.593852 5.187928 11.235323 0.405052
132 39.263668 39.772198 0.000000 1.411253 1.326993 2.186486 3.946975 7.659947 0.413319
134 38.806938 39.930099 0.000000 1.810245 1.374664 2.372431 4.522893 9.328793 0.280530
135 39.088699 39.932003 0.000000 2.156648 1.421213 2.517915 4.916966 10.352763 0.250000
136 38.972679 39.727726 0.000000 2.459637 1.372758 2.358627 4.470450 9.151136 0.333335
137 39.119034 39.742626 0.000000 2.576843 1.392237 2.411914 4.596701 9.438535 0.333736
138 39.078999 39.635735 0.000000 2.822100 1.376770 2.369819 4.488908 9.163795 0.333610
139 39.006710 39.830215 0.000000 2.963135 1.406113 2.483794 4.859316 10.298492 0.333333
140 38.798985 39.856243 0.000000 2.780336 1.345878 2.296279 4.361642 9.047807 0.251471
141 38.787273 39.630928 0.000000 3.437004 1.338725 2.235678 4.098579 8.092948 0.333334
142 38.772007 39.778061 0.000000 3.751084 1.323274 2.189986 3.972611 7.746398 0.265206
143 38.818043 39.741035 0.000000 3.184782 1.353813 2.286981 4.247395 8.501903 0.250000
144 38.757160 39.767738 0.000000 3.986113 1.365240 2.332483 4.391841 8.933367 0.569559
145 38.742439 39.704300 0.000000 4.558161 1.330372 2.211168 4.027609 7.884017 0.250000
146 38.736179 39.665508 0.000000 4.683339 1.326346 2.204514 4.029808 7.950450 0.250025
147 38.746437 39.606083 0.000000 4.575584 1.353653 2.298234 4.304301 8.720520 0.200206
148 38.796413 39.709938 0.000000 5.063712 1.343932 2.261841 4.191905 8.390584 0.200000
149 38.803719 39.644989 0.000000 5.277245 1.338407 2.239468 4.114805 8.142673 0.200000
150 38.941025 39.684799 0.000000 5.344926 1.397387 2.442881 4.718884 9.860798 0.250000
151 38.904236 39.742775 0.000000 5.461623 1.368513 2.347824 4.445789 9.104443 0.250000
152 38.937225 39.845490 0.000000 5.205176 1.394824 2.437580 4.714011 9.877355 0.200000
153 39.044178 39.686344 0.000000 5.872728 1.359045 2.313521 4.343977 8.819497 0.200000
154 39.021717 39.711872 0.000000 5.976059 1.419745 2.526078 4.975000 10.607996 0.250000
155 39.056030 39.681786 0.000000 6.218680 1.353659 2.296363 4.294295 8.679027 0.250000
156 39.112602 39.707211 0.000000 6.302602 1.370477 2.343608 4.416965 8.993806 0.200000
157 39.031250 39.636333 0.000000 6.418333 1.364149 2.330311 4.387316 8.920445 0.250000
158 39.169472 39.650852 0.000000 6.724637 1.340815 2.243809 4.119588 8.134851 0.250000
159 39.113098 39.557339 0.000000 6.042444 1.354137 2.295281 4.286447 8.646821 0.200000
160 39.177727 39.314739 0.000000 6.462092 1.328925 2.204073 4.008828 7.843526 0.250000
161 39.106880 39.371407 0.000000 5.817353 1.344332 2.252269 4.138727 8.175623 0.250000
162 39.207752 39.180767 0.000000 5.445627 1.356197 2.302918 4.311446 8.724219 0.200000
163 39.178593 39.165272 0.000000 5.747785 1.357491 2.310292 4.338135 8.811019 0.250000
164 39.221981 39.222267 0.000000 5.107440 1.360912 2.317689 4.352265 8.834435 0.250050
165 39.339279 38.877609 0.000000 5.382060 1.348725 2.290390 4.309040 8.811148 0.250000
166 39.286266 38.725765 0.000000 4.656328 1.374719 2.374551 4.548865 9.472831 0.210637
168 39.683701 39.160225 0.000000 3.966541 1.410874 2.479844 4.812859 10.101658 0.166835
169 39.742840 39.316677 0.000000 3.276456 1.404728 2.456666 4.735555 9.860378 0.166667
170 39.750973 39.296612 0.000000 3.611823 1.404526 2.470045 4.815885 10.195560 0.200011
172 39.620907 39.042400 0.000000 2.209322 1.389919 2.455883 4.862672 10.556395 0.200000
173 39.783062 38.870445 0.000000 2.476106 1.319066 2.189113 4.024038 8.052439 0.276512
174 39.834423 38.863094 0.000000 2.326819 1.369719 2.394181 4.674816 9.981257 0.200014
