%% Trajectory 7
%% frame x (pixel)     y (pixel)    z (pixel)      m0         m1           m2           m3           m4           s 
25 15.907541 49.081604 0.000000 0.842231 1.397406 2.496802 4.981984 10.818327 0.250361
26 15.752488 49.045586 0.000000 0.904558 1.358154 2.339320 4.477147 9.311458 0.474746
27 15.633672 48.892185 0.000000 1.046625 1.342536 2.285255 4.313253 8.835535 0.333333
28 15.763216 48.931484 0.000000 0.959630 1.323890 2.236659 4.212845 8.663195 0.250274
29 15.873194 48.813744 0.000000 1.146491 1.245793 1.980353 3.482845 6.669127 0.168067
30 15.783426 48.870686 0.000000 0.998054 1.237543 1.946535 3.366066 6.293889 0.213304
31 15.858162 48.840794 0.000000 1.087814 1.261827 2.025409 3.586263 6.885332 0.200000
32 15.722391 48.908039 0.000000 1.398268 1.256719 1.995136 3.473502 6.516000 0.200977
33 15.933490 48.803532 0.000000 1.592567 1.298727 2.136416 3.889967 7.705634 0.253728
34 15.807178 48.899433 0.000000 1.576254 1.291690 2.108508 3.793276 7.385947 0.200004
35 15.825129 48.964081 0.000000 1.538935 1.296764 2.126660 3.838084 7.477702 0.200585
36 15.986709 48.914673 0.000000 1.515041 1.294358 2.132754 3.881288 7.648943 0.167768
37 16.366795 48.985779 0.000000 1.614915 1.277419 2.052881 3.606891 6.794685 0.193483
38 16.522934 48.944893 0.000000 1.828379 1.256794 1.995776 3.466660 6.465626 0.205564
39 16.656212 48.907063 0.000000 1.950209 1.278089 2.056768 3.629158 6.891384 0.166710
40 16.826750 48.940266 0.000000 1.590039 1.313347 2.165980 3.920302 7.635788 0.290584
41 16.821478 48.811470 0.000000 1.838130 1.270214 2.031755 3.568355 6.761096 0.212251
42 17.388937 48.955173 0.000000 1.957631 1.316950 2.182480 3.978543 7.824294 0.201061
43 17.545795 49.554699 0.000000 1.855715 1.276256 2.046574 3.594770 6.793225 0.200117
44 17.783255 49.586002 0.000000 1.683002 1.288038 2.085775 3.714954 7.153843 0.308454
45 17.371515 49.469204 0.000000 1.518045 1.271674 2.037588 3.590515 6.843235 0.283707
46 17.961184 49.501301 0.000000 1.212725 1.332021 2.265704 4.306422 8.964914 0.174338
