%% Trajectory 21
%% frame x (pixel)     y (pixel)    z (pixel)      m0         m1           m2           m3           m4           s 
90 40.075447 20.638365 0.000000 1.600844 1.496724 2.819772 5.921947 13.516503 0.333333
92 40.247536 21.370867 0.000000 1.505679 1.460581 2.648741 5.327464 11.619386 0.333333
93 40.323715 21.409239 0.000000 1.605968 1.426800 2.541047 5.015863 10.744241 0.333333
94 40.297668 20.739384 0.000000 1.211162 1.408779 2.509588 4.997446 10.878890 0.333333
95 40.163673 20.350534 0.000000 1.540215 1.425151 2.532136 4.984470 10.641038 0.250002
96 40.087036 21.096500 0.000000 1.664394 1.473793 2.721203 5.582101 12.413184 0.333333
97 40.494049 20.745445 0.000000 1.857094 1.384420 2.419448 4.681037 9.809734 0.250000
100 40.075813 21.296942 0.000000 2.552616 1.458392 2.639391 5.264158 11.312471 0.250873
101 40.242786 20.786272 0.000000 2.384721 1.529013 2.890786 6.046035 13.653726 0.250000
102 40.282463 20.794609 0.000000 2.212223 1.401121 2.456107 4.760075 9.988197 0.200009
103 40.002029 20.978420 0.000000 2.159611 1.478935 2.743062 5.638864 12.539210 0.250000
104 40.308506 21.148569 0.000000 2.463843 1.402928 2.460752 4.770659 10.013849 0.327502
105 40.357670 21.401648 0.000000 2.317198 1.423234 2.551257 5.096925 11.097439 0.200001
106 40.177956 21.303694 0.000000 2.083123 1.421622 2.525544 4.972558 10.619159 0.250004
107 40.322708 21.422632 0.000000 2.462516 1.479704 2.722577 5.538907 12.173521 0.276115
108 40.224747 21.174112 0.000000 2.430567 1.448092 2.617328 5.233445 11.316715 0.258200
109 40.081146 20.837833 0.000000 2.527174 1.502799 2.802182 5.765201 12.774862 0.333333
110 39.905308 20.861374 0.000000 2.073340 1.565866 3.046204 6.567377 15.283639 0.259039
112 40.049076 20.867294 0.000000 2.419508 1.463607 2.663384 5.353873 11.616956 0.333333
113 40.155746 20.805967 0.000000 2.357041 1.485385 2.733193 5.549282 12.149817 0.250095
115 40.294849 21.297823 0.000000 2.242946 1.465669 2.650905 5.289780 11.396981 0.250000
116 40.528492 21.712265 0.000000 2.560621 1.418566 2.518738 4.944554 10.501505 0.250000
117 40.465134 21.776762 0.000000 2.430980 1.390462 2.423522 4.676331 9.786529 0.200000
118 40.845665 21.653130 0.000000 1.896417 1.402466 2.462146 4.781718 10.057232 0.250000
120 40.724205 22.623812 0.000000 2.734635 1.370131 2.354048 4.463776 9.157607 0.200000
121 40.806149 22.599129 0.000000 2.262291 1.461843 2.655240 5.329862 11.562045 0.279836
123 40.185062 22.843054 0.000000 2.494264 1.358062 2.308022 4.330782 8.794232 0.200080
124 39.818119 22.805422 0.000000 2.352366 1.321627 2.195096 4.032523 8.045730 0.166667
125 39.801224 23.172850 0.000000 1.746275 1.346997 2.306222 4.392167 9.123169 0.177065
