%% Trajectory 26
%% frame x (pixel)     y (pixel)    z (pixel)      m0         m1           m2           m3           m4           s 
147 29.510672 29.914206 0.000000 2.382937 1.417116 2.573336 5.245637 11.684011 0.201878
148 29.406803 30.034920 0.000000 2.263543 1.478194 2.774498 5.818038 13.248544 0.247783
149 29.352198 29.915773 0.000000 2.512428 1.451755 2.641256 5.327367 11.619972 0.200053
150 29.360147 29.735352 0.000000 2.495240 1.333662 2.254416 4.227615 8.616624 0.251873
151 29.156994 29.576181 0.000000 2.669481 1.275604 2.053324 3.636365 6.962490 0.250002
153 29.297920 29.661711 0.000000 3.236738 1.323839 2.197175 4.008800 7.884318 0.201212
154 29.289450 29.725115 0.000000 3.553158 1.270896 2.032860 3.561475 6.711108 0.250053
155 29.291735 29.655939 0.000000 3.739906 1.295011 2.106071 3.761217 7.242178 0.286790
156 29.253206 29.628023 0.000000 3.775979 1.318134 2.179609 3.959220 7.748388 0.225505
157 29.248268 29.687366 0.000000 4.297544 1.279046 2.051887 3.603709 6.803779 0.266457
158 29.211821 29.624825 0.000000 4.595596 1.285319 2.076657 3.682732 7.039094 0.264493
159 29.177711 29.875914 0.000000 3.957978 1.319159 2.187400 3.993060 7.872392 0.376746
160 29.210848 29.637976 0.000000 3.811435 1.285678 2.072608 3.661911 6.963277 0.250001
161 29.183754 29.686392 0.000000 4.060463 1.328742 2.225188 4.115881 8.249890 0.352940
162 29.209778 29.889624 0.000000 3.665959 1.301310 2.147533 3.932862 7.854037 0.200007
163 29.111071 29.860548 0.000000 4.107507 1.325838 2.218479 4.102903 8.225117 0.250661
164 29.425226 29.748981 0.000000 4.180619 1.292548 2.087618 3.681309 6.952528 0.405298
165 29.199324 29.614557 0.000000 4.269693 1.313758 2.174939 3.973052 7.864999 0.250001
166 29.262774 29.810909 0.000000 4.570562 1.308500 2.147990 3.869774 7.506873 0.210820
167 29.236515 29.704323 0.000000 3.907939 1.288871 2.093064 3.741690 7.234544 0.167683
168 29.350279 29.830444 0.000000 3.833335 1.300922 2.133063 3.852894 7.529965 0.166835
169 29.408087 29.724859 0.000000 3.974983 1.287801 2.085220 3.697832 7.046732 0.166667
170 29.215963 29.704763 0.000000 3.865535 1.294780 2.107774 3.778405 7.330427 0.200011
171 29.321159 29.800520 0.000000 3.573628 1.326945 2.214244 4.075245 8.118572 0.200008
172 29.323500 29.488804 0.000000 3.847354 1.301737 2.117248 3.758382 7.139589 0.200000
173 29.238251 29.767244 0.000000 3.784619 1.279609 2.065694 3.663776 7.011058 0.200000
174 29.261028 29.822071 0.000000 3.315016 1.284763 2.081774 3.708854 7.135235 0.265522
175 29.278543 29.784866 0.000000 3.596870 1.297821 2.127405 3.847077 7.538107 0.251175
176 29.196371 29.769581 0.000000 3.825760 1.313445 2.174184 3.965678 7.820964 0.424177
177 29.292606 29.851976 0.000000 3.939981 1.303386 2.133380 3.842956 7.482389 0.250000
178 29.252668 29.775028 0.000000 4.104497 1.272424 2.042119 3.602835 6.868547 0.253298
179 29.300039 29.530390 0.000000 4.261783 1.264298 2.005871 3.483993 6.511378 0.250000
180 29.212051 29.434656 0.000000 3.372820 1.289406 2.096454 3.751876 7.262291 0.250000
181 29.424292 29.239677 0.000000 3.502270 1.287855 2.094841 3.762816 7.340757 0.250001
182 29.511835 29.264067 0.000000 3.608207 1.259330 1.995973 3.457783 6.430001 0.250000
183 29.679361 29.338902 0.000000 2.891527 1.245110 1.954159 3.364952 6.258967 0.250003
184 29.735317 29.599178 0.000000 3.108595 1.265262 2.029748 3.598351 6.941055 0.251476
185 29.966246 29.373293 0.000000 2.741100 1.316112 2.209311 4.150381 8.577611 0.392070
186 30.156158 29.116426 0.000000 2.907534 1.337613 2.271986 4.290097 8.833184 0.250312
187 30.308260 29.172400 0.000000 2.391265 1.234863 1.930349 3.306525 6.101631 0.250000
188 30.422506 28.903812 0.000000 2.699249 1.225135 1.904221 3.241758 5.945036 0.255415
189 30.220325 28.923967 0.000000 2.137616 1.325163 2.208553 4.065465 8.103999 0.250000
