%% Trajectory 18
%% frame x (pixel)     y (pixel)    z (pixel)      m0         m1           m2           m3           m4           s 
87 19.313887 40.200180 0.000000 2.046478 1.221880 1.890111 3.203239 5.854033 0.200000
88 19.505281 40.225498 0.000000 2.158861 1.268984 2.018528 3.508735 6.545090 0.200000
89 19.335604 40.355705 0.000000 1.930022 1.211797 1.857641 3.117630 5.644626 0.200000
90 19.394348 40.133366 0.000000 1.783600 1.257966 1.990776 3.446846 6.413529 0.307036
91 19.358007 40.371368 0.000000 1.956640 1.228809 1.904232 3.228347 5.894673 0.200000
92 19.322563 40.191586 0.000000 2.194854 1.252256 1.975472 3.409269 6.324252 0.200000
93 19.459053 40.207729 0.000000 2.438201 1.239291 1.934863 3.304928 6.074465 0.200001
94 19.471464 40.216190 0.000000 2.468316 1.238250 1.936736 3.314182 6.100184 0.200959
95 19.459673 40.477779 0.000000 2.615844 1.251881 1.974189 3.404020 6.305595 0.247609
96 19.432705 40.387650 0.000000 3.219612 1.242415 1.943846 3.326249 6.121950 0.201430
98 19.490364 40.398426 0.000000 2.664506 1.243266 1.944263 3.325987 6.121577 0.207125
99 19.520153 40.677902 0.000000 3.016277 1.249275 1.963591 3.375380 6.237366 0.200016
100 19.411489 40.594666 0.000000 3.650446 1.239355 1.939033 3.319993 6.116537 0.200000
101 19.302914 40.532452 0.000000 3.631417 1.250483 1.968431 3.387542 6.264145 0.212233
102 19.426485 40.578728 0.000000 3.687429 1.259501 1.991477 3.442460 6.391509 0.200022
103 19.467825 40.456844 0.000000 3.998478 1.283729 2.065383 3.633140 6.857268 0.200846
104 19.479902 40.425701 0.000000 4.468153 1.260005 1.992776 3.446172 6.401743 0.200001
105 19.434065 40.509636 0.000000 4.187699 1.231478 1.917081 3.265473 5.986941 0.255494
106 19.378040 40.447441 0.000000 4.739218 1.259392 1.990815 3.442921 6.402486 0.250000
107 19.241482 40.597282 0.000000 4.315682 1.267872 2.023523 3.545735 6.707064 0.250000
108 19.500086 40.516827 0.000000 4.765324 1.258883 1.991866 3.445465 6.400471 0.250000
109 19.391346 40.571819 0.000000 5.076809 1.265747 2.011496 3.497960 6.539366 0.200000
110 19.364553 40.507858 0.000000 5.377534 1.260991 2.003683 3.491722 6.561460 0.250000
111 19.381794 40.443188 0.000000 5.602586 1.264889 2.010772 3.498355 6.544575 0.250000
112 19.388966 40.472034 0.000000 5.838198 1.277442 2.042271 3.566408 6.677523 0.250000
113 19.600683 40.582027 0.000000 6.565940 1.329361 2.214335 4.057687 8.029078 0.200000
114 19.643761 40.359272 0.000000 6.465495 1.292856 2.100806 3.754235 7.251017 0.200000
115 19.561743 40.439991 0.000000 6.291115 1.280799 2.055211 3.603440 6.774717 0.200000
116 19.566555 40.441288 0.000000 6.078197 1.273378 2.033772 3.548181 6.637228 0.200000
117 19.447729 40.454521 0.000000 6.738276 1.285637 2.068731 3.637167 6.856807 0.250000
118 19.471125 40.549370 0.000000 6.517442 1.288989 2.075068 3.646390 6.861620 0.250000
119 19.457590 40.564560 0.000000 6.033559 1.275841 2.038475 3.557692 6.657642 0.200000
120 19.496300 40.450047 0.000000 6.598143 1.286133 2.070147 3.642073 6.874115 0.250000
121 19.507132 40.587772 0.000000 6.633782 1.282475 2.056833 3.601997 6.759212 0.250000
122 19.513077 40.496361 0.000000 6.406027 1.283007 2.059719 3.610554 6.780731 0.250000
123 19.504620 40.568321 0.000000 6.143767 1.270945 2.026250 3.528977 6.591157 0.250000
124 19.452305 40.644783 0.000000 6.425358 1.269227 2.019182 3.510159 6.547602 0.200000
125 19.504068 40.514786 0.000000 6.329830 1.279523 2.049923 3.586655 6.725648 0.200000
126 19.516739 40.440746 0.000000 5.959574 1.280996 2.054754 3.599091 6.754797 0.200000
127 19.495615 40.509884 0.000000 5.938394 1.270171 2.023914 3.522947 6.576536 0.200000
128 19.638121 40.534492 0.000000 6.448886 1.295050 2.097688 3.715886 7.064190 0.250000
129 19.701433 40.477047 0.000000 6.819525 1.308187 2.135375 3.805855 7.260849 0.250000
130 19.893770 40.161568 0.000000 6.187270 1.349186 2.279423 4.232903 8.464171 0.200000
131 19.875233 40.190727 0.000000 6.433677 1.342269 2.256321 4.168993 8.295921 0.200000
132 20.036680 40.231224 0.000000 5.922078 1.370707 2.350899 4.447402 9.094778 0.250000
133 20.146648 40.091209 0.000000 5.810772 1.360418 2.317608 4.346646 8.793049 0.250000
134 20.299128 40.020508 0.000000 5.356678 1.349466 2.305259 4.380475 9.079334 0.250000
135 20.515528 40.087097 0.000000 5.116821 1.354894 2.323650 4.420172 9.139026 0.250000
136 20.811428 39.781475 0.000000 4.776189 1.331010 2.224015 4.090786 8.125194 0.250000
137 20.653950 39.696434 0.000000 4.153592 1.282673 2.070386 3.677886 7.071048 0.200000
138 20.867373 39.415096 0.000000 3.819519 1.304894 2.131540 3.807833 7.294106 0.200000
139 20.941816 39.250446 0.000000 3.361313 1.307572 2.162909 3.951550 7.825498 0.321649
140 21.170042 38.972702 0.000000 2.939039 1.300413 2.146503 3.929051 7.831406 0.305945
141 21.326639 39.408539 0.000000 2.903071 1.320338 2.213239 4.121688 8.376081 0.573046
143 21.697355 39.397247 0.000000 1.855184 1.446400 2.688828 5.619086 12.849668 0.200400
144 21.688293 39.915443 0.000000 1.697039 1.502716 2.894033 6.270304 14.833125 0.200005
147 21.368261 40.402710 0.000000 1.197535 1.394896 2.502043 5.106563 11.562358 0.250000
