%% Trajectory 18
%% frame x (pixel)     y (pixel)    z (pixel)      m0         m1           m2           m3           m4           s 
70 25.354145 20.313391 0.000000 0.714877 1.191682 1.817633 3.065461 5.657972 0.333333
71 25.675091 20.302191 0.000000 0.931566 1.336560 2.259277 4.244795 8.705002 0.276571
72 25.885983 20.488319 0.000000 0.936199 1.297880 2.127819 3.870799 7.685272 0.333333
73 25.939659 20.471092 0.000000 0.789795 1.288412 2.100160 3.778088 7.370402 0.333333
74 25.868788 20.526686 0.000000 0.934175 1.300898 2.175209 4.079262 8.435771 0.333333
75 26.336573 20.772808 0.000000 0.930597 1.391775 2.439011 4.737368 9.994280 0.333333
76 26.301804 21.246887 0.000000 0.867101 1.412479 2.508808 4.946115 10.590343 0.333333
77 26.186178 21.474432 0.000000 0.820761 1.464788 2.676331 5.437963 11.999170 0.333333
78 26.275265 21.688410 0.000000 1.050851 1.379971 2.420398 4.754004 10.240053 0.454425
79 26.336128 21.629824 0.000000 1.041485 1.427545 2.568874 5.163358 11.335866 0.377795
81 27.693439 21.576651 0.000000 0.647639 1.359311 2.406459 4.851711 10.874992 0.277130
