%% Trajectory 17
%% frame x (pixel)     y (pixel)    z (pixel)      m0         m1           m2           m3           m4           s 
26 15.929613 44.828007 0.000000 1.329738 1.311197 2.196709 4.093425 8.322422 0.173438
27 16.233198 44.568119 0.000000 1.447150 1.306631 2.170963 4.012714 8.113646 0.200035
28 16.099070 44.598446 0.000000 1.685151 1.251321 1.979585 3.430849 6.401138 0.200167
29 16.145418 44.953247 0.000000 2.178132 1.335016 2.250717 4.194969 8.472766 0.341052
30 16.430376 44.857262 0.000000 1.660828 1.239669 1.946075 3.348069 6.207878 0.200002
31 16.233730 44.817776 0.000000 2.272366 1.299484 2.150517 3.948152 7.896253 0.318312
32 16.274572 44.751736 0.000000 2.072193 1.243779 1.950001 3.344009 6.166680 0.201293
33 16.421759 44.822842 0.000000 2.843647 1.252872 1.986481 3.465755 6.549895 0.200001
34 16.346270 44.717590 0.000000 2.947257 1.295982 2.100137 3.717915 7.054135 0.246176
35 16.378927 44.700470 0.000000 3.102084 1.251883 1.975909 3.410172 6.322584 0.200249
36 16.448488 44.651592 0.000000 3.373955 1.288632 2.079200 3.662538 6.907191 0.200410
37 16.472298 44.708881 0.000000 3.496692 1.290180 2.098493 3.762822 7.313957 0.250670
38 16.540104 44.719681 0.000000 3.861217 1.292353 2.086056 3.674295 6.926725 0.250000
39 16.442862 44.791790 0.000000 4.299659 1.304457 2.126416 3.791860 7.255157 0.250000
40 16.428949 44.600262 0.000000 4.269464 1.306194 2.130622 3.795096 7.238593 0.250000
41 16.679888 44.567879 0.000000 4.738256 1.275336 2.039787 3.567483 6.699273 0.333333
42 16.529640 44.540924 0.000000 5.566859 1.300757 2.110340 3.734478 7.067576 0.333333
43 16.575226 44.661816 0.000000 5.338420 1.286604 2.072054 3.642523 6.856053 0.333333
44 16.504957 44.492775 0.000000 5.490248 1.288787 2.077766 3.655662 6.884758 0.333333
45 16.586763 44.559093 0.000000 5.269458 1.285536 2.065175 3.621647 6.802850 0.333333
46 16.734411 44.513889 0.000000 5.142510 1.297446 2.101680 3.713295 7.016640 0.333333
47 16.811228 44.437149 0.000000 5.822410 1.306717 2.125621 3.770543 7.150130 0.250000
48 17.018408 44.494717 0.000000 5.358630 1.329003 2.223884 4.108657 8.222942 0.250000
49 17.342815 44.519661 0.000000 5.805700 1.297429 2.100813 3.711567 7.017080 0.200000
50 17.470234 44.649956 0.000000 5.435321 1.291350 2.084076 3.673135 6.935733 0.250000
51 17.569292 44.746578 0.000000 5.458622 1.301706 2.117864 3.768033 7.193248 0.200000
52 17.830797 44.924126 0.000000 5.238775 1.360330 2.312654 4.320931 8.688976 0.250000
53 18.067137 44.861752 0.000000 5.232588 1.376270 2.383281 4.569791 9.502426 0.250000
54 18.238884 45.059628 0.000000 5.127858 1.379883 2.381517 4.544591 9.395378 0.250000
55 18.377264 45.245979 0.000000 4.856340 1.361269 2.316910 4.338091 8.755241 0.250000
56 18.510775 45.257225 0.000000 4.460637 1.306845 2.136098 3.819546 7.329417 0.250000
57 18.788342 45.161808 0.000000 4.034603 1.474754 2.693902 5.427958 11.793503 0.250000
58 19.219368 45.051376 0.000000 3.374349 1.405318 2.487089 4.891284 10.456601 0.250000
60 19.039970 44.939209 0.000000 2.189039 1.527657 2.924387 6.221192 14.324365 0.250000
