%% Trajectory 34
%% frame x (pixel)     y (pixel)    z (pixel)      m0         m1           m2           m3           m4           s 
131 53.421974 56.221363 0.000000 1.321091 1.339762 2.234857 4.087683 8.041259 0.239401
133 53.554344 55.965405 0.000000 1.350582 1.384591 2.407714 4.628060 9.626730 0.206051
134 53.396496 55.901505 0.000000 1.316274 1.323528 2.192354 3.978987 7.760436 0.190456
135 53.296280 55.830276 0.000000 1.585453 1.419946 2.504336 4.853166 10.115664 0.358578
136 53.509754 55.881298 0.000000 1.666605 1.306063 2.127395 3.785518 7.218165 0.166716
137 53.343807 55.789417 0.000000 1.753672 1.441947 2.587117 5.113843 10.892373 0.184007
138 53.371498 55.573406 0.000000 1.737882 1.360471 2.322595 4.371756 8.894741 0.365307
139 53.472950 55.998180 0.000000 1.911056 1.372304 2.354674 4.449733 9.070934 0.323841
140 53.637722 55.610672 0.000000 2.121015 1.340374 2.251321 4.163876 8.322865 0.195144
141 53.510586 55.777683 0.000000 2.201768 1.349097 2.279067 4.240974 8.526855 0.311736
142 53.544399 55.681839 0.000000 2.292506 1.346944 2.252170 4.118083 8.072602 0.178096
143 53.429478 55.677906 0.000000 2.779501 1.329070 2.190485 3.931973 7.530666 0.171222
144 53.451752 55.633778 0.000000 2.689089 1.314312 2.149163 3.829583 7.286934 0.172454
145 53.588829 55.449577 0.000000 2.411882 1.368247 2.340996 4.413994 8.995301 0.515136
146 53.471394 55.401440 0.000000 2.801380 1.308335 2.131524 3.791012 7.219322 0.166667
147 53.350594 55.341919 0.000000 2.685669 1.306110 2.131800 3.799320 7.249978 0.200050
148 53.313805 55.180733 0.000000 3.100717 1.368370 2.326615 4.335759 8.675704 0.200000
149 53.413124 55.081627 0.000000 2.772276 1.333172 2.218116 4.047636 7.944393 0.205137
150 53.303936 55.089523 0.000000 2.492642 1.362025 2.319130 4.348147 8.797523 0.250011
151 53.313976 55.106300 0.000000 2.636886 1.367965 2.334750 4.380054 8.849759 0.250000
152 53.210876 54.768177 0.000000 2.704157 1.414141 2.476629 4.755718 9.800878 0.250000
153 52.885586 54.933357 0.000000 3.053375 1.402164 2.462635 4.779342 10.031880 0.250000
154 52.951080 54.928745 0.000000 3.106065 1.400564 2.466877 4.824360 10.252825 0.250000
155 53.043083 55.228382 0.000000 2.791363 1.344829 2.266157 4.205463 8.424080 0.393832
156 52.922928 55.210949 0.000000 2.855455 1.369122 2.350427 4.451450 9.111421 0.339160
157 52.967407 55.222458 0.000000 2.802526 1.332095 2.240457 4.161026 8.367553 0.253912
158 52.929844 55.280308 0.000000 2.920713 1.313417 2.174424 3.975669 7.884230 0.201843
159 52.915314 55.226395 0.000000 3.129572 1.312649 2.173577 3.969755 7.845962 0.359473
160 53.028988 55.356647 0.000000 2.865301 1.329306 2.211209 4.037453 7.933997 0.250000
161 52.961670 55.228584 0.000000 2.597328 1.355037 2.314227 4.373227 8.962931 0.250000
162 53.000462 55.389709 0.000000 2.984781 1.302522 2.137837 3.857177 7.503819 0.333333
163 53.029358 55.235207 0.000000 2.742525 1.339904 2.248550 4.148354 8.243941 0.333333
164 53.004799 55.224331 0.000000 2.938699 1.349296 2.286448 4.267828 8.597105 0.333333
165 53.021011 55.195133 0.000000 3.169314 1.362782 2.330264 4.398107 8.975542 0.333333
166 52.875134 55.102558 0.000000 3.083079 1.359328 2.324221 4.392421 8.990544 0.500000
167 52.600208 55.116806 0.000000 3.051398 1.289057 2.076477 3.651111 6.874101 0.333333
168 52.617878 55.178001 0.000000 2.924300 1.293777 2.092297 3.699039 7.014287 0.333333
169 52.506592 54.899837 0.000000 3.066655 1.319139 2.178609 3.949248 7.708279 0.250000
170 52.435001 54.752441 0.000000 2.581503 1.314950 2.158929 3.877584 7.473297 0.250000
171 52.280621 54.630749 0.000000 2.709309 1.313767 2.154339 3.863829 7.435174 0.200000
172 52.292599 54.463825 0.000000 2.034138 1.292208 2.094723 3.721810 7.116744 0.166667
173 51.996769 54.386696 0.000000 1.790258 1.419831 2.517182 4.922606 10.382094 0.274200
174 51.952679 54.122108 0.000000 2.025611 1.443289 2.617985 5.274556 11.522436 0.200000
175 51.612244 53.778381 0.000000 1.986396 1.417421 2.503116 4.892571 10.366646 0.200001
177 51.589962 54.117401 0.000000 1.314126 1.452332 2.629967 5.264659 11.381484 0.200864
178 51.313137 53.809040 0.000000 1.316727 1.508436 2.840971 5.940893 13.450489 0.201186
