%% Trajectory 18
%% frame x (pixel)     y (pixel)    z (pixel)      m0         m1           m2           m3           m4           s 
88 52.527382 33.332794 0.000000 2.281059 1.190629 1.800736 2.980386 5.325411 0.250000
89 52.346008 33.276169 0.000000 2.691473 1.244454 1.953912 3.356694 6.200654 0.250000
91 52.398907 33.280647 0.000000 2.536192 1.208108 1.844534 3.082694 5.560217 0.200256
92 52.440182 33.427303 0.000000 2.486869 1.234089 1.937936 3.372389 6.423348 0.166667
93 52.337978 33.415550 0.000000 3.052229 1.287917 2.112077 3.859051 7.733609 0.197643
95 52.358002 33.422005 0.000000 2.454509 1.222795 1.908260 3.301171 6.257306 0.200000
96 52.404037 33.299580 0.000000 2.473781 1.225099 1.901771 3.246349 6.011176 0.166667
97 52.421322 33.246098 0.000000 2.355229 1.210333 1.861785 3.148453 5.774611 0.200000
98 52.415627 33.231529 0.000000 2.522032 1.201750 1.837819 3.091888 5.650446 0.166667
99 52.362720 33.233509 0.000000 2.647183 1.239708 1.935797 3.306727 6.077360 0.206277
100 52.508995 33.154358 0.000000 2.914951 1.256944 2.006028 3.524853 6.700418 0.200009
101 52.449913 33.233013 0.000000 3.078983 1.226156 1.905380 3.249982 5.992354 0.166675
102 52.311363 33.103519 0.000000 3.137828 1.293155 2.116648 3.818331 7.447350 0.241543
103 52.301662 33.229832 0.000000 2.940479 1.211085 1.867938 3.163239 5.791996 0.167403
104 52.348324 33.273232 0.000000 2.878665 1.233078 1.957213 3.468715 6.778390 0.166667
105 52.029831 33.144581 0.000000 2.799607 1.284207 2.112329 3.869541 7.752037 0.200000
106 52.116699 33.218872 0.000000 2.875133 1.266099 2.035036 3.606352 6.924741 0.166667
107 51.925343 33.353397 0.000000 2.925239 1.247595 1.969364 3.406994 6.343770 0.166435
108 51.852596 33.321434 0.000000 2.866508 1.209853 1.863281 3.152373 5.772882 0.166667
109 51.775410 33.282112 0.000000 2.746958 1.187272 1.797429 2.982706 5.351802 0.166667
110 51.511959 33.161102 0.000000 2.675526 1.228856 1.913901 3.265191 6.000741 0.166667
111 51.552464 33.185360 0.000000 2.983535 1.215062 1.879062 3.183122 5.811365 0.200000
112 51.276066 33.117512 0.000000 2.873213 1.244099 1.966031 3.420497 6.444373 0.200000
114 50.998215 33.417927 0.000000 2.791777 1.293238 2.126539 3.877861 7.703405 0.200000
