%% Trajectory 8
%% frame x (pixel)     y (pixel)    z (pixel)      m0         m1           m2           m3           m4           s 
15 50.589909 49.039806 0.000000 1.517656 1.269402 2.033543 3.570605 6.746181 0.171716
16 50.798321 48.961945 0.000000 1.907378 1.316752 2.192495 4.036378 8.059997 0.176247
17 50.900658 49.091251 0.000000 1.350357 1.282776 2.113724 3.888550 7.848564 0.166992
19 50.729923 49.063026 0.000000 2.251692 1.272286 2.040854 3.592790 6.815835 0.200001
20 50.663692 49.157234 0.000000 2.643492 1.287034 2.080720 3.682583 7.001134 0.200003
21 50.470783 49.218781 0.000000 2.589962 1.259324 1.991245 3.442299 6.391946 0.202027
22 50.496544 49.192760 0.000000 3.130826 1.272062 2.026019 3.525767 6.582705 0.200192
23 50.570759 49.246109 0.000000 3.685529 1.275885 2.044162 3.577132 6.708395 0.200000
24 50.449123 48.998524 0.000000 3.888532 1.298286 2.121754 3.810589 7.383349 0.254361
25 50.653378 49.168789 0.000000 4.093330 1.293360 2.090668 3.689513 6.970345 0.251448
26 50.476799 48.985081 0.000000 4.692405 1.293398 2.108415 3.787284 7.365533 0.381138
27 50.639957 49.046608 0.000000 4.191613 1.324915 2.230355 4.174234 8.521115 0.204185
28 50.654533 48.923843 0.000000 4.317337 1.295440 2.119004 3.825575 7.487666 0.253891
29 50.693752 48.998528 0.000000 4.114825 1.323635 2.211151 4.080006 8.155511 0.282734
30 50.713585 48.876705 0.000000 3.809534 1.294450 2.109762 3.785729 7.344811 0.252506
31 50.496838 49.050518 0.000000 4.300434 1.300587 2.130942 3.851261 7.544145 0.546012
32 50.618324 49.132912 0.000000 3.777701 1.331131 2.219974 4.081392 8.120861 0.429132
34 50.670414 48.905556 0.000000 4.219565 1.292483 2.104229 3.768373 7.290594 0.251953
35 50.621429 48.884895 0.000000 5.022912 1.292805 2.105925 3.771602 7.289433 0.411460
36 50.646221 49.063690 0.000000 4.437625 1.320348 2.178741 3.935328 7.627181 0.250000
37 50.625629 48.918800 0.000000 4.770452 1.286612 2.082923 3.705337 7.111186 0.250003
38 50.728081 48.761772 0.000000 4.286004 1.280251 2.058579 3.627687 6.882419 0.337670
39 50.639606 48.872208 0.000000 4.361537 1.285177 2.076220 3.681691 7.037307 0.256960
40 50.635799 48.852909 0.000000 4.961232 1.275417 2.049751 3.618837 6.894845 0.250000
41 50.442223 48.927074 0.000000 5.320225 1.289775 2.088083 3.707747 7.087046 0.250000
42 50.389133 48.731449 0.000000 4.502557 1.268572 2.019137 3.511856 6.553719 0.250000
43 50.204750 48.640003 0.000000 4.655641 1.292503 2.088000 3.688492 6.993222 0.250000
44 50.008358 48.299324 0.000000 4.743528 1.351358 2.295744 4.312000 8.780836 0.250000
45 50.081909 48.366337 0.000000 4.421219 1.332808 2.217334 4.041220 7.908984 0.500000
46 50.057510 48.194832 0.000000 4.229325 1.365804 2.336386 4.405066 8.967835 0.333333
47 49.914249 48.003006 0.000000 4.077238 1.357760 2.327310 4.412014 9.057921 0.500000
48 50.053719 47.504265 0.000000 3.977096 1.344676 2.286342 4.317239 8.875938 0.333333
49 50.366257 47.693748 0.000000 3.589681 1.322706 2.189663 3.979976 7.795190 0.250000
50 50.559464 47.583084 0.000000 3.600689 1.278851 2.053792 3.611988 6.831653 0.250222
52 50.603489 48.008808 0.000000 1.784055 1.369140 2.397169 4.698559 10.088755 0.206862
53 50.345139 47.551960 0.000000 1.812901 1.240911 1.929416 3.280596 6.004721 0.250000
55 50.804249 47.382744 0.000000 1.701623 1.258269 1.998564 3.471270 6.471364 0.250122
56 51.053181 47.696518 0.000000 1.223826 1.353248 2.303707 4.323295 8.758560 0.250188
58 51.141418 47.434471 0.000000 0.955535 1.242106 1.952970 3.376629 6.321772 0.250000
