%% Trajectory 5
%% frame x (pixel)     y (pixel)    z (pixel)      m0         m1           m2           m3           m4           s 
7 18.850103 31.546202 0.000000 1.076385 1.219300 1.891437 3.236285 6.031204 0.273545
8 18.738918 31.364765 0.000000 1.079962 1.173276 1.762008 2.899003 5.158168 0.250000
9 18.821400 31.543772 0.000000 1.601346 1.242754 1.947978 3.339620 6.155401 0.259969
10 18.988707 31.506783 0.000000 1.473784 1.303843 2.161271 3.962219 7.884053 0.250641
11 18.870409 31.751112 0.000000 2.101388 1.293830 2.109588 3.779902 7.304153 0.333333
12 19.061611 31.806021 0.000000 2.221434 1.346793 2.294880 4.342772 8.944336 0.333333
13 19.098036 31.826490 0.000000 2.259328 1.326909 2.224273 4.122992 8.294817 0.333333
14 19.013975 32.119717 0.000000 2.456035 1.369003 2.368949 4.546281 9.471660 0.333333
15 18.962889 31.808922 0.000000 2.669012 1.351620 2.300704 4.324798 8.792828 0.333334
16 18.899738 31.892580 0.000000 2.947805 1.344741 2.273727 4.240063 8.546261 0.346535
17 19.003439 31.861502 0.000000 2.844148 1.367059 2.344894 4.438199 9.076714 0.333559
18 18.937445 31.899771 0.000000 3.058603 1.374906 2.379723 4.565681 9.510016 0.337387
19 19.091190 32.010666 0.000000 3.375361 1.368920 2.364639 4.524259 9.387107 0.333395
20 19.048735 31.864893 0.000000 3.283646 1.383931 2.402297 4.608300 9.565222 0.366781
21 19.064131 31.931696 0.000000 3.883802 1.406918 2.475660 4.817119 10.145663 0.333333
22 19.054518 32.033272 0.000000 3.812234 1.385764 2.423634 4.706709 9.933721 0.333333
23 18.987116 31.949989 0.000000 3.971085 1.385813 2.411591 4.638452 9.646894 0.333335
24 19.025085 32.118069 0.000000 4.597314 1.374409 2.366427 4.494387 9.217116 0.333333
25 18.954884 31.936958 0.000000 4.881381 1.368073 2.351284 4.462030 9.153275 0.250000
26 19.121796 31.915758 0.000000 5.367831 1.397287 2.432600 4.658792 9.608511 0.333333
27 19.056070 31.792425 0.000000 5.100129 1.352731 2.292848 4.283370 8.645282 0.333333
28 19.095381 31.825266 0.000000 5.478467 1.365519 2.335507 4.404998 8.975476 0.333333
29 19.169651 31.859879 0.000000 5.594998 1.364111 2.322744 4.342781 8.733627 0.333333
30 19.139536 31.686106 0.000000 5.853394 1.325894 2.200661 4.010725 7.874076 0.250000
31 19.320173 31.579725 0.000000 6.542167 1.306549 2.131740 3.800357 7.260761 0.500000
32 19.367935 31.663757 0.000000 6.120564 1.320180 2.174923 3.920278 7.583155 0.333333
33 19.743309 31.621729 0.000000 5.823494 1.336465 2.224969 4.054825 7.930126 0.250000
34 19.891846 31.687485 0.000000 5.142655 1.391754 2.417762 4.638437 9.628942 0.250000
35 19.881912 31.598824 0.000000 5.259682 1.398462 2.430346 4.643351 9.552288 0.250000
36 20.052641 31.674763 0.000000 5.339714 1.420910 2.531967 5.003985 10.729732 0.333333
37 20.283920 31.551067 0.000000 5.402192 1.392031 2.417390 4.634986 9.614970 0.333333
38 20.414974 31.678509 0.000000 5.249338 1.378028 2.368781 4.480245 9.139078 0.333333
39 20.720755 31.716377 0.000000 4.707300 1.422248 2.530812 4.986796 10.646615 0.250000
41 20.758381 31.775307 0.000000 3.382794 1.481275 2.742199 5.632799 12.531490 0.250000
42 20.761425 32.100071 0.000000 3.529054 1.531466 2.892181 6.013619 13.442289 0.250000
44 21.280699 33.518131 0.000000 2.018074 1.524692 2.880176 6.023725 13.600213 0.258468
