%% Trajectory 43
%% frame x (pixel)     y (pixel)    z (pixel)      m0         m1           m2           m3           m4           s 
114 23.681728 57.827251 0.000000 1.653838 1.321581 2.191346 4.003265 7.910981 0.250000
115 23.505999 57.817135 0.000000 1.736323 1.294486 2.129856 3.892634 7.772080 0.250000
116 23.436779 57.975025 0.000000 1.844782 1.395822 2.429279 4.666781 9.693916 0.250000
117 23.397484 58.097942 0.000000 2.165884 1.346761 2.280958 4.271895 8.684622 0.250000
118 23.674459 57.825008 0.000000 2.332251 1.353935 2.303219 4.342654 8.905560 0.200002
119 23.856724 57.642227 0.000000 2.750410 1.364879 2.331721 4.389584 8.925126 0.276598
120 23.743673 57.769371 0.000000 2.724229 1.352917 2.294497 4.295150 8.707506 0.250981
121 23.626303 57.584583 0.000000 3.145963 1.305228 2.129860 3.808656 7.324771 0.250000
122 24.005726 57.528580 0.000000 3.199998 1.418178 2.515190 4.933060 10.468092 0.333333
123 23.630661 57.811974 0.000000 3.149271 1.325782 2.199267 4.008620 7.875589 0.334576
124 23.652822 57.767567 0.000000 3.037390 1.367306 2.335794 4.402059 8.975234 0.257199
125 23.969845 57.734501 0.000000 3.490425 1.394238 2.428339 4.669613 9.704186 0.333333
126 23.632906 57.716442 0.000000 3.752429 1.355312 2.295797 4.276015 8.584296 0.333333
127 23.672043 57.306934 0.000000 3.906573 1.346720 2.257972 4.148271 8.187609 0.333333
128 23.707470 57.577694 0.000000 4.260301 1.343813 2.253187 4.154970 8.268577 0.333333
129 23.633656 57.573086 0.000000 4.129028 1.326556 2.209436 4.058783 8.075861 0.333334
130 23.723349 57.484325 0.000000 4.435802 1.336367 2.231766 4.089763 8.066626 0.333333
131 23.536041 57.424179 0.000000 4.967916 1.339187 2.228840 4.059788 7.937327 0.333333
132 23.568205 57.466022 0.000000 4.892947 1.321845 2.167894 3.873871 7.390171 0.333333
133 23.741795 57.557716 0.000000 5.048506 1.325333 2.188139 3.951858 7.654004 0.368279
134 23.729769 57.490734 0.000000 5.629220 1.357892 2.299535 4.277982 8.574057 0.333333
135 23.657839 57.496189 0.000000 5.971996 1.363251 2.312485 4.307775 8.642479 0.333333
136 23.561836 57.480637 0.000000 6.505572 1.355947 2.298605 4.294992 8.679973 0.333333
137 23.708920 57.595680 0.000000 6.644973 1.333889 2.214078 4.021360 7.836860 0.333333
138 23.715874 57.559921 0.000000 7.117982 1.344451 2.246183 4.101921 8.026576 0.333333
139 23.659706 57.538544 0.000000 7.207464 1.376193 2.355542 4.428663 8.965498 0.333333
140 23.657648 57.480106 0.000000 7.559345 1.347392 2.256354 4.138207 8.151965 0.333333
141 23.697241 57.464260 0.000000 7.696699 1.352357 2.272215 4.178979 8.247461 0.333333
142 23.881781 57.494476 0.000000 7.193074 1.381644 2.376504 4.497350 9.176025 0.333333
144 23.780460 57.319248 0.000000 7.393949 1.346846 2.269383 4.211292 8.444624 0.333333
145 24.035454 57.283806 0.000000 7.324378 1.407427 2.479902 4.833742 10.199850 0.333333
146 23.976116 57.316605 0.000000 7.382948 1.387464 2.410912 4.633615 9.648282 0.250000
147 24.264746 57.160954 0.000000 7.223069 1.379103 2.361684 4.437087 8.962241 0.333333
148 24.237087 56.863098 0.000000 6.892368 1.368634 2.338336 4.402624 8.952921 0.333333
149 24.326979 56.663754 0.000000 6.812468 1.325956 2.201043 4.021313 7.939839 0.333333
150 24.386324 56.488289 0.000000 6.496933 1.319998 2.169473 3.893976 7.483712 0.333333
151 24.343147 56.498775 0.000000 6.430274 1.329812 2.208921 4.026415 7.903389 0.333333
152 24.315231 56.135281 0.000000 5.720531 1.364366 2.312948 4.292566 8.543213 0.500000
153 24.210964 55.904114 0.000000 5.368483 1.344282 2.285140 4.313162 8.862941 0.333333
154 24.273567 55.690262 0.000000 5.907190 1.320224 2.215936 4.143688 8.481517 0.333333
156 23.426807 54.725296 0.000000 3.748047 1.271944 2.112387 3.984930 8.402233 0.200000
158 23.155363 54.920742 0.000000 2.391318 1.292322 2.217396 4.364721 9.636751 0.200000
