%% Trajectory 22
%% frame x (pixel)     y (pixel)    z (pixel)      m0         m1           m2           m3           m4           s 
146 59.922504 32.364964 0.000000 2.102605 1.303050 2.124973 3.790341 7.250490 0.200000
147 60.077927 32.407185 0.000000 2.309929 1.290432 2.118120 3.864112 7.708138 0.200000
148 60.110752 32.362797 0.000000 2.383096 1.293256 2.106552 3.775640 7.316983 0.200000
149 60.062939 32.410934 0.000000 2.084945 1.314427 2.190220 4.062469 8.248070 0.200003
150 60.115456 32.244682 0.000000 2.108640 1.321709 2.207090 4.078326 8.183342 0.200003
152 60.241352 32.250809 0.000000 2.654592 1.256207 1.995882 3.491206 6.619510 0.250000
153 60.196800 32.520031 0.000000 2.690940 1.282426 2.061152 3.625458 6.852512 0.250000
154 60.077282 32.337379 0.000000 2.790936 1.280506 2.070451 3.688625 7.115933 0.250000
155 60.182331 32.043694 0.000000 2.919881 1.361781 2.320989 4.364445 8.872705 0.250000
156 60.143314 32.258614 0.000000 2.849521 1.314385 2.159883 3.890426 7.533103 0.250000
157 60.039806 32.389057 0.000000 2.797580 1.326777 2.211356 4.058309 8.045890 0.250000
158 60.159897 32.152187 0.000000 2.913641 1.366634 2.341362 4.426999 9.053233 0.260871
159 60.237190 32.155163 0.000000 3.428523 1.323073 2.192688 3.992939 7.834914 0.250185
160 60.400673 32.175373 0.000000 3.478072 1.282155 2.060911 3.620433 6.820910 0.200054
161 60.324703 32.296124 0.000000 3.640707 1.309549 2.146330 3.850374 7.414979 0.237664
162 60.290512 32.186050 0.000000 3.913606 1.320106 2.177537 3.937439 7.653587 0.212885
163 60.368492 32.227436 0.000000 3.503206 1.308332 2.142468 3.845888 7.426778 0.291741
164 60.302666 32.041134 0.000000 3.928324 1.346562 2.270182 4.209476 8.415564 0.200000
165 60.286400 32.059090 0.000000 4.398304 1.324264 2.195167 3.990197 7.795184 0.166667
166 60.422947 32.116695 0.000000 4.127450 1.287061 2.071468 3.644289 6.877995 0.200000
167 60.384575 32.125671 0.000000 4.114076 1.303134 2.125695 3.798244 7.292513 0.166667
168 60.250782 32.096821 0.000000 4.508150 1.336919 2.235853 4.118363 8.194060 0.142857
169 60.341137 32.082809 0.000000 4.921696 1.327014 2.201181 4.003188 7.828246 0.142857
170 60.361279 31.969496 0.000000 4.612912 1.336533 2.233135 4.101154 8.121360 0.142857
171 60.370029 31.930632 0.000000 4.533840 1.332126 2.223105 4.086137 8.119419 0.166667
172 60.255539 31.745842 0.000000 4.572749 1.327418 2.201795 4.013202 7.887767 0.166667
173 60.298897 31.873825 0.000000 4.477175 1.344475 2.250122 4.120197 8.087109 0.166667
174 60.173218 31.773924 0.000000 4.285491 1.350179 2.279486 4.231580 8.467101 0.166667
175 60.177486 31.469307 0.000000 4.107903 1.309808 2.148808 3.868572 7.504334 0.166667
176 59.834156 31.495653 0.000000 3.764454 1.339993 2.258995 4.215127 8.548721 0.142857
177 59.654282 31.238934 0.000000 3.986115 1.336554 2.250487 4.194530 8.495456 0.142857
178 59.703785 31.151499 0.000000 3.820849 1.361227 2.324862 4.388538 8.976602 0.166667
179 59.539486 31.120560 0.000000 3.871295 1.349410 2.277350 4.228124 8.467759 0.200000
180 59.415009 30.886761 0.000000 3.724110 1.394300 2.432527 4.692776 9.802980 0.166667
181 59.248878 30.741634 0.000000 3.868633 1.392796 2.433840 4.704358 9.849897 0.200000
182 59.374947 30.604105 0.000000 3.419490 1.377898 2.373240 4.511159 9.279769 0.166672
183 59.284492 30.755720 0.000000 2.808114 1.392496 2.444869 4.776072 10.164127 0.149011
184 59.029785 30.869184 0.000000 2.472950 1.454700 2.665077 5.427844 12.004567 0.166667
