%% Trajectory 7
%% frame x (pixel)     y (pixel)    z (pixel)      m0         m1           m2           m3           m4           s 
12 45.307915 14.694953 0.000000 1.111992 1.437790 2.606950 5.274215 11.637861 0.285650
15 44.969948 14.344115 0.000000 1.387757 1.406661 2.479490 4.840706 10.240200 0.307596
16 45.178547 14.336265 0.000000 1.657505 1.464773 2.688363 5.484830 12.150584 0.260423
17 45.087948 14.411698 0.000000 1.551265 1.429222 2.552342 5.049697 10.826752 0.289565
18 45.121387 14.665345 0.000000 1.362375 1.465143 2.707268 5.589202 12.583815 0.243940
19 45.296837 14.541619 0.000000 1.394317 1.356749 2.303260 4.323665 8.808290 0.250365
20 45.221107 14.686220 0.000000 2.171339 1.398555 2.438966 4.687034 9.720163 0.251042
21 45.270870 14.695893 0.000000 1.544693 1.328201 2.213887 4.085534 8.204909 0.250004
22 45.179359 15.126457 0.000000 1.616864 1.460946 2.702578 5.589478 12.601373 0.347127
23 45.127205 15.049374 0.000000 1.736927 1.535648 2.919382 6.146137 13.976685 0.250013
24 45.169640 14.687459 0.000000 2.098592 1.424176 2.518394 4.923104 10.416445 0.250000
25 45.342178 14.656810 0.000000 2.725737 1.369390 2.342231 4.417772 9.011620 0.472933
26 45.088345 14.805088 0.000000 2.375057 1.475539 2.690108 5.397061 11.647870 0.333336
27 45.139812 14.646240 0.000000 2.677363 1.499034 2.790720 5.745411 12.771351 0.250000
28 45.136169 15.361107 0.000000 2.697503 1.549336 2.966702 6.268472 14.261739 0.500000
30 45.120651 15.222351 0.000000 2.806177 1.493878 2.789528 5.783433 12.988163 0.500076
31 45.029335 15.148453 0.000000 3.603343 1.535061 2.924628 6.173881 14.080585 0.500000
32 45.141373 15.385094 0.000000 3.296273 1.575233 3.048029 6.508291 14.959648 0.500000
33 45.190269 14.737524 0.000000 3.387143 1.507035 2.833894 5.912493 13.351703 0.250000
34 45.047482 15.094024 0.000000 2.927966 1.521756 2.882035 6.049606 13.722622 0.250001
35 44.892338 15.275141 0.000000 3.412306 1.458736 2.659050 5.383375 11.828448 0.333333
36 45.094193 15.423843 0.000000 3.459033 1.422534 2.540861 5.036663 10.835644 0.333333
37 45.146126 15.519364 0.000000 3.739891 1.468798 2.691575 5.462663 11.996037 0.250000
38 45.029282 16.044001 0.000000 3.790631 1.457839 2.659230 5.381809 11.803430 0.250000
39 45.105114 16.100786 0.000000 3.555644 1.416349 2.506560 4.902023 10.367123 0.250000
40 44.998295 16.116793 0.000000 3.245382 1.476535 2.726162 5.574504 12.322001 0.333333
41 45.024757 16.198193 0.000000 2.830859 1.413689 2.518105 4.984177 10.720749 0.333333
42 45.402245 16.745872 0.000000 2.523132 1.423001 2.540549 5.038110 10.859256 0.250193
44 46.308044 16.789961 0.000000 1.656439 1.517603 2.822606 5.773843 12.692374 0.250000
45 45.914616 16.827467 0.000000 1.398739 1.448333 2.617124 5.219059 11.219083 0.200249
