%% Trajectory 11
%% frame x (pixel)     y (pixel)    z (pixel)      m0         m1           m2           m3           m4           s 
36 30.671614 62.548634 0.000000 1.873945 1.271780 2.097773 3.904184 8.070917 0.232425
37 30.529184 62.420864 0.000000 2.023089 1.329270 2.286042 4.440497 9.546951 0.213036
38 30.556501 62.499973 0.000000 1.781780 1.275204 2.130052 4.058232 8.668686 0.201166
40 30.439005 62.411861 0.000000 1.880963 1.276364 2.157017 4.177008 9.089972 0.200001
41 30.663067 62.726463 0.000000 1.814414 1.235264 1.995938 3.658019 7.507241 0.200000
42 30.511095 62.409401 0.000000 2.150012 1.319265 2.290625 4.549373 10.099524 0.250000
43 30.659887 62.446003 0.000000 2.537667 1.268130 2.091499 3.897242 8.076531 0.273016
44 30.657156 62.451130 0.000000 2.113440 1.313030 2.239528 4.324764 9.271247 0.231181
45 30.458652 62.324951 0.000000 1.976931 1.288148 2.199626 4.319988 9.546692 0.200000
46 30.431505 62.583603 0.000000 2.146094 1.258754 2.094754 4.004725 8.647174 0.250000
47 30.534765 62.599609 0.000000 1.911845 1.326884 2.327887 4.689551 10.576617 0.250000
48 30.582788 62.480228 0.000000 2.189634 1.254638 2.059964 3.833597 7.963720 0.200000
49 30.553730 62.555836 0.000000 2.315255 1.271613 2.134930 4.102039 8.852684 0.200000
50 30.516712 62.528000 0.000000 2.399092 1.282619 2.164930 4.174721 9.022811 0.313593
51 30.609858 62.526291 0.000000 2.618026 1.256451 2.057734 3.815115 7.889421 0.204641
52 30.535744 62.518787 0.000000 2.880117 1.292549 2.187764 4.219263 9.095477 0.200016
53 30.479645 62.579391 0.000000 2.809234 1.262279 2.089235 3.942257 8.348295 0.195866
54 30.534119 62.511944 0.000000 2.990456 1.236304 2.003068 3.688906 7.622917 0.187211
55 30.619553 62.524670 0.000000 3.055894 1.259118 2.066785 3.847761 8.005143 0.166731
56 30.667810 62.550602 0.000000 2.918460 1.249855 2.036134 3.750488 7.701352 0.177439
57 30.546394 62.473991 0.000000 2.807425 1.314573 2.261447 4.440680 9.744714 0.193242
58 30.768694 62.585346 0.000000 2.992114 1.297654 2.196489 4.216124 9.005310 0.168135
59 30.761175 62.603848 0.000000 2.898586 1.321575 2.274532 4.441024 9.633359 0.169559
60 31.068085 62.534439 0.000000 3.114131 1.364601 2.399524 4.753294 10.371617 0.166869
61 30.865910 62.597797 0.000000 3.698143 1.314350 2.225309 4.242609 8.938252 0.166668
62 31.314817 62.674408 0.000000 4.079424 1.276969 2.042416 3.570162 6.695737 0.166667
63 31.329685 62.662331 0.000000 3.806986 1.290433 2.081666 3.673149 6.959426 0.167493
64 31.264265 62.719769 0.000000 4.159209 1.322951 2.188969 3.978177 7.793033 0.200023
65 31.324356 62.675369 0.000000 4.459814 1.290974 2.081364 3.664166 6.910630 0.201106
66 31.249065 62.676609 0.000000 4.594471 1.295932 2.097471 3.706442 7.014018 0.200570
67 31.394157 62.689484 0.000000 4.622210 1.338404 2.240661 4.125415 8.196630 0.190806
68 31.316296 62.643478 0.000000 4.605877 1.318076 2.170793 3.913841 7.576955 0.167396
69 31.401722 62.593464 0.000000 5.153689 1.336976 2.239467 4.133961 8.255501 0.200156
70 31.374094 62.707958 0.000000 5.105841 1.361053 2.314318 4.336659 8.784128 0.426454
71 31.366306 62.637676 0.000000 5.373288 1.348184 2.268214 4.191123 8.342847 0.201206
72 31.423920 62.642689 0.000000 5.322680 1.370564 2.340933 4.400298 8.927541 0.394311
73 31.352766 62.602787 0.000000 5.706701 1.367339 2.336173 4.399125 8.954606 0.311800
74 31.350073 62.728737 0.000000 6.090771 1.386554 2.399296 4.579156 9.447790 0.200000
75 31.334488 62.641521 0.000000 5.475372 1.403967 2.459204 4.755451 9.944961 0.268960
76 31.409317 62.603573 0.000000 5.971248 1.386783 2.404637 4.606335 9.557325 0.250000
77 31.228153 62.723728 0.000000 6.424826 1.393081 2.433239 4.708719 9.891375 0.250000
78 31.419342 62.636139 0.000000 6.250916 1.400285 2.456665 4.782247 10.122690 0.250000
79 31.504644 62.614315 0.000000 6.441326 1.406667 2.473388 4.817190 10.183808 0.250000
80 31.322624 62.598076 0.000000 6.713186 1.407005 2.484097 4.871793 10.395126 0.250000
81 30.944349 62.634186 0.000000 6.411590 1.421357 2.555543 5.134512 11.271078 0.250000
82 31.251268 62.564266 0.000000 7.114034 1.436088 2.581992 5.155496 11.186511 0.250000
83 31.319866 62.520782 0.000000 7.318615 1.427638 2.549484 5.051074 10.869125 0.333333
84 31.269255 62.484745 0.000000 7.654193 1.427269 2.557859 5.099491 11.067090 0.250000
85 31.313620 62.372272 0.000000 6.792307 1.445648 2.614051 5.251359 11.463700 0.250000
86 31.254370 62.328400 0.000000 7.102375 1.484913 2.753453 5.672855 12.680954 0.250000
87 31.220474 62.313347 0.000000 7.039409 1.497571 2.801767 5.833082 13.187600 0.250000
88 31.224279 62.224957 0.000000 6.838184 1.485830 2.752134 5.658604 12.612987 0.500000
89 31.339165 62.160431 0.000000 6.730171 1.484136 2.739253 5.603284 12.414555 0.333333
90 31.222128 62.085899 0.000000 6.678915 1.503182 2.808287 5.812200 13.012346 0.250000
91 31.130157 61.907852 0.000000 5.865837 1.509682 2.853119 5.987048 13.597959 0.333333
92 30.634384 61.892349 0.000000 5.740385 1.520156 2.872015 6.013664 13.613169 0.333333
93 30.644211 61.672001 0.000000 5.498090 1.515388 2.866751 6.026540 13.733047 0.333333
95 29.875904 61.124596 0.000000 3.879806 1.542623 2.971429 6.361944 14.749777 0.250000
96 29.913036 61.168289 0.000000 4.003677 1.503274 2.824318 5.904536 13.399313 0.200000
97 29.659601 61.052387 0.000000 3.175532 1.581813 3.088439 6.666884 15.509840 0.200000
98 29.595097 61.156837 0.000000 3.574974 1.457479 2.634782 5.257494 11.328263 0.200000
99 29.823051 61.183270 0.000000 2.849223 1.417128 2.512829 4.939455 10.537650 0.224097
100 29.793545 61.147621 0.000000 2.656957 1.451575 2.603610 5.143053 10.953571 0.200052
101 29.495794 61.085506 0.000000 2.521140 1.326213 2.190235 3.958874 7.679999 0.210484
102 29.125185 60.843887 0.000000 2.271848 1.335089 2.257461 4.239217 8.670937 0.200000
104 29.667803 60.706791 0.000000 1.338817 1.244112 1.958488 3.399926 6.416597 0.250000
