%% Trajectory 44
%% frame x (pixel)     y (pixel)    z (pixel)      m0         m1           m2           m3           m4           s 
204 34.547966 24.579681 0.000000 1.301120 1.301297 2.176708 4.095555 8.497517 0.166667
207 35.050198 24.928585 0.000000 2.218575 1.403649 2.491899 4.899018 10.424139 0.250000
208 34.944748 24.993578 0.000000 2.266700 1.436357 2.587394 5.169354 11.198249 0.166843
209 35.005154 24.793636 0.000000 2.150673 1.374562 2.390022 4.631380 9.796739 0.206915
210 34.766914 25.078775 0.000000 2.719086 1.353985 2.301524 4.312366 8.723453 0.200000
211 35.275650 24.781942 0.000000 2.574590 1.364466 2.332684 4.407255 9.029212 0.250000
213 34.826649 24.959873 0.000000 3.157047 1.419853 2.523145 4.963428 10.570293 0.250000
214 34.798553 25.228563 0.000000 3.186393 1.431189 2.528368 4.903846 10.220305 0.250000
215 35.140236 25.398373 0.000000 3.266564 1.416636 2.497823 4.863068 10.235617 0.250000
216 34.549202 25.256680 0.000000 3.354033 1.436514 2.564949 5.050075 10.729548 0.250000
217 34.614727 25.580595 0.000000 3.287209 1.419933 2.495374 4.826415 10.061648 0.333333
218 35.204929 25.418213 0.000000 3.377083 1.362928 2.313215 4.307397 8.624031 0.333333
219 35.435917 25.799589 0.000000 3.734738 1.387112 2.390643 4.534596 9.279655 0.333333
220 35.415459 26.027819 0.000000 3.198081 1.380499 2.382416 4.552008 9.432250 0.333333
221 35.224957 25.865536 0.000000 3.134493 1.400656 2.439265 4.670854 9.632185 0.333333
222 35.111774 25.907366 0.000000 3.484287 1.474128 2.688107 5.397273 11.666395 0.333333
223 35.412502 26.020948 0.000000 3.004295 1.470378 2.684839 5.421566 11.839546 0.333333
224 34.879009 26.376614 0.000000 2.681895 1.494298 2.789632 5.763841 12.863434 0.333333
225 35.065788 26.419508 0.000000 2.930670 1.421531 2.523552 4.962430 10.578137 0.250000
226 35.135967 26.137032 0.000000 2.444425 1.430474 2.584364 5.196280 11.361761 0.250001
227 34.476276 26.085846 0.000000 2.259136 1.485826 2.715580 5.461658 11.822325 0.333333
229 34.847633 26.474756 0.000000 1.632584 1.502287 2.827705 5.908350 13.373441 0.250000
