%% Trajectory 12
%% frame x (pixel)     y (pixel)    z (pixel)      m0         m1           m2           m3           m4           s 
42 43.936775 47.026356 0.000000 0.778048 1.404203 2.529853 5.080884 11.103415 0.200000
44 43.863907 47.534321 0.000000 1.341621 1.292053 2.101018 3.764989 7.306735 0.250000
45 44.180244 47.528831 0.000000 1.442494 1.300200 2.145452 3.924817 7.824002 0.333349
46 44.151943 47.341343 0.000000 1.573102 1.276566 2.059987 3.653880 6.998844 0.333333
47 44.177265 47.365463 0.000000 1.781675 1.291158 2.107197 3.798473 7.436772 0.250000
48 44.409763 47.334572 0.000000 2.183657 1.317199 2.187185 4.009182 7.961395 0.333333
49 44.363869 47.425541 0.000000 1.946324 1.287990 2.098840 3.770612 7.333404 0.333333
50 44.114388 47.564911 0.000000 2.024205 1.252156 1.984923 3.458767 6.515037 0.500000
51 43.946178 47.490395 0.000000 2.226678 1.266740 2.029321 3.583986 6.866507 0.500000
52 44.183083 47.528862 0.000000 2.329201 1.263033 2.007788 3.501229 6.586799 0.333333
53 44.259777 47.439415 0.000000 2.206711 1.212027 1.866711 3.165343 5.834721 0.333333
54 44.076660 47.461540 0.000000 2.177407 1.292485 2.115971 3.820754 7.471394 0.250000
55 44.126755 47.543007 0.000000 2.008111 1.296434 2.120260 3.820849 7.448843 0.250000
56 44.366199 47.717979 0.000000 2.587632 1.201330 1.831025 3.060377 5.533776 0.250000
57 44.524300 47.800907 0.000000 2.064600 1.239896 1.950364 3.363242 6.247535 0.250000
58 44.619652 47.748295 0.000000 1.891123 1.241814 1.955502 3.374572 6.268257 0.273418
59 44.862595 47.648560 0.000000 2.113437 1.235905 1.941179 3.342533 6.197792 0.302253
60 45.191490 47.448570 0.000000 2.489654 1.226277 1.896470 3.208714 5.847250 0.250513
61 45.359158 47.129635 0.000000 2.479101 1.294680 2.104377 3.742097 7.138343 0.250013
62 45.361874 47.186295 0.000000 1.998347 1.234219 1.925827 3.288756 6.044225 0.251392
63 45.603310 47.113579 0.000000 1.926203 1.254778 1.987404 3.457491 6.497706 0.316937
64 46.086998 46.988857 0.000000 2.243643 1.310512 2.187581 4.060773 8.219804 0.251232
65 46.086945 47.093174 0.000000 2.056060 1.325090 2.227662 4.154122 8.432487 0.266292
66 45.793171 46.903294 0.000000 1.709496 1.265535 2.046556 3.641852 6.995751 0.250056
67 45.528057 46.486191 0.000000 1.417171 1.214534 1.879300 3.188473 5.836180 0.250001
