%% Trajectory 19
%% frame x (pixel)     y (pixel)    z (pixel)      m0         m1           m2           m3           m4           s 
86 44.633915 47.768097 0.000000 3.289278 1.466115 2.686317 5.459690 12.028313 0.166667
87 44.757786 47.516727 0.000000 3.378843 1.510210 2.837231 5.908924 13.309196 0.166715
89 44.657475 47.570538 0.000000 3.025038 1.509054 2.812866 5.791277 12.863115 0.166667
90 44.732758 47.705952 0.000000 3.261285 1.513983 2.839639 5.888320 13.182879 0.166714
91 44.605186 47.736298 0.000000 3.587942 1.498958 2.787258 5.739713 12.787501 0.166667
92 44.526588 48.185242 0.000000 3.350126 1.462432 2.663626 5.373976 11.741817 0.200209
93 44.496601 47.711231 0.000000 3.389118 1.505868 2.821150 5.855695 13.146271 0.200000
94 44.672451 48.122761 0.000000 3.058156 1.519538 2.862201 5.963559 13.417010 0.250000
95 44.719971 47.616627 0.000000 3.406847 1.542117 2.936565 6.182994 14.049951 0.250000
96 44.570900 47.803261 0.000000 3.483551 1.450795 2.633830 5.307439 11.609594 0.250000
97 44.575832 47.554520 0.000000 3.724545 1.493634 2.750556 5.583508 12.222625 0.250000
98 44.660221 47.538425 0.000000 3.867468 1.520228 2.878219 6.054543 13.800378 0.250000
99 44.680206 47.598751 0.000000 3.586984 1.562167 3.009463 6.396975 14.634900 0.250000
100 44.749729 47.525440 0.000000 3.553702 1.592331 3.130118 6.813082 15.995800 0.250000
101 44.737762 47.666618 0.000000 4.360344 1.525412 2.878398 6.006329 13.531183 0.250000
102 44.559246 47.580700 0.000000 4.428954 1.503897 2.797329 5.746258 12.740630 0.250000
103 44.562729 47.558575 0.000000 5.321152 1.514704 2.833410 5.853662 13.047926 0.272856
104 44.878517 47.576458 0.000000 4.541055 1.547590 2.953452 6.234070 14.200908 0.200000
105 44.873154 47.760883 0.000000 4.691100 1.456465 2.641649 5.303954 11.527947 0.250030
106 44.873196 47.815105 0.000000 5.480585 1.473457 2.693532 5.441530 11.876974 0.200000
107 44.718243 47.733231 0.000000 5.359289 1.439283 2.585745 5.147497 11.111854 0.200000
108 44.807922 47.705105 0.000000 5.846802 1.431800 2.561386 5.075078 10.894369 0.200037
109 44.770027 47.306942 0.000000 5.438952 1.451141 2.625323 5.265496 11.452631 0.200001
110 44.832695 46.952263 0.000000 5.210547 1.459342 2.656011 5.352521 11.676041 0.250000
111 44.890816 47.165821 0.000000 4.487823 1.440529 2.577943 5.092343 10.862041 0.250000
112 44.898300 46.967129 0.000000 4.673470 1.455030 2.645171 5.331423 11.643020 0.250000
113 44.821995 46.603867 0.000000 4.695212 1.445523 2.608559 5.219308 11.326515 0.250000
114 44.914566 46.477428 0.000000 4.743388 1.437491 2.589918 5.180397 11.245908 0.250001
115 44.957077 46.112961 0.000000 4.514730 1.452997 2.630024 5.259375 11.358777 0.250088
117 44.454727 45.461197 0.000000 3.248970 1.415069 2.483451 4.782190 9.891993 0.250001
118 45.125717 45.561714 0.000000 3.103812 1.511109 2.834465 5.884384 13.204711 0.333334
120 45.611195 45.842758 0.000000 2.632445 1.402241 2.478842 4.879944 10.476300 0.250149
122 46.720634 45.681145 0.000000 1.746212 1.436640 2.597228 5.228821 11.453180 0.200000
123 46.367752 45.579155 0.000000 1.921776 1.497949 2.749155 5.552115 12.070456 0.166667
124 45.988659 45.557587 0.000000 1.206403 1.565618 3.044078 6.544718 15.149467 0.200001
