%% Trajectory 35
%% frame x (pixel)     y (pixel)    z (pixel)      m0         m1           m2           m3           m4           s 
162 17.777510 42.499493 0.000000 0.953674 1.345244 2.293004 4.346295 8.993279 0.202790
163 17.826097 42.662842 0.000000 1.131304 1.267802 2.038410 3.635682 7.091021 0.244474
164 17.625834 42.382084 0.000000 1.273355 1.251765 1.969653 3.391141 6.282301 0.250335
165 17.808615 42.299625 0.000000 1.359134 1.368336 2.335873 4.389123 8.896127 0.250312
166 17.731749 42.469563 0.000000 1.842608 1.325858 2.205251 4.050569 8.072108 0.341507
167 17.982601 42.199383 0.000000 1.938580 1.401178 2.458860 4.763491 9.972100 0.439946
168 17.806999 42.574368 0.000000 1.898282 1.317708 2.175191 3.950002 7.747794 0.427369
169 17.685234 42.431271 0.000000 2.101211 1.339889 2.260606 4.214507 8.522177 0.250000
170 17.714796 42.309319 0.000000 2.060993 1.291790 2.091223 3.703426 7.040713 0.291837
171 17.745180 42.253956 0.000000 2.289180 1.325441 2.199398 4.002788 7.835521 0.368660
172 17.553368 42.328606 0.000000 2.441252 1.326361 2.205423 4.031207 7.949523 0.355155
173 17.648720 42.375591 0.000000 3.089346 1.353650 2.289860 4.263616 8.572761 0.333333
174 17.863556 42.639023 0.000000 3.189762 1.365735 2.338112 4.427487 9.093093 0.333333
175 17.822332 42.402325 0.000000 3.243336 1.351687 2.291746 4.293141 8.721412 0.333333
176 17.602917 42.495056 0.000000 3.297741 1.277678 2.050252 3.603415 6.813204 0.333333
177 17.688297 42.444946 0.000000 3.325197 1.315285 2.167000 3.919453 7.639923 0.333333
178 17.724152 42.339424 0.000000 3.021095 1.311213 2.158043 3.908242 7.649925 0.250000
179 17.803947 42.468842 0.000000 3.158632 1.322333 2.183260 3.948291 7.672733 0.250000
180 17.778473 42.414158 0.000000 3.224483 1.342599 2.242627 4.099909 8.043851 0.333333
181 17.940760 42.641914 0.000000 3.369944 1.331796 2.241585 4.186503 8.519037 0.333333
182 18.350962 42.571350 0.000000 3.596866 1.319101 2.173404 3.917924 7.578143 0.250000
183 18.372360 42.521149 0.000000 3.645457 1.343587 2.250111 4.136050 8.186801 0.200000
184 18.475977 42.743431 0.000000 3.152388 1.355708 2.287694 4.230754 8.403702 0.200000
185 18.561367 42.628727 0.000000 3.057524 1.345212 2.264610 4.195882 8.394464 0.200000
186 18.754864 42.701435 0.000000 2.904727 1.410547 2.492637 4.880106 10.361526 0.250000
187 19.109007 42.644169 0.000000 2.513858 1.406926 2.475446 4.818207 10.158378 0.350034
189 18.799143 41.862152 0.000000 1.971398 1.464699 2.650684 5.280642 11.316186 0.260515
190 19.289698 41.903942 0.000000 1.883349 1.563856 3.047464 6.592567 15.402921 0.250000
191 19.329197 42.170803 0.000000 1.861351 1.494412 2.779629 5.742579 12.868225 0.250000
192 19.167488 41.868683 0.000000 1.435368 1.453997 2.639626 5.308208 11.553522 0.250000
