%% Trajectory 27
%% frame x (pixel)     y (pixel)    z (pixel)      m0         m1           m2           m3           m4           s 
129 24.164103 30.791132 0.000000 1.496773 1.435061 2.591728 5.186992 11.236979 0.250005
130 24.497103 30.799191 0.000000 1.722621 1.345201 2.285894 4.297697 8.762630 0.333333
131 24.392857 30.791197 0.000000 1.849658 1.371574 2.366614 4.517868 9.346033 0.333791
132 24.293045 30.548491 0.000000 1.862946 1.296915 2.101884 3.718838 7.044343 0.333333
133 24.450888 30.656479 0.000000 2.481052 1.361719 2.307057 4.276659 8.498388 0.333333
134 24.273174 30.723185 0.000000 2.380194 1.323037 2.185356 3.943109 7.615675 0.333333
135 24.531260 30.671560 0.000000 2.603519 1.396087 2.413931 4.579987 9.339494 0.333333
136 24.624342 30.414310 0.000000 2.712844 1.350836 2.265123 4.148602 8.133404 0.250000
137 24.411089 30.445215 0.000000 2.643459 1.313823 2.161556 3.884930 7.477678 0.333333
138 24.852674 30.482924 0.000000 3.012104 1.409469 2.480139 4.811970 10.073177 0.333333
139 24.787045 30.387415 0.000000 2.560016 1.381789 2.391246 4.567677 9.432783 0.333895
140 24.877068 30.296059 0.000000 2.987053 1.390737 2.427203 4.695859 9.864462 0.500000
141 24.679993 30.442719 0.000000 2.904533 1.365020 2.307453 4.262301 8.429014 0.500000
142 25.232922 30.780764 0.000000 3.227705 1.425454 2.530762 4.961179 10.512354 0.333589
143 25.142998 31.077961 0.000000 3.138566 1.499996 2.777139 5.657424 12.389258 0.254863
144 25.141003 31.178041 0.000000 2.810104 1.433463 2.550662 5.006903 10.613104 0.333334
145 25.160700 31.539906 0.000000 2.139027 1.400601 2.448897 4.721089 9.822577 0.250000
146 25.588882 31.166925 0.000000 1.894318 1.394876 2.424900 4.636013 9.534349 0.250003
147 25.705191 30.928986 0.000000 1.888799 1.491903 2.770713 5.696502 12.656506 0.261333
149 26.771034 30.309179 0.000000 1.323345 1.478268 2.718864 5.551510 12.295161 0.250987
152 26.613390 30.507751 0.000000 1.450089 1.515340 2.858864 6.001461 13.676147 0.250009
