%% Trajectory 12
%% frame x (pixel)     y (pixel)    z (pixel)      m0         m1           m2           m3           m4           s 
37 56.631321 26.072935 0.000000 1.389972 1.309839 2.174261 3.978034 7.862642 0.181762
40 56.786892 25.916828 0.000000 1.522053 1.259725 2.018395 3.560180 6.789927 0.166668
41 56.306801 26.333420 0.000000 1.662466 1.266240 2.018253 3.525481 6.632721 0.181127
42 56.510670 26.051411 0.000000 1.569810 1.311473 2.173831 3.969340 7.828434 0.203775
43 56.569515 26.097784 0.000000 1.886253 1.268973 2.020135 3.517172 6.575146 0.207051
44 56.347679 26.038399 0.000000 1.953355 1.304583 2.126501 3.781690 7.189605 0.209748
45 56.647816 26.166695 0.000000 1.648707 1.277194 2.046628 3.584911 6.735260 0.200000
46 56.582417 26.086292 0.000000 1.754953 1.294906 2.093702 3.700947 7.017470 0.250000
47 56.525116 26.019617 0.000000 1.931394 1.274194 2.060841 3.666712 7.047468 0.250000
48 56.566338 26.059191 0.000000 2.066876 1.280660 2.057685 3.614803 6.812712 0.287721
49 56.382622 25.860346 0.000000 2.312118 1.285055 2.071115 3.647992 6.888023 0.250160
50 56.618950 25.986273 0.000000 2.208713 1.281481 2.068539 3.650680 6.905513 0.250009
51 56.433437 26.008408 0.000000 2.240270 1.277607 2.067254 3.672756 7.032179 0.250000
52 56.627884 26.127068 0.000000 2.082598 1.244294 1.950477 3.346599 6.178808 0.250000
53 56.560265 25.998243 0.000000 2.262184 1.271487 2.047802 3.623304 6.913499 0.250806
54 56.518642 26.223120 0.000000 2.180688 1.226068 1.897130 3.212771 5.862353 0.250000
55 56.540070 26.129089 0.000000 2.546093 1.270740 2.026565 3.531320 6.600016 0.200019
56 56.430462 26.295956 0.000000 2.394150 1.226174 1.897178 3.211692 5.856189 0.200000
57 56.402397 26.122425 0.000000 2.972855 1.241492 1.943123 3.327917 6.132298 0.166750
58 56.200581 26.186405 0.000000 2.772874 1.256905 1.985467 3.429800 6.365586 0.201349
59 55.914894 25.982124 0.000000 2.424600 1.334054 2.259352 4.234239 8.599855 0.173544
60 55.855782 26.048306 0.000000 2.324597 1.324843 2.230186 4.156234 8.398439 0.168713
61 55.739304 26.108644 0.000000 2.656458 1.258253 1.994171 3.460308 6.455420 0.199905
62 55.688473 26.094801 0.000000 2.359493 1.264471 2.005049 3.477086 6.477164 0.282482
63 55.442570 26.284752 0.000000 2.117100 1.229102 1.919648 3.317640 6.268877 0.166747
64 54.932388 25.893517 0.000000 1.858906 1.287447 2.123323 3.892299 7.782104 0.235942
