%% Trajectory 29
%% frame x (pixel)     y (pixel)    z (pixel)      m0         m1           m2           m3           m4           s 
106 54.986217 52.222145 0.000000 2.163942 1.509414 2.838523 5.919942 13.358519 0.250000
109 55.705162 52.598064 0.000000 1.676465 1.343684 2.246938 4.121717 8.129668 0.369489
110 55.462395 52.705730 0.000000 1.957839 1.482931 2.699512 5.403255 11.634826 0.250000
111 55.628250 52.672615 0.000000 1.899192 1.441377 2.633387 5.340995 11.728940 0.250011
112 55.419567 52.343285 0.000000 1.905610 1.353176 2.299872 4.326997 8.842083 0.333333
113 55.243477 52.529133 0.000000 1.790513 1.336697 2.229186 4.081368 8.050374 0.250000
116 54.976814 52.419518 0.000000 2.417096 1.422486 2.544577 5.051275 10.878211 0.250168
117 54.985786 52.434807 0.000000 2.369365 1.456541 2.638417 5.287863 11.466749 0.250000
118 54.856773 52.277023 0.000000 2.501324 1.397313 2.434779 4.684777 9.754421 0.250000
119 55.205692 52.587307 0.000000 2.840169 1.379139 2.363317 4.439853 8.952410 0.250000
120 55.160912 52.409576 0.000000 2.420307 1.434247 2.571549 5.087185 10.850954 0.250000
121 55.339779 52.619587 0.000000 2.966413 1.269149 2.031614 3.572207 6.783352 0.250000
122 55.611469 52.615799 0.000000 2.927975 1.392960 2.410019 4.590044 9.429008 0.250000
123 55.354382 52.480286 0.000000 2.937708 1.360402 2.310477 4.308360 8.641148 0.250000
124 55.100361 52.532307 0.000000 3.366580 1.405328 2.443567 4.662569 9.561933 0.250000
125 55.394402 52.593071 0.000000 3.237240 1.363605 2.296212 4.220316 8.296078 0.250000
126 55.389351 52.626633 0.000000 3.334546 1.365425 2.326861 4.359704 8.801477 0.250000
127 55.385056 52.601601 0.000000 3.052090 1.376920 2.366246 4.471406 9.104288 0.277494
128 55.194221 52.493942 0.000000 3.569452 1.422992 2.524884 4.950106 10.496012 0.251938
129 55.173508 52.410782 0.000000 3.285113 1.447681 2.615460 5.230404 11.320969 0.251053
130 55.193867 52.589634 0.000000 3.964755 1.444155 2.582782 5.089638 10.812050 0.250000
131 55.079739 52.447697 0.000000 4.170565 1.404281 2.458657 4.752074 9.928653 0.250000
132 54.830273 52.499584 0.000000 3.505149 1.491302 2.759345 5.637177 12.421464 0.250000
133 54.674377 52.275543 0.000000 3.557181 1.431438 2.564822 5.089737 10.943651 0.333909
134 54.535084 52.307083 0.000000 3.287528 1.431655 2.561923 5.093664 11.015651 0.333411
135 54.553963 52.101822 0.000000 3.352622 1.452227 2.618315 5.202799 11.141250 0.333335
136 54.132832 52.169861 0.000000 3.824985 1.428804 2.554994 5.064916 10.885904 0.333333
137 54.050339 52.259686 0.000000 3.545150 1.443654 2.599724 5.171488 11.108043 0.451317
138 53.737942 51.994591 0.000000 3.915201 1.371537 2.359364 4.487211 9.242190 0.333333
139 53.540985 52.090755 0.000000 4.107319 1.370209 2.350025 4.439532 9.053908 0.333333
141 53.425480 52.791573 0.000000 2.163200 1.362535 2.312373 4.325840 8.749607 0.333333
142 53.261868 52.689274 0.000000 2.157013 1.378863 2.354230 4.400987 8.821407 0.333333
