%% Trajectory 4
%% frame x (pixel)     y (pixel)    z (pixel)      m0         m1           m2           m3           m4           s 
18 40.715832 23.685013 0.000000 1.438366 1.199373 1.825730 3.045281 5.488270 0.316535
19 40.874210 23.816299 0.000000 1.250077 1.170918 1.763568 2.915899 5.222489 0.333333
20 40.815723 23.634151 0.000000 1.231779 1.187863 1.794262 2.970021 5.317027 0.250082
21 41.092045 23.820961 0.000000 1.900976 1.297469 2.120296 3.809620 7.386766 0.252763
22 41.048809 23.737284 0.000000 2.174253 1.289228 2.097465 3.742133 7.180938 0.484671
23 41.068844 23.767427 0.000000 2.129320 1.298315 2.123636 3.816525 7.392060 0.254752
24 40.937675 23.822338 0.000000 2.432415 1.329516 2.215827 4.055023 7.984186 0.250000
25 40.857635 23.831789 0.000000 2.639377 1.340905 2.251232 4.151298 8.237361 0.250000
26 40.958084 23.770805 0.000000 2.619478 1.329897 2.225503 4.105818 8.185832 0.250000
27 40.941162 23.889080 0.000000 2.720264 1.352417 2.298865 4.310475 8.730783 0.250000
28 40.898594 23.733269 0.000000 2.859110 1.310488 2.145584 3.841645 7.374052 0.250000
29 41.008938 23.785603 0.000000 3.042213 1.332792 2.232038 4.112765 8.171473 0.200000
30 41.050529 23.842115 0.000000 2.842088 1.351508 2.291210 4.275909 8.604831 0.200000
31 40.894749 23.868181 0.000000 3.274488 1.366538 2.339339 4.409565 8.963140 0.200000
32 41.016529 23.812723 0.000000 3.140342 1.343676 2.269913 4.233699 8.545818 0.200000
33 41.078300 23.775982 0.000000 3.034601 1.321739 2.195155 4.013566 7.925168 0.200000
34 41.130959 23.714586 0.000000 3.161569 1.326859 2.212484 4.058203 8.029873 0.208653
35 41.154087 23.809490 0.000000 2.821108 1.327539 2.207430 4.034933 7.949864 0.220112
36 41.270004 23.795742 0.000000 3.173008 1.294255 2.099082 3.728791 7.119645 0.200000
37 41.220154 23.699900 0.000000 3.395750 1.301595 2.128213 3.833528 7.477122 0.200000
38 41.199440 23.746372 0.000000 3.342865 1.304920 2.141149 3.867242 7.551292 0.200008
39 41.197529 23.878700 0.000000 3.136447 1.311096 2.159075 3.907388 7.621563 0.201235
40 41.218395 23.881247 0.000000 2.986876 1.345100 2.273227 4.239307 8.550462 0.207624
41 41.313484 23.702152 0.000000 3.212908 1.310164 2.146808 3.846929 7.391629 0.167063
42 41.269478 23.737953 0.000000 3.088845 1.330124 2.208282 4.019291 7.863538 0.166667
43 41.221905 23.840214 0.000000 3.184818 1.341981 2.270435 4.250348 8.637870 0.167484
44 41.261322 23.898830 0.000000 3.310363 1.325969 2.202561 4.026242 7.944454 0.166667
45 41.367580 23.756939 0.000000 3.363894 1.316281 2.168436 3.917459 7.614063 0.166667
46 41.302929 23.805822 0.000000 3.366672 1.348758 2.272188 4.207473 8.398178 0.200000
47 41.253521 23.838593 0.000000 3.360331 1.368534 2.334016 4.375480 8.836511 0.200000
48 41.117531 23.911697 0.000000 3.271524 1.394251 2.431506 4.683205 9.752385 0.200000
49 41.047768 24.202553 0.000000 2.974417 1.381407 2.400271 4.624016 9.675559 0.200039
50 41.078606 24.429121 0.000000 3.178726 1.335009 2.233521 4.109662 8.155882 0.236689
51 40.873878 24.344225 0.000000 3.050898 1.358731 2.308169 4.314417 8.700170 0.212420
52 41.027161 24.656906 0.000000 3.029294 1.347841 2.277109 4.226328 8.441984 0.214424
53 40.860268 24.725380 0.000000 2.920099 1.357296 2.288208 4.220086 8.340108 0.269632
54 40.903736 24.852392 0.000000 2.637852 1.393565 2.412065 4.576291 9.314902 0.200124
55 41.104221 25.066072 0.000000 2.526620 1.372144 2.377850 4.577024 9.575875 0.200184
56 41.611816 25.621515 0.000000 2.652460 1.310808 2.155579 3.898170 7.612559 0.277022
