%% Trajectory 7
%% frame x (pixel)     y (pixel)    z (pixel)      m0         m1           m2           m3           m4           s 
16 60.282188 41.898899 0.000000 2.609176 1.500066 2.859607 6.117159 14.265217 0.200715
17 60.076847 41.823090 0.000000 2.741560 1.538389 2.975242 6.412006 14.969083 0.166667
18 60.135349 41.458328 0.000000 2.646861 1.487615 2.761248 5.681145 12.644176 0.200001
20 60.084625 41.573807 0.000000 3.029169 1.436432 2.602562 5.241847 11.455978 0.200003
21 60.096634 41.496681 0.000000 3.113939 1.399439 2.451665 4.739403 9.888737 0.201970
22 60.195415 41.449692 0.000000 3.335581 1.385615 2.395650 4.557199 9.338183 0.200019
23 60.301464 41.193623 0.000000 2.908679 1.315671 2.162806 3.889230 7.497534 0.225633
24 60.259155 41.312305 0.000000 3.083077 1.326301 2.198874 4.001696 7.840409 0.306421
25 60.254517 41.432106 0.000000 2.830438 1.398659 2.435591 4.672794 9.664977 0.145586
26 60.329395 41.318443 0.000000 3.031744 1.300723 2.108420 3.729004 7.056188 0.174368
27 60.300781 41.362312 0.000000 3.075962 1.284324 2.068666 3.641778 6.874582 0.233020
28 60.197025 41.246944 0.000000 2.902072 1.344124 2.256860 4.153758 8.208669 0.359295
29 60.144474 41.191895 0.000000 2.823685 1.332423 2.231181 4.119804 8.231465 0.209190
30 60.271725 41.268238 0.000000 3.283252 1.317865 2.174627 3.932956 7.645921 0.225959
31 60.385021 41.169292 0.000000 3.382541 1.311640 2.145329 3.833985 7.339736 0.198781
32 60.160843 41.262741 0.000000 3.183636 1.352036 2.283051 4.228628 8.419195 0.195582
33 60.242531 41.210468 0.000000 3.346524 1.290125 2.086157 3.690040 7.004446 0.217620
34 60.325478 41.285355 0.000000 2.974455 1.284915 2.066889 3.629222 6.823650 0.200067
35 60.242661 41.269276 0.000000 3.051775 1.306690 2.137405 3.836864 7.421851 0.200000
36 60.363556 41.201496 0.000000 2.802543 1.267082 2.015656 3.503316 6.532225 0.200000
37 60.383739 41.222900 0.000000 3.122011 1.276173 2.039180 3.558014 6.654086 0.200000
38 60.314407 41.182899 0.000000 3.148635 1.258808 1.994333 3.453647 6.419890 0.200000
39 60.293678 41.230572 0.000000 3.370404 1.270780 2.028209 3.537156 6.616038 0.200022
40 60.223419 41.376049 0.000000 2.956726 1.313268 2.158484 3.879687 7.476171 0.200000
41 60.301804 41.200409 0.000000 3.672390 1.280850 2.059992 3.624089 6.844498 0.290415
42 60.274036 41.124973 0.000000 3.065561 1.302268 2.143707 3.892770 7.656208 0.200000
43 60.166504 41.217068 0.000000 3.262983 1.328785 2.220177 4.097301 8.201080 0.200000
44 60.339733 41.157337 0.000000 3.027103 1.261862 2.000885 3.469817 6.463325 0.166703
45 60.350632 41.320553 0.000000 3.337147 1.254921 1.985919 3.439044 6.403165 0.166667
46 60.330265 41.008244 0.000000 2.990840 1.301571 2.135508 3.856533 7.525829 0.171797
47 60.287739 41.037994 0.000000 3.457524 1.311316 2.163564 3.925165 7.679280 0.225035
48 60.260597 40.967911 0.000000 3.096922 1.335978 2.257785 4.218095 8.536507 0.263396
49 60.353836 41.010571 0.000000 2.914568 1.299968 2.141582 3.897027 7.690248 0.200000
50 60.312321 41.230427 0.000000 3.138574 1.345415 2.302471 4.402186 9.221126 0.283029
51 60.280048 41.233727 0.000000 3.201298 1.272384 2.054030 3.660793 7.084135 0.257466
52 60.272293 41.111782 0.000000 3.054988 1.272064 2.054205 3.660868 7.078145 0.307084
53 60.361683 41.105576 0.000000 3.255637 1.325178 2.237508 4.212756 8.682464 0.166667
54 60.329433 41.163826 0.000000 3.519804 1.301814 2.162762 4.005113 8.126341 0.200000
55 60.325264 41.057640 0.000000 3.239753 1.325529 2.247778 4.261791 8.863122 0.200000
56 60.270054 41.089943 0.000000 3.700917 1.325236 2.243347 4.237355 8.760327 0.250000
57 60.365276 41.034550 0.000000 3.731813 1.317531 2.210176 4.130828 8.445777 0.200000
58 60.264320 41.125408 0.000000 4.145418 1.327986 2.244790 4.225252 8.689846 0.250000
59 60.357800 40.995235 0.000000 3.820135 1.289610 2.110130 3.832191 7.601902 0.250000
60 60.259094 41.179504 0.000000 4.247044 1.336514 2.293528 4.416088 9.351397 0.250000
61 60.270473 41.009045 0.000000 4.107207 1.315896 2.194569 4.059185 8.180072 0.250158
62 60.296158 41.074642 0.000000 4.633367 1.310671 2.179907 4.017896 8.056202 0.250205
63 60.271099 41.259430 0.000000 3.862060 1.307107 2.191705 4.117771 8.517352 0.251333
64 60.184364 41.296768 0.000000 3.829153 1.293251 2.135056 3.930810 7.938321 0.250000
65 60.179909 41.211658 0.000000 3.752853 1.294612 2.153445 4.008804 8.206961 0.252952
66 60.244499 41.389942 0.000000 4.003391 1.297280 2.139398 3.923532 7.871468 0.253771
67 60.262882 41.386044 0.000000 3.266612 1.305805 2.212196 4.237901 9.010192 0.250000
68 60.066124 41.495857 0.000000 3.904854 1.313071 2.204211 4.138691 8.539988 0.252184
69 59.876778 41.258354 0.000000 3.237811 1.266415 2.044839 3.653616 7.102931 0.250098
70 59.666061 41.280239 0.000000 2.960829 1.267418 2.044118 3.644814 7.069500 0.250002
71 59.742313 41.488174 0.000000 2.697875 1.242882 1.981691 3.518583 6.863911 0.250007
72 59.683880 41.271202 0.000000 2.278901 1.252849 2.029508 3.700531 7.491489 0.333333
73 59.502491 41.333378 0.000000 1.833683 1.351446 2.378413 4.754009 10.545115 0.262719
74 59.298946 41.254688 0.000000 1.935327 1.295281 2.179727 4.142686 8.729908 0.250436
75 59.470142 41.604706 0.000000 2.092467 1.302830 2.220339 4.320275 9.409969 0.333333
76 58.987438 41.181160 0.000000 2.009776 1.355764 2.376173 4.705103 10.282680 0.302667
