%% Trajectory 37
%% frame x (pixel)     y (pixel)    z (pixel)      m0         m1           m2           m3           m4           s 
177 39.162956 55.022121 0.000000 1.196377 1.342775 2.280863 4.278999 8.686377 0.142871
178 39.361256 54.891846 0.000000 1.467499 1.298917 2.115002 3.774383 7.245522 0.166667
179 39.244709 54.777187 0.000000 1.299239 1.257102 1.997780 3.481939 6.541017 0.200027
180 39.473412 54.956203 0.000000 1.490330 1.268217 2.032976 3.590710 6.873925 0.143142
181 39.678467 54.858162 0.000000 1.302181 1.296919 2.119002 3.805248 7.372113 0.207247
182 39.553249 55.109539 0.000000 1.549637 1.294672 2.108925 3.770024 7.256999 0.205630
183 39.404480 54.947601 0.000000 1.846758 1.321334 2.179429 3.941488 7.665494 0.317132
184 39.574680 54.947304 0.000000 1.678546 1.302981 2.141503 3.887534 7.659179 0.200073
185 39.554020 54.935329 0.000000 1.726538 1.337494 2.237368 4.104630 8.096068 0.145318
186 39.644768 54.939339 0.000000 1.884821 1.332887 2.231797 4.115315 8.195683 0.233296
187 39.354050 54.759747 0.000000 1.749124 1.260273 2.007405 3.507790 6.605794 0.201917
188 39.388744 54.957973 0.000000 1.881346 1.293941 2.116942 3.835140 7.567405 0.366589
189 39.338718 55.057922 0.000000 1.932704 1.301945 2.127179 3.805768 7.309124 0.180253
190 39.365974 54.949238 0.000000 1.702748 1.280298 2.069158 3.683141 7.093088 0.198586
191 39.333420 54.722054 0.000000 1.368392 1.244766 1.963270 3.402399 6.377239 0.143085
192 39.265289 54.894680 0.000000 1.671155 1.291951 2.115232 3.830392 7.537582 0.200860
193 39.496204 54.813938 0.000000 1.646032 1.291657 2.091320 3.698537 7.005653 0.207812
194 39.438679 54.963463 0.000000 1.451047 1.292390 2.107118 3.768437 7.249762 0.200000
195 39.266243 54.854874 0.000000 1.784816 1.274249 2.067145 3.705544 7.212229 0.237493
196 39.572216 55.042103 0.000000 1.632783 1.294847 2.105947 3.764742 7.261627 0.200537
197 39.436142 54.922279 0.000000 1.785470 1.316773 2.167849 3.913190 7.597311 0.255417
198 39.531807 55.033337 0.000000 2.186858 1.281443 2.057084 3.607632 6.781299 0.333333
199 39.675938 54.958221 0.000000 2.088905 1.329845 2.217256 4.052748 7.956331 0.250000
200 39.575397 55.042084 0.000000 1.775084 1.279024 2.053700 3.603743 6.778778 0.200003
201 39.696465 55.081852 0.000000 2.246483 1.314845 2.170977 3.932517 7.662293 0.333333
202 39.789173 55.016747 0.000000 2.017757 1.358398 2.322829 4.397625 9.030966 0.333333
203 39.598213 54.949768 0.000000 2.343059 1.296664 2.106435 3.736476 7.093376 0.333333
204 39.683247 54.914364 0.000000 2.042108 1.271014 2.042900 3.599722 6.823693 0.333333
205 39.990715 54.914188 0.000000 2.023271 1.351747 2.305858 4.355625 8.920539 0.464432
206 40.159904 54.498947 0.000000 1.818511 1.280915 2.065078 3.649761 6.942521 0.250003
207 40.045650 54.579945 0.000000 2.270313 1.313035 2.177241 4.002575 8.019400 0.333333
208 40.082710 54.456020 0.000000 1.972113 1.283097 2.061449 3.619932 6.818646 0.250396
209 40.390507 54.263596 0.000000 2.121993 1.277815 2.050409 3.608446 6.844147 0.333333
210 40.205845 54.260147 0.000000 2.201225 1.309412 2.156836 3.910110 7.662741 0.288046
211 40.681953 54.358105 0.000000 1.846644 1.284570 2.080640 3.703744 7.115127 0.321308
