%% Trajectory 38
%% frame x (pixel)     y (pixel)    z (pixel)      m0         m1           m2           m3           m4           s 
157 20.925980 40.861481 0.000000 1.381572 1.294064 2.171258 4.113735 8.634802 0.200000
160 20.715582 41.053692 0.000000 1.758607 1.406249 2.525235 5.048265 10.971524 0.250000
163 21.226654 40.832600 0.000000 2.280971 1.280396 2.081595 3.751535 7.375166 0.200000
164 21.120710 40.980904 0.000000 2.026102 1.350765 2.348184 4.556415 9.661237 0.200236
165 20.751772 40.740486 0.000000 2.226774 1.270445 2.083229 3.814100 7.666676 0.250000
166 20.692341 40.741207 0.000000 2.308393 1.282463 2.068327 3.656207 6.953724 0.200000
167 20.507793 40.740185 0.000000 2.474192 1.359610 2.357481 4.571393 9.714679 0.350867
168 20.701551 40.705296 0.000000 2.796867 1.310300 2.175030 4.022140 8.149951 0.213194
169 20.655428 40.542542 0.000000 2.768417 1.283776 2.119288 3.932914 8.076556 0.250000
170 20.825081 40.664635 0.000000 3.448069 1.295246 2.134436 3.906663 7.811046 0.250000
171 20.535885 40.492039 0.000000 3.462487 1.305578 2.164821 4.002931 8.121264 0.250601
172 20.819681 40.483212 0.000000 3.236426 1.322646 2.213807 4.124378 8.405202 0.450778
174 20.622646 40.529034 0.000000 3.068747 1.304276 2.164003 3.997556 8.085337 0.354969
175 20.520681 40.247387 0.000000 3.060119 1.372275 2.401551 4.707675 10.115902 0.270064
177 20.320312 40.400471 0.000000 3.829806 1.309868 2.166887 3.976073 7.957437 0.250001
178 20.551056 40.327148 0.000000 3.404532 1.372816 2.408469 4.745877 10.279519 0.250000
179 20.321192 40.462330 0.000000 4.032977 1.343418 2.272823 4.261953 8.693694 0.250143
180 20.240309 40.328529 0.000000 4.605908 1.389973 2.416229 4.647534 9.691938 0.250000
181 20.342655 40.354691 0.000000 4.875654 1.385963 2.413819 4.671683 9.838647 0.200000
182 20.429522 40.130016 0.000000 4.792580 1.390532 2.422003 4.665275 9.729339 0.250000
183 20.308037 40.103306 0.000000 4.956541 1.384480 2.406365 4.633323 9.677202 0.250000
184 20.446995 40.134075 0.000000 4.690996 1.398306 2.472715 4.868517 10.434991 0.333333
185 20.916193 40.137825 0.000000 4.588941 1.429788 2.587619 5.224729 11.487120 0.250000
186 20.627903 40.158054 0.000000 4.198883 1.469538 2.689550 5.453240 11.964450 0.250000
187 20.985874 40.212086 0.000000 3.951726 1.401098 2.490510 4.949423 10.743328 0.333333
188 21.255884 40.078018 0.000000 4.291117 1.375773 2.394848 4.632286 9.743847 0.250000
189 21.456900 40.052460 0.000000 4.428432 1.388130 2.423244 4.688714 9.846716 0.250000
190 21.668867 40.281391 0.000000 3.967193 1.407028 2.482398 4.856342 10.311702 0.250000
193 22.558956 40.746479 0.000000 2.446712 1.381753 2.429298 4.742522 10.049396 0.200000
194 22.109421 40.442165 0.000000 2.706816 1.374651 2.374123 4.558411 9.540696 0.250000
