%% Trajectory 15
%% frame x (pixel)     y (pixel)    z (pixel)      m0         m1           m2           m3           m4           s 
54 11.453997 42.547741 0.000000 1.983076 1.254092 2.005672 3.583603 7.067062 0.166667
55 11.566133 42.821629 0.000000 2.103611 1.354490 2.299853 4.317132 8.788781 0.157397
56 11.500224 42.803970 0.000000 2.237054 1.326746 2.215879 4.102528 8.269017 0.313179
57 11.678892 43.067410 0.000000 1.906612 1.362892 2.364084 4.588599 9.763139 0.213913
58 11.638090 43.212566 0.000000 2.221870 1.381318 2.347925 4.344646 8.568301 0.255861
59 11.674349 43.057163 0.000000 2.189092 1.368817 2.377571 4.606321 9.745996 0.200024
60 11.647660 42.780552 0.000000 2.201051 1.296556 2.117947 3.822734 7.495688 0.250000
61 11.799633 43.098362 0.000000 2.896140 1.404788 2.511414 5.023395 10.976389 0.250000
62 11.935242 43.028088 0.000000 2.902548 1.433943 2.586783 5.179253 11.241364 0.250000
63 12.146627 42.998013 0.000000 3.156274 1.406022 2.475651 4.830841 10.224762 0.250000
64 12.407197 43.051102 0.000000 3.003817 1.386878 2.403611 4.595540 9.494823 0.200000
65 12.371181 42.754208 0.000000 3.017866 1.339119 2.255794 4.199848 8.484895 0.250000
66 12.703266 42.917290 0.000000 2.838117 1.380231 2.392272 4.588157 9.537191 0.200005
67 12.758541 42.884186 0.000000 2.852573 1.391039 2.415767 4.618311 9.512344 0.250000
68 12.884497 42.796661 0.000000 2.980954 1.390746 2.429467 4.698712 9.851663 0.201514
69 12.979782 42.573456 0.000000 3.002647 1.413928 2.509235 4.929465 10.489597 0.200000
70 13.291742 42.726357 0.000000 3.035134 1.318813 2.190942 4.010780 7.941573 0.200000
71 13.493155 42.369751 0.000000 3.373760 1.314158 2.166069 3.929018 7.704831 0.250000
73 12.636657 42.522652 0.000000 2.452527 1.377617 2.373077 4.519199 9.321040 0.250000
74 12.841027 42.666351 0.000000 2.428052 1.360590 2.298892 4.254498 8.451976 0.250000
