%% Trajectory 17
%% frame x (pixel)     y (pixel)    z (pixel)      m0         m1           m2           m3           m4           s 
66 26.987068 25.733316 0.000000 2.253672 1.326920 2.225381 4.127610 8.306190 0.200000
67 27.025429 25.789591 0.000000 2.303595 1.337040 2.234303 4.089303 8.030693 0.200000
68 27.039555 25.936121 0.000000 2.275894 1.367097 2.348307 4.458192 9.161541 0.200000
69 27.027245 26.073547 0.000000 2.608265 1.371869 2.376434 4.564363 9.515323 0.200000
70 27.191681 25.969610 0.000000 2.966527 1.371966 2.372799 4.549334 9.465570 0.200023
71 27.025242 25.939020 0.000000 2.803483 1.389069 2.429479 4.698811 9.836244 0.210366
72 27.177526 25.829027 0.000000 2.967197 1.325945 2.213348 4.082458 8.168160 0.250001
73 27.133848 25.846022 0.000000 3.079002 1.369756 2.351055 4.455265 9.139314 0.250001
74 27.026026 25.743565 0.000000 3.358160 1.346405 2.273681 4.231629 8.511729 0.235498
75 27.043945 25.807726 0.000000 3.098778 1.331433 2.231763 4.127445 8.259417 0.174072
76 27.146454 25.978996 0.000000 3.402411 1.375282 2.373778 4.526139 9.336709 0.200051
77 26.992500 25.628696 0.000000 3.189217 1.316357 2.182407 3.990194 7.898655 0.167191
78 26.898647 26.047026 0.000000 3.469758 1.369229 2.352858 4.462604 9.148603 0.200000
79 27.130461 25.984507 0.000000 3.345376 1.384343 2.424442 4.720670 9.998292 0.200000
80 26.870964 25.982615 0.000000 3.677818 1.381948 2.397263 4.592609 9.508568 0.218256
81 27.077253 25.900023 0.000000 3.508707 1.348781 2.283895 4.266935 8.623007 0.200659
82 26.872793 25.829212 0.000000 3.884207 1.341781 2.259002 4.181504 8.337754 0.274476
83 26.904230 25.896408 0.000000 3.494587 1.331325 2.224241 4.085999 8.091081 0.201218
84 27.061901 25.993525 0.000000 3.596007 1.396579 2.455995 4.793684 10.163023 0.250002
85 26.903345 25.733688 0.000000 4.074465 1.364999 2.335220 4.409273 9.003743 0.250700
86 27.008015 25.783312 0.000000 4.240800 1.371738 2.376145 4.572989 9.580909 0.207280
87 27.052362 25.877455 0.000000 4.454204 1.398128 2.463271 4.817493 10.237928 0.224056
88 27.009029 25.858751 0.000000 4.498626 1.393555 2.437773 4.718362 9.893295 0.200000
89 26.927460 25.892920 0.000000 4.831474 1.364807 2.344135 4.446952 9.122089 0.170797
90 26.977133 25.865017 0.000000 4.512187 1.391083 2.437629 4.738073 9.996552 0.200000
91 26.800966 26.088568 0.000000 4.986219 1.390126 2.412766 4.609103 9.486263 0.200000
92 26.799051 26.135048 0.000000 4.867282 1.386488 2.404248 4.592011 9.451933 0.250000
93 26.867067 26.299866 0.000000 4.794351 1.365023 2.328606 4.369411 8.836834 0.250000
94 26.879519 26.564341 0.000000 5.019649 1.371824 2.350202 4.431612 9.011786 0.200000
95 27.007246 26.795044 0.000000 4.527114 1.452705 2.629458 5.260446 11.369819 0.200000
96 27.094809 26.953663 0.000000 4.837054 1.441331 2.598550 5.188334 11.217778 0.200000
97 27.070906 26.938587 0.000000 3.874372 1.442283 2.614400 5.260438 11.477778 0.200004
99 27.417717 27.376743 0.000000 3.574116 1.411914 2.509375 4.958386 10.656550 0.200000
100 27.468929 27.060188 0.000000 3.915129 1.428035 2.540313 4.990449 10.591667 0.231446
