%% Trajectory 32
%% frame x (pixel)     y (pixel)    z (pixel)      m0         m1           m2           m3           m4           s 
109 41.936527 28.861712 0.000000 1.653998 1.469004 2.847550 6.291947 15.277173 0.200000
111 42.615879 28.412371 0.000000 1.659517 1.183154 1.779255 2.931778 5.226609 0.200001
112 42.638390 28.206036 0.000000 1.908284 1.208442 1.847421 3.094637 5.599620 0.211911
113 42.491188 28.378244 0.000000 2.328324 1.194557 1.805998 2.985852 5.327475 0.166667
114 42.467400 28.397381 0.000000 2.619236 1.279904 2.054673 3.603820 6.777378 0.200000
115 42.386349 28.285427 0.000000 2.992796 1.276728 2.044699 3.590380 6.791324 0.166667
116 42.232929 28.228497 0.000000 2.838737 1.284501 2.078169 3.692115 7.070345 0.250000
117 42.330692 28.387039 0.000000 3.564327 1.268228 2.016395 3.503028 6.529646 0.200000
118 42.383572 28.333790 0.000000 3.756147 1.260406 1.997218 3.459688 6.434331 0.200000
119 42.502079 28.358147 0.000000 3.270037 1.249179 1.963824 3.375496 6.234604 0.418177
120 42.370281 28.405127 0.000000 3.821094 1.313292 2.152713 3.861742 7.438196 0.200000
121 42.370647 28.322985 0.000000 4.176612 1.277415 2.040405 3.560275 6.662097 0.200000
122 42.352558 28.425894 0.000000 4.468711 1.303782 2.118245 3.753132 7.109716 0.250000
123 42.267269 28.327381 0.000000 4.286007 1.271324 2.030376 3.550436 6.678127 0.200000
124 42.233810 28.399595 0.000000 4.344226 1.298016 2.102747 3.718103 7.037867 0.200000
125 42.421841 28.473633 0.000000 4.831864 1.281359 2.054380 3.596775 6.747936 0.250000
126 42.309299 28.475769 0.000000 4.550318 1.296424 2.102202 3.724669 7.072164 0.250000
127 42.497601 28.484777 0.000000 5.033709 1.310617 2.135250 3.792502 7.198778 0.200068
128 42.403255 28.669386 0.000000 4.455864 1.280888 2.051098 3.586843 6.723435 0.250000
129 42.278770 28.913689 0.000000 4.588248 1.353146 2.295180 4.294839 8.693438 0.250000
130 42.242466 29.191498 0.000000 4.370098 1.331009 2.210656 4.019350 7.841629 0.250000
131 42.389175 29.203745 0.000000 4.314011 1.308886 2.136933 3.810350 7.276860 0.250000
132 42.533401 29.613104 0.000000 4.376990 1.305657 2.136289 3.829715 7.382071 0.250000
133 42.447716 29.473774 0.000000 4.358419 1.336568 2.217230 4.017587 7.795215 0.250000
135 41.816345 30.335342 0.000000 3.629058 1.366727 2.330057 4.372255 8.850910 0.393313
136 42.162560 30.495342 0.000000 3.530656 1.375184 2.365493 4.492405 9.235361 0.357227
137 42.154388 30.329817 0.000000 3.151760 1.332812 2.222236 4.071251 8.041597 0.250001
