%% Trajectory 18
%% frame x (pixel)     y (pixel)    z (pixel)      m0         m1           m2           m3           m4           s 
75 37.788761 20.602034 0.000000 2.019531 1.171794 1.741037 2.829427 4.974784 0.166667
76 37.758640 20.685280 0.000000 2.098395 1.201824 1.826265 3.039168 5.463773 0.200000
77 37.998085 20.614229 0.000000 2.127194 1.231712 1.930714 3.318420 6.144703 0.168882
78 38.007137 20.487221 0.000000 2.391366 1.238721 1.951950 3.369689 6.257149 0.200000
79 38.003048 20.608948 0.000000 2.609086 1.241285 1.961994 3.410409 6.409785 0.271679
80 37.950577 20.567112 0.000000 2.592969 1.277081 2.066675 3.664039 6.979866 0.166857
81 37.882446 20.715387 0.000000 2.603834 1.225609 1.914559 3.289729 6.118896 0.344298
82 38.004223 20.587982 0.000000 3.280639 1.259417 2.004843 3.492970 6.535755 0.200000
83 37.975163 20.575071 0.000000 3.946455 1.260829 1.998796 3.466439 6.458509 0.203868
84 38.087234 20.681711 0.000000 4.009497 1.277151 2.057301 3.641510 6.956645 0.250001
85 38.099476 20.653292 0.000000 4.322921 1.292565 2.098941 3.735884 7.151800 0.250700
86 38.150936 20.606373 0.000000 4.134242 1.289027 2.077360 3.656928 6.899008 0.201308
87 38.086464 20.722134 0.000000 4.995776 1.314634 2.174026 3.959254 7.791962 0.200000
88 38.090240 20.721983 0.000000 5.447601 1.309676 2.152561 3.883764 7.545989 0.200000
89 38.143486 20.755159 0.000000 5.077663 1.329108 2.228612 4.134532 8.329108 0.170797
90 38.108696 20.669531 0.000000 5.403975 1.309428 2.146423 3.857504 7.456820 0.200000
91 38.191597 20.671541 0.000000 5.545344 1.299839 2.110255 3.741859 7.108405 0.200000
92 38.215439 20.685743 0.000000 5.879227 1.297030 2.117749 3.802688 7.376523 0.250000
93 38.143730 20.674332 0.000000 5.909398 1.313670 2.167895 3.932963 7.697761 0.250000
94 38.263115 20.638693 0.000000 6.010724 1.300413 2.117073 3.771177 7.212152 0.200000
95 38.106438 20.731979 0.000000 6.156343 1.341915 2.260397 4.197043 8.423254 0.200000
96 38.047337 20.799820 0.000000 6.069138 1.381631 2.386194 4.542489 9.334732 0.200000
97 37.994499 20.811460 0.000000 5.758299 1.378050 2.387503 4.576709 9.504889 0.200000
98 37.933277 21.012842 0.000000 5.753125 1.400797 2.471112 4.839345 10.291964 0.200000
99 37.903263 21.267948 0.000000 6.272136 1.347370 2.269797 4.205357 8.400562 0.200000
100 37.978199 21.409401 0.000000 5.853372 1.345503 2.267788 4.200400 8.374531 0.200000
101 37.994640 21.509130 0.000000 5.565252 1.323252 2.189418 3.964046 7.695469 0.200000
102 38.053677 21.492785 0.000000 4.678571 1.361394 2.310274 4.305418 8.632584 0.200000
103 38.077599 21.718109 0.000000 4.896270 1.360510 2.320508 4.368240 8.894504 0.222810
104 38.208088 21.730844 0.000000 4.230465 1.340971 2.255494 4.180655 8.374691 0.200000
105 38.146549 22.075382 0.000000 3.917379 1.379490 2.389797 4.565158 9.413509 0.206503
106 38.666058 21.902948 0.000000 3.700547 1.390950 2.428366 4.699442 9.874621 0.266627
107 38.549313 21.974339 0.000000 3.304385 1.404002 2.474195 4.843534 10.312082 0.250024
