%% Trajectory 13
%% frame x (pixel)     y (pixel)    z (pixel)      m0         m1           m2           m3           m4           s 
50 46.374660 43.094738 0.000000 2.414586 1.330606 2.212692 4.040804 7.950205 0.313593
53 46.594536 43.149574 0.000000 2.591072 1.297086 2.122229 3.834626 7.522976 0.181417
54 46.577866 43.288555 0.000000 2.848774 1.312118 2.183795 4.039292 8.161301 0.178609
55 46.627426 43.243954 0.000000 2.589470 1.314986 2.182549 4.010893 8.019956 0.166668
56 46.711494 43.386555 0.000000 2.710568 1.295548 2.143656 3.960688 8.039931 0.177439
57 46.660469 43.170971 0.000000 2.999007 1.339184 2.257382 4.207857 8.512691 0.193256
58 46.635902 43.199829 0.000000 2.612900 1.307580 2.149567 3.885274 7.579418 0.166779
59 46.578934 43.183769 0.000000 3.104531 1.283947 2.077894 3.702454 7.139886 0.169702
60 46.761845 43.239807 0.000000 3.387549 1.305802 2.155549 3.938881 7.832637 0.166869
61 46.575794 43.054756 0.000000 2.752674 1.316482 2.182699 3.995211 7.924664 0.166667
62 46.588844 43.172199 0.000000 3.173920 1.325238 2.216866 4.104313 8.255172 0.166707
63 46.563110 43.213036 0.000000 2.993423 1.294240 2.107115 3.772194 7.295591 0.170422
64 46.673939 43.077045 0.000000 2.818113 1.376572 2.384745 4.582886 9.570022 0.200000
65 46.360889 43.071316 0.000000 2.971632 1.367253 2.344658 4.439175 9.090954 0.200000
66 46.487175 43.026180 0.000000 3.436858 1.350253 2.291772 4.297023 8.725925 0.203809
67 46.368282 42.960766 0.000000 3.260170 1.378896 2.377235 4.519640 9.279889 0.307388
68 46.407146 42.992722 0.000000 2.979492 1.357138 2.310746 4.341354 8.822010 0.213234
69 46.187229 43.087376 0.000000 3.014362 1.375717 2.367141 4.497419 9.245127 0.166669
70 45.948589 43.087112 0.000000 2.909684 1.379629 2.396189 4.622450 9.700084 0.279592
71 45.726742 43.126621 0.000000 2.856534 1.329802 2.228555 4.136562 8.349643 0.200031
72 45.378738 42.814182 0.000000 2.566717 1.325384 2.183536 3.926498 7.552205 0.268188
73 45.458817 42.750874 0.000000 3.143457 1.315640 2.160403 3.880278 7.477475 0.256384
74 45.475716 42.949097 0.000000 2.836509 1.420033 2.517169 4.927690 10.421218 0.200000
