%% Trajectory 69
%% frame x (pixel)     y (pixel)    z (pixel)      m0         m1           m2           m3           m4           s 
115 26.389584 17.300041 0.000000 1.071213 1.622222 3.251705 7.231027 17.344788 0.250000
117 25.892786 17.247782 0.000000 1.353886 1.393942 2.473686 4.917484 10.705096 0.333333
120 25.107660 17.400145 0.000000 1.783898 1.409068 2.492239 4.900712 10.482908 0.333333
121 24.857944 16.840078 0.000000 1.314784 1.377386 2.413730 4.694451 9.912175 0.256353
123 25.178783 17.071438 0.000000 1.794472 1.421550 2.555113 5.104489 11.074213 0.274947
124 25.323963 17.569838 0.000000 1.643519 1.439171 2.581713 5.122495 11.002583 0.253554
125 25.355555 17.575930 0.000000 1.858309 1.561176 2.961692 6.155231 13.683955 0.250006
126 25.066866 16.793257 0.000000 1.760545 1.585434 3.093129 6.646691 15.335093 0.333333
127 24.886852 17.175310 0.000000 1.975148 1.462070 2.663357 5.357141 11.622310 0.337691
129 25.320097 17.227520 0.000000 2.501224 1.430920 2.545738 4.996006 10.582491 0.412348
130 25.350517 17.256592 0.000000 2.290549 1.448569 2.615877 5.225156 11.291878 0.333877
131 25.285797 17.331501 0.000000 2.674603 1.404162 2.451049 4.699586 9.685555 0.337523
132 25.303946 17.693401 0.000000 2.813958 1.415620 2.492688 4.826141 10.054120 0.589227
133 25.328859 17.354610 0.000000 2.783984 1.449266 2.609655 5.174449 11.048842 0.349948
134 25.284353 17.234016 0.000000 2.994789 1.357981 2.298399 4.277004 8.579073 0.345553
135 25.166752 17.168056 0.000000 2.827193 1.405243 2.487255 4.885789 10.415833 0.333333
136 25.209110 17.421301 0.000000 2.849061 1.397659 2.440557 4.705774 9.812396 0.333347
137 25.151348 17.444769 0.000000 2.877722 1.404509 2.467411 4.788399 10.051463 0.333333
138 25.173491 17.443247 0.000000 3.746190 1.402183 2.453981 4.742477 9.905792 0.520779
139 25.213966 17.150999 0.000000 3.506540 1.450961 2.610558 5.176234 11.058455 0.333337
140 25.142311 17.372643 0.000000 4.320337 1.427856 2.539562 4.983468 10.551008 0.388861
142 25.382971 17.338156 0.000000 3.435644 1.385380 2.392735 4.556508 9.364434 0.656302
143 25.002104 17.373268 0.000000 3.370952 1.400676 2.456485 4.764154 9.995858 0.333333
144 25.198610 17.237585 0.000000 3.658402 1.421024 2.522466 4.949021 10.495642 0.250001
145 25.211346 17.313934 0.000000 3.789355 1.383945 2.388543 4.544927 9.338976 0.253813
146 25.193365 17.296377 0.000000 3.983068 1.402402 2.453401 4.736577 9.871433 0.353179
147 25.204227 17.422598 0.000000 4.535952 1.373461 2.348458 4.408919 8.899681 0.333333
148 25.156572 17.437876 0.000000 4.283840 1.359797 2.317605 4.353806 8.829010 0.333333
149 25.284147 17.496346 0.000000 4.407555 1.400055 2.451757 4.745312 9.931654 0.333333
150 25.476641 17.525101 0.000000 3.775787 1.360987 2.303648 4.280734 8.558619 0.333333
151 25.572123 17.743635 0.000000 3.962614 1.339901 2.251055 4.175753 8.393359 0.333333
152 25.741198 18.023491 0.000000 3.940049 1.447112 2.632468 5.317234 11.642413 0.333352
153 25.795143 17.858055 0.000000 4.313649 1.386412 2.409023 4.632192 9.648705 0.448927
154 26.115396 18.280018 0.000000 4.074368 1.383369 2.397558 4.598535 9.556611 0.489079
155 25.960806 18.303364 0.000000 3.283140 1.367020 2.364720 4.529761 9.397467 0.250039
156 26.177601 18.298250 0.000000 3.602328 1.390837 2.421395 4.659746 9.703768 0.253446
157 26.373318 18.333801 0.000000 3.318949 1.311606 2.158275 3.909425 7.649414 0.250000
158 26.601185 18.582804 0.000000 3.199864 1.361875 2.337127 4.445651 9.185538 0.250000
159 26.710979 18.716372 0.000000 3.057311 1.316261 2.193732 4.052495 8.151347 0.250000
160 26.869989 18.589697 0.000000 2.297662 1.295519 2.144534 3.959930 8.013780 0.250098
161 27.284874 19.094225 0.000000 1.915141 1.345478 2.289635 4.332515 8.925586 0.371940
