%% Trajectory 14
%% frame x (pixel)     y (pixel)    z (pixel)      m0         m1           m2           m3           m4           s 
61 51.057465 42.236908 0.000000 1.420918 1.454681 2.688033 5.556497 12.519840 0.200000
63 51.168301 42.420658 0.000000 1.625969 1.402081 2.457443 4.751667 9.914109 0.201239
64 50.979206 42.197811 0.000000 1.779383 1.441211 2.625374 5.334594 11.798445 0.200000
65 51.337673 42.510326 0.000000 1.569352 1.356877 2.291391 4.247517 8.468446 0.207428
67 51.213341 42.466141 0.000000 1.917512 1.401555 2.453434 4.737932 9.880638 0.170911
68 51.064030 42.230129 0.000000 1.722062 1.391220 2.440873 4.758319 10.083843 0.166674
69 51.198441 42.533821 0.000000 2.002990 1.360128 2.311761 4.335000 8.789893 0.143429
70 51.381386 42.516869 0.000000 2.066046 1.320281 2.178870 3.946896 7.702945 0.182568
71 51.388416 42.322811 0.000000 2.277268 1.346904 2.287794 4.314754 8.862820 0.142895
72 51.361206 42.396900 0.000000 2.324535 1.310482 2.148110 3.854765 7.426731 0.166836
73 51.411610 42.377754 0.000000 2.287979 1.324130 2.197049 3.999437 7.829508 0.201216
74 51.341743 42.508595 0.000000 2.424751 1.339216 2.241695 4.121144 8.160611 0.213422
75 51.422340 42.286900 0.000000 2.272973 1.329585 2.222857 4.091956 8.130874 0.175880
76 51.293579 42.292690 0.000000 2.793435 1.330095 2.230364 4.133442 8.305402 0.334220
77 51.405190 42.237968 0.000000 2.688981 1.316976 2.179391 3.969858 7.809043 0.268876
78 51.318867 42.312817 0.000000 2.824602 1.320086 2.183194 3.969144 7.785273 0.175838
79 51.262070 42.300537 0.000000 2.501205 1.336213 2.238540 4.120138 8.165145 0.315630
80 51.328499 42.435417 0.000000 3.068680 1.345657 2.270547 4.223706 8.490563 0.175437
81 51.226536 42.285793 0.000000 2.808759 1.370938 2.349612 4.434377 9.023473 0.180959
82 51.298584 42.380829 0.000000 2.513694 1.345899 2.280131 4.279562 8.724095 0.204234
83 51.310574 42.163662 0.000000 2.642946 1.366884 2.350946 4.472463 9.213257 0.158623
84 51.094063 42.111210 0.000000 2.384663 1.380706 2.401085 4.627421 9.666892 0.312195
85 51.184654 42.296940 0.000000 2.536942 1.399933 2.469330 4.843175 10.332905 0.209411
86 51.068050 42.100380 0.000000 2.689693 1.435580 2.599210 5.243325 11.500843 0.292009
87 51.185379 42.191311 0.000000 2.470879 1.404337 2.492975 4.925706 10.578250 0.387039
88 51.301872 42.263630 0.000000 2.759664 1.337852 2.263848 4.249145 8.673829 0.200279
89 51.257015 42.249268 0.000000 2.530875 1.361092 2.322801 4.372763 8.893039 0.200000
90 51.300781 42.322342 0.000000 2.600265 1.299687 2.129545 3.841899 7.489884 0.166669
91 51.282093 42.415062 0.000000 2.621083 1.297880 2.117759 3.794063 7.324520 0.200004
92 51.512802 42.383995 0.000000 2.854185 1.293446 2.099408 3.737352 7.162698 0.200145
93 51.295391 42.385517 0.000000 2.855707 1.317716 2.187229 4.002834 7.921692 0.200179
94 51.338486 42.310162 0.000000 2.764180 1.283865 2.075548 3.691354 7.095105 0.200999
95 51.371899 42.441959 0.000000 2.604791 1.307063 2.143256 3.859858 7.492214 0.247609
96 51.658005 42.576603 0.000000 2.845796 1.285365 2.072436 3.658029 6.938049 0.200081
97 51.327160 42.524525 0.000000 3.150066 1.263396 2.003556 3.472548 6.460524 0.200027
98 51.548851 42.460804 0.000000 2.909017 1.271520 2.027386 3.531636 6.598440 0.207144
99 51.482376 42.473057 0.000000 2.485336 1.239544 1.936964 3.309955 6.082067 0.200000
100 51.517254 42.287067 0.000000 2.795373 1.267628 2.015904 3.506488 6.552066 0.200087
101 51.532921 42.316353 0.000000 2.941102 1.263408 2.006803 3.484525 6.493916 0.200000
102 51.342178 42.447308 0.000000 2.622183 1.271897 2.024785 3.521577 6.570863 0.200000
103 51.439484 42.403919 0.000000 2.914897 1.280808 2.062294 3.646308 6.958011 0.200000
104 51.539551 42.514706 0.000000 2.962485 1.260602 1.995337 3.451890 6.411647 0.200000
105 51.486366 42.360401 0.000000 2.946601 1.269362 2.025092 3.529956 6.598481 0.250000
106 51.205692 42.308266 0.000000 2.680087 1.313041 2.168040 3.943292 7.754579 0.250000
107 50.947678 42.219894 0.000000 2.848357 1.373637 2.385207 4.603715 9.669104 0.250000
108 50.807205 42.323326 0.000000 3.174550 1.300105 2.107246 3.727554 7.056171 0.250000
109 50.547775 42.355087 0.000000 2.831472 1.260456 1.995399 3.455452 6.431292 0.200000
110 50.422131 42.197243 0.000000 2.883000 1.299808 2.113491 3.763369 7.202671 0.377985
111 50.147751 42.333874 0.000000 2.760311 1.300899 2.116460 3.771981 7.226535 0.250000
112 50.043312 42.311428 0.000000 3.137370 1.331502 2.218544 4.059565 7.997495 0.253139
114 49.925903 41.505184 0.000000 2.457585 1.291722 2.095850 3.735473 7.183437 0.200000
115 50.150600 41.828560 0.000000 2.258132 1.345766 2.265783 4.183326 8.300234 0.200000
