%% Trajectory 27
%% frame x (pixel)     y (pixel)    z (pixel)      m0         m1           m2           m3           m4           s 
143 29.604734 57.261608 0.000000 1.965902 1.298994 2.110833 3.761863 7.217769 0.246899
144 29.464062 57.482269 0.000000 1.944970 1.244242 1.956263 3.380170 6.317904 0.200332
145 29.326345 57.130344 0.000000 1.990795 1.267394 2.023806 3.537163 6.641349 0.237536
146 29.453690 56.896324 0.000000 1.862386 1.302230 2.148978 3.926389 7.802363 0.200008
147 29.323496 57.194401 0.000000 2.135527 1.275407 2.038692 3.563968 6.687968 0.377987
148 29.243629 56.838032 0.000000 1.920166 1.273628 2.059544 3.687377 7.194387 0.251087
149 29.543922 57.085510 0.000000 2.401433 1.323450 2.202845 4.036326 7.987418 0.251883
150 29.395624 57.148052 0.000000 2.385170 1.321777 2.215868 4.118548 8.328970 0.250516
151 29.170389 57.247288 0.000000 2.442158 1.298143 2.121774 3.805148 7.344052 0.290384
152 29.413208 57.144299 0.000000 2.136521 1.276831 2.042386 3.573566 6.713349 0.405459
153 29.495634 57.087433 0.000000 2.689619 1.288774 2.079411 3.666067 6.928255 0.261591
154 29.311363 56.944195 0.000000 2.098224 1.274778 2.060039 3.681989 7.164642 0.323162
155 29.440115 57.024948 0.000000 2.405097 1.323979 2.211923 4.070205 8.086834 0.263694
156 29.082329 57.014339 0.000000 2.138183 1.304891 2.165721 3.984863 7.972221 0.356209
157 29.515661 56.875938 0.000000 2.318344 1.297738 2.122644 3.814029 7.388540 0.304401
158 29.353844 57.011673 0.000000 2.355543 1.319859 2.188376 3.983928 7.806988 0.371520
159 29.223953 56.981941 0.000000 2.647125 1.300737 2.148691 3.938751 7.869156 0.250042
160 29.232147 56.769718 0.000000 2.159827 1.238605 1.946639 3.361322 6.272741 0.218030
161 29.321917 56.989052 0.000000 2.438450 1.282002 2.090453 3.748281 7.242454 0.200000
162 29.429079 56.666073 0.000000 2.680010 1.277788 2.057380 3.650557 7.023195 0.298424
163 29.446978 56.908024 0.000000 2.367652 1.292168 2.095657 3.730823 7.162044 0.203769
164 29.425097 57.030300 0.000000 2.280312 1.269298 2.040739 3.614389 6.928350 0.250000
165 29.533154 56.948341 0.000000 2.615524 1.285014 2.063308 3.618296 6.799314 0.346205
166 29.144453 57.075523 0.000000 2.698374 1.292192 2.120831 3.856646 7.634267 0.204150
167 29.210491 56.913204 0.000000 2.888726 1.266452 2.030986 3.592209 6.887731 0.288678
168 29.337790 56.890636 0.000000 2.976136 1.236067 1.942077 3.360500 6.303905 0.200000
169 29.238760 56.832645 0.000000 2.659712 1.270019 2.040154 3.608225 6.906403 0.242395
170 29.240597 56.849884 0.000000 2.643359 1.238717 1.945280 3.361058 6.289289 0.166667
171 29.186033 56.957081 0.000000 2.702940 1.285644 2.098125 3.785811 7.421507 0.166667
172 29.139620 56.464539 0.000000 2.820688 1.243494 1.948658 3.343137 6.173345 0.200000
173 29.305332 56.733418 0.000000 2.403552 1.272394 2.056144 3.687020 7.223558 0.217535
174 29.421886 56.558907 0.000000 2.581316 1.202446 1.833948 3.070621 5.572164 0.166667
175 29.765358 56.335602 0.000000 2.934650 1.256113 1.993899 3.469892 6.504739 0.200000
176 29.833879 56.189236 0.000000 3.357494 1.286568 2.080074 3.682347 7.002544 0.200000
177 30.102852 56.130344 0.000000 3.139698 1.328126 2.232093 4.152922 8.391460 0.166667
179 29.825655 54.968742 0.000000 2.369986 1.311686 2.192500 4.071378 8.238574 0.307426
180 30.096678 54.817276 0.000000 2.599634 1.274835 2.054501 3.642647 6.978686 0.166667
181 29.740978 54.815407 0.000000 2.575960 1.263329 2.003397 3.480948 6.516434 0.211855
182 29.935431 54.960354 0.000000 2.365848 1.374982 2.387625 4.601934 9.642086 0.252733
183 30.296364 54.844280 0.000000 2.195884 1.272326 2.052073 3.650102 7.035093 0.201086
184 30.153976 54.626488 0.000000 1.600909 1.308790 2.154938 3.915027 7.708427 0.166694
185 30.475010 54.919704 0.000000 1.364262 1.219677 1.881148 3.180286 5.802134 0.200000
