%% Trajectory 16
%% frame x (pixel)     y (pixel)    z (pixel)      m0         m1           m2           m3           m4           s 
68 22.426903 25.583006 0.000000 1.618116 1.213408 1.877290 3.215794 6.029573 0.166842
69 22.524033 25.353693 0.000000 1.572810 1.243323 1.949573 3.341104 6.151450 0.143108
70 22.630342 25.420944 0.000000 1.599768 1.295215 2.139318 3.941513 7.969349 0.173414
71 22.440655 25.583427 0.000000 1.667410 1.231141 1.918332 3.273906 6.017423 0.181507
72 22.522118 25.335409 0.000000 1.406795 1.199543 1.822794 3.031262 5.440178 0.166668
73 22.560043 25.292837 0.000000 1.780225 1.247317 1.966902 3.401692 6.347735 0.200000
74 22.580387 25.488426 0.000000 1.864326 1.241643 1.950847 3.361541 6.248685 0.240810
75 22.515894 25.623564 0.000000 2.120569 1.302918 2.142093 3.899616 7.727390 0.176825
76 22.600273 25.658295 0.000000 2.565635 1.268556 2.033724 3.588274 6.852376 0.169746
77 22.372845 25.422815 0.000000 2.511917 1.253451 1.979564 3.429522 6.412702 0.181336
78 22.499964 25.563316 0.000000 3.243017 1.280647 2.057994 3.617182 6.824669 0.166679
79 22.675451 25.415514 0.000000 3.054169 1.294574 2.099128 3.735204 7.166202 0.166764
80 22.645813 25.539068 0.000000 3.540784 1.319877 2.171138 3.904766 7.530348 0.142937
81 22.559227 25.479704 0.000000 3.404297 1.283784 2.071034 3.661393 6.967205 0.166667
82 22.698725 25.419043 0.000000 3.775220 1.329107 2.213832 4.058126 8.035154 0.166667
83 22.560024 25.653296 0.000000 4.388100 1.320043 2.171966 3.901625 7.500887 0.142857
84 22.713240 25.534489 0.000000 3.798526 1.328338 2.215141 4.075511 8.124858 0.166667
85 22.607613 25.557087 0.000000 3.954297 1.372719 2.326000 4.299465 8.491400 0.200000
86 22.715555 25.584946 0.000000 4.713830 1.367893 2.325418 4.338047 8.707272 0.166667
87 22.602859 25.537819 0.000000 4.581710 1.331082 2.201155 3.963564 7.611717 0.200000
88 22.695599 25.526012 0.000000 4.415934 1.369200 2.326924 4.332763 8.660275 0.200000
89 22.676767 25.567244 0.000000 4.381661 1.342518 2.250644 4.140128 8.197762 0.200000
90 22.702814 25.579491 0.000000 4.658165 1.371412 2.331676 4.338291 8.657452 0.166667
91 22.773624 25.609131 0.000000 4.600605 1.381572 2.369574 4.458163 9.019098 0.200000
92 22.606556 25.792006 0.000000 4.741797 1.434674 2.553354 5.004296 10.573725 0.200000
93 22.515919 25.782412 0.000000 4.878249 1.408718 2.460382 4.713091 9.697265 0.200000
94 22.639017 25.713638 0.000000 5.425243 1.444291 2.580184 5.077178 10.770303 0.200000
95 22.787014 25.611212 0.000000 5.368896 1.461268 2.642902 5.260440 11.270532 0.200000
96 22.749981 25.661741 0.000000 6.172940 1.469399 2.675577 5.373200 11.636293 0.200000
97 22.722599 25.666786 0.000000 5.402267 1.463559 2.656252 5.313594 11.456885 0.200000
98 22.658791 25.866529 0.000000 5.623486 1.491557 2.743753 5.552096 12.080264 0.200000
99 22.777761 25.852926 0.000000 5.794998 1.520872 2.850868 5.892511 13.115776 0.200000
100 22.596125 26.098221 0.000000 5.837238 1.471483 2.682198 5.394604 11.705515 0.200000
101 22.726568 26.136827 0.000000 6.041620 1.465493 2.663760 5.343956 11.568063 0.200000
102 22.782108 26.149862 0.000000 6.216946 1.483274 2.723960 5.518744 12.051847 0.200000
103 22.828911 26.174553 0.000000 5.594078 1.482857 2.724208 5.528332 12.106883 0.200000
104 22.833853 26.372578 0.000000 5.589494 1.501379 2.783765 5.693661 12.549500 0.200000
105 23.138580 26.206808 0.000000 5.164099 1.530599 2.893797 6.040790 13.591298 0.250000
106 23.093098 26.355669 0.000000 5.258862 1.600943 3.132340 6.740505 15.565818 0.250000
107 23.216173 26.703808 0.000000 5.043352 1.528577 2.872241 5.948024 13.261220 0.250000
108 22.912996 27.146090 0.000000 4.929627 1.492800 2.772883 5.705043 12.688579 0.250000
109 22.971340 27.157692 0.000000 4.265251 1.498303 2.796543 5.777553 12.890804 0.200000
110 23.165400 27.090658 0.000000 4.280178 1.529031 2.926533 6.242967 14.456727 0.250000
111 23.168325 27.490988 0.000000 4.661152 1.493026 2.783434 5.761583 12.923412 0.250000
113 22.944164 27.638626 0.000000 3.208841 1.522116 2.879393 6.015960 13.536147 0.394312
114 22.872135 27.706596 0.000000 2.605064 1.450402 2.656461 5.415653 11.992562 0.200000
115 23.139479 27.629839 0.000000 2.885160 1.517084 2.887053 6.125801 14.120037 0.200000
116 23.660618 27.953453 0.000000 2.709160 1.473586 2.746941 5.710707 12.911768 0.200000
117 23.768621 27.482563 0.000000 2.782064 1.470242 2.743256 5.733856 13.080557 0.250000
119 24.146326 26.997002 0.000000 2.365647 1.470207 2.772238 5.900246 13.776962 0.200366
