%% Trajectory 11
%% frame x (pixel)     y (pixel)    z (pixel)      m0         m1           m2           m3           m4           s 
50 48.272293 20.587532 0.000000 0.874771 1.401902 2.469386 4.821153 10.211505 0.352856
52 48.542225 20.640383 0.000000 1.205574 1.375436 2.405265 4.689727 9.986630 0.333577
53 48.453148 20.465240 0.000000 1.396015 1.412578 2.511086 4.953434 10.604311 0.334214
54 48.647308 20.705498 0.000000 1.354311 1.389842 2.409469 4.595444 9.437431 0.335336
55 48.601925 20.723953 0.000000 1.621431 1.362482 2.324213 4.364756 8.843894 0.333333
56 48.738529 20.966673 0.000000 1.430481 1.434924 2.599762 5.236124 11.452605 0.333333
57 48.604519 20.819407 0.000000 1.805605 1.418583 2.522493 4.959422 10.546850 0.333333
58 48.169361 20.760105 0.000000 1.786074 1.369359 2.346189 4.428246 9.018315 0.333334
59 48.390976 20.925730 0.000000 2.140561 1.371032 2.362809 4.495604 9.250528 0.250000
60 48.516438 20.951553 0.000000 2.227846 1.437788 2.553131 4.980588 10.448123 0.500000
61 48.472420 20.764578 0.000000 2.129549 1.424122 2.523225 4.928035 10.383063 0.250000
62 48.288559 20.808439 0.000000 2.343738 1.412841 2.480391 4.790262 9.962456 0.333333
63 48.395981 20.935169 0.000000 2.539681 1.444766 2.596453 5.159107 11.092079 0.333333
64 48.463017 20.824806 0.000000 2.623986 1.345726 2.257383 4.148878 8.188599 0.333333
65 48.565125 20.951832 0.000000 2.470885 1.425740 2.521524 4.899633 10.233415 0.500000
66 48.347965 20.830517 0.000000 2.463247 1.410831 2.471646 4.756628 9.842246 0.333333
67 48.576794 20.916162 0.000000 2.683688 1.368751 2.342952 4.412695 8.959986 0.333333
68 48.618210 20.988447 0.000000 2.622518 1.388818 2.403390 4.574876 9.377464 0.250000
69 48.660931 20.917053 0.000000 2.170318 1.426124 2.539418 4.995078 10.619150 0.250000
70 48.618759 21.140057 0.000000 2.551515 1.402054 2.446428 4.699844 9.733863 0.250000
71 48.634319 21.313128 0.000000 2.305628 1.415220 2.483043 4.786736 9.930383 0.333333
72 48.344879 21.642996 0.000000 2.317088 1.414101 2.463491 4.691280 9.562446 0.333333
73 48.364235 21.388453 0.000000 2.444096 1.397059 2.415215 4.577145 9.317601 0.333333
74 48.289726 21.599815 0.000000 1.969727 1.431047 2.529185 4.906564 10.232763 0.565539
75 48.054314 21.649694 0.000000 1.782653 1.448470 2.627326 5.271622 11.428295 0.445206
76 48.126278 22.015112 0.000000 1.839480 1.470943 2.699382 5.480882 12.029840 0.488087
77 48.240143 21.835115 0.000000 1.754168 1.467796 2.656650 5.293114 11.355196 0.614215
78 48.689060 22.169628 0.000000 1.578490 1.465151 2.676791 5.411982 11.834534 0.335213
79 48.412708 21.938068 0.000000 1.567133 1.465515 2.659649 5.321352 11.473762 0.334019
80 48.582726 21.869303 0.000000 1.252295 1.453739 2.626103 5.233907 11.258847 0.333333
82 47.805481 21.479036 0.000000 1.147187 1.340599 2.280251 4.321957 8.955693 0.489129
