%% Trajectory 64
%% frame x (pixel)     y (pixel)    z (pixel)      m0         m1           m2           m3           m4           s 
107 35.770927 12.079550 0.000000 0.665876 1.382148 2.419670 4.698734 9.908128 0.318762
109 36.743961 12.372135 0.000000 0.750659 1.244527 2.023370 3.720619 7.624566 0.200006
111 37.172997 12.683988 0.000000 1.393799 1.457501 2.647248 5.323605 11.581882 0.200000
112 37.039402 12.376602 0.000000 1.136918 1.352347 2.323059 4.437636 9.231359 0.200024
113 36.808903 12.057374 0.000000 1.632478 1.359924 2.340207 4.465600 9.255251 0.500000
115 36.968430 12.411263 0.000000 2.192166 1.387627 2.403220 4.575880 9.377655 0.250000
116 37.293659 12.488896 0.000000 1.919962 1.283601 2.067494 3.647154 6.918302 0.200000
117 37.115566 12.286117 0.000000 2.522998 1.405631 2.490608 4.892438 10.417591 0.333333
118 37.273117 12.290389 0.000000 2.808403 1.403487 2.478390 4.880963 10.496707 0.500000
119 36.970779 12.537296 0.000000 3.453043 1.410216 2.486897 4.844230 10.198159 0.500101
120 37.191753 12.466357 0.000000 3.738794 1.349284 2.259614 4.137911 8.119349 0.333334
121 37.061745 12.572937 0.000000 3.846900 1.368721 2.335229 4.376053 8.824654 0.250000
122 37.243210 12.483279 0.000000 4.341882 1.345047 2.262417 4.182762 8.333950 0.333333
123 36.911388 12.365970 0.000000 4.698075 1.353191 2.286325 4.251375 8.531586 0.250000
124 36.946274 12.539719 0.000000 4.842288 1.342272 2.254611 4.158787 8.257852 0.250000
125 37.043896 12.651031 0.000000 5.454919 1.387371 2.413228 4.642890 9.675525 0.250000
126 36.921230 12.491741 0.000000 5.303858 1.328802 2.202679 3.997880 7.791895 0.333333
127 36.954323 12.581863 0.000000 5.947286 1.387041 2.406792 4.606379 9.523250 0.333333
128 37.011852 12.513720 0.000000 5.811580 1.374930 2.362409 4.469011 9.117293 0.333333
129 36.918049 12.599072 0.000000 6.265512 1.341879 2.249343 4.140162 8.206678 0.333333
130 36.801701 12.636461 0.000000 6.521057 1.314447 2.162299 3.901704 7.577202 0.333333
131 36.826111 12.765333 0.000000 6.359766 1.341531 2.254003 4.171388 8.340425 0.333333
132 36.575668 12.905609 0.000000 6.486062 1.340437 2.242617 4.123406 8.175464 0.333333
133 36.477493 12.714814 0.000000 6.496133 1.332865 2.214226 4.029342 7.878649 0.333333
134 36.269714 12.904145 0.000000 6.399749 1.389899 2.416195 4.643083 9.662632 0.333333
135 36.144260 13.182493 0.000000 5.807868 1.379160 2.381936 4.545985 9.394766 0.333333
136 36.049339 13.359531 0.000000 6.336749 1.367434 2.337398 4.397196 8.919982 0.333333
137 35.854858 13.620620 0.000000 6.227945 1.342726 2.249728 4.135085 8.174623 0.333333
138 35.878109 13.769550 0.000000 5.974123 1.402697 2.454276 4.742583 9.911710 0.333333
140 35.601009 14.025861 0.000000 4.373621 1.361656 2.353148 4.534848 9.547687 0.388198
141 35.343975 14.182666 0.000000 4.421392 1.359260 2.315768 4.352011 8.845028 0.503395
143 35.514347 14.911796 0.000000 2.748674 1.364547 2.334603 4.397298 8.936695 0.333333
144 35.395935 15.100295 0.000000 2.427751 1.435966 2.565701 5.080600 10.915999 0.250000
