%% Trajectory 14
%% frame x (pixel)     y (pixel)    z (pixel)      m0         m1           m2           m3           m4           s 
50 46.608814 51.725948 0.000000 1.826771 1.332194 2.272268 4.358646 9.228550 0.250000
51 47.046803 51.546936 0.000000 2.097192 1.317070 2.165776 3.895229 7.515646 0.333333
52 46.949688 51.620651 0.000000 2.298097 1.367231 2.342203 4.421690 9.012678 0.250359
53 46.783432 51.569386 0.000000 2.052759 1.276827 2.060554 3.644829 6.933543 0.250000
54 46.822388 51.774746 0.000000 2.767624 1.318683 2.191337 4.015539 7.959966 0.250000
55 46.732048 51.703342 0.000000 2.522379 1.287128 2.078857 3.672062 6.960995 0.257221
56 46.670330 51.640278 0.000000 2.809391 1.311541 2.151502 3.864381 7.452499 0.455332
57 46.806477 51.575901 0.000000 2.962612 1.291858 2.104460 3.770406 7.295262 0.225793
58 46.758141 51.857616 0.000000 3.156814 1.297017 2.113424 3.784459 7.309707 0.237651
59 46.805969 51.704021 0.000000 2.723748 1.273359 2.035838 3.564863 6.714063 0.200161
60 46.869614 51.815655 0.000000 3.080708 1.337582 2.256408 4.200787 8.462331 0.249015
61 46.702087 51.861603 0.000000 3.753121 1.296534 2.116535 3.806252 7.407663 0.271702
62 46.671768 51.715233 0.000000 2.991472 1.307563 2.150601 3.893218 7.617899 0.214949
63 46.641949 51.743496 0.000000 3.120905 1.268009 2.019602 3.515097 6.563366 0.200001
64 46.544044 51.514641 0.000000 3.111464 1.302065 2.119952 3.779119 7.238461 0.252388
65 46.376492 51.493191 0.000000 2.628717 1.259439 1.995349 3.455667 6.425931 0.250000
66 46.385853 51.263683 0.000000 2.968158 1.290062 2.084794 3.688360 7.010755 0.333333
67 46.231777 50.975735 0.000000 3.170990 1.328368 2.221816 4.104637 8.215888 0.400506
68 46.445534 50.856472 0.000000 2.941332 1.334330 2.206335 3.984638 7.705882 0.250000
69 46.063492 50.943100 0.000000 3.327974 1.369144 2.355117 4.474081 9.196276 0.277253
70 46.267078 50.694382 0.000000 3.131168 1.317930 2.168209 3.903956 7.545759 0.250001
71 46.269543 50.379562 0.000000 3.343046 1.280810 2.062971 3.643237 6.928919 0.250006
72 46.598278 50.539665 0.000000 3.379266 1.314251 2.153980 3.864962 7.450848 0.250000
74 46.837376 50.600647 0.000000 1.644339 1.317747 2.186309 4.010264 7.990548 0.333333
75 47.244621 50.857895 0.000000 1.078898 1.370315 2.385115 4.609906 9.687334 0.264548
