%% Trajectory 32
%% frame x (pixel)     y (pixel)    z (pixel)      m0         m1           m2           m3           m4           s 
161 32.358978 45.204720 0.000000 1.947665 1.305194 2.134079 3.818032 7.328254 0.166667
164 32.166794 45.158794 0.000000 1.708679 1.307072 2.153564 3.908770 7.670237 0.200000
165 32.235081 45.121555 0.000000 1.809942 1.341623 2.247398 4.114230 8.060574 0.208613
166 32.047241 45.142525 0.000000 1.773141 1.373321 2.372546 4.517153 9.271860 0.250000
167 32.219044 44.925510 0.000000 1.685511 1.401742 2.480262 4.860412 10.315523 0.200321
168 32.309799 44.959141 0.000000 1.856633 1.373367 2.373897 4.543073 9.430879 0.250000
169 32.267635 44.925995 0.000000 2.295818 1.333901 2.235322 4.129159 8.243711 0.354323
170 32.102951 44.937294 0.000000 1.813049 1.339159 2.269939 4.269674 8.736500 0.200870
171 32.501644 45.157261 0.000000 1.842324 1.313973 2.161061 3.898635 7.567591 0.166668
172 31.909458 45.134693 0.000000 1.374767 1.319026 2.187483 4.003753 7.942596 0.200011
173 31.958813 45.184166 0.000000 1.814177 1.360444 2.341200 4.477784 9.325864 0.166697
174 31.906868 44.949791 0.000000 2.056360 1.347231 2.279175 4.238155 8.486433 0.166667
175 32.145878 45.249962 0.000000 1.961530 1.279543 2.057863 3.628721 6.887048 0.166667
176 32.123352 45.049046 0.000000 2.033272 1.361981 2.330635 4.389181 8.902143 0.168616
177 32.214581 45.026077 0.000000 1.592854 1.389757 2.445512 4.797746 10.266571 0.143885
178 32.226089 45.053741 0.000000 2.012948 1.348220 2.296280 4.333375 8.879076 0.166667
179 32.245533 45.150257 0.000000 1.983265 1.321437 2.190410 3.989389 7.826173 0.203724
180 32.130409 45.047588 0.000000 2.140554 1.364961 2.354502 4.506065 9.367752 0.246441
181 32.283619 45.103649 0.000000 1.760534 1.292883 2.132852 3.902204 7.772154 0.178263
182 32.280365 45.237663 0.000000 2.034295 1.313589 2.176509 3.971124 7.828746 0.335596
183 32.214779 45.171936 0.000000 1.753271 1.293077 2.133090 3.919672 7.890126 0.316161
184 32.085587 45.217152 0.000000 2.055140 1.337834 2.270828 4.283190 8.798712 0.200154
185 32.100227 45.541672 0.000000 1.449536 1.353109 2.304699 4.336271 8.833043 0.145753
187 32.326038 45.173325 0.000000 1.442050 1.302139 2.139183 3.872306 7.580587 0.201155
188 32.279041 45.692223 0.000000 1.795207 1.325833 2.206522 4.044994 8.014365 0.365728
189 32.557426 45.490276 0.000000 1.522660 1.271960 2.051813 3.657527 7.089758 0.166724
190 32.463528 45.666420 0.000000 1.713256 1.334387 2.250683 4.211557 8.584780 0.201961
191 32.882442 45.502792 0.000000 1.585365 1.328672 2.249318 4.239589 8.729852 0.171847
192 32.947227 45.439224 0.000000 1.981075 1.332184 2.231846 4.117725 8.204761 0.200832
193 33.448093 45.904610 0.000000 1.694553 1.362369 2.341318 4.448727 9.148685 0.207812
