%% Trajectory 27
%% frame x (pixel)     y (pixel)    z (pixel)      m0         m1           m2           m3           m4           s 
114 43.680099 56.930599 0.000000 2.223277 1.296819 2.117219 3.804467 7.386460 0.172803
115 43.678772 56.789516 0.000000 2.929029 1.307879 2.148202 3.880851 7.574366 0.228145
116 43.872265 56.920055 0.000000 2.604740 1.326215 2.211891 4.061286 8.045120 0.166998
117 43.772575 56.784920 0.000000 2.542108 1.304327 2.144949 3.891548 7.648952 0.219929
118 43.682129 56.864880 0.000000 3.041513 1.289643 2.094927 3.749626 7.270452 0.166667
119 43.730431 56.947418 0.000000 2.822221 1.293814 2.122766 3.855190 7.615316 0.224359
120 43.930031 56.951416 0.000000 2.658519 1.346982 2.296096 4.341322 8.917707 0.200169
121 43.552002 56.830936 0.000000 2.716193 1.264347 2.005713 3.476759 6.467976 0.166759
122 43.776413 57.028095 0.000000 2.511990 1.309510 2.152765 3.886676 7.560673 0.317726
123 43.787792 56.785313 0.000000 2.339258 1.280619 2.060066 3.637413 6.924853 0.166667
124 43.888680 56.821609 0.000000 2.133041 1.313079 2.178551 3.995337 7.949680 0.166667
125 43.968208 56.737404 0.000000 2.617701 1.324206 2.200604 4.025696 7.949935 0.166742
126 43.902672 56.952065 0.000000 2.640729 1.333109 2.237700 4.143900 8.297490 0.200000
127 43.749985 56.942646 0.000000 2.868881 1.302271 2.143917 3.897114 7.676629 0.201521
128 43.776939 56.936344 0.000000 2.423536 1.318770 2.187745 3.990948 7.848973 0.200000
129 43.875969 56.779049 0.000000 2.746340 1.286110 2.086663 3.729533 7.213084 0.200000
130 43.877518 56.782364 0.000000 2.742749 1.318196 2.185917 3.984416 7.826958 0.200000
131 44.010876 56.914795 0.000000 3.012650 1.320790 2.221604 4.146643 8.416132 0.200000
132 43.715244 56.886047 0.000000 2.478019 1.257523 2.000874 3.493596 6.577498 0.200000
133 43.875443 56.897488 0.000000 2.941339 1.320065 2.205897 4.079500 8.189474 0.200386
134 44.056942 56.872009 0.000000 2.785233 1.333759 2.231866 4.108819 8.156656 0.200000
135 43.851738 56.965748 0.000000 3.508647 1.333913 2.236868 4.135201 8.261009 0.307774
136 43.789074 56.959103 0.000000 2.820059 1.294806 2.120219 3.824908 7.458695 0.200000
137 43.837120 56.899963 0.000000 2.966581 1.318712 2.186531 3.986847 7.838173 0.342511
138 43.985607 56.900372 0.000000 3.124226 1.342249 2.270064 4.242077 8.582650 0.207553
139 43.965752 56.988705 0.000000 2.909649 1.355786 2.323663 4.412363 9.088494 0.200000
140 44.024242 56.987728 0.000000 3.013818 1.350110 2.305665 4.361004 8.946150 0.200000
141 44.046402 57.026493 0.000000 3.035240 1.333756 2.248204 4.198079 8.515795 0.200000
142 44.133450 56.983021 0.000000 2.685299 1.340114 2.254520 4.174967 8.337032 0.200000
143 43.775059 57.030022 0.000000 3.096558 1.354704 2.314862 4.364211 8.887624 0.200014
144 43.856052 57.055168 0.000000 3.295887 1.349691 2.305293 4.358079 8.931552 0.389172
145 43.711407 57.092258 0.000000 3.376360 1.363492 2.340828 4.435899 9.087662 0.214463
146 43.716583 57.023655 0.000000 3.028994 1.349259 2.298791 4.329174 8.836696 0.200000
148 43.686020 57.143559 0.000000 3.750170 1.301013 2.119642 3.778354 7.228184 0.200025
149 43.708900 57.108791 0.000000 4.039248 1.346799 2.277220 4.245031 8.553466 0.200000
150 43.601208 57.046879 0.000000 4.222020 1.293386 2.103678 3.746813 7.167175 0.257101
151 43.720734 57.128242 0.000000 4.257586 1.324594 2.201082 4.008457 7.839336 0.250406
152 43.689373 57.057308 0.000000 4.319535 1.317616 2.177303 3.954524 7.746211 0.250125
153 43.762684 57.157402 0.000000 3.782665 1.361274 2.319767 4.352003 8.811967 0.334637
154 43.738117 56.991287 0.000000 4.545703 1.367122 2.361777 4.526020 9.422102 0.333789
155 43.782951 56.995255 0.000000 4.689474 1.351805 2.293039 4.286419 8.652026 0.333333
156 43.853382 56.896751 0.000000 4.423297 1.354451 2.312296 4.371507 8.969015 0.250000
157 43.842583 57.041836 0.000000 4.346263 1.329070 2.219144 4.074365 8.062027 0.250000
158 43.702873 57.007198 0.000000 4.086847 1.335785 2.247618 4.171491 8.370476 0.333333
159 43.818478 56.980259 0.000000 4.625926 1.337669 2.259140 4.225440 8.582018 0.250013
160 43.647030 56.952530 0.000000 4.933165 1.335505 2.245227 4.167258 8.375603 0.250000
161 43.570805 56.964428 0.000000 4.991757 1.329583 2.221825 4.091688 8.146711 0.250000
162 43.684479 57.064320 0.000000 4.592009 1.315552 2.170786 3.931625 7.665573 0.333333
163 43.363346 57.057243 0.000000 5.105040 1.319633 2.185413 3.980328 7.820485 0.250000
164 43.276741 57.019455 0.000000 5.059436 1.320280 2.198165 4.040790 8.045514 0.250000
165 43.516392 56.997738 0.000000 4.939734 1.336599 2.251925 4.198145 8.501070 0.250000
166 43.352520 56.925476 0.000000 5.257787 1.328694 2.220857 4.094681 8.173901 0.250000
167 43.541634 57.060482 0.000000 5.023152 1.328395 2.205802 4.016916 7.865008 0.333333
168 43.636551 57.140266 0.000000 5.247024 1.302821 2.120122 3.767159 7.165418 0.333333
169 43.527843 57.002579 0.000000 5.293636 1.337990 2.248463 4.159039 8.300839 0.333333
170 43.510433 57.071953 0.000000 5.219788 1.315145 2.164750 3.906157 7.579329 0.333333
171 43.399216 56.989456 0.000000 5.197460 1.317661 2.189171 4.012604 7.964271 0.333333
172 43.308094 56.876705 0.000000 5.601008 1.312798 2.158950 3.889052 7.524096 0.333333
173 43.561169 56.755905 0.000000 5.354052 1.331242 2.229867 4.126747 8.282734 0.333333
174 43.458088 56.738235 0.000000 5.628560 1.286635 2.072018 3.644754 6.870883 0.333333
175 43.488682 56.561249 0.000000 5.363667 1.306417 2.129547 3.790756 7.226361 0.250000
176 43.436172 56.356415 0.000000 5.665673 1.279715 2.048486 3.580759 6.708407 0.250000
177 43.396019 56.179089 0.000000 5.674691 1.317612 2.171402 3.921246 7.610300 0.250000
178 43.187679 55.857906 0.000000 5.595700 1.359164 2.312661 4.337222 8.787996 0.250000
179 43.068245 55.867554 0.000000 5.104632 1.395634 2.438239 4.702922 9.803202 0.200000
180 43.269215 55.735844 0.000000 4.731126 1.301888 2.123557 3.800614 7.329150 0.250000
181 43.273533 55.612656 0.000000 3.929480 1.294119 2.091446 3.688659 6.963011 0.200292
182 43.564941 55.253563 0.000000 4.148341 1.332581 2.207435 3.994586 7.741191 0.200000
183 43.643421 55.221191 0.000000 4.090442 1.358330 2.312093 4.343056 8.831730 0.200000
184 43.793968 54.787025 0.000000 3.788331 1.355846 2.295857 4.278487 8.604988 0.200000
186 43.131355 55.170757 0.000000 2.765777 1.452610 2.643370 5.351058 11.774970 0.200082
187 42.951572 54.888317 0.000000 2.160342 1.398699 2.452145 4.756479 9.987342 0.200012
