%% Trajectory 23
%% frame x (pixel)     y (pixel)    z (pixel)      m0         m1           m2           m3           m4           s 
73 53.192089 51.116291 0.000000 1.303153 1.334782 2.239779 4.138034 8.250832 0.202564
74 52.931969 51.005898 0.000000 1.516143 1.374236 2.389504 4.617414 9.705046 0.200000
75 53.160202 50.959312 0.000000 1.512711 1.307887 2.151328 3.879546 7.519958 0.250000
76 53.102970 51.047310 0.000000 1.634415 1.319101 2.200339 4.056273 8.102237 0.250000
77 52.952679 50.939129 0.000000 1.864080 1.378247 2.388769 4.578401 9.493587 0.166670
78 53.048893 50.930336 0.000000 1.853695 1.383473 2.404152 4.614975 9.581597 0.200005
79 52.919128 50.924122 0.000000 1.605370 1.355531 2.323591 4.421198 9.143399 0.214153
80 53.025394 50.909954 0.000000 1.587791 1.384266 2.412815 4.653765 9.714637 0.345039
81 53.035221 50.965061 0.000000 2.110179 1.379143 2.398122 4.615639 9.615096 0.200000
82 52.926689 50.763119 0.000000 2.314471 1.341535 2.258155 4.190128 8.401705 0.166667
83 52.976109 50.908768 0.000000 2.194938 1.386829 2.422095 4.689952 9.850444 0.250002
84 52.955631 51.078518 0.000000 1.981863 1.373743 2.363598 4.485110 9.190639 0.188051
85 52.918964 51.031273 0.000000 2.305730 1.378490 2.407708 4.682723 9.916764 0.250123
86 53.019287 50.923252 0.000000 1.926749 1.370652 2.378896 4.582555 9.584820 0.295823
87 52.865562 50.967270 0.000000 2.164915 1.372814 2.378094 4.573713 9.560939 0.367055
88 52.929230 51.025131 0.000000 2.370715 1.371117 2.374626 4.563633 9.523129 0.250125
89 53.036549 51.134483 0.000000 2.343677 1.370847 2.360675 4.495971 9.275504 0.142857
90 53.059315 51.156494 0.000000 2.497442 1.346215 2.277811 4.252797 8.585098 0.250000
91 52.919624 50.965000 0.000000 2.269318 1.354800 2.324333 4.428035 9.170236 0.142982
92 53.017818 51.214630 0.000000 2.476493 1.333490 2.237485 4.144842 8.311027 0.200000
93 52.899788 50.873581 0.000000 2.634065 1.332155 2.242693 4.182816 8.473324 0.214599
94 52.966278 51.167618 0.000000 2.353215 1.375864 2.373530 4.520547 9.305190 0.275764
95 52.998386 50.937355 0.000000 2.539455 1.381306 2.407125 4.653355 9.763470 0.354799
96 53.033051 51.028286 0.000000 2.733272 1.373663 2.369380 4.515463 9.306309 0.415807
97 52.953510 50.892418 0.000000 2.935120 1.343153 2.276207 4.271283 8.696418 0.264311
98 52.923798 50.880016 0.000000 2.830899 1.336375 2.253441 4.208011 8.530375 0.475880
99 53.044247 51.120937 0.000000 2.718371 1.373454 2.374452 4.545097 9.431520 0.250001
100 53.009735 50.913361 0.000000 2.959488 1.367169 2.356158 4.495213 9.290140 0.335665
101 52.977097 50.911232 0.000000 2.829945 1.370791 2.362622 4.506052 9.308694 0.334669
102 52.947994 50.936848 0.000000 2.887575 1.357611 2.321267 4.393223 9.015295 0.333352
103 53.069016 50.944035 0.000000 3.106328 1.380944 2.394863 4.587135 9.500319 0.215409
104 53.111370 50.925446 0.000000 3.115281 1.364869 2.335741 4.407080 8.981606 0.201805
105 52.910217 51.006618 0.000000 3.299218 1.378222 2.400274 4.646458 9.781446 0.200000
106 52.978851 50.879658 0.000000 3.440888 1.370399 2.368471 4.538523 9.436325 0.166667
107 52.908024 50.996078 0.000000 3.322060 1.360034 2.339674 4.463783 9.245873 0.166667
108 52.858734 50.938011 0.000000 3.193248 1.335597 2.248835 4.186518 8.445006 0.166667
109 52.746784 50.763287 0.000000 3.438162 1.329713 2.218220 4.071038 8.058410 0.250000
110 52.744900 50.720821 0.000000 3.565696 1.329698 2.212242 4.044142 7.964733 0.200000
111 52.726570 50.493484 0.000000 3.291956 1.297254 2.109456 3.756891 7.190120 0.200000
112 52.627491 49.996777 0.000000 3.000776 1.351751 2.313962 4.413260 9.194176 0.205704
113 52.573391 49.895748 0.000000 3.392831 1.319301 2.195712 4.034279 8.030803 0.200000
114 52.564976 49.697834 0.000000 2.882751 1.322617 2.217805 4.143078 8.472965 0.211939
115 52.598446 49.604866 0.000000 2.796757 1.324434 2.194360 3.997082 7.857728 0.253071
116 52.087021 49.903889 0.000000 2.705104 1.370025 2.357204 4.480143 9.213185 0.200000
117 51.876160 49.815994 0.000000 2.492784 1.317868 2.190782 4.014177 7.948511 0.171045
119 51.872513 49.587955 0.000000 1.860942 1.321759 2.192114 3.994413 7.840963 0.299556
120 51.684689 49.436665 0.000000 1.559018 1.302565 2.116721 3.750736 7.104757 0.185090
