%% Trajectory 16
%% frame x (pixel)     y (pixel)    z (pixel)      m0         m1           m2           m3           m4           s 
62 48.561031 55.118824 0.000000 1.410509 1.485680 2.725070 5.519166 12.071724 0.200000
63 48.574776 55.164780 0.000000 1.428063 1.456439 2.620521 5.198030 11.125563 0.200000
64 48.526653 55.030651 0.000000 1.426069 1.412412 2.522542 5.024946 10.918691 0.250000
65 48.811291 55.113640 0.000000 1.751694 1.468395 2.673720 5.364813 11.597038 0.250975
66 48.648827 54.653496 0.000000 1.531641 1.361117 2.313633 4.330730 8.750518 0.366423
67 48.257305 54.635315 0.000000 1.598937 1.424040 2.524551 4.933277 10.397144 0.333333
68 48.378155 54.704430 0.000000 1.894308 1.453486 2.621780 5.221519 11.229805 0.333333
69 48.531120 54.822952 0.000000 1.750781 1.456142 2.618768 5.182659 11.042544 0.333333
70 48.379738 54.611946 0.000000 2.095973 1.454877 2.608325 5.128270 10.817914 0.333954
71 48.243244 54.796722 0.000000 2.092471 1.448472 2.593800 5.113983 10.864152 0.333333
72 48.358112 54.831841 0.000000 1.956810 1.441645 2.597172 5.185908 11.225691 0.333333
73 48.082214 54.712261 0.000000 2.180480 1.423680 2.520753 4.919300 10.351110 0.333333
74 48.119461 54.860149 0.000000 2.426287 1.412328 2.486769 4.829091 10.121798 0.333333
75 47.963760 54.752750 0.000000 2.529288 1.454659 2.636281 5.289711 11.490779 0.616406
76 47.870556 54.426155 0.000000 2.443645 1.429156 2.543543 4.997430 10.610466 0.333406
77 47.900555 54.324505 0.000000 2.495038 1.444866 2.582909 5.089486 10.818435 0.333422
78 47.708618 54.393375 0.000000 2.634452 1.362392 2.305520 4.275739 8.520494 0.340041
79 47.651409 54.315464 0.000000 2.736860 1.421610 2.506085 4.856886 10.129382 0.488399
80 47.531055 54.018410 0.000000 2.743682 1.464498 2.681840 5.445660 11.978114 0.528707
81 47.466915 53.916004 0.000000 2.669439 1.418108 2.507277 4.901159 10.371473 0.333333
82 47.281921 53.651051 0.000000 2.606885 1.416639 2.493895 4.837728 10.125982 0.333333
84 47.146114 53.877731 0.000000 1.899436 1.522828 2.858824 5.922039 13.217900 0.333333
85 47.371613 54.201702 0.000000 1.767811 1.553634 2.950450 6.137682 13.661140 0.250000
86 47.410870 53.853935 0.000000 1.854000 1.583314 3.076367 6.582928 15.133858 0.250000
87 47.295353 54.270405 0.000000 1.831477 1.547751 2.922188 6.047956 13.410844 0.224830
88 47.173058 54.269329 0.000000 1.835315 1.508125 2.815443 5.803455 12.901960 0.355224
89 47.168594 53.905548 0.000000 1.628618 1.575755 3.062982 6.567015 15.137717 0.480238
90 47.405285 54.334415 0.000000 1.630849 1.601620 3.101906 6.571336 14.875615 0.428576
92 46.824524 53.469887 0.000000 1.558375 1.612493 3.141488 6.689019 15.208012 0.333333
94 46.923462 53.609482 0.000000 1.553763 1.540560 2.940530 6.217771 14.195941 0.335825
95 46.942810 53.304333 0.000000 1.111484 1.458174 2.619826 5.181149 11.039577 0.335551
96 46.870567 52.727421 0.000000 1.485227 1.508251 2.825979 5.846065 13.039709 0.251415
97 46.874027 52.638138 0.000000 1.422725 1.447367 2.592330 5.121717 10.926113 0.333333
98 46.878510 52.636032 0.000000 0.990377 1.497686 2.818883 5.896297 13.359525 0.337761
99 46.727646 52.663872 0.000000 1.120577 1.413195 2.514345 4.950544 10.550223 0.333333
102 47.313679 54.723724 0.000000 0.650976 1.435104 2.647979 5.469533 12.326874 0.333333
