%% Trajectory 13
%% frame x (pixel)     y (pixel)    z (pixel)      m0         m1           m2           m3           m4           s 
41 38.431168 25.040585 0.000000 1.093951 1.292427 2.107399 3.794418 7.408707 0.333333
43 38.370834 25.079500 0.000000 1.316313 1.305143 2.151181 3.918511 7.751267 0.333333
45 38.514095 25.013742 0.000000 1.373035 1.284120 2.114083 3.886686 7.851709 0.333333
46 38.553246 25.228497 0.000000 1.695720 1.285481 2.077772 3.694558 7.105662 0.333333
47 38.643166 25.125767 0.000000 1.620217 1.260968 2.006955 3.510165 6.634735 0.333333
48 38.401134 25.266050 0.000000 1.899837 1.271954 2.039254 3.596109 6.860130 0.333333
49 38.604935 25.143450 0.000000 1.622342 1.282897 2.061134 3.619656 6.817958 0.333333
50 38.635155 25.068964 0.000000 1.841487 1.294518 2.114971 3.815875 7.472166 0.333333
51 38.523911 25.320568 0.000000 2.091211 1.233245 1.917788 3.262843 5.976260 0.333333
52 38.694740 25.253313 0.000000 2.028777 1.272394 2.031070 3.543712 6.633640 0.333333
53 38.726994 25.197788 0.000000 2.337473 1.308312 2.141242 3.837064 7.383727 0.333333
54 38.790508 25.218847 0.000000 2.200392 1.269336 2.030660 3.564456 6.743318 0.333333
55 38.797733 25.005096 0.000000 2.135725 1.340140 2.259496 4.199641 8.434850 0.300479
56 38.774231 25.220444 0.000000 2.393094 1.333553 2.235837 4.134673 8.275447 0.250000
57 38.941471 25.104837 0.000000 2.373950 1.340320 2.261719 4.209807 8.467135 0.250051
58 38.974602 25.266769 0.000000 2.406743 1.333083 2.226323 4.086656 8.081360 0.250112
59 38.984982 25.032091 0.000000 2.804164 1.377863 2.390054 4.584574 9.518470 0.250000
60 38.841030 25.135046 0.000000 2.835335 1.318667 2.177143 3.943137 7.682739 0.250000
61 39.088650 24.916578 0.000000 2.782593 1.352167 2.298542 4.320206 8.799861 0.333333
62 38.892292 25.161869 0.000000 2.705344 1.311143 2.161855 3.926342 7.708083 0.200000
63 38.886761 25.148016 0.000000 2.965267 1.361125 2.318556 4.345300 8.775970 0.200000
64 38.883987 25.228199 0.000000 3.166227 1.320832 2.189738 3.993009 7.852984 0.200000
65 38.922462 25.171879 0.000000 3.006750 1.363128 2.328558 4.385223 8.920690 0.250000
66 38.905350 25.199625 0.000000 3.672105 1.322374 2.194684 4.003033 7.868511 0.200000
67 39.089378 25.205219 0.000000 3.473477 1.319994 2.194069 4.025900 8.001525 0.250000
68 39.286572 25.527969 0.000000 3.176403 1.278652 2.046241 3.576298 6.699910 0.200000
69 39.578091 25.838461 0.000000 3.164951 1.319744 2.176357 3.938377 7.673060 0.166667
70 39.515778 25.899326 0.000000 3.427841 1.285175 2.067472 3.631726 6.833793 0.200000
71 39.744186 26.084549 0.000000 3.249499 1.303671 2.141988 3.874249 7.572320 0.200000
72 39.869148 26.210470 0.000000 2.806514 1.283429 2.075904 3.693879 7.104913 0.166667
74 40.449036 26.101543 0.000000 1.747004 1.294736 2.108208 3.772193 7.284788 0.203843
75 40.948048 25.836843 0.000000 1.467187 1.377653 2.398069 4.647514 9.808012 0.200000
