%% Trajectory 24
%% frame x (pixel)     y (pixel)    z (pixel)      m0         m1           m2           m3           m4           s 
151 55.855614 24.609629 0.000000 2.902617 1.312433 2.168903 3.952725 7.803499 0.166679
152 55.982311 24.506124 0.000000 2.549886 1.335082 2.243678 4.161591 8.357263 0.166667
155 56.160149 24.635759 0.000000 2.647419 1.304217 2.152846 3.933652 7.821352 0.177446
157 56.094433 24.777710 0.000000 2.497164 1.296856 2.121367 3.818925 7.424122 0.231111
158 56.059681 24.477360 0.000000 2.728878 1.309737 2.152721 3.881150 7.529010 0.271794
159 56.035046 24.459572 0.000000 2.954345 1.329991 2.229242 4.129450 8.298098 0.200000
160 56.077404 24.583681 0.000000 3.083067 1.296450 2.124843 3.845071 7.550270 0.250000
161 56.146801 24.436335 0.000000 2.807212 1.300716 2.116926 3.765437 7.178701 0.250000
162 56.062702 24.663530 0.000000 2.393845 1.308943 2.161524 3.941821 7.797944 0.250000
164 56.110367 25.059349 0.000000 3.243079 1.354717 2.313651 4.375521 8.974723 0.250000
165 56.003944 25.071835 0.000000 3.088962 1.359071 2.334879 4.454403 9.244016 0.250000
166 55.836552 25.230400 0.000000 3.323474 1.341296 2.243278 4.114733 8.117547 0.250000
167 55.585442 24.971905 0.000000 3.142564 1.356299 2.316089 4.397326 9.106879 0.231631
168 55.426376 25.242517 0.000000 2.731853 1.325032 2.182376 3.919052 7.518910 0.432269
169 55.300724 25.224852 0.000000 3.171857 1.321309 2.175488 3.906710 7.497121 0.200040
170 55.196384 24.994343 0.000000 3.059935 1.391511 2.439709 4.747663 10.039524 0.166667
171 54.873276 24.986393 0.000000 2.907601 1.375906 2.387639 4.598926 9.630899 0.384659
172 54.764999 24.842587 0.000000 2.649518 1.362067 2.313985 4.314862 8.652185 0.217866
173 54.767830 24.934872 0.000000 2.377702 1.402383 2.453034 4.738786 9.899560 0.176094
174 54.427422 24.677332 0.000000 1.919625 1.269915 2.037381 3.599286 6.887978 0.167039
175 54.316765 24.759102 0.000000 2.345251 1.287029 2.075242 3.666425 6.972527 0.292304
176 54.072796 24.516275 0.000000 2.569796 1.348021 2.278908 4.248478 8.563614 0.200118
178 54.715878 24.986265 0.000000 1.468497 1.510805 2.836252 5.891836 13.211505 0.200000
180 54.129658 24.742020 0.000000 1.056176 1.421666 2.515254 4.919547 10.412546 0.333566
