%% Trajectory 30
%% frame x (pixel)     y (pixel)    z (pixel)      m0         m1           m2           m3           m4           s 
179 37.269810 52.322105 0.000000 1.430475 1.253902 1.977420 3.409539 6.316635 0.250000
180 37.220291 52.250816 0.000000 1.397848 1.284747 2.064372 3.622743 6.812519 0.250000
181 37.040527 52.141075 0.000000 1.560294 1.347278 2.290036 4.300927 8.743137 0.250068
182 37.011990 52.369907 0.000000 1.420641 1.320921 2.184311 3.962598 7.730656 0.250013
183 36.961014 52.478733 0.000000 1.644725 1.400614 2.461090 4.778656 10.035295 0.266030
184 37.288773 51.952057 0.000000 1.493236 1.263875 2.028078 3.606623 7.002176 0.333333
185 37.255249 52.402859 0.000000 1.470694 1.248410 1.964295 3.382709 6.265567 0.333333
186 37.445168 52.192081 0.000000 1.604637 1.273120 2.038321 3.566936 6.695594 0.333333
187 37.227402 52.185051 0.000000 1.998984 1.296793 2.112567 3.789954 7.358582 0.333333
188 37.195492 52.314495 0.000000 2.126168 1.278826 2.060650 3.650393 6.987479 0.333333
189 37.372307 52.290302 0.000000 2.106294 1.267849 2.041672 3.642777 7.094199 0.333333
190 37.222855 52.265202 0.000000 2.590315 1.264375 2.016963 3.530071 6.661430 0.333333
191 37.360855 52.268711 0.000000 1.947071 1.226343 1.900751 3.224658 5.894168 0.333333
192 37.168606 52.133999 0.000000 1.952793 1.243730 1.954484 3.364149 6.231991 0.333333
193 37.584362 52.305603 0.000000 1.857784 1.276287 2.067357 3.717370 7.307977 0.333333
194 37.437477 52.390064 0.000000 1.690274 1.186462 1.789523 2.956152 5.279588 0.333333
195 37.784878 51.769669 0.000000 1.845508 1.257558 2.013112 3.563010 6.861073 0.333333
196 37.790352 51.848690 0.000000 1.726490 1.307487 2.167895 3.979897 7.933277 0.333333
197 37.925694 51.667652 0.000000 1.573265 1.238624 1.966198 3.460892 6.647683 0.333333
198 37.783417 51.232109 0.000000 1.909689 1.249987 1.980456 3.450675 6.503835 0.333333
199 37.794735 51.091599 0.000000 1.461162 1.258480 2.025486 3.604061 6.969139 0.333333
200 37.608765 50.972858 0.000000 1.567657 1.224944 1.911971 3.289402 6.144281 0.250014
201 37.647739 50.896431 0.000000 1.328096 1.176754 1.770914 2.928098 5.252880 0.200000
202 37.940578 50.546734 0.000000 1.410365 1.230506 1.926489 3.308484 6.124765 0.269764
