%% Trajectory 41
%% frame x (pixel)     y (pixel)    z (pixel)      m0         m1           m2           m3           m4           s 
173 51.243858 39.727379 0.000000 0.812143 1.298480 2.166731 4.029419 8.195804 0.274156
174 51.461323 39.977043 0.000000 1.044318 1.344092 2.285332 4.304980 8.792246 0.209465
175 50.951439 39.654049 0.000000 0.989391 1.276896 2.079950 3.760430 7.412338 0.166667
177 51.154118 39.819504 0.000000 1.517942 1.343645 2.269669 4.242671 8.609581 0.273490
178 50.855373 40.054657 0.000000 1.329375 1.363213 2.350797 4.497166 9.348267 0.200004
180 51.683224 40.049824 0.000000 1.968026 1.356280 2.316961 4.353238 8.803212 0.449343
181 51.338249 40.172470 0.000000 2.527616 1.294059 2.107340 3.777469 7.323587 0.333333
182 51.353809 40.137997 0.000000 2.912346 1.331345 2.225805 4.101434 8.173584 0.517372
183 51.363499 39.987423 0.000000 3.490924 1.325961 2.219581 4.120616 8.333298 0.250006
184 51.303413 40.039486 0.000000 3.391633 1.292440 2.124630 3.870371 7.679009 0.336792
185 51.313370 39.854130 0.000000 2.878899 1.305494 2.142146 3.860308 7.497804 0.333333
186 51.133583 39.936741 0.000000 3.629226 1.346663 2.271058 4.211570 8.413178 0.250000
187 51.213589 39.835548 0.000000 4.094706 1.292421 2.093848 3.711280 7.059386 0.333333
188 51.284290 40.005451 0.000000 3.903032 1.333266 2.248478 4.193101 8.478854 0.333333
189 51.311954 39.999336 0.000000 3.540057 1.304989 2.144130 3.866752 7.502147 0.335501
190 51.291115 39.904240 0.000000 3.859915 1.295679 2.117314 3.803921 7.373245 0.500000
192 51.362236 39.863682 0.000000 4.125962 1.298798 2.134989 3.877191 7.644520 0.333333
193 51.448784 40.158398 0.000000 4.071571 1.304695 2.130170 3.807185 7.308506 0.333333
194 51.323223 39.868607 0.000000 4.178846 1.388252 2.408234 4.615159 9.573880 0.500000
195 51.384186 40.080669 0.000000 4.250528 1.300759 2.124938 3.817418 7.409287 0.333333
196 51.474472 39.960320 0.000000 4.947102 1.301625 2.119624 3.766678 7.158576 0.500635
197 51.252014 39.942802 0.000000 5.304891 1.341618 2.279039 4.295794 8.807643 0.333333
198 51.293877 40.154709 0.000000 5.512558 1.287998 2.079581 3.671708 6.955848 0.333333
199 51.371487 40.070240 0.000000 4.974808 1.294302 2.105673 3.763099 7.255876 0.333333
200 51.436325 40.065155 0.000000 5.439554 1.299700 2.110207 3.741384 7.103160 0.333333
201 51.268127 40.170586 0.000000 5.317398 1.316493 2.177423 3.965542 7.808502 0.333333
202 51.215687 40.228180 0.000000 5.044566 1.289983 2.091442 3.719124 7.122549 0.250000
203 51.186714 40.283424 0.000000 5.249173 1.297594 2.101779 3.715106 7.026803 0.200000
204 50.854366 40.320496 0.000000 5.053984 1.306210 2.137887 3.833718 7.386571 0.142857
205 50.741436 40.507584 0.000000 4.886453 1.283189 2.064722 3.644522 6.934743 0.250000
206 50.658047 40.686958 0.000000 5.644424 1.255875 1.979684 3.412592 6.322201 0.166667
207 50.477463 40.509983 0.000000 5.106075 1.268503 2.025936 3.557981 6.761032 0.200000
208 50.572662 40.665302 0.000000 4.907535 1.290404 2.082167 3.667017 6.913404 0.250000
209 50.374592 40.595558 0.000000 4.547103 1.278034 2.046502 3.577931 6.701656 0.250000
210 50.283566 40.373970 0.000000 3.999673 1.282866 2.066318 3.648638 6.937497 0.200000
211 50.136280 39.984108 0.000000 3.760830 1.386315 2.413251 4.646325 9.687102 0.250000
212 50.169106 40.150669 0.000000 4.013830 1.329020 2.209374 4.036075 7.948140 0.333333
213 50.491055 40.148518 0.000000 4.191720 1.403187 2.457478 4.754932 9.955614 0.333333
215 50.817757 39.794468 0.000000 2.291737 1.347922 2.292152 4.304029 8.737997 0.333333
216 50.651501 39.895473 0.000000 1.542933 1.450275 2.649572 5.362477 11.739700 0.333336
218 49.998005 40.169853 0.000000 1.532975 1.390234 2.440066 4.759342 10.099542 0.333333
