%% Trajectory 24
%% frame x (pixel)     y (pixel)    z (pixel)      m0         m1           m2           m3           m4           s 
135 29.200939 40.424038 0.000000 1.630822 1.455423 2.636483 5.289630 11.498464 0.271516
136 29.351336 40.203659 0.000000 1.838974 1.419378 2.503064 4.858479 10.156820 0.300395
137 28.903799 40.005363 0.000000 1.794545 1.507387 2.858686 6.035011 13.804752 0.250734
139 29.542191 40.381641 0.000000 1.968212 1.468735 2.677148 5.395533 11.742528 0.250061
140 29.522530 40.435993 0.000000 2.218777 1.472233 2.683025 5.395859 11.711426 0.200001
141 29.274981 40.295452 0.000000 1.849223 1.546679 2.925956 6.092679 13.636890 0.250000
142 29.525671 40.526337 0.000000 2.381950 1.427149 2.545242 5.021165 10.720219 0.253245
143 29.537886 40.438763 0.000000 3.076187 1.485641 2.741643 5.594135 12.328779 0.250000
144 29.579456 39.991608 0.000000 2.457646 1.494450 2.807147 5.874130 13.344594 0.166667
145 29.566835 40.125927 0.000000 2.997105 1.495030 2.785455 5.735333 12.733834 0.200000
146 29.494999 39.950367 0.000000 3.063079 1.449213 2.629072 5.297699 11.581617 0.200003
147 29.655193 39.882938 0.000000 2.792866 1.433752 2.597080 5.240318 11.506082 0.250000
148 29.543352 39.921280 0.000000 3.072457 1.392308 2.450749 4.801525 10.240758 0.200000
149 29.604887 39.940678 0.000000 3.268459 1.414606 2.523724 5.000598 10.757974 0.250000
150 29.409332 39.778065 0.000000 2.932319 1.279277 2.060876 3.637412 6.903281 0.166667
151 29.595554 39.724590 0.000000 3.420070 1.337111 2.245084 4.161480 8.358731 0.250000
152 29.522938 39.944637 0.000000 3.711581 1.383276 2.395858 4.586912 9.503645 0.250000
153 29.731754 40.013691 0.000000 4.169377 1.408301 2.502072 4.937148 10.571021 0.250000
154 29.862961 39.963135 0.000000 4.873356 1.446277 2.625297 5.292988 11.568412 0.250000
155 30.112383 40.373699 0.000000 4.941274 1.527220 2.883409 6.008914 13.485660 0.250000
156 29.841698 40.107960 0.000000 4.643454 1.429383 2.554305 5.036127 10.712406 0.250000
157 29.706926 39.945572 0.000000 4.986642 1.358208 2.315689 4.357386 8.864362 0.250000
158 29.894972 39.898907 0.000000 4.471401 1.369793 2.353406 4.468078 9.180184 0.250000
159 29.830326 39.882778 0.000000 3.746125 1.331584 2.247152 4.213659 8.610497 0.250000
160 29.877462 39.940407 0.000000 4.017316 1.391944 2.439244 4.734439 9.960883 0.333333
161 30.223124 39.935978 0.000000 3.584963 1.305498 2.138985 3.838101 7.394718 0.250000
162 30.204800 40.109192 0.000000 3.596529 1.306159 2.145056 3.886641 7.628979 0.250000
163 30.425997 40.125038 0.000000 3.442504 1.285586 2.077930 3.687701 7.055628 0.200000
164 30.498175 40.260624 0.000000 3.384624 1.248557 1.966556 3.386562 6.265144 0.250000
165 30.479099 40.241348 0.000000 3.076492 1.240700 1.943707 3.332196 6.145406 0.256146
166 31.071232 40.514793 0.000000 3.047726 1.305611 2.149686 3.921497 7.795518 0.200024
167 31.112541 41.031567 0.000000 2.599671 1.360064 2.338052 4.451104 9.188257 0.333502
168 31.219637 40.698498 0.000000 2.136800 1.221546 1.892759 3.214714 5.889540 0.250148
169 31.381582 40.359711 0.000000 2.563257 1.184601 1.783296 2.939653 5.239377 0.250000
