%% Trajectory 16
%% frame x (pixel)     y (pixel)    z (pixel)      m0         m1           m2           m3           m4           s 
47 56.953152 46.264278 0.000000 1.082439 1.270708 2.050522 3.652019 7.058024 0.179709
48 56.819382 46.301041 0.000000 1.248415 1.273257 2.038610 3.568914 6.701753 0.168270
50 56.836315 46.233814 0.000000 1.057111 1.227706 1.923051 3.318520 6.213578 0.200000
51 56.786621 46.212135 0.000000 1.213497 1.264537 2.024476 3.558526 6.745986 0.179398
52 56.825901 46.507347 0.000000 1.215872 1.213804 1.877204 3.215705 6.035319 0.172055
53 56.848785 46.453594 0.000000 1.491680 1.233220 1.919499 3.276186 6.038050 0.166744
54 56.845104 46.253551 0.000000 1.614405 1.269293 2.039739 3.621442 6.992810 0.166667
55 56.745640 46.202667 0.000000 1.618479 1.218922 1.882545 3.184483 5.807786 0.200000
56 56.870476 46.190865 0.000000 1.598620 1.264837 2.025557 3.581113 6.876210 0.250001
57 56.799450 46.187057 0.000000 1.761524 1.255071 2.004760 3.539673 6.800747 0.250000
58 56.950359 46.193016 0.000000 1.622542 1.289430 2.111552 3.833652 7.587860 0.200000
59 56.768211 46.120071 0.000000 1.748995 1.259766 2.005658 3.504436 6.602795 0.250000
60 56.723991 46.135616 0.000000 1.724142 1.270970 2.035258 3.573379 6.757730 0.200000
61 56.697056 46.135601 0.000000 1.737194 1.267326 2.033550 3.593365 6.876322 0.250019
62 56.501278 46.117985 0.000000 1.774886 1.231256 1.916674 3.265100 5.987042 0.250102
63 56.433453 46.133572 0.000000 1.699535 1.246911 1.961423 3.375537 6.245320 0.250000
64 56.210850 46.173622 0.000000 1.598916 1.237027 1.936338 3.318430 6.119471 0.250274
65 56.028122 46.177101 0.000000 1.434512 1.279613 2.085880 3.764405 7.394802 0.282225
66 55.740952 46.137859 0.000000 1.489443 1.245603 1.992698 3.561209 7.018451 0.253782
67 55.388844 46.218323 0.000000 1.298840 1.223864 1.936384 3.450423 6.858983 0.200458
68 55.290970 46.041260 0.000000 1.271776 1.279366 2.118366 3.962168 8.240537 0.364439
