%% Trajectory 14
%% frame x (pixel)     y (pixel)    z (pixel)      m0         m1           m2           m3           m4           s 
87 14.973347 58.099495 0.000000 2.252566 1.428409 2.580380 5.186544 11.322222 0.250000
89 15.124809 57.521290 0.000000 2.819829 1.450574 2.628424 5.278996 11.485360 0.363394
90 15.358529 57.846317 0.000000 2.846432 1.373085 2.363777 4.497438 9.269138 0.200000
91 15.054208 57.855263 0.000000 2.730601 1.485623 2.753080 5.652003 12.545044 0.273710
92 15.169466 57.639793 0.000000 3.166074 1.429171 2.557434 5.067254 10.871749 0.297801
93 15.104105 57.680889 0.000000 3.335641 1.425335 2.541176 5.011124 10.686394 0.329014
94 15.221478 57.615971 0.000000 3.128410 1.419895 2.527881 4.990777 10.686417 0.250356
95 15.329247 57.657837 0.000000 3.947817 1.376208 2.362300 4.462723 9.091890 0.250272
96 15.173100 57.604000 0.000000 3.416314 1.436694 2.578219 5.111536 10.947286 0.256171
97 15.295148 57.793362 0.000000 3.594143 1.412611 2.484185 4.818992 10.094832 0.250008
98 15.195468 57.619545 0.000000 3.673388 1.460844 2.656912 5.340929 11.595625 0.296940
99 15.219543 57.705406 0.000000 4.191062 1.453616 2.612597 5.158410 10.941965 0.166667
100 15.325464 57.749672 0.000000 4.017323 1.391637 2.414635 4.618750 9.541652 0.166667
101 15.218307 57.632992 0.000000 3.920790 1.439966 2.583102 5.120211 10.969665 0.166667
102 15.425498 57.648888 0.000000 4.191867 1.393578 2.412647 4.584595 9.365269 0.166667
103 15.254315 57.437374 0.000000 4.467437 1.463469 2.662239 5.357914 11.664037 0.200000
104 15.177605 57.431606 0.000000 4.980529 1.468846 2.678476 5.392906 11.718839 0.250000
105 15.310277 57.611008 0.000000 4.313924 1.406745 2.468301 4.782238 10.019055 0.250000
106 15.225869 57.572109 0.000000 4.284438 1.466387 2.671057 5.376935 11.691988 0.250000
107 15.314618 57.389202 0.000000 4.578142 1.453905 2.629753 5.252377 11.325809 0.250000
108 15.218507 57.378456 0.000000 4.895123 1.430092 2.553937 5.048248 10.808684 0.250000
109 15.202378 57.504063 0.000000 4.895049 1.450298 2.625124 5.264341 11.434384 0.250000
110 15.144700 57.375755 0.000000 4.919118 1.455457 2.641993 5.311907 11.560211 0.200000
111 15.278369 57.479233 0.000000 5.087767 1.425596 2.525254 4.938624 10.441624 0.166667
112 15.072949 57.448059 0.000000 4.853955 1.458372 2.651841 5.334486 11.603328 0.200000
113 15.210526 57.409115 0.000000 5.045747 1.411784 2.489093 4.851431 10.234707 0.200000
114 15.092531 57.359528 0.000000 4.586744 1.515472 2.848641 5.920916 13.282006 0.200000
115 15.263833 57.218441 0.000000 4.278281 1.494543 2.773679 5.691452 12.606654 0.200000
116 15.059107 57.172951 0.000000 4.035370 1.582174 3.094271 6.676441 15.483758 0.250000
117 15.023963 57.170929 0.000000 3.665053 1.559632 3.009800 6.413988 14.709500 0.200000
118 14.991029 57.121044 0.000000 3.394504 1.576705 3.099377 6.743148 15.801636 0.200000
119 14.753611 57.211025 0.000000 3.656185 1.498440 2.785112 5.722775 12.691996 0.200000
121 14.861244 57.204140 0.000000 3.579565 1.495288 2.773314 5.690044 12.607425 0.166667
123 14.513540 57.166031 0.000000 3.322683 1.494019 2.766982 5.653465 12.440248 0.169963
124 14.281625 57.331818 0.000000 2.719216 1.504226 2.810164 5.810183 12.969686 0.286432
125 14.471314 57.173691 0.000000 2.611911 1.439656 2.586370 5.142017 11.062543 0.166668
126 14.460356 57.076065 0.000000 2.661160 1.448347 2.628824 5.301980 11.605659 0.179213
127 14.347360 57.193859 0.000000 2.673462 1.434584 2.582732 5.143529 11.066052 0.166745
128 14.668436 56.778332 0.000000 2.735971 1.394105 2.418749 4.626728 9.565107 0.167307
129 14.736334 56.685558 0.000000 2.304940 1.479037 2.711554 5.485088 11.969329 0.250000
130 14.561960 56.316311 0.000000 2.422013 1.481195 2.748470 5.668940 12.676226 0.200000
132 14.395147 56.579418 0.000000 1.824029 1.294615 2.098298 3.740263 7.208860 0.240662
133 14.762665 56.380142 0.000000 1.618232 1.315395 2.197527 4.073586 8.225044 0.200000
