%% Trajectory 22
%% frame x (pixel)     y (pixel)    z (pixel)      m0         m1           m2           m3           m4           s 
109 37.396442 18.332531 0.000000 0.692228 1.331754 2.300187 4.486630 9.677157 0.285562
111 36.956974 18.308872 0.000000 0.905173 1.478593 2.777687 5.830621 13.323546 0.250000
112 37.020195 19.103689 0.000000 0.854540 1.443988 2.660122 5.479634 12.298626 0.201436
113 37.202847 18.644794 0.000000 0.982038 1.313802 2.169478 3.941265 7.730409 0.209095
114 37.350262 18.645926 0.000000 1.243907 1.325715 2.216572 4.099401 8.236618 0.250678
115 37.143360 18.373829 0.000000 1.248545 1.281702 2.064757 3.640989 6.894542 0.275356
116 37.239441 18.512068 0.000000 1.162665 1.370160 2.382646 4.632997 9.874270 0.250402
117 37.329575 18.561489 0.000000 1.464891 1.293058 2.087841 3.678003 6.933757 0.250030
118 37.321774 18.562332 0.000000 1.490480 1.319946 2.186319 3.988967 7.874065 0.200059
119 37.397419 18.852882 0.000000 1.603476 1.296981 2.116647 3.806187 7.412462 0.166667
120 37.318680 18.779499 0.000000 1.474515 1.341135 2.260685 4.215917 8.540187 0.235246
121 37.348633 18.764635 0.000000 1.523230 1.361754 2.299992 4.260074 8.483378 0.274173
122 37.312336 18.712538 0.000000 1.851958 1.345557 2.289303 4.322985 8.890401 0.209728
123 37.250633 18.549938 0.000000 1.781043 1.339881 2.257957 4.208258 8.513386 0.435058
124 37.471195 18.574184 0.000000 1.811355 1.338309 2.271462 4.297446 8.899400 0.478054
125 37.350536 18.444057 0.000000 2.111633 1.260015 1.994310 3.449813 6.406708 0.370578
126 37.254059 18.619385 0.000000 2.029300 1.295893 2.113972 3.806384 7.440520 0.632995
127 37.246822 18.715517 0.000000 2.291503 1.328146 2.216909 4.082745 8.145215 0.448770
128 37.290253 18.693157 0.000000 2.810341 1.322018 2.192419 3.996378 7.857772 0.419672
129 37.150124 18.859541 0.000000 2.409573 1.391988 2.425643 4.679479 9.789545 0.200002
130 37.207314 19.219307 0.000000 2.512167 1.360139 2.339690 4.471046 9.302988 0.250213
131 37.122028 19.411129 0.000000 2.679345 1.360116 2.327651 4.409748 9.063925 0.250002
132 37.265789 19.338428 0.000000 2.580263 1.322998 2.187139 3.966185 7.739333 0.250000
133 37.012455 19.699814 0.000000 2.240209 1.359655 2.318515 4.358767 8.847593 0.289363
134 36.974766 19.721476 0.000000 2.183193 1.363682 2.322327 4.354737 8.812192 0.265306
135 36.993130 19.823067 0.000000 2.747058 1.352505 2.297514 4.305476 8.722146 0.200000
