%% Trajectory 8
%% frame x (pixel)     y (pixel)    z (pixel)      m0         m1           m2           m3           m4           s 
17 19.149492 22.760427 0.000000 1.294933 1.191099 1.819532 3.057692 5.567142 0.200000
18 19.169207 22.756166 0.000000 1.498811 1.186234 1.802575 3.013480 5.469958 0.333339
19 19.460991 22.775307 0.000000 1.936191 1.262775 2.007201 3.494428 6.545043 0.333334
20 19.463421 22.785807 0.000000 2.034512 1.242312 1.958225 3.388519 6.328645 0.333333
21 19.562508 22.733137 0.000000 2.233591 1.277498 2.049625 3.599249 6.791238 0.333333
22 19.519094 22.648314 0.000000 2.298414 1.236840 1.924957 3.277158 6.005122 0.333333
23 19.351259 22.555830 0.000000 2.286351 1.235650 1.920461 3.264520 5.972931 0.250000
24 19.439365 22.625046 0.000000 2.108009 1.255819 1.980000 3.411714 6.313710 0.250000
25 19.369751 22.576160 0.000000 2.130844 1.276215 2.037522 3.552067 6.638361 0.333333
26 19.461313 22.649742 0.000000 2.656932 1.280269 2.049404 3.582509 6.712097 0.250000
27 19.330999 22.485495 0.000000 2.357881 1.260910 2.000836 3.471802 6.470386 0.250000
28 19.401262 22.566380 0.000000 2.699806 1.271490 2.026057 3.526597 6.583456 0.250000
29 19.555851 22.627560 0.000000 2.439121 1.274768 2.037629 3.557585 6.658396 0.250000
30 19.387463 22.569307 0.000000 2.631299 1.243065 1.948077 3.337767 6.146602 0.250000
31 19.406433 22.582357 0.000000 2.727113 1.254261 1.982042 3.424223 6.353106 0.250000
32 19.442303 22.646059 0.000000 3.150172 1.293407 2.091111 3.689410 6.965909 0.250000
33 19.474060 22.526688 0.000000 2.983628 1.295372 2.092145 3.687168 6.955326 0.250000
34 19.519512 22.702936 0.000000 3.200517 1.298561 2.107040 3.729763 7.061216 0.250000
35 19.411522 22.657774 0.000000 3.019229 1.267422 2.013866 3.496432 6.513908 0.200000
36 19.516882 22.779034 0.000000 3.213404 1.272384 2.032083 3.544566 6.627532 0.200000
37 19.538801 22.593592 0.000000 3.004637 1.281496 2.055701 3.600903 6.758285 0.200000
38 19.472643 22.594156 0.000000 2.853351 1.268354 2.017289 3.504794 6.531490 0.200159
39 19.412922 22.831503 0.000000 2.579504 1.274033 2.037676 3.559750 6.666182 0.238893
40 19.408691 22.607813 0.000000 2.905414 1.273332 2.032782 3.544336 6.625453 0.256825
41 19.389364 22.858175 0.000000 2.869234 1.309068 2.148236 3.866329 7.485587 0.200000
42 19.446962 22.815922 0.000000 3.187689 1.275067 2.036114 3.552654 6.649456 0.200018
43 19.332209 22.980061 0.000000 2.835975 1.326878 2.223211 4.122019 8.297474 0.330684
44 19.434912 22.945904 0.000000 2.963717 1.280003 2.057631 3.617296 6.823299 0.268432
45 19.540272 22.989548 0.000000 2.835957 1.276806 2.053054 3.614702 6.838478 0.351152
46 19.783972 23.068907 0.000000 3.061746 1.296545 2.118174 3.799475 7.339040 0.201378
47 19.870270 23.127230 0.000000 2.854927 1.293473 2.102978 3.759000 7.251839 0.166689
48 20.020136 23.299690 0.000000 2.801353 1.315772 2.186860 4.018033 8.011030 0.378309
49 20.112617 23.301960 0.000000 2.796804 1.313423 2.169588 3.956400 7.822845 0.204955
50 20.070576 23.324883 0.000000 2.684236 1.287823 2.092175 3.745919 7.259701 0.167022
51 20.299334 23.195393 0.000000 2.410229 1.254884 1.982912 3.436601 6.422043 0.166855
52 20.386122 23.232265 0.000000 2.547746 1.232791 1.913188 3.247773 5.936255 0.202023
53 20.424435 23.229542 0.000000 2.512408 1.241375 1.942270 3.324173 6.119593 0.167820
54 20.556482 23.240604 0.000000 2.379902 1.229349 1.908040 3.240333 5.925005 0.167252
55 20.831495 23.697556 0.000000 2.179183 1.274561 2.047118 3.624450 6.962396 0.170066
56 20.867323 23.998373 0.000000 2.002503 1.310143 2.172085 3.966233 7.816044 0.167629
