%% Trajectory 26
%% frame x (pixel)     y (pixel)    z (pixel)      m0         m1           m2           m3           m4           s 
173 20.493433 47.083023 0.000000 1.585949 1.311894 2.157461 3.902504 7.626525 0.250000
174 20.406397 47.078133 0.000000 1.688855 1.278596 2.051134 3.608750 6.840796 0.250000
175 20.351950 47.081993 0.000000 1.596531 1.321160 2.189781 3.990679 7.849705 0.250000
176 20.288307 47.222614 0.000000 1.788900 1.282312 2.063406 3.636273 6.889520 0.250000
177 20.423740 47.127178 0.000000 2.082445 1.295041 2.098528 3.716210 7.053278 0.250000
178 20.392897 47.211021 0.000000 2.116045 1.262721 2.002529 3.471609 6.461358 0.250000
179 20.269577 47.349152 0.000000 1.910870 1.296839 2.116258 3.797329 7.358530 0.200000
180 20.360861 47.278996 0.000000 2.126451 1.297410 2.104077 3.730621 7.095002 0.250000
181 20.421808 47.154716 0.000000 1.995272 1.252704 1.977261 3.418452 6.362632 0.200000
182 20.274065 47.142681 0.000000 2.518426 1.288724 2.087016 3.702277 7.058408 0.250000
183 20.372055 47.067551 0.000000 2.722215 1.300899 2.123413 3.798715 7.307238 0.333333
184 20.376289 47.060986 0.000000 2.635817 1.299712 2.124394 3.816037 7.394909 0.333333
185 20.511526 47.068130 0.000000 2.694493 1.301342 2.118582 3.776445 7.230962 0.333333
186 20.459026 47.035385 0.000000 2.765995 1.316801 2.177027 3.963356 7.802227 0.333333
187 20.452797 47.021717 0.000000 3.022849 1.298543 2.121314 3.805082 7.354365 0.250000
188 20.422775 47.019405 0.000000 3.025533 1.325995 2.205642 4.037466 7.980180 0.250000
189 20.413645 46.810074 0.000000 3.025093 1.287198 2.078902 3.677366 6.994970 0.250000
190 20.356604 46.640568 0.000000 3.052720 1.264383 2.007142 3.481499 6.480091 0.250000
191 20.433018 46.583290 0.000000 2.995434 1.271728 2.026305 3.527254 6.586025 0.251283
192 20.570236 46.418850 0.000000 3.072177 1.258129 1.987455 3.431832 6.364419 0.200000
193 20.898956 46.589180 0.000000 2.774294 1.293530 2.108942 3.792117 7.393785 0.200000
194 21.085886 46.435497 0.000000 2.789358 1.301046 2.119890 3.782458 7.251678 0.200000
195 21.221880 46.527946 0.000000 2.652522 1.297803 2.117415 3.805291 7.404595 0.250000
196 21.662519 46.543983 0.000000 2.505592 1.254078 1.977681 3.410082 6.317465 0.200152
197 21.794863 46.575466 0.000000 2.023214 1.308381 2.144270 3.851385 7.440573 0.250774
198 22.218201 46.623363 0.000000 1.785872 1.313908 2.180026 3.999243 7.970253 0.330518
200 22.134457 45.675442 0.000000 1.123032 1.294227 2.105354 3.761305 7.246691 0.400521
