%% Trajectory 17
%% frame x (pixel)     y (pixel)    z (pixel)      m0         m1           m2           m3           m4           s 
113 37.535480 19.319218 0.000000 2.528572 1.522766 2.834799 5.790118 12.684451 0.200001
115 37.200928 19.263363 0.000000 2.258767 1.503289 2.796007 5.737935 12.690684 0.200000
116 37.348694 19.155636 0.000000 2.449848 1.550815 2.947229 6.159958 13.824618 0.250000
117 37.564926 19.106642 0.000000 2.589634 1.481426 2.727974 5.554162 12.219934 0.238196
118 37.541481 19.217777 0.000000 3.234455 1.461338 2.650937 5.304751 11.452650 0.250000
119 37.958981 19.327461 0.000000 2.705537 1.484584 2.762045 5.725037 12.897882 0.234688
120 37.820683 19.253733 0.000000 2.743516 1.480942 2.731844 5.576612 12.310420 0.200100
121 37.721020 18.983299 0.000000 2.748592 1.517629 2.855693 5.937236 13.309629 0.252006
122 38.031235 19.237661 0.000000 3.094302 1.497501 2.794368 5.785716 12.970112 0.250000
123 38.231258 19.455690 0.000000 3.710933 1.500879 2.791921 5.746484 12.783545 0.250000
124 38.155827 19.385633 0.000000 3.779819 1.507804 2.827486 5.883757 13.262258 0.250000
125 37.770462 19.372326 0.000000 4.054199 1.523052 2.864255 5.945265 13.307534 0.250000
126 38.302048 19.472933 0.000000 4.211013 1.495553 2.784847 5.757252 12.900052 0.250000
127 38.207333 19.246094 0.000000 4.643345 1.513938 2.852208 5.956658 13.456351 0.250000
128 38.158905 19.364908 0.000000 4.998292 1.480179 2.740429 5.640554 12.601322 0.250000
129 38.335957 19.383312 0.000000 4.886654 1.469929 2.693516 5.477599 12.083277 0.250000
130 38.399982 19.561710 0.000000 4.951464 1.449990 2.617206 5.232560 11.338563 0.250000
131 38.550327 19.550825 0.000000 5.787439 1.456265 2.642215 5.309585 11.559364 0.250000
132 38.351299 19.516499 0.000000 5.487212 1.491756 2.756957 5.633242 12.440061 0.250000
133 38.514172 19.479414 0.000000 5.651258 1.433998 2.555782 5.027306 10.686218 0.250006
134 38.474083 19.565945 0.000000 6.150908 1.440940 2.594134 5.182358 11.243425 0.333333
135 38.458866 19.557905 0.000000 7.014344 1.392664 2.410016 4.586284 9.407699 0.333333
136 38.538929 19.676262 0.000000 6.789804 1.435241 2.552114 5.000327 10.574254 0.500000
137 38.464748 19.694183 0.000000 7.744168 1.430207 2.550907 5.037680 10.785160 0.500000
138 38.381668 19.723511 0.000000 8.021245 1.425560 2.523490 4.922717 10.362967 0.500000
139 38.586880 19.780296 0.000000 8.159347 1.411349 2.474907 4.780441 9.962636 0.500000
140 38.509022 19.740362 0.000000 8.096825 1.387366 2.405393 4.609806 9.573354 0.333333
141 38.649406 19.802986 0.000000 8.429073 1.410032 2.478501 4.807515 10.077193 0.500000
142 38.736675 19.819765 0.000000 8.665244 1.418015 2.496817 4.838807 10.103782 0.333333
143 38.751827 19.818829 0.000000 8.301090 1.388091 2.398370 4.560986 9.353938 0.333333
144 38.874619 19.790735 0.000000 8.671983 1.405239 2.462957 4.760977 9.940015 0.500000
145 38.844730 19.837879 0.000000 8.319868 1.398664 2.442749 4.711417 9.829703 0.333333
146 38.904572 19.760656 0.000000 8.582179 1.413183 2.485426 4.823641 10.116105 0.500000
147 38.930855 19.852240 0.000000 8.190296 1.413834 2.501355 4.895990 10.376614 0.333333
149 38.881752 19.985523 0.000000 8.603085 1.442647 2.606802 5.228595 11.379474 0.333333
150 38.936718 19.953815 0.000000 8.226910 1.446117 2.618732 5.269990 11.518518 0.333333
151 38.940990 20.177279 0.000000 9.025708 1.438113 2.573298 5.083082 10.844524 0.333333
152 38.947933 20.156725 0.000000 8.257427 1.455281 2.629886 5.244485 11.286399 0.333333
153 38.973972 20.153933 0.000000 8.234357 1.457939 2.644633 5.299816 11.471423 0.333333
154 38.888302 20.277630 0.000000 7.828631 1.427006 2.536783 4.978225 10.554580 0.333333
156 39.074638 20.272366 0.000000 6.617015 1.431240 2.547269 4.997254 10.571953 0.333333
157 38.914993 20.455650 0.000000 7.035515 1.411883 2.474939 4.773761 9.920461 0.500000
158 38.815617 20.599215 0.000000 6.240976 1.385060 2.387751 4.531981 9.282043 0.333333
159 38.723835 20.705717 0.000000 6.181663 1.381351 2.371974 4.473774 9.084336 0.500000
160 38.832230 20.976114 0.000000 5.935274 1.388267 2.424145 4.686159 9.816388 0.333333
162 39.095791 20.809031 0.000000 4.402006 1.414459 2.499136 4.877217 10.289136 0.333333
164 39.062798 21.222292 0.000000 2.939497 1.420554 2.525974 4.981017 10.662451 0.451831
165 38.776318 21.389555 0.000000 2.870434 1.426045 2.543706 5.023310 10.741917 0.333544
166 38.453247 20.787668 0.000000 2.718837 1.435748 2.563519 5.054674 10.772822 0.250000
168 38.138271 20.686329 0.000000 1.719802 1.516659 2.822903 5.772565 12.678811 0.257239
169 38.079723 20.552216 0.000000 1.292051 1.568758 3.035634 6.465361 14.781359 0.200000
170 37.638893 20.251266 0.000000 1.186073 1.527747 2.891339 6.046482 13.639313 0.330566
171 37.484840 20.328218 0.000000 1.076351 1.362946 2.350620 4.504686 9.403154 0.200036
