%% Trajectory 22
%% frame x (pixel)     y (pixel)    z (pixel)      m0         m1           m2           m3           m4           s 
110 22.652819 48.059540 0.000000 2.423339 1.382254 2.404022 4.637562 9.718944 0.333333
111 22.422918 48.091206 0.000000 2.366575 1.328031 2.236245 4.180476 8.517463 0.429489
112 22.501968 48.313766 0.000000 2.458428 1.300374 2.125664 3.817328 7.391594 0.250169
113 22.613029 48.272911 0.000000 2.244199 1.279631 2.057679 3.631792 6.912822 0.333333
114 22.462193 48.121822 0.000000 3.022808 1.333978 2.236459 4.138782 8.298785 0.250000
115 22.645405 48.262463 0.000000 3.450260 1.318629 2.168149 3.906078 7.562188 0.333333
116 22.545773 48.006676 0.000000 3.275975 1.365015 2.336482 4.418079 9.041162 0.250000
117 22.688072 48.158764 0.000000 3.211270 1.332257 2.232498 4.131087 8.281624 0.250000
118 22.770563 48.310085 0.000000 3.118986 1.293694 2.110092 3.800220 7.429182 0.250010
119 22.731634 48.098267 0.000000 3.311799 1.376857 2.387496 4.596816 9.622234 0.333333
120 22.753359 48.115776 0.000000 3.370936 1.338340 2.256609 4.203245 8.476272 0.250000
121 22.643158 47.941471 0.000000 3.710349 1.394388 2.429366 4.666750 9.677673 0.250000
122 22.748659 47.927158 0.000000 3.648698 1.400742 2.437007 4.650986 9.531222 0.250000
123 22.910967 47.863670 0.000000 3.660254 1.394466 2.436804 4.705565 9.832223 0.250000
124 22.957664 47.714767 0.000000 3.934691 1.379034 2.384652 4.555915 9.425270 0.250000
125 23.394466 47.659161 0.000000 4.002106 1.324700 2.186731 3.947018 7.636340 0.250000
126 23.505835 47.797096 0.000000 3.733346 1.341755 2.254642 4.172271 8.340066 0.250000
127 23.781651 47.684132 0.000000 3.341564 1.328893 2.193005 3.954821 7.642389 0.250003
129 24.372995 48.141098 0.000000 2.751412 1.324308 2.219807 4.118124 8.299180 0.259710
130 24.322647 47.950294 0.000000 2.644953 1.360411 2.341391 4.476703 9.320781 0.298240
131 24.639744 48.062340 0.000000 2.034123 1.297493 2.126062 3.821311 7.387982 0.200540
132 24.703323 47.957020 0.000000 1.910845 1.337706 2.234398 4.097682 8.089391 0.200795
134 23.758474 48.753590 0.000000 1.231982 1.284438 2.102207 3.785558 7.351207 0.224093
135 23.409872 48.158306 0.000000 1.116030 1.361167 2.407762 4.810989 10.595292 0.291494
