%% Trajectory 18
%% frame x (pixel)     y (pixel)    z (pixel)      m0         m1           m2           m3           m4           s 
87 46.647026 29.152849 0.000000 2.695338 1.354446 2.298863 4.304237 8.714629 0.206154
88 46.586720 29.162775 0.000000 2.873571 1.349271 2.283658 4.278115 8.705420 0.272773
89 46.610989 28.892893 0.000000 2.922193 1.333696 2.237363 4.142498 8.304761 0.200626
90 46.648460 29.163692 0.000000 3.210216 1.390560 2.428898 4.701915 9.878534 0.201283
91 46.563904 29.014715 0.000000 3.365508 1.383190 2.408361 4.653207 9.775266 0.206664
92 46.603371 28.922167 0.000000 3.293382 1.334865 2.232531 4.102911 8.122509 0.250000
93 46.632900 28.936983 0.000000 3.199514 1.358041 2.312116 4.334930 8.771793 0.200796
94 46.508568 28.908033 0.000000 3.493297 1.302535 2.135643 3.859586 7.553103 0.205580
95 46.498222 29.012701 0.000000 4.170495 1.334209 2.250934 4.219328 8.628849 0.250000
96 46.666866 29.199781 0.000000 4.381400 1.311950 2.176305 3.998283 7.993495 0.250000
97 46.645676 29.116737 0.000000 4.394094 1.329766 2.219850 4.087808 8.149357 0.285254
98 46.647182 29.011827 0.000000 4.551911 1.330338 2.236711 4.168799 8.456558 0.250000
99 46.527977 29.018801 0.000000 4.975751 1.322355 2.202162 4.053564 8.099942 0.291660
100 46.520164 28.907198 0.000000 5.130530 1.338802 2.244781 4.146318 8.279201 0.382110
101 46.349560 29.091549 0.000000 5.352579 1.365121 2.324584 4.357711 8.817934 0.250029
102 46.270081 29.008907 0.000000 4.978095 1.348227 2.289877 4.307770 8.803468 0.250817
103 46.330849 28.887634 0.000000 5.030022 1.304176 2.138047 3.855242 7.507184 0.203164
104 46.317326 28.950697 0.000000 5.513647 1.349168 2.278662 4.238971 8.517392 0.250010
105 46.369263 28.846590 0.000000 5.254034 1.313360 2.163060 3.913707 7.634799 0.335321
106 46.358318 28.885950 0.000000 5.916039 1.346761 2.280854 4.274208 8.696115 0.333333
107 46.400162 28.993742 0.000000 6.114788 1.335600 2.247156 4.179497 8.431252 0.250000
108 46.499424 28.997929 0.000000 5.776797 1.338245 2.255004 4.203382 8.505947 0.200000
109 46.184505 29.070009 0.000000 5.835934 1.388755 2.430361 4.723603 9.981350 0.200000
110 46.313736 28.775522 0.000000 6.004019 1.330273 2.224458 4.108508 8.229523 0.250000
111 46.258373 28.903179 0.000000 5.978334 1.347305 2.293588 4.329185 8.884755 0.200000
112 46.229351 28.897488 0.000000 6.071850 1.337378 2.258389 4.226070 8.595635 0.166667
113 46.216167 29.006666 0.000000 6.297448 1.346386 2.284146 4.287264 8.728820 0.200000
114 46.312492 28.832434 0.000000 6.205923 1.292913 2.101802 3.748949 7.203007 0.200000
115 46.200172 28.918961 0.000000 6.420724 1.369123 2.354553 4.475371 9.213559 0.200000
116 46.082787 28.888083 0.000000 6.207180 1.362045 2.325819 4.385654 8.948813 0.166667
117 46.197495 29.095020 0.000000 6.736510 1.328125 2.217940 4.089296 8.169009 0.250000
118 46.061958 29.043356 0.000000 6.594855 1.391353 2.429613 4.693329 9.817961 0.166667
119 45.980755 29.428089 0.000000 6.156829 1.340566 2.254280 4.175013 8.348954 0.200000
120 46.012871 29.414150 0.000000 6.279639 1.349556 2.282654 4.249880 8.535706 0.166667
121 45.864273 29.801186 0.000000 6.090900 1.344166 2.261497 4.174239 8.280092 0.200000
122 45.744774 29.888327 0.000000 5.521386 1.359075 2.314827 4.344928 8.812852 0.200000
123 45.853699 29.984341 0.000000 5.115432 1.361770 2.340499 4.452167 9.180260 0.166667
124 45.784939 30.144653 0.000000 5.250459 1.341902 2.264771 4.221106 8.522162 0.166667
126 45.335941 30.542208 0.000000 4.143424 1.307436 2.141396 3.843579 7.420090 0.332974
128 44.492760 30.247763 0.000000 3.299487 1.323708 2.212904 4.100619 8.268347 0.200025
129 44.771629 30.148321 0.000000 2.936458 1.327687 2.223123 4.127608 8.339799 0.200000
130 44.684818 30.425497 0.000000 2.294389 1.359771 2.340570 4.472144 9.290608 0.200000
