%% Trajectory 43
%% frame x (pixel)     y (pixel)    z (pixel)      m0         m1           m2           m3           m4           s 
97 21.583462 25.790016 0.000000 1.041859 1.353717 2.294565 4.308225 8.793383 0.250215
98 22.140329 25.911282 0.000000 1.162373 1.259105 2.021120 3.591105 6.951749 0.250000
99 22.054703 26.119900 0.000000 1.367730 1.293104 2.114901 3.821320 7.487399 0.250000
100 22.017860 25.925390 0.000000 1.417597 1.353788 2.321048 4.411764 9.105475 0.250000
101 22.163408 26.114380 0.000000 1.592547 1.312152 2.172303 3.969642 7.856756 0.280183
102 21.883398 25.998619 0.000000 2.349877 1.318253 2.184644 3.981887 7.824801 0.240162
103 22.088614 25.965603 0.000000 2.609202 1.361162 2.325876 4.378615 8.893777 0.167275
104 22.101206 25.931385 0.000000 2.581091 1.342139 2.258795 4.184920 8.365959 0.200008
105 22.048450 25.893223 0.000000 2.376594 1.325284 2.202458 4.018764 7.889239 0.167063
106 22.058985 25.979527 0.000000 2.752457 1.363146 2.349996 4.497832 9.356534 0.200000
107 22.112822 25.839069 0.000000 2.710772 1.287550 2.085395 3.698076 7.041101 0.200005
108 22.085936 26.023930 0.000000 2.550039 1.337440 2.254666 4.200774 8.478710 0.200003
109 22.146994 26.020779 0.000000 2.973906 1.346406 2.288105 4.287394 8.671072 0.202810
110 21.952541 26.006584 0.000000 2.731565 1.357482 2.326498 4.417668 9.105214 0.200003
111 21.987450 26.075726 0.000000 3.072889 1.323812 2.221788 4.130826 8.341156 0.235310
112 21.909327 26.062458 0.000000 2.887570 1.371316 2.355976 4.467388 9.159244 0.261544
113 21.865772 25.994499 0.000000 3.587557 1.353047 2.303586 4.325431 8.776275 0.250000
114 21.946674 25.933855 0.000000 4.094053 1.334211 2.238605 4.140425 8.272824 0.250000
115 22.014820 25.996811 0.000000 3.693634 1.356256 2.324177 4.411263 9.077386 0.200000
116 21.996410 26.004690 0.000000 3.791489 1.324092 2.221889 4.124738 8.298461 0.202981
117 22.059069 25.938154 0.000000 3.693744 1.317157 2.185435 3.990214 7.859257 0.297862
118 22.150827 25.950871 0.000000 3.507460 1.356927 2.306771 4.318584 8.726450 0.263791
119 22.059256 25.850740 0.000000 3.226586 1.323828 2.203357 4.033547 7.964891 0.313985
120 22.169615 25.904573 0.000000 3.579527 1.306036 2.141243 3.844920 7.413178 0.262834
121 21.951374 25.878817 0.000000 3.145703 1.328123 2.229916 4.144218 8.354578 0.250000
122 22.152994 25.879435 0.000000 3.795333 1.294567 2.100974 3.724183 7.066361 0.250092
123 22.070509 26.007507 0.000000 3.080891 1.309878 2.185087 4.037839 8.100029 0.251631
124 22.047176 25.911837 0.000000 3.065217 1.329122 2.221196 4.085284 8.106540 0.250000
125 22.021124 26.006325 0.000000 3.599225 1.346640 2.298644 4.347560 8.917174 0.367683
126 22.068476 26.070005 0.000000 3.588989 1.327603 2.228421 4.136814 8.326217 0.250000
127 22.029097 26.045906 0.000000 3.315677 1.335396 2.264594 4.260333 8.710495 0.250000
128 21.986658 26.142878 0.000000 3.321510 1.282952 2.093857 3.789995 7.473150 0.250000
129 21.975712 26.031141 0.000000 3.801702 1.333733 2.258845 4.241833 8.647032 0.281082
130 22.006956 26.004179 0.000000 4.013508 1.337185 2.263278 4.238356 8.600527 0.266000
131 22.060415 26.097000 0.000000 3.912608 1.300929 2.140393 3.890565 7.666323 0.299821
132 21.996168 26.150480 0.000000 4.327484 1.316139 2.191232 4.034933 8.058501 0.250000
133 22.055927 26.015167 0.000000 4.637653 1.345060 2.281666 4.277685 8.681474 0.270362
134 22.166916 26.154709 0.000000 4.253493 1.309888 2.165140 3.955175 7.835044 0.355616
135 21.918818 26.068642 0.000000 4.028812 1.345261 2.279612 4.258544 8.593598 0.300077
136 22.004240 26.084288 0.000000 4.261594 1.339832 2.276620 4.304355 8.873336 0.262445
137 21.997597 26.094528 0.000000 4.098967 1.329482 2.238285 4.180211 8.489179 0.250008
138 22.053122 25.988838 0.000000 3.830358 1.331552 2.244844 4.192845 8.498452 0.250000
139 21.987419 26.000763 0.000000 4.202967 1.352335 2.304457 4.329748 8.780263 0.200000
140 22.121227 26.083218 0.000000 4.284869 1.308870 2.171465 3.988641 7.959601 0.250000
141 22.225632 26.085321 0.000000 4.191692 1.283065 2.086884 3.741688 7.259712 0.333333
143 22.585699 26.292313 0.000000 3.861642 1.270365 2.032511 3.564014 6.725255 0.250000
144 22.690353 26.325769 0.000000 3.266779 1.231073 1.913680 3.257106 5.972079 0.200000
145 22.899446 26.499258 0.000000 3.769579 1.244789 1.963578 3.405008 6.388380 0.166667
146 23.008183 26.617910 0.000000 3.756066 1.290485 2.117361 3.846718 7.602130 0.167044
147 23.081892 26.580366 0.000000 3.105760 1.237804 1.941099 3.331827 6.151058 0.204856
148 23.149591 26.647470 0.000000 3.098046 1.241835 1.947186 3.342241 6.172804 0.166667
149 23.251457 26.964722 0.000000 3.158533 1.308346 2.185013 4.068666 8.288054 0.166667
150 23.404606 26.573460 0.000000 2.824142 1.230530 1.908063 3.236402 5.910381 0.166726
151 23.803465 26.731256 0.000000 2.769637 1.239359 1.944315 3.352566 6.255282 0.151047
152 23.414423 26.678480 0.000000 2.463427 1.235823 1.934476 3.325962 6.185367 0.200103
