%% Trajectory 8
%% frame x (pixel)     y (pixel)    z (pixel)      m0         m1           m2           m3           m4           s 
34 29.260141 51.637928 0.000000 1.087790 1.243729 1.944596 3.328147 6.132579 0.250860
35 29.406855 51.487247 0.000000 1.090367 1.279846 2.060122 3.659423 7.061624 0.269834
36 28.985882 51.696827 0.000000 1.163053 1.293165 2.111754 3.783493 7.290297 0.289970
37 29.353075 51.500938 0.000000 1.339879 1.335083 2.216379 4.016800 7.786636 0.403894
38 29.288752 51.275616 0.000000 1.725436 1.338307 2.247613 4.161242 8.334720 0.622403
39 29.230494 51.589340 0.000000 1.314043 1.337339 2.231267 4.086147 8.057579 0.333429
40 29.259251 51.609970 0.000000 1.668366 1.283416 2.058566 3.606409 6.771926 0.253207
41 29.027811 51.674507 0.000000 1.266384 1.339417 2.251647 4.157212 8.257280 0.251182
42 29.284035 51.373619 0.000000 1.448119 1.283076 2.060777 3.615289 6.797368 0.253436
43 29.066799 51.557796 0.000000 1.768055 1.339070 2.249192 4.173487 8.398035 0.320164
44 29.033583 51.701233 0.000000 2.027634 1.344530 2.295358 4.355235 8.998909 0.250236
45 29.303318 51.539406 0.000000 2.048282 1.275343 2.036119 3.551064 6.641654 0.250000
46 29.215042 51.519974 0.000000 2.157622 1.328457 2.205174 4.018178 7.885312 0.250001
47 29.262764 51.469208 0.000000 2.668271 1.265833 2.013233 3.503456 6.553771 0.200000
48 29.302734 51.524830 0.000000 2.127808 1.284640 2.064977 3.623898 6.811560 0.348882
49 29.225777 51.687725 0.000000 1.901986 1.288220 2.076691 3.662755 6.938639 0.280300
50 29.277607 51.632145 0.000000 2.333548 1.254137 1.979518 3.416631 6.335690 0.201557
51 29.129171 51.672688 0.000000 2.308086 1.271459 2.037742 3.586058 6.808950 0.363592
52 29.172606 51.583580 0.000000 2.375277 1.273003 2.033609 3.549428 6.643172 0.250002
53 29.303305 51.452034 0.000000 2.511395 1.270653 2.021435 3.513242 6.550782 0.250000
54 29.132452 51.605408 0.000000 2.344825 1.266948 2.017177 3.517605 6.601345 0.250000
55 29.141336 51.581413 0.000000 2.479499 1.304577 2.128803 3.797472 7.260707 0.250000
56 29.116196 51.511803 0.000000 2.683957 1.274733 2.039687 3.566470 6.687361 0.250000
57 29.287329 51.604481 0.000000 2.682896 1.304253 2.125683 3.789423 7.249678 0.200000
58 29.207994 51.587395 0.000000 2.178872 1.287418 2.077953 3.671557 6.971589 0.200000
59 29.331533 51.552227 0.000000 2.306982 1.307382 2.143166 3.857041 7.482455 0.250084
60 29.205635 51.586983 0.000000 2.384176 1.300187 2.114600 3.761608 7.180665 0.250000
61 29.335600 51.605865 0.000000 2.345315 1.321284 2.176353 3.920954 7.575110 0.333333
62 29.367899 51.784706 0.000000 2.463828 1.357465 2.301167 4.285243 8.587269 0.250000
63 29.458979 51.606865 0.000000 2.367723 1.335319 2.227205 4.077550 8.032966 0.250000
64 29.668756 51.568172 0.000000 2.389273 1.297657 2.119947 3.819743 7.459247 0.250000
65 29.812706 51.341721 0.000000 2.676929 1.398166 2.450467 4.757601 10.019395 0.250000
66 29.838404 50.974487 0.000000 2.478954 1.395619 2.439580 4.717812 9.872205 0.200020
67 29.950521 50.850323 0.000000 2.434833 1.371703 2.383349 4.615588 9.745082 0.261979
68 30.367960 50.878368 0.000000 3.061271 1.474889 2.702504 5.466276 11.925289 0.250000
69 30.357613 50.809303 0.000000 3.081700 1.410554 2.487927 4.844496 10.187679 0.250000
70 30.411537 50.616352 0.000000 2.996067 1.481026 2.736817 5.606440 12.425759 0.250044
