%% Trajectory 3
%% frame x (pixel)     y (pixel)    z (pixel)      m0         m1           m2           m3           m4           s 
5 52.441521 17.520935 0.000000 1.333723 1.329145 2.214521 4.053435 7.990695 0.333333
6 52.680679 17.315649 0.000000 1.080612 1.272973 2.054774 3.657219 7.052043 0.333333
8 52.261574 17.479538 0.000000 1.410883 1.272677 2.034646 3.553510 6.653734 0.260518
9 52.604965 17.450657 0.000000 1.675899 1.284105 2.064252 3.622741 6.809048 0.201874
10 52.589745 17.398237 0.000000 1.920705 1.327167 2.212860 4.072786 8.125282 0.200314
11 52.539841 17.472052 0.000000 1.888121 1.301966 2.120427 3.781050 7.242041 0.144736
12 52.522984 17.452030 0.000000 1.954910 1.303890 2.132756 3.832679 7.431841 0.300403
13 52.589962 17.397030 0.000000 2.018666 1.281262 2.061743 3.634186 6.889300 0.189778
14 52.332287 17.341772 0.000000 2.136508 1.273154 2.032887 3.547215 6.639338 0.207601
15 52.433235 17.379974 0.000000 1.968335 1.271931 2.027967 3.533627 6.605727 0.171255
16 52.446861 17.351286 0.000000 2.428972 1.305609 2.135887 3.830721 7.390859 0.314173
17 52.549271 17.309628 0.000000 2.510835 1.346681 2.259806 4.158942 8.225985 0.450352
18 52.432640 17.304049 0.000000 2.385718 1.319924 2.184829 3.970227 7.768989 0.252370
19 52.349201 17.311388 0.000000 2.635119 1.354349 2.285318 4.232735 8.430117 0.259397
20 52.171188 17.234838 0.000000 2.649606 1.343653 2.246193 4.109118 8.057943 0.174154
21 52.346439 17.244667 0.000000 2.471635 1.354836 2.284842 4.225990 8.403951 0.324510
22 52.265102 17.203297 0.000000 2.421138 1.366991 2.325982 4.344652 8.728954 0.166777
23 51.794239 17.461607 0.000000 2.047096 1.292629 2.108094 3.783961 7.339055 0.200005
24 51.703461 17.512312 0.000000 2.203960 1.335036 2.246117 4.182786 8.458779 0.166667
25 51.664062 17.704500 0.000000 2.190075 1.320826 2.198350 4.047818 8.101913 0.200000
26 51.560291 17.795607 0.000000 2.290190 1.307839 2.140172 3.837242 7.392420 0.200004
27 51.287838 17.953833 0.000000 1.981504 1.384817 2.413226 4.657789 9.740878 0.200000
28 51.232929 17.855471 0.000000 2.155470 1.360461 2.318807 4.362455 8.875751 0.200000
30 50.266636 18.035006 0.000000 2.046854 1.386226 2.422993 4.699293 9.888775 0.200000
31 50.379723 18.229719 0.000000 1.841554 1.276199 2.030560 3.527919 6.573373 0.200000
32 50.638256 17.906860 0.000000 1.865457 1.298782 2.145854 3.927392 7.818644 0.275593
