%% Trajectory 34
%% frame x (pixel)     y (pixel)    z (pixel)      m0         m1           m2           m3           m4           s 
138 28.599113 14.073318 0.000000 1.130445 1.229673 1.921903 3.316792 6.233752 0.250000
140 28.515715 14.337998 0.000000 1.131645 1.348214 2.325605 4.503726 9.597976 0.252912
141 28.280695 13.852195 0.000000 0.970714 1.204953 1.856362 3.178936 5.990008 0.250000
143 28.577322 14.263583 0.000000 1.901251 1.322489 2.196153 4.023611 7.989306 0.250039
144 28.645317 14.200571 0.000000 2.081969 1.305125 2.136172 3.851783 7.520281 0.250145
145 28.633152 13.895592 0.000000 2.166646 1.334322 2.281744 4.402315 9.403429 0.440709
146 28.623760 14.089634 0.000000 2.608830 1.305226 2.146270 3.894092 7.658358 0.287320
147 28.533945 14.159996 0.000000 2.655803 1.248036 1.976203 3.459280 6.601203 0.250003
148 28.596622 13.988976 0.000000 2.342682 1.256687 2.005035 3.533613 6.771835 0.272689
149 28.463625 13.977835 0.000000 2.727324 1.265009 2.051274 3.734185 7.528389 0.250738
150 28.608578 13.822349 0.000000 2.607226 1.247137 1.975837 3.462619 6.618965 0.250018
151 28.726309 13.832335 0.000000 2.841248 1.272985 2.056851 3.679677 7.172274 0.270174
152 28.502798 13.910756 0.000000 3.132691 1.230484 1.909708 3.250758 5.979020 0.200004
153 28.449991 13.851953 0.000000 2.745128 1.260052 2.011867 3.543807 6.779609 0.229890
154 28.508444 13.936743 0.000000 2.893179 1.267719 2.025073 3.555752 6.748982 0.250019
155 28.551128 14.034601 0.000000 3.323463 1.247301 1.984934 3.506926 6.783670 0.333336
156 28.659012 13.953005 0.000000 3.264718 1.298675 2.143552 3.924621 7.834594 0.342327
157 28.593880 14.141820 0.000000 3.966606 1.264038 2.007124 3.492024 6.544094 0.200000
158 28.462204 14.281882 0.000000 3.638081 1.248893 1.962627 3.372321 6.227312 0.250000
159 28.329151 14.389941 0.000000 3.463665 1.244864 1.950574 3.342557 6.158837 0.200000
160 28.168385 14.612570 0.000000 2.732385 1.278750 2.063742 3.657798 6.992515 0.200000
161 28.112850 14.742202 0.000000 2.986251 1.309920 2.146395 3.851416 7.420373 0.275570
162 28.141537 14.973937 0.000000 2.540969 1.344879 2.289621 4.319168 8.843818 0.200000
163 27.973528 15.061490 0.000000 2.509185 1.346571 2.287233 4.302696 8.784061 0.250000
164 28.039013 15.017268 0.000000 2.299727 1.402912 2.482148 4.874061 10.387981 0.250000
165 27.882843 15.136374 0.000000 1.939846 1.289284 2.106150 3.799712 7.431864 0.250000
166 28.234583 14.892673 0.000000 2.082953 1.319774 2.204903 4.086966 8.250811 0.200000
167 28.038383 15.405884 0.000000 2.060101 1.280633 2.066298 3.671278 7.063255 0.250000
168 27.594055 15.493222 0.000000 1.783817 1.265021 2.009933 3.492882 6.519435 0.200001
169 27.445898 15.036263 0.000000 1.366188 1.384258 2.454595 4.889338 10.696798 0.286076
171 28.067270 15.332813 0.000000 1.282784 1.389191 2.410761 4.604946 9.471932 0.176137
