%% Trajectory 10
%% frame x (pixel)     y (pixel)    z (pixel)      m0         m1           m2           m3           m4           s 
40 50.047474 49.469738 0.000000 1.664935 1.355884 2.304001 4.312372 8.715655 0.250000
41 49.946724 48.904881 0.000000 1.789287 1.341534 2.271873 4.270221 8.726877 0.250000
42 49.994331 48.892601 0.000000 2.370450 1.323083 2.204571 4.046830 8.019122 0.200000
43 50.062687 49.511890 0.000000 2.022921 1.283740 2.062056 3.622638 6.831985 0.200000
44 50.273460 49.257385 0.000000 2.267399 1.237211 1.923251 3.271821 5.995157 0.200000
45 50.233696 49.175041 0.000000 2.494948 1.270870 2.037081 3.592550 6.852226 0.250000
46 50.164841 49.229210 0.000000 2.357356 1.392411 2.425493 4.667000 9.709500 0.250000
47 49.967854 49.343494 0.000000 2.424423 1.331429 2.226882 4.107506 8.191310 0.250000
48 50.166641 49.106014 0.000000 2.700352 1.303353 2.154107 3.946960 7.867979 0.250000
49 50.455547 49.146843 0.000000 2.765983 1.275497 2.051184 3.625677 6.918695 0.250000
50 50.171108 49.070038 0.000000 3.011994 1.336759 2.250801 4.200854 8.527338 0.250000
51 50.164242 49.053123 0.000000 3.043400 1.335142 2.241582 4.149316 8.297823 0.250000
52 50.061481 49.144897 0.000000 2.832999 1.292674 2.117077 3.829533 7.508698 0.250000
53 50.080593 49.273872 0.000000 2.766062 1.299699 2.119909 3.789602 7.283100 0.250000
54 50.210323 49.187256 0.000000 3.020814 1.270853 2.033306 3.570099 6.757973 0.200000
55 50.135220 49.060093 0.000000 2.814649 1.295258 2.120104 3.822100 7.446473 0.250000
56 50.209545 49.194340 0.000000 3.438475 1.298247 2.111506 3.761325 7.199902 0.201839
57 50.181240 49.094566 0.000000 3.523075 1.324897 2.205433 4.053379 8.067426 0.200406
58 50.363491 49.153271 0.000000 3.829237 1.295000 2.112287 3.795871 7.385339 0.200000
59 50.394775 49.034691 0.000000 3.911263 1.314537 2.169228 3.932522 7.679923 0.200004
60 50.412552 49.022171 0.000000 3.743429 1.298644 2.122418 3.816213 7.409614 0.200005
61 50.241566 49.110622 0.000000 4.098097 1.289568 2.105719 3.798472 7.437826 0.254869
62 50.390533 49.016022 0.000000 4.161189 1.303078 2.140603 3.870457 7.561747 0.250003
63 50.380627 48.979794 0.000000 4.403705 1.298682 2.149882 3.960456 7.981350 0.252701
64 50.228794 48.908772 0.000000 4.188131 1.329288 2.220442 4.095904 8.191963 0.250346
65 50.243095 49.187248 0.000000 3.602368 1.251255 1.971822 3.400607 6.308627 0.250789
66 50.116207 49.023975 0.000000 3.707707 1.304229 2.160526 3.952806 7.829082 0.250000
67 50.034431 48.818344 0.000000 3.226608 1.295154 2.131396 3.875623 7.636014 0.250000
68 49.966732 48.788090 0.000000 3.847250 1.278389 2.082257 3.754368 7.357703 0.250000
69 50.012165 48.771069 0.000000 3.288441 1.289872 2.126348 3.888603 7.736565 0.250671
71 49.613350 48.607235 0.000000 4.366958 1.284063 2.077423 3.695009 7.094683 0.228890
73 49.603455 48.122040 0.000000 3.426376 1.294828 2.144102 3.962554 8.024022 0.168186
74 49.594421 48.368038 0.000000 2.724967 1.294874 2.157123 4.031362 8.295196 0.180650
75 49.026707 48.363289 0.000000 2.804128 1.383041 2.418068 4.679280 9.801975 0.282239
76 48.731998 48.367294 0.000000 2.838140 1.276332 2.086447 3.797876 7.569308 0.159115
77 48.587437 49.036484 0.000000 2.690976 1.349806 2.337911 4.553420 9.755773 0.166732
78 48.639473 48.969872 0.000000 2.554630 1.293151 2.150463 4.025778 8.339873 0.179363
