%% Trajectory 9
%% frame x (pixel)     y (pixel)    z (pixel)      m0         m1           m2           m3           m4           s 
31 42.114613 52.204079 0.000000 1.393210 1.595044 3.137033 6.820553 15.968934 0.337326
34 42.211193 52.672764 0.000000 1.785030 1.551067 2.954582 6.185981 13.894123 0.333333
35 42.504070 52.921303 0.000000 1.643377 1.532297 2.913335 6.141785 14.007222 0.333333
36 42.410931 52.687843 0.000000 1.861831 1.519466 2.874851 6.032386 13.696953 0.333333
38 42.110538 52.521965 0.000000 2.631596 1.465593 2.680364 5.450452 12.038541 0.333333
39 42.270447 52.520634 0.000000 3.239731 1.382444 2.389051 4.549395 9.352612 0.333335
40 42.248077 52.682838 0.000000 3.459632 1.368459 2.362102 4.526578 9.440284 0.250000
41 42.229958 52.955959 0.000000 3.466851 1.431055 2.566888 5.106329 11.017877 0.250088
42 42.235756 52.743267 0.000000 3.630859 1.376273 2.388034 4.596162 9.613263 0.200000
43 42.213947 52.546112 0.000000 4.013595 1.413276 2.492703 4.863012 10.275292 0.200000
44 42.125786 52.578819 0.000000 4.177150 1.408085 2.485367 4.860922 10.313378 0.200000
45 42.169884 52.814331 0.000000 4.347645 1.427364 2.550019 5.039215 10.773202 0.250000
46 42.034611 52.722385 0.000000 4.741283 1.471110 2.701443 5.497343 12.111495 0.250000
47 41.980038 52.611492 0.000000 5.003511 1.389305 2.425086 4.681092 9.780886 0.250000
48 42.057369 52.679344 0.000000 5.225463 1.454842 2.643056 5.319125 11.588623 0.250000
49 42.172405 52.579288 0.000000 5.468436 1.361821 2.328929 4.406184 9.043412 0.250000
50 42.213718 52.519371 0.000000 6.037079 1.418837 2.516225 4.939255 10.505997 0.250000
51 42.249798 52.589077 0.000000 5.870428 1.433964 2.567959 5.088481 10.914381 0.250000
52 42.189915 52.579792 0.000000 5.920108 1.399006 2.451429 4.754228 9.992734 0.250000
53 42.155396 52.585018 0.000000 5.778805 1.437083 2.587057 5.161563 11.159142 0.250000
54 42.080601 52.632210 0.000000 6.435318 1.429009 2.555680 5.062517 10.866180 0.200000
55 42.241238 52.730007 0.000000 6.155523 1.373813 2.374874 4.555624 9.507172 0.250000
56 42.113705 52.543655 0.000000 6.616584 1.403817 2.459174 4.754105 9.932561 0.200000
57 42.136627 52.647655 0.000000 5.820847 1.361089 2.313450 4.319016 8.678669 0.200000
59 42.164612 52.748707 0.000000 7.100131 1.359043 2.309283 4.312401 8.672193 0.200000
60 41.954269 52.712978 0.000000 6.843206 1.438685 2.599358 5.209544 11.317668 0.200000
61 42.040916 52.746815 0.000000 6.341588 1.436563 2.590537 5.182025 11.238304 0.250000
62 42.078743 52.852921 0.000000 5.958148 1.396948 2.444540 4.727188 9.888264 0.254791
63 42.068287 52.718487 0.000000 5.978007 1.393581 2.434109 4.702578 9.837743 0.269384
64 42.241623 52.532238 0.000000 6.657664 1.376331 2.377599 4.543657 9.417758 0.263860
65 42.193192 52.435322 0.000000 6.801411 1.348489 2.281819 4.262242 8.622095 0.250000
66 42.142773 52.299698 0.000000 6.149663 1.357698 2.301710 4.290922 8.620003 0.250000
67 42.142990 52.145531 0.000000 6.241659 1.402680 2.481460 4.878652 10.427666 0.250000
68 42.089027 51.820316 0.000000 6.849540 1.421249 2.512560 4.896429 10.294968 0.250000
69 42.194077 51.771446 0.000000 6.384868 1.408438 2.478202 4.815058 10.112857 0.250000
70 42.041073 51.725475 0.000000 5.742180 1.344703 2.262702 4.182508 8.319741 0.250000
71 41.931091 51.734432 0.000000 5.380826 1.397094 2.438232 4.693395 9.755482 0.200000
73 42.201923 50.941563 0.000000 3.811230 1.377278 2.403688 4.674921 9.926600 0.189556
74 42.622169 50.810474 0.000000 3.539914 1.315912 2.189131 4.049744 8.192782 0.166667
76 42.292068 50.723179 0.000000 2.739270 1.328367 2.272316 4.374664 9.296377 0.212881
