%% Trajectory 20
%% frame x (pixel)     y (pixel)    z (pixel)      m0         m1           m2           m3           m4           s 
99 26.401302 29.073690 0.000000 1.455400 1.289384 2.105555 3.790936 7.393990 0.250000
101 26.181164 29.082520 0.000000 1.531807 1.313057 2.190645 4.052458 8.154890 0.250000
102 26.379467 29.094095 0.000000 1.967086 1.289612 2.098186 3.776466 7.399370 0.250065
104 26.460142 29.248552 0.000000 2.277383 1.306122 2.129869 3.798068 7.264947 0.250001
105 26.336121 28.942461 0.000000 2.271925 1.283702 2.076450 3.689834 7.071941 0.251138
106 26.437544 29.361013 0.000000 2.156819 1.306588 2.127111 3.780338 7.191368 0.250002
107 26.560734 29.132151 0.000000 2.558464 1.300893 2.125432 3.821321 7.427802 0.250863
108 26.488739 29.073473 0.000000 2.700513 1.281170 2.074198 3.708020 7.201612 0.333333
109 26.423910 29.122889 0.000000 2.597358 1.305439 2.131453 3.813385 7.336488 0.250587
110 26.376968 28.992027 0.000000 2.767871 1.341627 2.260528 4.200135 8.438537 0.250001
111 26.528273 29.092884 0.000000 2.954655 1.288332 2.080949 3.681541 7.002426 0.250009
112 26.292383 29.213203 0.000000 2.797327 1.296940 2.109914 3.766865 7.244023 0.250170
113 26.308676 29.085850 0.000000 3.052319 1.320047 2.184542 3.971701 7.780887 0.250000
114 26.357233 29.117897 0.000000 2.957186 1.305952 2.134705 3.831114 7.413686 0.250015
115 26.585867 29.009991 0.000000 2.827859 1.372310 2.363557 4.499016 9.272809 0.302410
116 26.763317 28.845451 0.000000 3.188561 1.307120 2.138666 3.838381 7.415036 0.253414
117 26.647966 28.774536 0.000000 3.192146 1.269685 2.024955 3.539676 6.665949 0.251467
118 26.749725 28.748009 0.000000 3.451151 1.296129 2.107227 3.757562 7.214834 0.250000
119 26.938089 28.826374 0.000000 3.380708 1.315415 2.175993 3.955452 7.745986 0.250000
120 27.218674 28.812443 0.000000 3.056587 1.333173 2.212034 4.005436 7.753623 0.250000
121 27.354445 28.882877 0.000000 2.685020 1.311100 2.163599 3.931274 7.722907 0.250000
122 27.550497 29.010487 0.000000 2.688146 1.306254 2.160839 3.961245 7.909795 0.250000
123 27.561110 28.998875 0.000000 2.437620 1.335330 2.232945 4.095754 8.073462 0.254205
124 27.350859 29.186893 0.000000 1.972484 1.273641 2.052680 3.643157 6.997464 0.372461
125 27.617374 29.265682 0.000000 2.190936 1.346169 2.275119 4.247752 8.599941 0.320184
126 27.865053 29.575222 0.000000 1.822788 1.334120 2.234743 4.125263 8.233664 0.250000
127 28.001694 29.717144 0.000000 1.978726 1.360117 2.324654 4.398415 9.034900 0.334076
128 27.809090 29.938267 0.000000 1.499195 1.342853 2.271439 4.228421 8.482941 0.250000
129 27.856800 30.302210 0.000000 1.648137 1.297181 2.098575 3.706614 7.009048 0.333333
130 27.835594 30.142948 0.000000 1.326743 1.351782 2.302092 4.342905 8.905591 0.250000
132 27.899561 30.312130 0.000000 1.274350 1.302323 2.165251 4.004872 8.098780 0.250000
