%% Trajectory 13
%% frame x (pixel)     y (pixel)    z (pixel)      m0         m1           m2           m3           m4           s 
37 29.885927 55.795666 0.000000 1.040191 1.446811 2.627275 5.286461 11.509384 0.200080
38 29.317341 55.808773 0.000000 1.158459 1.381318 2.422161 4.739821 10.132503 0.200003
39 29.599890 55.986427 0.000000 1.145598 1.392912 2.434433 4.701970 9.830253 0.200017
40 29.539227 56.005882 0.000000 1.299756 1.362080 2.341556 4.448110 9.144611 0.202701
41 29.732553 55.984509 0.000000 1.510595 1.385960 2.411007 4.643357 9.695697 0.207523
42 29.885273 55.889824 0.000000 1.348728 1.372357 2.356196 4.466332 9.156654 0.200180
43 29.540138 56.038803 0.000000 1.686070 1.329671 2.227604 4.131629 8.328166 0.239446
44 29.565065 55.956200 0.000000 1.654605 1.359647 2.333808 4.448362 9.233397 0.255510
45 29.523224 55.903133 0.000000 1.844045 1.360679 2.329733 4.417417 9.096912 0.284377
46 29.414452 56.142170 0.000000 1.734862 1.347219 2.283699 4.282682 8.718258 0.649419
47 29.499672 56.076687 0.000000 1.515001 1.322264 2.213685 4.109446 8.308687 0.534446
48 29.603146 55.939259 0.000000 1.726373 1.341735 2.272240 4.261746 8.685933 0.351143
49 29.449205 55.942230 0.000000 1.783951 1.365505 2.354232 4.505720 9.380164 0.343480
50 29.520672 55.654255 0.000000 1.721578 1.307054 2.146459 3.872806 7.534158 0.391837
51 29.351803 55.974987 0.000000 1.829632 1.317840 2.191069 4.026912 8.028010 0.333333
52 29.390299 55.977047 0.000000 2.073859 1.315051 2.191638 4.049981 8.148572 0.333333
53 29.337837 55.867561 0.000000 1.999254 1.327845 2.234058 4.178220 8.530034 0.333333
54 29.391386 56.020344 0.000000 1.914314 1.336958 2.264760 4.260845 8.732938 0.250000
55 29.322376 55.908813 0.000000 2.164669 1.329914 2.242881 4.210769 8.636199 0.500000
56 29.417017 55.910625 0.000000 2.340550 1.352293 2.299519 4.330667 8.859952 0.500000
57 29.350685 55.831818 0.000000 2.618894 1.342636 2.273557 4.266999 8.708428 0.500000
58 29.349304 55.926479 0.000000 2.649199 1.341342 2.278227 4.300364 8.848608 0.500000
59 29.362070 55.843227 0.000000 2.626231 1.338194 2.251177 4.177571 8.385073 0.333333
60 29.511402 55.932140 0.000000 2.511628 1.321587 2.205780 4.081020 8.220316 0.500000
61 29.525843 55.943501 0.000000 2.518008 1.300266 2.128165 3.838019 7.494816 0.500000
62 29.747499 55.892632 0.000000 2.559322 1.327054 2.220405 4.104830 8.228029 0.250000
63 29.877510 55.767612 0.000000 2.634744 1.352807 2.284498 4.231254 8.422200 0.250000
64 30.042774 55.622410 0.000000 2.453454 1.326782 2.222344 4.108786 8.225220 0.250000
65 30.106342 55.574158 0.000000 2.691823 1.320591 2.177799 3.930520 7.611992 0.250000
66 30.149868 55.465565 0.000000 2.872048 1.294876 2.097452 3.712463 7.042736 0.250000
67 30.223055 55.324982 0.000000 2.766204 1.298109 2.107394 3.732153 7.067873 0.200000
68 30.240921 55.187828 0.000000 2.666219 1.311875 2.161954 3.916533 7.653694 0.200000
69 30.040424 54.968521 0.000000 2.403899 1.398724 2.462231 4.808746 10.191984 0.200000
70 29.786583 54.424664 0.000000 2.155354 1.305223 2.124667 3.777470 7.194781 0.200000
71 29.596407 54.043404 0.000000 1.806429 1.357880 2.324992 4.413406 9.109163 0.200211
72 29.186707 53.866291 0.000000 1.530398 1.331331 2.245428 4.206589 8.593437 0.390367
73 29.268442 54.161644 0.000000 1.393186 1.361790 2.334126 4.432126 9.144494 0.212237
74 29.344637 53.990498 0.000000 1.076124 1.395810 2.443606 4.711189 9.781568 0.322418
75 29.290714 53.496250 0.000000 1.006941 1.463244 2.658511 5.323361 11.479038 0.444583
77 28.453213 52.198254 0.000000 0.879593 1.370125 2.343629 4.413863 8.973612 0.200547
