%% Trajectory 10
%% frame x (pixel)     y (pixel)    z (pixel)      m0         m1           m2           m3           m4           s 
57 41.993858 17.848459 0.000000 1.786188 1.236883 1.966930 3.442643 6.511402 0.205958
58 42.116322 17.843977 0.000000 1.972685 1.221461 1.908243 3.266608 6.020456 0.200246
59 42.109024 17.903881 0.000000 2.321113 1.237868 1.960083 3.412678 6.418588 0.205578
60 42.214172 17.844788 0.000000 2.376186 1.210626 1.869945 3.166188 5.782803 0.249392
61 42.177326 17.767235 0.000000 2.827957 1.247654 1.970508 3.405485 6.325247 0.201757
62 42.222141 17.815529 0.000000 2.874764 1.233122 1.929434 3.306150 6.098226 0.200000
63 42.247524 17.849873 0.000000 3.053208 1.237697 1.939651 3.330912 6.162423 0.200000
64 42.164146 17.890575 0.000000 2.926527 1.258821 2.004124 3.493380 6.544013 0.200000
65 42.239288 17.889944 0.000000 2.639301 1.251338 1.976406 3.420797 6.376793 0.201136
66 42.188179 17.856552 0.000000 2.599837 1.246489 1.967560 3.403258 6.337004 0.201404
67 42.144241 17.861732 0.000000 2.595863 1.245992 1.972299 3.429578 6.437928 0.171013
68 42.071438 18.160690 0.000000 2.649797 1.259782 2.011958 3.530747 6.687400 0.145442
69 42.051365 18.146975 0.000000 2.395337 1.283633 2.087711 3.737207 7.226129 0.174735
70 41.740124 18.112906 0.000000 2.202865 1.232511 1.932658 3.350803 6.336398 0.175867
71 41.779572 18.289005 0.000000 2.740016 1.208009 1.851629 3.109860 5.638906 0.201101
72 41.716171 18.349951 0.000000 2.292942 1.223155 1.888136 3.191623 5.817136 0.166881
73 41.722408 18.368296 0.000000 2.597942 1.254622 1.977889 3.409583 6.316040 0.166674
74 41.918861 18.407385 0.000000 2.801338 1.315148 2.162284 3.891616 7.516956 0.173936
75 41.679260 18.496685 0.000000 2.870260 1.304499 2.123326 3.768904 7.150593 0.167627
76 41.676510 18.601381 0.000000 2.207442 1.294785 2.095583 3.704748 7.017542 0.297824
77 41.778881 18.730009 0.000000 2.240968 1.311157 2.150437 3.851183 7.380360 0.167955
