%% Trajectory 19
%% frame x (pixel)     y (pixel)    z (pixel)      m0         m1           m2           m3           m4           s 
80 33.797283 15.230858 0.000000 1.994193 1.269862 2.024827 3.528443 6.596252 0.214996
81 33.765461 15.367327 0.000000 2.332049 1.297850 2.108875 3.751344 7.168910 0.286128
82 33.688530 15.282584 0.000000 2.355377 1.251465 1.968458 3.385723 6.259384 0.322514
83 33.675369 15.167814 0.000000 2.500823 1.276394 2.040804 3.564526 6.675534 0.221101
84 33.727249 15.266288 0.000000 2.350546 1.270632 2.028702 3.540459 6.630258 0.339702
85 33.745197 15.179048 0.000000 2.241776 1.291740 2.093948 3.727300 7.152864 0.355402
86 33.831924 15.302253 0.000000 2.425399 1.287338 2.078166 3.672998 6.975663 0.360481
87 33.773590 15.212884 0.000000 2.470940 1.302378 2.124393 3.799443 7.309906 0.353667
88 33.778618 15.379818 0.000000 2.579308 1.251323 1.969711 3.390579 6.272699 0.265415
89 33.930710 15.211318 0.000000 2.421660 1.304527 2.144789 3.877969 7.562775 0.276603
90 33.971458 15.346033 0.000000 2.503263 1.318878 2.187085 3.988783 7.848431 0.217083
91 33.898552 15.216597 0.000000 2.697375 1.319713 2.184652 3.972638 7.780778 0.166668
92 34.003345 15.239517 0.000000 2.483611 1.330708 2.219428 4.066748 8.024036 0.225269
93 33.910141 15.383996 0.000000 2.431722 1.278442 2.061125 3.653913 7.000685 0.375732
94 33.860477 15.195114 0.000000 2.915382 1.315817 2.180233 3.985466 7.887636 0.200002
95 33.967697 15.315146 0.000000 3.213644 1.316027 2.170419 3.927145 7.643274 0.200000
96 33.836048 15.327741 0.000000 3.564828 1.279072 2.053874 3.608857 6.810826 0.200000
97 33.888939 15.345230 0.000000 3.056322 1.289738 2.089509 3.714093 7.112992 0.200081
98 34.000813 15.283238 0.000000 3.358757 1.304817 2.146710 3.885601 7.587576 0.166667
99 33.947453 15.343590 0.000000 2.968911 1.294602 2.112211 3.793615 7.364190 0.200192
100 34.028225 15.438742 0.000000 3.119984 1.296979 2.116424 3.796806 7.352990 0.200031
101 33.986088 15.451570 0.000000 3.156834 1.305077 2.139646 3.849394 7.455926 0.166677
102 33.818230 15.325105 0.000000 3.436523 1.282733 2.064544 3.642097 6.914805 0.166667
103 33.881908 15.429769 0.000000 3.283559 1.297819 2.108088 3.747127 7.150106 0.200000
104 33.972771 15.320726 0.000000 3.278603 1.317811 2.182555 3.973941 7.800221 0.166667
105 34.018436 15.357542 0.000000 3.370439 1.325561 2.202666 4.020301 7.902874 0.200000
106 33.967220 15.456498 0.000000 3.442068 1.303995 2.143503 3.884001 7.618888 0.250000
107 33.993145 15.429111 0.000000 3.314651 1.318617 2.184906 3.985141 7.852104 0.250000
108 34.020210 15.418900 0.000000 2.943691 1.331262 2.229715 4.123123 8.258934 0.304089
109 34.066383 15.509499 0.000000 3.498717 1.319462 2.171626 3.910290 7.552589 0.250000
110 33.913643 15.846216 0.000000 3.374645 1.376183 2.367461 4.485022 9.165111 0.250000
111 34.043915 15.884175 0.000000 3.344627 1.373640 2.368343 4.511334 9.297982 0.250000
112 33.843124 16.090172 0.000000 3.553095 1.346778 2.289557 4.307581 8.789303 0.250000
113 33.886688 16.118694 0.000000 3.197381 1.364500 2.339223 4.434770 9.108793 0.250000
114 33.796886 16.253212 0.000000 3.173843 1.343632 2.259984 4.181480 8.341496 0.250000
115 33.938980 16.551817 0.000000 2.950168 1.352715 2.293118 4.284260 8.649380 0.200583
117 34.517426 16.374811 0.000000 2.394859 1.343380 2.256074 4.160675 8.263668 0.201566
118 34.584206 16.194998 0.000000 2.393565 1.363758 2.333994 4.417887 9.070740 0.200307
119 34.537155 16.599808 0.000000 1.655717 1.363942 2.349956 4.508435 9.447437 0.208102
