%% Trajectory 38
%% frame x (pixel)     y (pixel)    z (pixel)      m0         m1           m2           m3           m4           s 
181 17.082781 40.959026 0.000000 1.587190 1.360906 2.343719 4.488316 9.362123 0.333333
182 16.643702 40.790260 0.000000 1.834234 1.385493 2.427928 4.733599 10.050963 0.266852
183 16.614641 40.541233 0.000000 1.637821 1.349457 2.283037 4.255596 8.567988 0.333333
184 16.939514 40.693661 0.000000 2.193140 1.398918 2.472606 4.850933 10.331890 0.424675
185 16.817226 40.817780 0.000000 2.484662 1.359411 2.333030 4.444187 9.204895 0.333333
186 16.717785 40.803291 0.000000 2.232882 1.335249 2.238101 4.142480 8.304714 0.333333
187 16.789146 40.601479 0.000000 2.542443 1.323369 2.194836 4.002395 7.871592 0.250000
188 16.680744 40.618061 0.000000 2.308519 1.271787 2.032910 3.556269 6.687839 0.250000
189 16.720539 40.622501 0.000000 2.511143 1.239940 1.937462 3.310997 6.085698 0.250007
190 16.850195 40.572155 0.000000 2.662842 1.340338 2.268245 4.264738 8.738444 0.293617
191 16.813971 40.658150 0.000000 2.556569 1.315555 2.181441 3.995427 7.938203 0.167544
192 16.978754 40.721249 0.000000 2.795667 1.347278 2.300104 4.361609 8.999054 0.397590
193 16.703268 40.507462 0.000000 2.928858 1.298199 2.113471 3.776097 7.272191 0.167294
194 16.838068 40.397968 0.000000 3.395126 1.306034 2.151906 3.911032 7.701803 0.200000
195 16.830244 40.654655 0.000000 2.881478 1.287201 2.076572 3.678087 7.026530 0.200000
196 17.141233 40.583858 0.000000 2.838845 1.296849 2.121181 3.830313 7.504385 0.273471
197 16.912874 40.626507 0.000000 3.093514 1.325702 2.217170 4.103719 8.246775 0.200002
198 16.950781 40.388660 0.000000 2.894252 1.311645 2.176037 3.997699 7.991529 0.318454
199 17.006081 40.522423 0.000000 3.297862 1.313915 2.192131 4.063308 8.216782 0.284626
200 16.962559 40.560654 0.000000 3.296238 1.341022 2.267532 4.242264 8.606839 0.200008
201 16.947227 40.467575 0.000000 3.615767 1.315400 2.179890 3.992510 7.942056 0.369534
202 17.029905 40.502365 0.000000 3.739919 1.308070 2.157134 3.927753 7.755105 0.230718
203 16.850603 40.468273 0.000000 3.273663 1.334413 2.242604 4.166391 8.395349 0.224387
204 16.787174 40.435810 0.000000 3.794930 1.256726 1.994057 3.484157 6.601896 0.200019
205 16.884054 40.458366 0.000000 3.891470 1.265859 2.021440 3.547118 6.726894 0.200000
206 16.902683 40.436985 0.000000 4.363583 1.283059 2.076425 3.700616 7.141203 0.200000
207 16.849802 40.397766 0.000000 3.781394 1.263437 2.014977 3.533364 6.701623 0.200000
208 16.927385 40.403320 0.000000 3.911618 1.294371 2.119566 3.840977 7.575692 0.200000
209 16.897945 40.365997 0.000000 4.274001 1.283921 2.077847 3.701415 7.134205 0.200089
210 16.893435 40.398819 0.000000 4.117727 1.274885 2.051854 3.642410 7.017885 0.200000
211 17.007730 40.294056 0.000000 4.352786 1.310895 2.179071 4.017462 8.063831 0.200000
212 17.083740 40.353195 0.000000 3.872310 1.265369 2.023905 3.561619 6.777711 0.200000
213 17.195803 40.294582 0.000000 4.416940 1.268413 2.029299 3.568874 6.781950 0.200000
214 17.283068 40.501781 0.000000 4.399564 1.240580 1.938043 3.312380 6.092047 0.200003
215 17.673841 40.631893 0.000000 4.023367 1.219813 1.881216 3.180717 5.810519 0.200000
216 17.725861 40.741997 0.000000 3.757444 1.226391 1.899583 3.221420 5.888334 0.200007
217 17.985466 40.736904 0.000000 3.850628 1.285065 2.101829 3.806604 7.498132 0.200000
218 18.150732 40.738255 0.000000 3.283766 1.231496 1.926022 3.318027 6.203811 0.205229
219 18.048096 40.997547 0.000000 3.497061 1.367061 2.356950 4.485990 9.224682 0.200965
220 18.158556 41.498920 0.000000 3.044102 1.258478 2.002563 3.506134 6.644790 0.200000
221 18.297888 41.875473 0.000000 3.350117 1.297149 2.108283 3.752725 7.176701 0.319187
