%% Trajectory 30
%% frame x (pixel)     y (pixel)    z (pixel)      m0         m1           m2           m3           m4           s 
162 17.510557 31.479864 0.000000 2.670611 1.585345 3.083951 6.618626 15.289041 0.250000
164 17.797934 31.907215 0.000000 2.621765 1.426949 2.532830 4.947643 10.404383 0.250000
165 17.897345 32.206684 0.000000 2.885340 1.425657 2.522882 4.914721 10.310447 0.200000
166 17.700937 31.949745 0.000000 3.042112 1.386706 2.417094 4.663259 9.753932 0.200000
167 17.670828 32.200016 0.000000 3.098811 1.362743 2.329621 4.409508 9.057863 0.250000
168 17.829224 32.370209 0.000000 3.572574 1.364526 2.358873 4.542519 9.544023 0.200000
169 17.890820 32.310196 0.000000 3.197051 1.379975 2.391848 4.596592 9.596467 0.200000
170 17.658503 32.227943 0.000000 2.958479 1.326980 2.198217 3.986684 7.761095 0.167079
171 17.512926 32.340450 0.000000 3.830523 1.316320 2.161362 3.879095 7.462483 0.198415
172 17.572609 32.335732 0.000000 3.634849 1.344377 2.271125 4.244579 8.616011 0.166667
173 17.556284 32.546421 0.000000 3.951670 1.302964 2.128556 3.817286 7.380170 0.200000
174 17.409142 32.594440 0.000000 3.960067 1.319742 2.181861 3.960711 7.745298 0.200000
175 17.490749 32.535278 0.000000 3.951474 1.301456 2.119636 3.784056 7.270273 0.200000
176 17.398653 32.432404 0.000000 3.641944 1.304167 2.121993 3.777053 7.218160 0.166674
177 17.507797 32.652958 0.000000 3.451490 1.277103 2.044025 3.572974 6.694588 0.167911
178 17.644102 32.491219 0.000000 3.767146 1.305717 2.146737 3.890139 7.634357 0.200000
179 17.606783 32.441639 0.000000 3.737479 1.290913 2.082186 3.669403 6.933148 0.200000
180 17.650049 32.604633 0.000000 4.265919 1.318509 2.168294 3.897033 7.505694 0.166667
181 18.003870 32.488213 0.000000 4.273510 1.330403 2.228117 4.117733 8.241563 0.166667
182 18.125015 32.393303 0.000000 4.010125 1.293800 2.116271 3.826316 7.519691 0.200000
183 18.290356 32.232426 0.000000 3.712500 1.297164 2.106052 3.734015 7.087921 0.200000
184 18.553751 32.236816 0.000000 3.393678 1.342858 2.244567 4.112473 8.099169 0.200000
185 18.565062 31.906898 0.000000 3.209708 1.265134 2.022790 3.548023 6.707117 0.166667
186 18.458946 31.653414 0.000000 3.153482 1.291923 2.088156 3.689713 6.992721 0.333333
187 18.095963 31.794947 0.000000 3.131375 1.340572 2.255495 4.185194 8.395330 0.250000
189 17.882284 30.538212 0.000000 1.883705 1.310725 2.148624 3.858360 7.443540 0.211647
190 17.975683 30.958916 0.000000 1.274021 1.412297 2.531671 5.059141 11.012160 0.166667
192 18.787504 31.742214 0.000000 1.261783 1.406756 2.462698 4.742108 9.821563 0.250332
193 19.250868 31.869402 0.000000 1.302273 1.439681 2.629798 5.384877 12.065429 0.250000
