%% Trajectory 18
%% frame x (pixel)     y (pixel)    z (pixel)      m0         m1           m2           m3           m4           s 
113 57.607521 19.519461 0.000000 1.957379 1.303575 2.123537 3.781971 7.221868 0.250000
114 57.558247 19.594429 0.000000 2.342890 1.277635 2.059545 3.646494 6.966770 0.250302
115 57.454132 19.566521 0.000000 2.466420 1.317116 2.186491 3.993428 7.872920 0.250000
116 57.599255 19.315973 0.000000 2.595397 1.300396 2.125526 3.816609 7.389486 0.250000
117 57.503300 19.615257 0.000000 3.248925 1.282005 2.056684 3.603230 6.764328 0.333333
118 57.592781 19.627003 0.000000 2.668794 1.317339 2.164050 3.883742 7.464297 0.333333
119 57.649231 19.426603 0.000000 2.565138 1.291042 2.082051 3.665780 6.912261 0.333333
120 57.430401 19.399635 0.000000 2.999040 1.306032 2.122389 3.760922 7.125282 0.250000
121 57.558308 19.489374 0.000000 2.952018 1.269933 2.027743 3.536509 6.611742 0.333333
122 57.650600 19.327835 0.000000 3.072418 1.283238 2.066649 3.634893 6.848562 0.258647
123 57.507767 19.431356 0.000000 3.106557 1.319661 2.183910 3.972220 7.795201 0.292153
124 57.491055 19.274811 0.000000 2.719306 1.304589 2.141562 3.881026 7.632522 0.250037
125 57.654964 19.419708 0.000000 2.701873 1.321148 2.176607 3.924578 7.596988 0.202854
126 57.466534 19.328501 0.000000 2.841641 1.278395 2.043604 3.567818 6.678061 0.200161
127 57.643398 19.336203 0.000000 2.998993 1.306853 2.136949 3.826566 7.361255 0.264214
128 57.403831 19.410702 0.000000 3.078327 1.298534 2.103861 3.718291 7.029382 0.299491
129 57.616993 19.462858 0.000000 3.538088 1.307233 2.132053 3.803750 7.283884 0.200003
130 57.701469 19.462812 0.000000 3.179224 1.337731 2.233272 4.092965 8.080060 0.275874
131 57.646313 19.552458 0.000000 3.116268 1.339028 2.219045 4.000384 7.682550 0.250334
132 57.589195 19.637794 0.000000 3.109315 1.323957 2.193937 3.994422 7.843586 0.250263
133 57.571304 19.755795 0.000000 2.840044 1.303626 2.121574 3.770533 7.175923 0.250046
134 57.398144 19.717510 0.000000 3.186215 1.347545 2.248140 4.092953 7.970855 0.250000
135 57.491577 19.990606 0.000000 2.842700 1.363915 2.342316 4.457345 9.212230 0.250002
136 57.619053 20.009434 0.000000 3.240712 1.437150 2.576864 5.117425 11.011693 0.254964
137 57.437275 19.902988 0.000000 2.904258 1.359421 2.316605 4.351629 8.833954 0.258785
138 56.916676 20.292053 0.000000 2.964223 1.357945 2.317993 4.379662 8.983219 0.289406
139 57.336906 20.232079 0.000000 2.732551 1.426548 2.541939 5.007048 10.668331 0.252807
140 57.355179 20.190641 0.000000 2.559267 1.388108 2.417031 4.661750 9.761373 0.250000
141 56.892715 20.136574 0.000000 2.304900 1.483312 2.743196 5.633091 12.542575 0.250000
142 56.769253 20.544426 0.000000 2.812436 1.439402 2.574105 5.080067 10.829538 0.250000
143 57.099773 20.644829 0.000000 2.617344 1.501112 2.787069 5.716862 12.656782 0.250000
144 57.309170 20.817171 0.000000 2.378422 1.396579 2.429709 4.664371 9.674479 0.250000
