%% Trajectory 30
%% frame x (pixel)     y (pixel)    z (pixel)      m0         m1           m2           m3           m4           s 
166 56.877972 28.530521 0.000000 1.791790 1.330397 2.220597 4.088400 8.149248 0.250000
167 56.727814 28.442232 0.000000 1.635901 1.386719 2.388138 4.520086 9.206888 0.250000
169 56.637054 28.242914 0.000000 1.743183 1.292721 2.103257 3.765208 7.287548 0.250000
171 56.571407 28.418367 0.000000 2.197654 1.361434 2.326290 4.394812 9.000483 0.320523
172 56.930798 28.398190 0.000000 2.045188 1.378070 2.371942 4.507115 9.265382 0.250000
173 56.751431 28.452131 0.000000 2.048872 1.287985 2.087586 3.724745 7.185983 0.264949
174 56.774345 28.540298 0.000000 2.388636 1.346574 2.288343 4.305562 8.800357 0.250000
175 56.904552 28.526899 0.000000 2.440085 1.363140 2.330194 4.389955 8.933908 0.250000
176 56.752731 28.631508 0.000000 2.573238 1.382715 2.374061 4.475358 9.072722 0.250000
177 56.764534 28.759544 0.000000 2.816977 1.350212 2.264519 4.158631 8.198802 0.333333
178 56.807018 28.771530 0.000000 2.765463 1.364759 2.342276 4.448836 9.166315 0.333333
179 56.889282 28.832766 0.000000 3.554575 1.437582 2.565593 5.049139 10.722735 0.333334
180 56.827572 28.825676 0.000000 3.223419 1.435269 2.567974 5.083368 10.892137 0.333333
181 56.667198 29.156670 0.000000 3.242153 1.470984 2.682683 5.403143 11.746730 0.333333
182 56.832886 28.723612 0.000000 3.267289 1.464301 2.655708 5.304604 11.403650 0.333386
183 56.756973 29.167101 0.000000 2.975266 1.490396 2.754141 5.620932 12.373297 0.347940
184 56.845745 28.817175 0.000000 3.170841 1.521087 2.854794 5.910412 13.179576 0.256012
185 56.897522 28.952751 0.000000 3.984518 1.438002 2.587024 5.154429 11.121573 0.333333
186 56.706577 28.977104 0.000000 3.624491 1.439676 2.585585 5.126102 10.963570 0.250000
187 56.921463 29.050344 0.000000 3.479640 1.457614 2.643830 5.294696 11.440063 0.250000
188 56.770573 28.753716 0.000000 3.792983 1.458346 2.652947 5.350451 11.692674 0.250000
189 56.705833 28.895370 0.000000 3.916450 1.458081 2.644289 5.295517 11.447807 0.250000
190 56.868675 28.834764 0.000000 3.696676 1.487921 2.757498 5.657763 12.548305 0.250000
191 56.636250 28.955757 0.000000 4.270364 1.482436 2.732656 5.572550 12.279860 0.333333
192 56.697186 28.976746 0.000000 3.778078 1.437061 2.573616 5.102543 10.954220 0.333333
193 56.667393 28.907421 0.000000 3.640163 1.446392 2.598030 5.151935 11.031199 0.200000
194 56.350197 28.724981 0.000000 3.825873 1.487892 2.748128 5.611801 12.382547 0.200000
195 56.361740 29.041773 0.000000 4.163449 1.441453 2.598715 5.190926 11.232194 0.250021
196 55.919857 29.113922 0.000000 3.883029 1.485416 2.733088 5.545253 12.121478 0.250000
197 56.049553 29.158031 0.000000 3.969270 1.487613 2.749284 5.609421 12.338359 0.256670
198 55.879761 29.476175 0.000000 4.709689 1.426626 2.536059 4.983071 10.591898 0.252663
199 55.982697 29.376848 0.000000 4.269172 1.445096 2.602815 5.190591 11.208120 0.485073
200 55.760693 29.716345 0.000000 4.273467 1.439294 2.582894 5.130985 11.040847 0.333333
201 55.501602 29.510719 0.000000 3.964338 1.449213 2.602784 5.158360 11.033292 0.250000
202 55.261971 29.316496 0.000000 4.242440 1.432656 2.549210 4.992746 10.531178 0.333333
204 54.804386 28.236462 0.000000 2.565956 1.519749 2.859186 5.940695 13.309465 0.250000
