%% Trajectory 11
%% frame x (pixel)     y (pixel)    z (pixel)      m0         m1           m2           m3           m4           s 
45 54.552536 29.221218 0.000000 1.399603 1.210656 1.849959 3.092551 5.575629 0.167196
46 54.444244 29.343828 0.000000 1.472529 1.298087 2.123894 3.839387 7.539675 0.192377
47 54.248089 29.447821 0.000000 1.486763 1.246596 1.955353 3.351964 6.173549 0.271246
48 54.380180 29.522022 0.000000 2.204217 1.265832 2.012030 3.494443 6.511273 0.185072
49 54.414352 29.539673 0.000000 1.883661 1.253078 1.968753 3.380585 6.237803 0.142877
50 54.586800 29.472134 0.000000 1.795991 1.253590 1.968292 3.378985 6.236692 0.177269
51 54.550682 29.508459 0.000000 1.689669 1.278480 2.042165 3.568151 6.697876 0.126438
52 54.438240 29.449230 0.000000 2.121557 1.279216 2.066342 3.683536 7.130929 0.164434
53 54.412155 29.330786 0.000000 2.179471 1.290993 2.078144 3.649346 6.859445 0.159952
54 54.429306 29.511318 0.000000 2.829692 1.255145 1.978529 3.408990 6.308950 0.142857
55 54.425865 29.560059 0.000000 2.322212 1.252692 1.973496 3.398635 6.287363 0.142857
56 54.287319 29.513151 0.000000 2.614439 1.302634 2.125125 3.801377 7.319083 0.200000
57 54.460800 29.608004 0.000000 2.848787 1.296513 2.103379 3.732036 7.106637 0.200000
58 54.519707 29.452953 0.000000 2.510934 1.274879 2.038958 3.565826 6.695328 0.203375
59 54.375282 29.612335 0.000000 2.952583 1.277747 2.043124 3.568172 6.680632 0.250000
60 54.449226 29.471561 0.000000 2.467147 1.299808 2.111042 3.739614 7.083155 0.324961
61 54.489742 29.482038 0.000000 2.895653 1.274348 2.035561 3.551687 6.644432 0.200536
62 54.540184 29.465218 0.000000 3.155243 1.250304 1.967624 3.385522 6.259492 0.250009
63 54.504349 29.640230 0.000000 3.113181 1.281040 2.055923 3.605360 6.780509 0.250141
64 54.364445 29.460382 0.000000 3.312459 1.283870 2.060554 3.611187 6.781397 0.250005
65 54.420879 29.560909 0.000000 3.637572 1.302574 2.120131 3.774257 7.210360 0.200000
66 54.472893 29.515116 0.000000 3.282336 1.293904 2.092255 3.691289 6.967830 0.333361
67 54.473080 29.556456 0.000000 4.130917 1.300010 2.111369 3.744872 7.114480 0.333333
68 54.461838 29.531397 0.000000 3.775439 1.314397 2.162158 3.896961 7.550621 0.333357
69 54.448093 29.363565 0.000000 3.899735 1.307872 2.134962 3.802197 7.241149 0.250001
70 54.356659 29.646606 0.000000 4.020570 1.293497 2.098459 3.734558 7.161256 0.250002
71 54.427605 29.533997 0.000000 4.199829 1.311416 2.140386 3.807938 7.237805 0.250000
72 54.389290 29.543890 0.000000 4.150109 1.289342 2.076224 3.649310 6.868466 0.250000
73 54.420433 29.685608 0.000000 4.202736 1.308914 2.133883 3.793206 7.206603 0.250000
74 54.453960 29.597637 0.000000 4.802325 1.288403 2.075390 3.648703 6.867602 0.250000
75 54.409416 29.590853 0.000000 4.477483 1.281793 2.055970 3.600640 6.756084 0.267631
76 54.275551 29.652592 0.000000 4.642400 1.303272 2.117332 3.752760 7.114884 0.250015
77 54.305931 29.624712 0.000000 4.744651 1.303897 2.120433 3.761358 7.134797 0.250759
78 54.307453 29.715660 0.000000 4.548717 1.285648 2.068708 3.633871 6.835785 0.251311
79 54.231709 29.864634 0.000000 4.491158 1.347262 2.268804 4.199838 8.378383 0.471928
80 54.113075 29.824162 0.000000 4.088365 1.356310 2.305469 4.317266 8.730971 0.250000
81 53.757481 29.854328 0.000000 3.700861 1.334676 2.233771 4.113929 8.175888 0.250000
82 53.503208 30.012299 0.000000 3.781235 1.378319 2.377027 4.519926 9.281092 0.253622
83 53.657242 30.107584 0.000000 3.749025 1.347732 2.265399 4.172286 8.251176 0.260526
84 53.370556 30.335178 0.000000 4.211109 1.306928 2.131850 3.799022 7.253560 0.250000
85 53.349689 30.490877 0.000000 4.003347 1.322084 2.174071 3.899040 7.473532 0.250079
86 53.396297 30.528149 0.000000 3.168395 1.297079 2.106093 3.738640 7.118988 0.250000
87 53.259270 30.923372 0.000000 2.547159 1.383852 2.405686 4.629406 9.653831 0.250000
89 52.863510 31.785070 0.000000 1.935169 1.402863 2.453272 4.729398 9.845161 0.250000
90 52.599659 32.075275 0.000000 1.896028 1.346864 2.279098 4.255867 8.592243 0.377231
