%% Trajectory 16
%% frame x (pixel)     y (pixel)    z (pixel)      m0         m1           m2           m3           m4           s 
75 47.497833 24.959200 0.000000 1.002406 1.349692 2.334904 4.558088 9.840162 0.250121
76 47.229710 25.034395 0.000000 1.141637 1.413439 2.519831 5.003010 10.822836 0.248858
77 47.387310 24.883383 0.000000 1.245694 1.276302 2.056428 3.626128 6.864617 0.250001
78 47.295540 24.890478 0.000000 1.452253 1.311748 2.159615 3.901248 7.587281 0.250000
79 47.254009 24.756863 0.000000 1.342717 1.333766 2.220057 4.050797 7.942595 0.322255
80 47.642361 24.911951 0.000000 1.276783 1.343898 2.264408 4.199610 8.405391 0.250049
81 47.259460 24.848082 0.000000 1.642128 1.335766 2.231705 4.092213 8.078938 0.333352
82 47.700203 24.834248 0.000000 1.466721 1.331570 2.227125 4.100305 8.147812 0.250234
83 47.236691 25.006807 0.000000 1.695543 1.305906 2.155414 3.927874 7.752034 0.250032
84 47.286175 24.783230 0.000000 1.659620 1.273172 2.037268 3.560100 6.667469 0.200001
85 47.587284 24.897770 0.000000 1.670036 1.330912 2.226170 4.105341 8.186467 0.614222
86 47.461525 24.879101 0.000000 1.793125 1.342849 2.272642 4.258143 8.662572 0.209177
87 47.637177 24.756025 0.000000 1.536580 1.291277 2.102516 3.765406 7.283562 0.200000
88 47.230160 25.068363 0.000000 1.666350 1.304286 2.131317 3.801691 7.251709 0.250082
89 47.395069 24.750143 0.000000 1.491539 1.267056 2.013031 3.495573 6.516232 0.200001
90 47.365688 24.685835 0.000000 1.973957 1.270509 2.024354 3.523657 6.578387 0.333333
91 47.759571 24.721798 0.000000 1.819146 1.279729 2.066488 3.657606 6.962437 0.250000
92 47.504688 24.722748 0.000000 2.227554 1.279037 2.062066 3.657854 7.017303 0.200000
93 47.502468 24.803129 0.000000 2.045554 1.303608 2.136936 3.856125 7.524743 0.166667
94 47.571239 24.616358 0.000000 2.218375 1.256330 1.985912 3.433237 6.376496 0.200000
95 47.369064 24.639589 0.000000 2.334040 1.258483 1.988986 3.438045 6.387878 0.250000
96 47.296268 24.673933 0.000000 2.512134 1.278401 2.054353 3.618183 6.858394 0.250027
97 47.352283 24.687275 0.000000 2.739021 1.271443 2.028270 3.535134 6.608382 0.250000
98 47.355541 24.585976 0.000000 2.827733 1.292755 2.087448 3.678277 6.937249 0.333333
99 47.306492 24.706001 0.000000 3.208352 1.317528 2.170597 3.921162 7.618550 0.334051
100 47.250355 24.502924 0.000000 3.815713 1.301285 2.115562 3.762216 7.181179 0.333335
101 47.161358 24.574011 0.000000 4.042556 1.320629 2.185941 3.976193 7.799490 0.334435
102 47.090168 24.511139 0.000000 3.833403 1.323996 2.194723 3.994817 7.830540 0.333333
103 47.051224 24.421179 0.000000 4.404997 1.297436 2.110453 3.757857 7.186671 0.333440
104 46.953747 24.496054 0.000000 4.337946 1.317690 2.186727 4.011628 7.992519 0.359368
105 46.889515 24.576117 0.000000 4.867576 1.321824 2.190075 3.988739 7.837842 0.373848
106 46.916599 24.525221 0.000000 5.046615 1.314563 2.168193 3.933020 7.702487 0.344432
107 46.814491 24.496082 0.000000 4.363553 1.293346 2.101961 3.753254 7.233778 0.333333
108 46.612270 24.486565 0.000000 4.577665 1.304100 2.126001 3.793315 7.269284 0.333333
109 46.584526 24.521004 0.000000 4.413043 1.302207 2.122226 3.788796 7.273841 0.333333
110 46.673798 24.437147 0.000000 4.135386 1.282530 2.056036 3.598731 6.749280 0.333333
111 46.430840 24.509048 0.000000 4.508311 1.300987 2.117166 3.768597 7.199131 0.333333
112 46.494392 24.411388 0.000000 4.438474 1.302568 2.128301 3.815042 7.365142 0.333333
113 46.360844 24.569557 0.000000 4.324509 1.352119 2.284690 4.244277 8.502802 0.333333
114 46.587132 24.519058 0.000000 3.883390 1.291908 2.084189 3.669259 6.914563 0.333333
115 46.555988 24.539007 0.000000 3.926981 1.307819 2.150402 3.894780 7.634105 0.333333
116 46.691200 24.562283 0.000000 3.596503 1.347485 2.267053 4.191375 8.353075 0.333333
117 46.616730 24.480230 0.000000 3.146393 1.322868 2.198108 4.023303 7.961397 0.333333
118 47.016815 24.328259 0.000000 3.320897 1.353840 2.321258 4.427850 9.216874 0.333333
119 46.892235 24.348177 0.000000 3.164034 1.374741 2.358025 4.460529 9.122361 0.333333
120 46.958481 24.282984 0.000000 3.129438 1.354184 2.293839 4.274893 8.591607 0.333333
121 46.943554 24.316507 0.000000 3.196594 1.365397 2.341505 4.439243 9.120002 0.333333
122 46.804359 24.294409 0.000000 3.137428 1.331606 2.235372 4.145720 8.334404 0.333333
123 46.778835 24.440308 0.000000 2.722885 1.289455 2.083610 3.689960 7.031726 0.333333
124 46.670391 24.335743 0.000000 2.813983 1.274815 2.036667 3.562686 6.704576 0.333333
125 46.532654 24.408955 0.000000 2.837467 1.241951 1.943001 3.324723 6.118926 0.333333
126 46.329990 24.435867 0.000000 3.354362 1.272087 2.036226 3.580862 6.803528 0.333333
127 46.249115 24.304609 0.000000 2.673396 1.293391 2.098094 3.733627 7.159039 0.333333
128 45.885723 24.231760 0.000000 2.379513 1.313686 2.177399 3.987123 7.919962 0.333333
129 45.683540 24.302582 0.000000 2.405090 1.246009 1.958997 3.378448 6.288657 0.333333
130 45.048496 24.335600 0.000000 2.525541 1.343041 2.259634 4.184419 8.361331 0.335165
131 44.958603 24.285309 0.000000 2.536662 1.337444 2.279467 4.337961 9.040084 0.333333
132 45.160648 24.395529 0.000000 2.246715 1.344101 2.274770 4.259122 8.658207 0.333333
