%% Trajectory 12
%% frame x (pixel)     y (pixel)    z (pixel)      m0         m1           m2           m3           m4           s 
59 31.365818 32.773144 0.000000 1.393396 1.312587 2.166439 3.946622 7.797497 0.250022
60 31.494648 33.195854 0.000000 1.594976 1.312535 2.165602 3.945433 7.799032 0.244468
61 31.551260 33.010284 0.000000 2.009490 1.334177 2.248126 4.184950 8.444962 0.336849
62 31.643076 32.959476 0.000000 1.693669 1.339908 2.264075 4.217572 8.489676 0.202033
63 31.558392 32.894707 0.000000 1.996479 1.315678 2.166556 3.911235 7.592850 0.250176
64 31.517334 32.976109 0.000000 1.894714 1.335344 2.246104 4.181890 8.459332 0.250359
65 31.495150 33.128086 0.000000 2.527974 1.284785 2.067827 3.643139 6.896984 0.250000
66 31.483881 33.027512 0.000000 2.260430 1.326140 2.211580 4.058062 8.032893 0.324671
67 31.625912 33.007927 0.000000 2.669351 1.327525 2.218380 4.096540 8.209553 0.200000
68 31.718399 33.230389 0.000000 2.595431 1.339058 2.245897 4.138869 8.218958 0.200000
69 31.652695 32.981602 0.000000 2.979963 1.379750 2.376765 4.510572 9.238933 0.200000
70 31.769281 33.163559 0.000000 3.404746 1.398283 2.434115 4.662291 9.619484 0.250000
71 31.966309 33.327820 0.000000 3.594501 1.370376 2.358485 4.494734 9.293690 0.166667
72 31.733034 32.975307 0.000000 3.833138 1.392430 2.418485 4.627525 9.548244 0.168366
73 31.688807 33.192253 0.000000 4.380204 1.377950 2.372684 4.504778 9.244586 0.166667
74 31.644125 32.891895 0.000000 3.891917 1.379572 2.371866 4.489891 9.165938 0.184043
75 31.797394 33.173576 0.000000 4.263269 1.424936 2.525413 4.939618 10.436573 0.200002
76 31.665215 33.161091 0.000000 4.201332 1.374879 2.356238 4.434289 8.977601 0.200010
77 31.685717 33.135426 0.000000 4.478097 1.417835 2.512062 4.909637 10.355690 0.200000
78 31.805338 33.268681 0.000000 4.131654 1.376638 2.352812 4.411758 8.893281 0.200000
79 31.703051 33.425430 0.000000 4.854800 1.371122 2.331658 4.337003 8.640406 0.200000
80 31.890141 33.386776 0.000000 4.709730 1.367259 2.337009 4.387766 8.863521 0.200000
81 32.118729 33.620155 0.000000 4.812396 1.435284 2.557783 5.029491 10.676714 0.250000
82 32.136715 33.563614 0.000000 4.703147 1.387226 2.412252 4.643652 9.696249 0.200000
83 32.298351 33.818855 0.000000 4.651705 1.386670 2.398118 4.566451 9.378510 0.200000
84 32.613789 33.799625 0.000000 5.122143 1.427547 2.544368 5.018588 10.713436 0.200000
85 32.470024 33.603100 0.000000 4.418581 1.352787 2.266120 4.146136 8.120916 0.333429
86 32.495022 34.072613 0.000000 4.591035 1.400341 2.458725 4.779650 10.070677 0.250006
87 32.561172 34.471569 0.000000 4.320339 1.439937 2.568581 5.036709 10.625577 0.200000
88 32.534519 34.473083 0.000000 3.908992 1.425503 2.529079 4.948905 10.455670 0.200113
89 32.489567 34.443607 0.000000 3.336744 1.413420 2.473023 4.756049 9.847622 0.230024
90 32.684174 34.348286 0.000000 3.868760 1.478769 2.713274 5.502050 12.053088 0.200000
93 33.290314 34.507080 0.000000 2.908528 1.483297 2.724510 5.516796 12.031436 0.200001
94 33.269737 34.213531 0.000000 2.773330 1.416753 2.511184 4.922331 10.432617 0.200000
