%% Trajectory 15
%% frame x (pixel)     y (pixel)    z (pixel)      m0         m1           m2           m3           m4           s 
103 62.788845 24.686539 0.000000 1.292307 1.412501 2.532861 5.084513 11.153301 0.265731
104 62.874245 24.947262 0.000000 1.628062 1.499891 2.832792 5.965658 13.646672 0.299209
105 62.806507 24.933170 0.000000 1.388859 1.432168 2.575181 5.152704 11.211967 0.308959
106 62.670383 24.889196 0.000000 1.831089 1.417054 2.540041 5.076473 11.059891 0.641856
107 62.657089 24.524298 0.000000 1.732830 1.356351 2.302195 4.304522 8.691133 0.357068
108 62.658276 24.803045 0.000000 2.078048 1.408313 2.479566 4.822357 10.145398 0.275999
109 62.550179 24.776262 0.000000 2.135051 1.371177 2.346754 4.424199 9.009831 0.501777
110 62.578892 24.588564 0.000000 2.403571 1.372705 2.341920 4.381371 8.810462 0.333333
111 62.487152 24.550720 0.000000 2.287812 1.378819 2.353398 4.397533 8.818123 0.333333
112 62.522404 24.757223 0.000000 2.640803 1.385982 2.387485 4.513213 9.172656 0.333333
113 62.468185 24.588846 0.000000 2.618870 1.374913 2.342556 4.371314 8.757302 0.333334
114 62.418991 24.754219 0.000000 2.495554 1.351723 2.261593 4.127132 8.048522 0.333333
115 62.430180 24.694593 0.000000 2.946688 1.386155 2.386915 4.511244 9.169825 0.333333
116 62.398438 24.651848 0.000000 3.282729 1.386933 2.380646 4.470777 8.998772 0.333333
117 62.289093 24.727072 0.000000 3.534197 1.390619 2.384889 4.463016 8.922492 0.333333
118 62.253677 24.794527 0.000000 2.963482 1.390897 2.398454 4.536614 9.217567 0.333334
119 62.329712 24.654873 0.000000 3.305480 1.391184 2.387239 4.468401 8.932650 0.333333
120 62.379204 24.792364 0.000000 2.824607 1.414413 2.473459 4.741686 9.759757 0.348444
121 62.224365 24.847431 0.000000 3.323363 1.416104 2.489517 4.815740 10.036136 0.333333
122 62.192307 24.784286 0.000000 3.405202 1.394821 2.428232 4.665541 9.689565 0.333333
123 62.220703 25.080835 0.000000 3.137474 1.405701 2.467835 4.784735 10.031488 0.407840
124 62.115509 24.892305 0.000000 3.289768 1.441429 2.594229 5.169893 11.154816 0.654616
125 62.112133 25.152403 0.000000 3.589260 1.446769 2.595581 5.129881 10.927712 0.362623
126 62.210365 25.080635 0.000000 3.600487 1.439850 2.580133 5.107423 10.925873 0.647278
127 62.151421 24.914782 0.000000 3.837953 1.455939 2.628700 5.233871 11.239962 0.333349
128 61.969540 24.802097 0.000000 3.432951 1.476357 2.708885 5.498577 12.061979 0.453876
129 61.840942 24.827776 0.000000 3.431884 1.433873 2.564362 5.067207 10.823824 0.409329
130 61.682659 24.826775 0.000000 3.438073 1.446089 2.601386 5.175678 11.143802 0.250000
131 61.509247 24.957457 0.000000 3.752379 1.449533 2.615129 5.214663 11.240735 0.394750
132 61.654392 25.132351 0.000000 3.323944 1.440454 2.576935 5.090769 10.870128 0.250000
133 61.458443 25.314741 0.000000 3.364120 1.422815 2.499273 4.807708 9.916080 0.250002
134 61.331573 25.242321 0.000000 3.297579 1.448252 2.592878 5.097795 10.771006 0.334302
135 60.947834 25.433008 0.000000 3.095094 1.466330 2.681558 5.442375 11.978215 0.250015
136 60.998112 25.649729 0.000000 3.150184 1.504336 2.808661 5.797264 12.912704 0.333333
137 60.736908 25.553703 0.000000 2.788426 1.504152 2.801857 5.768792 12.820641 0.250000
138 60.571198 25.455822 0.000000 2.388629 1.502089 2.784564 5.681187 12.465298 0.308722
139 60.548714 25.749788 0.000000 2.671880 1.461609 2.642364 5.265728 11.317616 0.250000
140 60.712517 26.140400 0.000000 2.061591 1.462741 2.663567 5.358881 11.639519 0.263239
141 60.652466 26.304409 0.000000 1.982101 1.557725 2.969615 6.213400 13.932745 0.250001
142 60.681206 26.181898 0.000000 2.028513 1.565724 2.995276 6.290437 14.167478 0.259027
143 60.893635 26.488644 0.000000 1.820412 1.605053 3.149602 6.820199 15.885681 0.250029
144 60.806061 26.741207 0.000000 1.737902 1.578261 3.049967 6.486139 14.812497 0.250000
146 61.440849 26.974031 0.000000 1.689248 1.470965 2.686027 5.412254 11.767850 0.250000
147 61.251629 27.060232 0.000000 1.918214 1.456548 2.627816 5.227347 11.207297 0.250002
148 61.318348 26.865042 0.000000 1.733821 1.362767 2.315493 4.328636 8.729831 0.250000
