%% Trajectory 23
%% frame x (pixel)     y (pixel)    z (pixel)      m0         m1           m2           m3           m4           s 
121 29.494173 59.141869 0.000000 2.656358 1.337759 2.224678 4.042322 7.864451 0.200227
122 29.472439 59.336834 0.000000 2.764830 1.279375 2.045856 3.572902 6.689353 0.310376
123 29.638199 59.039505 0.000000 3.278382 1.347778 2.280534 4.259326 8.611715 0.166876
124 29.662382 59.088970 0.000000 3.482508 1.299957 2.110760 3.746756 7.133245 0.166667
125 29.663771 59.036579 0.000000 3.941546 1.320776 2.183863 3.966313 7.759634 0.194610
126 29.624142 59.070255 0.000000 4.380724 1.280670 2.063910 3.648110 6.943703 0.210639
127 29.630976 59.079563 0.000000 4.459874 1.325437 2.188733 3.947173 7.617215 0.200003
128 29.639904 58.887623 0.000000 4.348030 1.321627 2.198989 4.047669 8.099146 0.243248
129 29.606899 58.957550 0.000000 4.428677 1.285914 2.074033 3.658389 6.923069 0.200000
130 29.782070 58.927261 0.000000 4.479554 1.350939 2.294234 4.303500 8.740943 0.200000
131 29.936705 58.798759 0.000000 4.831220 1.360902 2.316651 4.337492 8.751249 0.270454
132 29.955364 58.677876 0.000000 4.525810 1.329736 2.215366 4.052190 7.978258 0.250000
133 30.028257 58.647167 0.000000 5.009380 1.347235 2.287724 4.303959 8.797936 0.250009
134 30.166325 58.589214 0.000000 4.336647 1.319613 2.191069 4.017377 7.988336 0.252513
135 30.189898 58.478214 0.000000 4.594347 1.327700 2.194972 3.967283 7.685846 0.333365
136 30.751125 58.407837 0.000000 4.503025 1.345156 2.271265 4.232841 8.545809 0.250000
137 30.823988 58.652039 0.000000 4.267224 1.339492 2.239667 4.104217 8.079680 0.264815
138 30.901518 58.691669 0.000000 4.067986 1.345737 2.259668 4.161895 8.246294 0.256760
139 30.871096 58.700180 0.000000 4.086260 1.361041 2.311395 4.312651 8.666431 0.314052
140 30.736023 58.740356 0.000000 3.680030 1.297710 2.103479 3.720911 7.042183 0.250000
141 30.640831 58.807690 0.000000 3.264724 1.336151 2.253300 4.210830 8.557951 0.263144
142 30.627811 58.854794 0.000000 3.007109 1.369197 2.344147 4.420519 8.995897 0.330231
144 29.967224 58.799007 0.000000 2.019709 1.386669 2.423825 4.692396 9.840185 0.250000
147 32.071293 59.192215 0.000000 1.602218 1.362399 2.348893 4.500616 9.388330 0.250000
