%% Trajectory 19
%% frame x (pixel)     y (pixel)    z (pixel)      m0         m1           m2           m3           m4           s 
77 15.124156 17.765476 0.000000 0.899971 1.250754 2.008698 3.590029 7.028806 0.168340
78 14.806495 17.962116 0.000000 1.525983 1.312926 2.186642 4.035012 8.087399 0.208656
79 15.125332 17.903599 0.000000 1.819174 1.300233 2.136127 3.877615 7.631443 0.175818
80 15.114428 17.561831 0.000000 1.511555 1.265309 2.027284 3.584307 6.883044 0.167382
81 15.206050 17.709072 0.000000 1.544906 1.288416 2.076608 3.658017 6.907378 0.166750
82 15.146271 17.856941 0.000000 2.073401 1.319105 2.181038 3.961527 7.749543 0.258778
83 15.011414 17.713011 0.000000 2.163997 1.284095 2.096688 3.793795 7.477680 0.308258
84 15.228923 17.880682 0.000000 2.444258 1.289178 2.087182 3.697706 7.031233 0.250182
85 15.011368 17.749762 0.000000 2.786934 1.313712 2.184198 4.010310 7.976899 0.166667
86 15.123497 17.850832 0.000000 2.481382 1.311663 2.158947 3.900031 7.583125 0.166863
87 15.092557 17.780449 0.000000 3.400516 1.327879 2.202178 4.000658 7.802284 0.200000
88 15.197808 17.850449 0.000000 3.391033 1.295338 2.112245 3.784574 7.310319 0.200000
89 15.089485 17.773178 0.000000 3.201151 1.322259 2.187247 3.961549 7.697878 0.166667
90 14.984276 18.006859 0.000000 3.201559 1.392901 2.439905 4.732026 9.940254 0.200000
91 15.158464 17.867937 0.000000 3.492279 1.331886 2.228537 4.107952 8.179544 0.200000
92 15.044627 17.972425 0.000000 3.498184 1.343970 2.280908 4.279060 8.691738 0.166667
93 15.171522 18.105618 0.000000 3.446716 1.338449 2.252687 4.184669 8.411225 0.200000
94 15.392287 18.289293 0.000000 3.204242 1.251521 1.972648 3.399985 6.295986 0.250000
95 15.454237 18.393120 0.000000 3.615537 1.309225 2.146489 3.853904 7.435535 0.200000
96 15.417096 18.601658 0.000000 3.355128 1.310197 2.150150 3.876503 7.540141 0.200000
97 15.585572 18.823723 0.000000 3.538185 1.315392 2.164073 3.906094 7.587827 0.200000
98 15.467487 18.860556 0.000000 3.531006 1.292302 2.093179 3.707925 7.046529 0.250000
99 15.469739 18.815138 0.000000 3.283480 1.293527 2.089109 3.681800 6.944473 0.250463
100 15.573178 18.963509 0.000000 3.339057 1.285267 2.080509 3.704752 7.130254 0.250000
101 15.462179 19.453333 0.000000 3.088066 1.327576 2.188457 3.939336 7.591072 0.250071
102 15.385717 19.365128 0.000000 3.152725 1.338846 2.230975 4.076472 8.011947 0.250000
104 14.062397 19.746098 0.000000 2.004578 1.371317 2.363393 4.505726 9.307719 0.253335
105 14.332689 20.257635 0.000000 1.747214 1.360794 2.317926 4.359920 8.881072 0.250007
