%% Trajectory 17
%% frame x (pixel)     y (pixel)    z (pixel)      m0         m1           m2           m3           m4           s 
63 40.331184 8.222976 0.000000 1.822318 1.478389 2.745111 5.672651 12.731673 0.200000
66 40.420486 8.387405 0.000000 2.203387 1.422067 2.534822 5.014846 10.782380 0.200000
67 40.354618 8.467624 0.000000 3.107635 1.386261 2.391093 4.543490 9.318983 0.246636
68 40.805332 8.502367 0.000000 2.682806 1.423767 2.544832 5.066565 10.987838 0.200001
69 40.606808 8.496253 0.000000 3.335018 1.450376 2.646978 5.383457 11.917841 0.250052
70 40.526936 8.528479 0.000000 2.972191 1.402270 2.452948 4.741970 9.922168 0.252712
71 40.645428 8.461094 0.000000 3.308318 1.439215 2.602200 5.231624 11.429440 0.200006
72 40.721394 8.614710 0.000000 3.802671 1.440726 2.594212 5.177763 11.203413 0.250000
73 40.624580 8.569312 0.000000 3.768066 1.429647 2.556078 5.063398 10.871627 0.250000
74 40.895836 8.689946 0.000000 3.610773 1.437628 2.593736 5.208109 11.377838 0.250000
75 40.742222 8.789417 0.000000 3.731016 1.412597 2.506733 4.940346 10.585223 0.333333
76 41.273563 8.923849 0.000000 3.414188 1.540717 2.931262 6.157265 13.937927 0.335963
77 41.332157 9.196917 0.000000 3.367455 1.496366 2.774137 5.681403 12.561419 0.250002
78 41.453911 9.236995 0.000000 3.859115 1.466912 2.679836 5.430213 11.933825 0.333374
79 41.340965 9.149216 0.000000 3.489875 1.514165 2.830747 5.836568 12.962663 0.333334
80 41.226486 9.229877 0.000000 3.144835 1.522082 2.869785 5.991031 13.519565 0.333333
81 41.492615 9.132625 0.000000 3.462974 1.506239 2.797097 5.717953 12.577328 0.333338
82 41.792183 9.212604 0.000000 2.753810 1.564643 3.021559 6.446562 14.819642 0.333333
83 41.698177 9.035378 0.000000 2.975057 1.421656 2.506263 4.854616 10.110986 0.333333
84 41.739384 9.190076 0.000000 3.488006 1.428376 2.538189 4.974397 10.524362 0.333333
85 41.833565 9.152778 0.000000 3.320290 1.461849 2.648768 5.296055 11.429748 0.333333
86 41.809452 9.130560 0.000000 3.088365 1.394431 2.424850 4.651772 9.642706 0.333333
87 41.916103 9.207580 0.000000 2.938696 1.403812 2.468045 4.807219 10.157742 0.333333
88 41.705963 9.464826 0.000000 3.619667 1.403460 2.447784 4.693024 9.693615 0.333333
89 41.749905 9.715745 0.000000 3.441050 1.401771 2.445560 4.693687 9.701463 0.333337
90 41.559551 9.725560 0.000000 3.151923 1.358567 2.300590 4.281742 8.588465 0.333333
91 41.313869 9.651530 0.000000 3.363405 1.379640 2.360738 4.422295 8.888515 0.250000
92 41.161095 9.841694 0.000000 2.727353 1.425561 2.528690 4.938018 10.389419 0.490353
93 40.762886 10.114151 0.000000 3.013050 1.459268 2.648977 5.318523 11.546699 0.250000
94 40.424576 10.378933 0.000000 2.634222 1.395083 2.420954 4.631443 9.576068 0.250018
95 40.556442 10.599909 0.000000 2.255905 1.506893 2.801407 5.729695 12.594649 0.250103
