%% Trajectory 22
%% frame x (pixel)     y (pixel)    z (pixel)      m0         m1           m2           m3           m4           s 
105 44.226032 52.950825 0.000000 1.012314 1.354350 2.340641 4.505461 9.456179 0.182985
106 44.029499 52.995762 0.000000 1.544347 1.417299 2.532483 5.006372 10.699449 0.250000
107 44.212009 52.902702 0.000000 1.209105 1.402961 2.459493 4.758588 9.944018 0.200000
108 44.245426 52.810139 0.000000 1.388124 1.323671 2.234569 4.181441 8.491177 0.166756
109 44.415825 52.616226 0.000000 1.343037 1.258728 1.996187 3.462563 6.451890 0.200047
110 44.172871 52.783375 0.000000 1.526341 1.307616 2.169753 3.992764 8.005846 0.200133
111 44.133209 52.796978 0.000000 1.343243 1.366946 2.337474 4.396211 8.912251 0.250000
112 44.192154 52.690163 0.000000 1.679404 1.326412 2.217322 4.097818 8.220147 0.250067
113 43.890087 52.709709 0.000000 1.340348 1.364004 2.326085 4.382723 8.945344 0.294770
114 44.269363 52.869442 0.000000 1.435178 1.357111 2.308421 4.316961 8.691629 0.200978
116 43.985943 52.573933 0.000000 1.752910 1.357351 2.336205 4.479780 9.383699 0.205809
117 44.219082 52.543530 0.000000 1.714483 1.333282 2.224924 4.075132 8.029491 0.201684
118 44.609730 52.855572 0.000000 1.628490 1.349872 2.295478 4.314394 8.786507 0.216515
119 44.346954 52.832409 0.000000 1.903966 1.322341 2.189816 3.978093 7.774803 0.344850
120 44.534359 53.098644 0.000000 1.838336 1.316366 2.192858 4.039360 8.077874 0.216876
121 44.321472 52.611389 0.000000 2.158579 1.307483 2.137552 3.819034 7.309516 0.200165
122 44.614361 52.760109 0.000000 2.472063 1.299313 2.111250 3.750713 7.145113 0.250000
123 44.460232 52.345257 0.000000 2.015133 1.343963 2.251223 4.130204 8.131606 0.264095
124 44.598118 52.344639 0.000000 2.067470 1.288088 2.080983 3.686553 7.030616 0.200155
125 44.746315 52.159901 0.000000 2.024195 1.380094 2.388767 4.565792 9.438823 0.250024
126 44.815708 52.084461 0.000000 2.094471 1.357862 2.310268 4.339504 8.823583 0.300901
127 44.670029 52.141590 0.000000 1.864789 1.387973 2.407572 4.618740 9.596991 0.269711
128 44.954987 52.361980 0.000000 2.127414 1.385588 2.419475 4.687910 9.862525 0.235297
129 44.710808 51.949081 0.000000 2.343548 1.394959 2.459543 4.832938 10.354495 0.216640
130 45.025402 52.292850 0.000000 2.221981 1.452593 2.638173 5.308141 11.553805 0.201859
131 44.757637 52.194618 0.000000 2.058133 1.531424 2.913707 6.133809 13.927521 0.200367
132 44.799580 52.560516 0.000000 2.104739 1.420231 2.534768 5.032776 10.873309 0.200007
133 45.119415 53.057915 0.000000 1.706147 1.349487 2.323919 4.450534 9.278288 0.200001
134 44.755455 52.708813 0.000000 2.031008 1.394915 2.440362 4.728960 9.934088 0.200000
135 45.178913 52.854118 0.000000 1.568727 1.333643 2.254632 4.233026 8.657551 0.200000
136 45.065975 53.234631 0.000000 2.045027 1.325974 2.213626 4.080173 8.146489 0.256497
137 45.056141 52.817547 0.000000 2.355337 1.365368 2.351479 4.483051 9.264814 0.293904
138 45.301094 52.792854 0.000000 2.240567 1.337635 2.263658 4.268235 8.806221 0.250000
139 45.184238 52.706089 0.000000 2.553661 1.333757 2.246991 4.181782 8.430897 0.259644
140 45.122131 52.826260 0.000000 2.577954 1.375563 2.391416 4.612444 9.665252 0.251894
141 45.145752 52.894062 0.000000 3.266723 1.379995 2.392085 4.590593 9.555069 0.257275
142 45.080078 52.953400 0.000000 3.153167 1.376130 2.393871 4.623607 9.705601 0.200000
143 45.017765 52.958538 0.000000 2.966310 1.439950 2.600765 5.208755 11.304282 0.256754
144 45.148907 52.709324 0.000000 3.355966 1.355622 2.307960 4.340807 8.843103 0.250050
145 45.149357 52.968731 0.000000 3.347064 1.363294 2.352001 4.505475 9.386282 0.250000
146 45.282200 52.832829 0.000000 3.491953 1.334754 2.238306 4.139923 8.288442 0.333333
147 45.040199 52.762794 0.000000 4.129597 1.366623 2.347263 4.451740 9.132998 0.333333
148 45.160252 52.762333 0.000000 3.842063 1.324965 2.200420 4.012438 7.878190 0.333333
149 45.053730 52.827579 0.000000 3.920516 1.355220 2.308107 4.342004 8.841564 0.333333
150 45.170979 52.849865 0.000000 4.015401 1.354932 2.308870 4.345931 8.856950 0.333333
151 45.139114 52.689316 0.000000 3.909896 1.317444 2.184340 3.986523 7.859314 0.333333
152 45.089394 52.772194 0.000000 4.140299 1.370133 2.357479 4.491989 9.288584 0.200000
153 45.009285 53.056629 0.000000 3.763971 1.379815 2.401908 4.635414 9.703968 0.250000
154 45.155060 52.884396 0.000000 4.027792 1.341505 2.268722 4.237320 8.566420 0.250000
155 45.036140 52.764778 0.000000 4.262030 1.392717 2.424553 4.653961 9.647100 0.250000
156 45.062122 52.841305 0.000000 4.228131 1.377299 2.369051 4.493256 9.206007 0.250000
157 44.941620 52.822033 0.000000 4.529276 1.381429 2.395909 4.603342 9.595592 0.333333
158 44.986382 52.807468 0.000000 5.163101 1.399098 2.459439 4.786376 10.088232 0.333333
159 44.971642 52.880344 0.000000 5.135068 1.416135 2.516115 4.948441 10.535678 0.333333
160 44.908680 52.879181 0.000000 4.644668 1.366470 2.349063 4.468959 9.217243 0.333333
161 45.003471 52.887707 0.000000 5.024779 1.374251 2.384322 4.580747 9.537052 0.333333
162 45.078358 52.889755 0.000000 5.010407 1.368330 2.362329 4.520506 9.388633 0.333333
163 45.168240 52.858929 0.000000 4.603361 1.409683 2.485322 4.854148 10.283874 0.333333
164 45.163723 52.858154 0.000000 5.010367 1.360948 2.319304 4.361063 8.868390 0.333333
165 45.168377 53.091026 0.000000 5.308582 1.382044 2.404727 4.644064 9.749383 0.333333
166 45.137066 52.798264 0.000000 4.784552 1.365246 2.322060 4.337559 8.719408 0.250000
167 44.975578 52.990097 0.000000 4.734999 1.404651 2.483491 4.859178 10.289150 0.250000
168 44.924488 52.903702 0.000000 4.994206 1.419971 2.530704 4.998156 10.697603 0.250000
169 44.929653 52.802605 0.000000 5.190153 1.349867 2.288131 4.280407 8.659837 0.250000
170 45.048130 52.758759 0.000000 4.746890 1.346752 2.277396 4.252837 8.599558 0.250000
171 45.020081 52.726955 0.000000 4.443350 1.374394 2.361104 4.463942 9.095275 0.200000
172 45.040291 52.349091 0.000000 4.988515 1.356695 2.299902 4.281730 8.577611 0.250000
173 44.957951 52.379673 0.000000 4.862587 1.384837 2.412704 4.646587 9.680414 0.250000
174 45.016071 52.263332 0.000000 5.223198 1.372624 2.362821 4.493927 9.251433 0.250000
175 45.035458 52.263985 0.000000 4.906753 1.359315 2.325470 4.397672 9.007562 0.250000
176 44.937920 51.918941 0.000000 4.926030 1.430375 2.569446 5.127363 11.107401 0.250000
177 44.887440 51.870525 0.000000 5.227313 1.385790 2.408091 4.630045 9.645355 0.333333
178 44.946262 51.847801 0.000000 5.091354 1.457851 2.664382 5.413354 11.942652 0.333333
179 45.089596 51.809860 0.000000 4.394161 1.381740 2.389481 4.555547 9.375435 0.333333
180 44.927410 51.669483 0.000000 4.092731 1.393949 2.433127 4.690064 9.774344 0.333333
181 44.875908 51.465759 0.000000 3.819099 1.421105 2.524483 4.962850 10.563382 0.333333
182 44.794304 50.775509 0.000000 3.560868 1.366802 2.357789 4.521200 9.443146 0.344979
183 44.475845 50.709007 0.000000 3.068665 1.420453 2.522128 4.959023 10.570626 0.347992
184 43.874687 50.676411 0.000000 3.070197 1.444558 2.600967 5.171478 11.106477 0.273471
185 43.669857 50.671787 0.000000 2.477564 1.433732 2.568793 5.092155 10.919400 0.333333
186 44.005009 50.933342 0.000000 2.352526 1.450888 2.650920 5.374042 11.803390 0.250142
187 43.779888 50.771801 0.000000 2.100741 1.440653 2.604232 5.222490 11.346418 0.250000
188 44.308636 50.606808 0.000000 2.012400 1.427907 2.552851 5.055751 10.856400 0.487573
190 44.233891 50.900833 0.000000 1.656656 1.521695 2.897923 6.125140 14.007273 0.258222
