%% Trajectory 42
%% frame x (pixel)     y (pixel)    z (pixel)      m0         m1           m2           m3           m4           s 
193 49.158527 53.393944 0.000000 2.972921 1.411328 2.483518 4.814618 10.057621 0.232484
194 49.153305 53.746750 0.000000 2.873593 1.369474 2.341881 4.417874 9.020412 0.250000
196 49.214184 53.518036 0.000000 4.134943 1.388903 2.407279 4.594848 9.462098 0.200126
197 49.091919 53.586823 0.000000 4.737394 1.379440 2.361650 4.429064 8.908357 0.200018
198 49.008221 53.623478 0.000000 4.156709 1.436453 2.570016 5.077890 10.839148 0.200000
199 49.137558 53.645058 0.000000 4.415082 1.382203 2.387101 4.541785 9.322870 0.225140
200 49.298828 53.492180 0.000000 4.167295 1.370226 2.324077 4.308132 8.550661 0.204035
201 49.290871 53.597916 0.000000 4.367816 1.344668 2.261190 4.174699 8.293120 0.250000
202 49.137192 53.299114 0.000000 4.527301 1.401142 2.442170 4.675376 9.627575 0.200005
203 48.952492 53.459656 0.000000 5.138410 1.370796 2.349264 4.436858 9.050862 0.250000
204 48.860855 53.523624 0.000000 4.703888 1.365550 2.317505 4.318122 8.662801 0.250000
205 48.761810 53.420483 0.000000 4.324426 1.351436 2.277923 4.210113 8.361872 0.250000
206 48.492245 53.334110 0.000000 4.356341 1.358970 2.302217 4.276231 8.538184 0.250000
207 48.777088 53.194317 0.000000 4.088622 1.381364 2.373110 4.472312 9.053691 0.250000
208 48.378315 53.244209 0.000000 4.104801 1.380414 2.379168 4.513294 9.235485 0.333333
209 48.191986 53.037643 0.000000 3.790361 1.446777 2.609847 5.197967 11.169936 0.333333
210 47.930359 53.243267 0.000000 3.315506 1.451427 2.640722 5.335866 11.698501 0.200008
211 47.781761 53.148060 0.000000 3.221107 1.432428 2.565105 5.074915 10.851486 0.250000
213 48.744919 52.331409 0.000000 2.845165 1.342219 2.241473 4.098138 8.041151 0.200000
215 48.261753 52.864929 0.000000 1.837719 1.403272 2.471956 4.814887 10.150384 0.200000
