%% Trajectory 19
%% frame x (pixel)     y (pixel)    z (pixel)      m0         m1           m2           m3           m4           s 
80 25.108559 31.406710 0.000000 1.850975 1.446229 2.643215 5.381751 11.908987 0.166667
81 25.295998 31.079203 0.000000 1.953565 1.347453 2.339731 4.568032 9.802356 0.200001
83 25.230213 31.516680 0.000000 2.025744 1.503883 2.806251 5.795780 12.923511 0.142857
84 25.187878 31.073805 0.000000 1.840311 1.383317 2.473001 4.989310 11.071994 0.200000
85 25.405979 31.021435 0.000000 1.633384 1.315537 2.250819 4.357410 9.345284 0.167878
86 25.086716 31.011875 0.000000 1.916997 1.368174 2.413971 4.799619 10.488916 0.166707
87 25.453129 31.000698 0.000000 1.698879 1.308936 2.235553 4.328985 9.303488 0.210118
88 25.368483 31.069784 0.000000 2.079525 1.367783 2.396798 4.710017 10.145598 0.166694
89 25.352077 31.089336 0.000000 2.036329 1.376144 2.443637 4.900918 10.826728 0.173311
90 25.178967 31.551050 0.000000 2.460719 1.492218 2.801806 5.868098 13.350597 0.200000
91 25.174620 31.558172 0.000000 2.472923 1.499952 2.817405 5.889273 13.346276 0.200000
93 24.955408 31.498669 0.000000 2.150498 1.531075 2.912848 6.135360 13.940099 0.200000
94 25.051403 31.563995 0.000000 2.439031 1.452698 2.669464 5.475211 12.214477 0.200000
95 25.297138 31.015629 0.000000 2.177789 1.333672 2.316032 4.564301 9.978797 0.200009
96 25.371620 30.969088 0.000000 2.551030 1.297942 2.193891 4.202981 8.957553 0.203082
97 25.291382 30.926435 0.000000 2.233859 1.272465 2.087423 3.833041 7.751791 0.200023
98 25.304552 31.424612 0.000000 2.664628 1.413781 2.541678 5.125281 11.324226 0.200000
99 25.271807 31.389780 0.000000 2.645794 1.408793 2.522254 5.063442 11.133851 0.200001
100 25.296984 30.915686 0.000000 2.592574 1.287837 2.136548 3.971127 8.127768 0.200799
101 25.194763 31.327053 0.000000 2.660020 1.353603 2.311535 4.380884 9.036494 0.200001
102 25.313137 31.062515 0.000000 2.861748 1.325278 2.249009 4.267461 8.879813 0.200136
103 25.264818 30.886408 0.000000 2.246314 1.232167 1.956871 3.466450 6.757236 0.200000
105 25.492523 30.746304 0.000000 2.873233 1.223540 1.892879 3.206963 5.856628 0.381595
106 25.551439 30.831135 0.000000 3.138741 1.215351 1.870090 3.150744 5.723540 0.236964
107 25.515230 30.880964 0.000000 3.837602 1.264677 2.011286 3.496668 6.523766 0.318852
108 25.419342 30.864796 0.000000 3.579986 1.260243 2.002342 3.479603 6.491827 0.200427
109 25.494984 30.937599 0.000000 3.660570 1.262754 2.011534 3.509447 6.584280 0.200025
110 25.402576 31.036991 0.000000 3.600751 1.281186 2.063991 3.646880 6.938169 0.209027
111 25.484373 31.040464 0.000000 3.777645 1.290945 2.093094 3.719273 7.106479 0.200000
112 25.481668 31.126585 0.000000 4.048656 1.256562 1.986470 3.433030 6.371264 0.200000
113 25.525900 31.242107 0.000000 3.764685 1.253575 1.974272 3.398407 6.283750 0.268224
114 25.735798 31.390516 0.000000 3.768308 1.266840 2.011920 3.491400 6.502018 0.200202
115 25.981808 31.752401 0.000000 3.676213 1.327756 2.235672 4.184436 8.542049 0.200000
116 26.170147 31.490818 0.000000 4.332218 1.294505 2.108578 3.778575 7.319489 0.200000
117 26.334747 31.390207 0.000000 3.608192 1.250225 1.966319 3.386245 6.278609 0.206079
118 26.420662 31.531441 0.000000 3.956552 1.245523 1.950156 3.339607 6.151371 0.200000
119 26.510826 31.605343 0.000000 3.468102 1.240590 1.938715 3.313789 6.093195 0.200000
120 26.767441 31.602861 0.000000 3.865051 1.275747 2.042099 3.582205 6.767581 0.166667
121 26.867180 31.810900 0.000000 3.259334 1.288238 2.087606 3.713466 7.116159 0.201081
122 26.980732 31.847963 0.000000 2.854916 1.321410 2.222194 4.153844 8.462326 0.185427
