%% Trajectory 7
%% frame x (pixel)     y (pixel)    z (pixel)      m0         m1           m2           m3           m4           s 
20 53.917011 31.945187 0.000000 1.920238 1.359306 2.329442 4.417191 9.073668 0.250062
21 54.145164 31.844091 0.000000 1.783375 1.373773 2.386880 4.624976 9.779254 0.250000
22 53.889954 31.921816 0.000000 1.637323 1.317108 2.193398 4.028073 7.994884 0.353027
23 53.972580 31.553129 0.000000 2.215329 1.273654 2.047389 3.606371 6.831197 0.333333
24 53.965008 31.644556 0.000000 2.530090 1.317927 2.188402 4.013220 7.979838 0.333333
25 54.130013 31.807579 0.000000 2.378238 1.311142 2.171312 3.972005 7.878928 0.333333
26 54.077839 31.530348 0.000000 2.297322 1.290344 2.094827 3.747062 7.261862 0.333333
27 53.907310 31.634665 0.000000 2.820759 1.319251 2.194794 4.022571 7.964457 0.333333
28 53.847668 31.681862 0.000000 3.070919 1.299305 2.122965 3.811007 7.378581 0.333333
29 53.981632 31.566517 0.000000 2.965759 1.315802 2.180826 3.988282 7.900378 0.333333
30 54.006016 31.598991 0.000000 3.370727 1.341651 2.260312 4.205119 8.475365 0.250808
31 53.842213 31.510834 0.000000 3.201418 1.299876 2.118456 3.781913 7.257981 0.250000
32 53.786732 31.465158 0.000000 3.850530 1.264884 2.007498 3.482242 6.483717 0.250000
33 53.675407 31.368299 0.000000 3.696074 1.311521 2.140564 3.809538 7.246260 0.431673
34 53.739273 31.334236 0.000000 3.552994 1.326663 2.194244 3.971210 7.711428 0.290024
35 53.778931 31.315363 0.000000 3.531826 1.322224 2.190903 3.986927 7.816184 0.200000
36 53.723450 31.299459 0.000000 3.751861 1.279978 2.054166 3.606676 6.801238 0.200000
38 53.011883 31.107918 0.000000 3.708514 1.424100 2.530082 4.959941 10.491494 0.200000
39 52.954716 31.108477 0.000000 3.244001 1.391398 2.437910 4.729473 9.939966 0.200000
41 52.395714 31.279852 0.000000 2.956765 1.385275 2.389725 4.543586 9.336185 0.261357
43 52.334454 32.177902 0.000000 2.192579 1.365198 2.366556 4.587455 9.748299 0.213911
44 52.330681 32.160336 0.000000 2.337445 1.462407 2.704062 5.572175 12.485078 0.200000
45 52.544392 32.148129 0.000000 1.740517 1.397296 2.484784 4.953977 10.833202 0.282144
46 52.193371 31.947462 0.000000 1.674812 1.420467 2.601750 5.388341 12.285387 0.210883
