%% Trajectory 35
%% frame x (pixel)     y (pixel)    z (pixel)      m0         m1           m2           m3           m4           s 
100 39.754803 40.020184 0.000000 0.893323 1.395749 2.449110 4.747720 9.937514 0.304089
103 39.706081 40.921921 0.000000 0.989236 1.389804 2.432746 4.708475 9.856373 0.250021
105 39.693260 40.460052 0.000000 0.802576 1.377001 2.466089 4.999481 11.178672 0.200496
106 39.582413 40.195522 0.000000 1.060768 1.299233 2.138357 3.876511 7.599315 0.379270
108 39.931625 40.272041 0.000000 1.612119 1.330727 2.231314 4.127647 8.265426 0.261605
109 39.700241 39.900505 0.000000 1.474459 1.318255 2.182680 3.987064 7.890072 0.263569
110 39.844868 40.137413 0.000000 1.663753 1.421753 2.513830 4.901479 10.314038 0.172541
112 39.645187 40.071873 0.000000 2.177499 1.293105 2.092551 3.703618 7.032324 0.166693
113 39.870300 40.024765 0.000000 2.458644 1.385329 2.407088 4.613372 9.543447 0.142857
114 39.894409 40.011646 0.000000 2.562647 1.327406 2.232400 4.154752 8.385299 0.142857
115 39.733276 40.138752 0.000000 2.743106 1.323855 2.194976 4.000882 7.863273 0.166667
116 39.989761 40.012184 0.000000 2.535062 1.367766 2.369868 4.547977 9.459238 0.200001
117 39.758701 40.060661 0.000000 2.893641 1.339102 2.254776 4.191952 8.438816 0.200000
118 39.634232 39.803150 0.000000 3.263736 1.298832 2.111131 3.761566 7.212099 0.166667
119 39.841942 40.004604 0.000000 3.225916 1.376668 2.383306 4.564992 9.472080 0.166667
120 39.916672 39.691135 0.000000 3.796398 1.336338 2.251887 4.199026 8.500146 0.166667
121 39.733223 39.787621 0.000000 3.628634 1.327228 2.192287 3.955639 7.640214 0.166667
122 39.640202 39.706944 0.000000 4.085619 1.319084 2.195514 4.040317 8.075295 0.166667
123 39.503056 39.768150 0.000000 3.437552 1.279636 2.049061 3.584207 6.721712 0.182364
124 39.438507 39.562904 0.000000 3.537666 1.264758 2.010387 3.492254 6.509614 0.206572
126 39.172386 39.644211 0.000000 3.904757 1.284019 2.068771 3.651652 6.933986 0.200004
127 39.141830 39.337181 0.000000 3.157521 1.325540 2.199400 4.010996 7.888554 0.250006
128 38.939350 39.599518 0.000000 3.003136 1.326327 2.223203 4.126822 8.326827 0.142857
129 38.731056 40.370621 0.000000 2.980649 1.286993 2.078078 3.671387 6.966451 0.166667
130 38.975891 40.203732 0.000000 3.271153 1.366462 2.344977 4.451115 9.156459 0.166692
131 38.646687 40.242195 0.000000 3.123383 1.327068 2.210765 4.059933 8.067829 0.200087
