%% Trajectory 48
%% frame x (pixel)     y (pixel)    z (pixel)      m0         m1           m2           m3           m4           s 
152 10.519376 43.680187 0.000000 2.066885 1.342934 2.247392 4.135257 8.212530 0.250000
153 10.343322 43.960255 0.000000 2.352641 1.360827 2.323058 4.375815 8.917822 0.250000
154 10.297713 44.224827 0.000000 2.098407 1.350987 2.281961 4.228156 8.417647 0.250000
155 10.254642 43.894779 0.000000 2.444312 1.352776 2.285881 4.251590 8.535661 0.250000
156 10.456817 44.005348 0.000000 2.956711 1.363754 2.330020 4.390666 8.944677 0.250002
157 10.316446 43.695774 0.000000 3.032649 1.333290 2.206661 3.988449 7.716396 0.250000
158 10.469867 44.055157 0.000000 3.195143 1.375196 2.359293 4.452002 9.052390 0.250000
159 10.430382 43.739861 0.000000 2.813178 1.365569 2.329465 4.387909 8.952377 0.333333
160 10.386811 43.709503 0.000000 3.058875 1.367607 2.320666 4.314108 8.610019 0.333333
161 10.375160 43.931927 0.000000 3.145751 1.330287 2.225253 4.108366 8.214850 0.333333
162 10.656563 44.001469 0.000000 3.144903 1.354635 2.300966 4.304896 8.692291 0.333333
163 10.660657 44.212505 0.000000 2.733885 1.365932 2.325027 4.357524 8.817109 0.333333
164 10.683696 44.330017 0.000000 2.559608 1.410874 2.487783 4.863398 10.321630 0.333333
166 10.987211 43.481907 0.000000 2.574928 1.479199 2.706130 5.455558 11.846767 0.333333
167 11.051291 43.682125 0.000000 2.431947 1.375077 2.375688 4.539339 9.399384 0.500000
168 11.224320 43.517467 0.000000 3.243694 1.374875 2.347410 4.394321 8.842121 0.333333
169 11.189942 43.468151 0.000000 2.616971 1.334622 2.223069 4.071400 8.045309 0.500000
170 10.875971 43.465431 0.000000 2.479337 1.404925 2.479277 4.849388 10.297528 0.500000
171 11.395730 43.412369 0.000000 2.120138 1.344376 2.242209 4.084614 7.964143 0.500000
172 11.539574 43.165020 0.000000 1.908034 1.388980 2.410177 4.599446 9.444470 0.500000
173 11.328074 43.107311 0.000000 1.204939 1.484767 2.742386 5.617936 12.470578 0.500000
175 11.785284 42.881084 0.000000 1.185245 1.509058 2.835034 5.918191 13.393708 0.250002
176 11.455067 42.630924 0.000000 0.883530 1.489778 2.810440 5.910934 13.504187 0.333334
178 11.878126 42.932858 0.000000 1.323385 1.420256 2.541055 5.066942 11.012640 0.333333
180 11.293548 42.521290 0.000000 1.460982 1.333591 2.241085 4.157829 8.350987 0.250000
181 10.902937 42.597313 0.000000 1.028949 1.426273 2.558773 5.098351 11.022593 0.154238
183 10.991098 42.465706 0.000000 1.858808 1.327997 2.246841 4.239766 8.746766 0.200000
184 10.700083 42.212219 0.000000 1.898288 1.309587 2.187531 4.070549 8.281532 0.241139
185 10.663935 42.289547 0.000000 2.455519 1.238607 1.930536 3.291183 6.037249 0.333334
186 10.840775 42.119450 0.000000 3.142672 1.347594 2.296022 4.345881 8.955162 0.250000
187 11.034885 42.277847 0.000000 2.344057 1.336195 2.268130 4.285640 8.839499 0.666569
188 10.943176 42.269592 0.000000 2.485381 1.319454 2.222103 4.181554 8.622346 0.305710
189 10.726859 42.275063 0.000000 2.858960 1.315885 2.179375 3.991316 7.940739 0.336372
190 10.836037 42.021065 0.000000 3.423373 1.312033 2.183882 4.030393 8.090986 0.250014
191 10.773902 41.876957 0.000000 3.158272 1.300675 2.141234 3.900943 7.731448 0.334163
192 10.947008 41.818008 0.000000 3.119706 1.309047 2.182010 4.053865 8.239981 0.333334
193 11.148434 41.801537 0.000000 3.219847 1.378544 2.396572 4.640022 9.801867 0.370531
194 11.341011 41.379333 0.000000 3.182115 1.337892 2.272087 4.307184 8.946890 0.340473
195 11.212716 41.802052 0.000000 2.791306 1.330685 2.237378 4.177395 8.501897 0.250001
197 11.617462 41.614899 0.000000 3.576579 1.305670 2.140127 3.874840 7.620514 0.250003
198 11.824811 41.488380 0.000000 3.133115 1.271056 2.051387 3.672802 7.188057 0.250000
199 11.849268 41.619801 0.000000 3.201856 1.303172 2.142602 3.896251 7.705234 0.495812
200 12.265968 41.324570 0.000000 3.041372 1.360951 2.382061 4.689208 10.155863 0.250000
