%% Trajectory 8
%% frame x (pixel)     y (pixel)    z (pixel)      m0         m1           m2           m3           m4           s 
22 40.332100 40.781082 0.000000 1.338615 1.349101 2.306907 4.373626 9.008735 0.250000
23 39.912411 40.760372 0.000000 1.377943 1.364996 2.358104 4.522758 9.438326 0.250000
24 40.070171 40.646973 0.000000 1.703502 1.369837 2.352588 4.463521 9.170436 0.250008
25 39.896683 40.689468 0.000000 1.727670 1.367854 2.350503 4.469544 9.222945 0.251261
26 40.137188 40.507404 0.000000 1.677565 1.324609 2.201468 4.032263 7.988054 0.250002
27 40.329914 40.491581 0.000000 1.654747 1.340300 2.235123 4.077589 7.978440 0.333333
28 39.810535 40.647572 0.000000 2.191615 1.395283 2.426388 4.642629 9.571492 0.344320
29 40.180981 40.404812 0.000000 2.057014 1.392416 2.426135 4.675919 9.762289 0.325304
30 40.114059 40.745708 0.000000 2.108788 1.397620 2.440493 4.709526 9.834678 0.363310
31 39.849968 40.547569 0.000000 2.362216 1.392842 2.413438 4.591576 9.392518 0.250017
32 39.953545 40.545341 0.000000 2.296230 1.375124 2.371150 4.511636 9.277042 0.250003
33 39.865322 40.816166 0.000000 2.726617 1.434203 2.568259 5.086802 10.903217 0.250000
34 40.044369 40.767620 0.000000 2.415220 1.470163 2.690680 5.447039 11.911980 0.250000
35 39.851521 40.670319 0.000000 2.442200 1.403751 2.460009 4.760802 9.965247 0.270958
36 39.753281 40.929909 0.000000 2.313032 1.453364 2.633130 5.269448 11.385033 0.250000
37 39.800289 40.915348 0.000000 2.397635 1.435803 2.576399 5.114980 10.988410 0.333334
38 39.713032 40.744217 0.000000 2.495147 1.394160 2.439785 4.735643 9.983767 0.333333
39 39.582062 40.944508 0.000000 2.324808 1.388460 2.423755 4.689686 9.849115 0.250019
40 39.539364 41.015675 0.000000 2.545151 1.392283 2.440562 4.758364 10.104770 0.333333
41 39.499439 40.963608 0.000000 2.640653 1.431770 2.550035 5.014663 10.655757 0.333334
42 39.319408 40.837749 0.000000 2.996788 1.409873 2.489774 4.878508 10.380826 0.333333
43 39.604877 40.961811 0.000000 2.537476 1.354539 2.302910 4.323922 8.793185 0.333333
44 39.500896 40.751732 0.000000 2.418145 1.413915 2.515937 4.970670 10.665456 0.333337
45 39.481960 40.748238 0.000000 2.848481 1.435507 2.574664 5.118659 11.031462 0.333333
46 39.404469 40.717236 0.000000 2.912578 1.408844 2.486189 4.858663 10.286976 0.333333
47 39.391735 40.919178 0.000000 2.723442 1.419685 2.519460 4.950497 10.533447 0.250000
48 39.510963 40.927258 0.000000 2.269222 1.417880 2.511440 4.916247 10.401140 0.333493
49 39.595963 40.912636 0.000000 2.340323 1.406250 2.469703 4.804096 10.134070 0.333333
50 39.348942 41.239037 0.000000 2.315816 1.439621 2.573584 5.060096 10.693981 0.333347
51 39.504364 41.065613 0.000000 2.383719 1.419912 2.538984 5.053348 10.940676 0.333334
52 39.399345 41.309879 0.000000 2.180872 1.436482 2.558349 5.013779 10.574507 0.336156
53 39.365791 41.272881 0.000000 2.152861 1.407428 2.475539 4.794466 10.001867 0.254615
54 39.395565 41.427517 0.000000 2.524766 1.407053 2.469332 4.781519 10.000512 0.333435
55 39.310860 41.064789 0.000000 2.345316 1.406348 2.485642 4.871425 10.345800 0.255864
56 39.177387 41.328609 0.000000 2.174635 1.426568 2.527345 4.927124 10.341303 0.218877
57 39.502258 40.837429 0.000000 2.102901 1.343303 2.264441 4.215072 8.495981 0.251752
58 39.547935 40.738426 0.000000 2.024182 1.349727 2.275863 4.212423 8.384617 0.250438
59 39.455124 40.769512 0.000000 1.759560 1.373333 2.359373 4.468359 9.137155 0.200016
60 39.400959 40.377541 0.000000 2.073298 1.351063 2.275560 4.209442 8.390524 0.250750
61 39.133461 40.388927 0.000000 1.807627 1.436744 2.593380 5.195635 11.291607 0.222838
62 39.257130 40.347485 0.000000 2.282245 1.393127 2.420195 4.638381 9.611073 0.203796
63 39.123833 40.217690 0.000000 1.662366 1.400555 2.455869 4.773221 10.076920 0.200000
65 38.556374 40.070408 0.000000 1.381445 1.317761 2.169902 3.918129 7.611939 0.200010
66 38.007702 40.466579 0.000000 1.390519 1.378725 2.410355 4.705931 10.047797 0.200000
