%% Trajectory 17
%% frame x (pixel)     y (pixel)    z (pixel)      m0         m1           m2           m3           m4           s 
93 52.415020 43.947605 0.000000 0.783559 1.376092 2.408979 4.684491 9.905265 0.264678
94 52.449413 44.057102 0.000000 0.650693 1.346594 2.317241 4.451562 9.351431 0.253436
95 52.967758 44.542007 0.000000 0.860581 1.343540 2.287896 4.323982 8.899969 0.407003
96 52.297997 44.740562 0.000000 0.785636 1.307173 2.135455 3.877717 7.707428 0.406333
97 52.202732 44.427803 0.000000 0.989445 1.260382 2.005987 3.515627 6.679797 0.250003
98 52.368382 44.356358 0.000000 1.182615 1.287017 2.076501 3.668047 6.964982 0.200000
99 52.617340 44.275822 0.000000 1.238107 1.212822 1.853460 3.099496 5.592391 0.250000
100 52.507008 44.086784 0.000000 1.152377 1.339763 2.271860 4.258286 8.649400 0.250000
101 52.154778 44.070576 0.000000 1.554095 1.360564 2.331670 4.426461 9.119533 0.250000
102 52.099072 43.836998 0.000000 1.260630 1.382947 2.444769 4.835440 10.464003 0.333333
103 52.299450 43.835442 0.000000 1.701821 1.293127 2.092334 3.698262 7.000207 0.333333
104 52.633705 44.220219 0.000000 1.387473 1.312503 2.150363 3.851685 7.395912 0.250000
105 52.306789 44.263191 0.000000 1.412430 1.238696 1.932854 3.299864 6.062167 0.273425
106 52.368252 44.105076 0.000000 1.728516 1.267212 2.011678 3.496457 6.538766 0.250000
107 52.346813 44.227718 0.000000 1.460940 1.298182 2.114258 3.765801 7.193256 0.257708
108 52.063629 44.220524 0.000000 1.962292 1.396515 2.450963 4.769233 10.074942 0.303806
109 52.336823 44.098801 0.000000 1.748167 1.302004 2.129981 3.824367 7.397854 0.200828
110 52.405060 43.916115 0.000000 2.110850 1.296138 2.117625 3.796165 7.323767 0.200000
111 52.352962 44.050835 0.000000 1.979844 1.335028 2.259623 4.224305 8.539440 0.200691
112 52.086498 44.051277 0.000000 2.116400 1.381699 2.407784 4.653213 9.763140 0.211100
113 52.265228 44.087303 0.000000 2.492976 1.365386 2.332879 4.394761 8.944481 0.200001
114 52.326706 44.190132 0.000000 2.439292 1.316754 2.161705 3.871999 7.413323 0.250032
115 52.191212 43.966370 0.000000 2.645420 1.373475 2.371394 4.529134 9.371297 0.250002
116 52.487354 43.789581 0.000000 2.713856 1.312165 2.153411 3.878182 7.524029 0.200000
117 52.009983 44.075630 0.000000 2.976803 1.406102 2.487420 4.880391 10.386830 0.250000
118 52.083111 44.210812 0.000000 2.759613 1.307841 2.149606 3.877421 7.526122 0.250000
119 52.132065 44.268497 0.000000 2.694645 1.356580 2.306812 4.316219 8.703832 0.259421
120 51.792797 44.373272 0.000000 2.681576 1.319522 2.199404 4.061177 8.162201 0.250013
121 51.731461 44.433395 0.000000 2.532585 1.310760 2.152468 3.882910 7.552621 0.253257
122 51.512424 44.389225 0.000000 2.720371 1.305638 2.132497 3.813028 7.320158 0.251863
123 51.329151 44.444412 0.000000 3.149915 1.331591 2.234540 4.147997 8.364287 0.250000
124 51.311718 44.236217 0.000000 2.609597 1.399885 2.457719 4.777737 10.063919 0.250009
125 51.224262 44.168629 0.000000 3.150720 1.344571 2.247899 4.104551 8.016240 0.200000
126 51.197456 43.925297 0.000000 2.878123 1.326707 2.234380 4.184184 8.540915 0.259008
127 50.967175 43.839333 0.000000 2.828510 1.411463 2.502850 4.915249 10.447325 0.250000
128 50.661278 43.613152 0.000000 2.890277 1.315733 2.182953 3.994882 7.917395 0.333333
129 50.374748 43.687916 0.000000 2.604260 1.337981 2.254190 4.195220 8.454222 0.250011
131 50.814526 43.241692 0.000000 2.256436 1.432132 2.565126 5.089341 10.938672 0.200000
132 51.015419 42.973434 0.000000 1.888942 1.363043 2.355830 4.533642 9.503911 0.250047
133 50.607304 43.408249 0.000000 1.764213 1.497220 2.818943 5.918447 13.483829 0.333333
135 51.521786 42.236629 0.000000 1.053956 1.206002 1.890666 3.288118 6.249440 0.333333
136 51.418106 42.548496 0.000000 1.060062 1.373608 2.529248 5.321139 12.374264 0.333333
