%% Trajectory 5
%% frame x (pixel)     y (pixel)    z (pixel)      m0         m1           m2           m3           m4           s 
6 21.116169 33.213905 0.000000 1.712390 1.361491 2.341800 4.458445 9.204751 0.287971
7 21.423380 33.332222 0.000000 2.467549 1.404525 2.470438 4.803961 10.100664 0.250000
8 21.466888 33.111519 0.000000 2.254972 1.386629 2.406837 4.602814 9.489847 0.457634
9 21.365992 33.627392 0.000000 2.553293 1.318586 2.187616 3.994990 7.878419 0.250175
10 21.466002 33.387756 0.000000 2.947150 1.425813 2.525242 4.921439 10.329742 0.250000
11 21.598818 33.524170 0.000000 3.051657 1.338975 2.230652 4.058379 7.900479 0.250000
12 21.656919 33.396828 0.000000 3.819988 1.367998 2.346334 4.436614 9.064052 0.250000
13 21.614944 33.627483 0.000000 3.993604 1.355889 2.293175 4.256741 8.502723 0.250000
14 21.479717 33.641148 0.000000 3.313470 1.329208 2.214885 4.053341 7.985963 0.250000
15 21.710630 33.537289 0.000000 3.515313 1.368809 2.358249 4.506698 9.368403 0.250000
16 21.623524 33.575645 0.000000 3.735558 1.340101 2.243305 4.130383 8.210176 0.250642
17 21.625597 33.685299 0.000000 4.116381 1.342269 2.257698 4.187973 8.410766 0.200000
18 21.625463 33.638340 0.000000 4.031219 1.321275 2.171624 3.890614 7.444368 0.200000
19 21.713715 33.428417 0.000000 3.410518 1.344852 2.267815 4.222579 8.518108 0.200000
20 21.447670 33.550777 0.000000 3.661489 1.312422 2.153111 3.866175 7.450937 0.166667
21 21.941933 33.382496 0.000000 4.005394 1.374724 2.382582 4.582922 9.587718 0.200000
22 21.749611 33.123322 0.000000 3.450667 1.323352 2.205117 4.056327 8.086983 0.200074
23 22.199171 33.235977 0.000000 3.571748 1.412526 2.521986 5.007888 10.817107 0.142857
24 22.531679 33.281670 0.000000 3.235891 1.311789 2.170311 3.976004 7.926682 0.166667
25 22.424974 33.199398 0.000000 2.842108 1.376937 2.392086 4.624057 9.749001 0.206097
26 22.559484 33.238277 0.000000 3.645123 1.319713 2.177907 3.937819 7.652493 0.200000
27 22.766016 33.200390 0.000000 2.979056 1.386013 2.390338 4.532746 9.257770 0.250324
28 22.655859 33.221855 0.000000 3.206757 1.347488 2.278210 4.250154 8.583580 0.200042
29 22.995846 33.208569 0.000000 3.181111 1.362446 2.331286 4.405791 9.007635 0.200039
30 23.182882 33.379555 0.000000 3.042411 1.352919 2.301486 4.335173 8.868136 0.200000
31 23.047583 33.167171 0.000000 2.296412 1.316268 2.198524 4.075207 8.221235 0.166887
32 23.301228 33.616005 0.000000 2.366297 1.280953 2.054165 3.603504 6.790507 0.200010
33 23.156685 33.324154 0.000000 1.822305 1.219507 1.896984 3.267339 6.148741 0.362293
35 23.929726 33.336182 0.000000 1.629251 1.392978 2.447296 4.758965 10.014982 0.166679
36 23.763960 32.859676 0.000000 1.654773 1.344210 2.252201 4.145521 8.224926 0.200000
39 23.570055 31.684771 0.000000 1.375129 1.376916 2.362348 4.463739 9.094307 0.200000
