%% Trajectory 7
%% frame x (pixel)     y (pixel)    z (pixel)      m0         m1           m2           m3           m4           s 
25 11.647281 30.600946 0.000000 2.106426 1.276231 2.054632 3.639412 6.973436 0.200000
26 11.675808 30.640221 0.000000 2.655358 1.276160 2.047623 3.607167 6.859423 0.200000
27 11.602753 30.729294 0.000000 2.526255 1.274364 2.032784 3.542631 6.622797 0.200000
28 11.731183 30.807264 0.000000 2.451468 1.320632 2.186059 3.971781 7.769229 0.200000
29 11.582109 30.794977 0.000000 2.331823 1.281722 2.057344 3.605027 6.766019 0.200000
30 11.595824 30.833124 0.000000 2.756729 1.275144 2.044161 3.586899 6.762845 0.200000
31 11.489180 30.820713 0.000000 2.440044 1.269142 2.023715 3.526444 6.591251 0.200000
32 11.653332 30.668362 0.000000 2.843920 1.270847 2.022200 3.515594 6.557446 0.200000
33 11.710793 30.677473 0.000000 2.587041 1.297922 2.109462 3.754841 7.185193 0.200000
34 11.721473 30.782749 0.000000 3.053298 1.309752 2.139303 3.810880 7.256111 0.200003
35 11.668975 30.927116 0.000000 3.104666 1.319684 2.179835 3.944608 7.665846 0.250000
36 11.617184 31.027845 0.000000 3.202332 1.297714 2.120108 3.807657 7.381559 0.250001
37 11.790338 30.847443 0.000000 3.494599 1.338889 2.240629 4.110773 8.104188 0.166667
38 11.662998 31.010906 0.000000 3.086769 1.320534 2.194518 4.016439 7.940200 0.287310
39 11.580643 30.896124 0.000000 3.276538 1.300599 2.109935 3.734779 7.072057 0.202226
40 11.709553 31.029823 0.000000 3.861239 1.328954 2.218048 4.075014 8.082388 0.250001
41 11.591625 31.073368 0.000000 3.227348 1.301174 2.132714 3.840435 7.453844 0.231375
42 11.583711 30.903852 0.000000 3.288769 1.285363 2.066995 3.629934 6.829621 0.250616
43 11.737155 30.941772 0.000000 3.590472 1.306879 2.141445 3.845704 7.423670 0.251495
44 11.712597 30.834200 0.000000 3.595658 1.314668 2.159012 3.875017 7.450261 0.252454
45 11.742361 30.797512 0.000000 3.718108 1.309374 2.141353 3.831039 7.353886 0.250021
46 11.752999 30.897387 0.000000 4.280416 1.317883 2.177815 3.949475 7.708975 0.250105
47 11.917349 30.882866 0.000000 3.995178 1.336409 2.238326 4.128247 8.220214 0.436155
48 12.125381 30.859524 0.000000 4.213044 1.360479 2.331010 4.421165 9.092256 0.251069
49 12.241145 30.974812 0.000000 4.214059 1.348359 2.278570 4.242340 8.527723 0.309095
50 12.479267 30.947416 0.000000 4.063771 1.335556 2.241024 4.139404 8.250050 0.255086
51 12.513805 30.977655 0.000000 3.643032 1.341293 2.253971 4.168394 8.318214 0.250073
52 12.552427 31.125505 0.000000 4.013955 1.327053 2.199618 3.997899 7.815526 0.330351
53 12.882600 30.851406 0.000000 3.727054 1.387492 2.399952 4.569763 9.383868 0.250281
54 13.164823 31.040100 0.000000 3.950546 1.383344 2.397074 4.584475 9.475828 0.250108
56 13.549273 31.258392 0.000000 1.914299 1.394240 2.455610 4.819692 10.320867 0.250000
