%% Trajectory 11
%% frame x (pixel)     y (pixel)    z (pixel)      m0         m1           m2           m3           m4           s 
55 54.965271 21.377810 0.000000 1.788494 1.316082 2.187068 4.027894 8.076200 0.210411
56 54.986080 21.397955 0.000000 2.024651 1.303288 2.149967 3.922311 7.775001 0.222211
57 54.885689 21.412739 0.000000 1.732169 1.243509 1.954182 3.361024 6.216853 0.142878
59 54.934536 21.434223 0.000000 2.132556 1.293041 2.110490 3.804730 7.449153 0.339440
60 55.014584 21.378838 0.000000 2.240140 1.328669 2.221954 4.100483 8.194866 0.261239
61 54.895271 21.244350 0.000000 2.512304 1.323732 2.190947 3.976249 7.758409 0.332647
62 54.758606 21.476414 0.000000 2.442172 1.279526 2.061230 3.647129 6.966629 0.335859
63 54.964722 21.190058 0.000000 2.614377 1.350478 2.289184 4.280649 8.656611 0.234645
64 54.854359 21.254986 0.000000 2.442349 1.324582 2.214967 4.096105 8.220542 0.232382
65 54.790768 21.263145 0.000000 2.146740 1.281777 2.062098 3.635879 6.899188 0.166670
66 54.845112 21.348639 0.000000 2.653299 1.286670 2.074355 3.661878 6.949461 0.170425
67 54.903553 21.244219 0.000000 3.071916 1.313784 2.179567 3.997990 7.959809 0.209279
68 54.810593 21.272144 0.000000 2.865056 1.291287 2.095585 3.735732 7.185708 0.327682
69 54.689564 21.255442 0.000000 3.078489 1.269305 2.020680 3.515243 6.561296 0.205251
70 54.630058 21.134178 0.000000 3.103652 1.281956 2.058134 3.614032 6.813828 0.227560
71 54.708206 20.990280 0.000000 3.087502 1.343206 2.269799 4.232031 8.535887 0.216470
72 54.518684 21.019062 0.000000 3.227811 1.313298 2.164426 3.916754 7.635120 0.230640
73 54.648575 21.080820 0.000000 3.157830 1.312897 2.163588 3.918196 7.651090 0.246206
74 54.678120 21.153824 0.000000 3.618810 1.302613 2.126853 3.807172 7.332378 0.200006
75 54.593430 21.089014 0.000000 3.613895 1.303985 2.126808 3.795575 7.270874 0.200000
76 54.602417 21.053551 0.000000 3.198608 1.292844 2.099613 3.740980 7.179839 0.262715
77 54.618534 21.186924 0.000000 3.552513 1.293964 2.092645 3.694662 6.984737 0.200000
78 54.539776 21.207573 0.000000 3.641649 1.287850 2.075687 3.652060 6.879883 0.200000
79 54.295437 21.384167 0.000000 3.588863 1.284262 2.063414 3.619703 6.801983 0.203545
80 54.152252 21.535950 0.000000 3.632807 1.300353 2.119068 3.788405 7.292966 0.200000
81 54.062057 21.577881 0.000000 3.292212 1.297907 2.107290 3.739227 7.111699 0.200035
82 54.057926 21.688457 0.000000 3.294487 1.332783 2.225863 4.084329 8.072458 0.246801
83 53.920700 21.823202 0.000000 2.896847 1.339166 2.253861 4.182504 8.390877 0.224464
84 53.918461 21.764246 0.000000 2.751497 1.336420 2.243859 4.156943 8.334139 0.200018
85 53.716454 21.954163 0.000000 2.579548 1.309613 2.160375 3.921645 7.685009 0.230655
86 53.882278 22.285482 0.000000 2.463312 1.303966 2.143000 3.887240 7.644642 0.217657
87 53.159172 22.055206 0.000000 2.278484 1.366436 2.335734 4.397380 8.930201 0.347940
88 52.868221 22.076159 0.000000 2.222554 1.377823 2.393488 4.613796 9.661731 0.277234
89 52.918442 22.278080 0.000000 2.103127 1.359180 2.315074 4.361870 8.916439 0.347548
