%% Trajectory 21
%% frame x (pixel)     y (pixel)    z (pixel)      m0         m1           m2           m3           m4           s 
86 48.319252 51.244701 0.000000 1.943778 1.359807 2.352998 4.540305 9.556888 0.313937
89 47.819672 51.056557 0.000000 2.282345 1.446630 2.631378 5.306662 11.592357 0.200004
90 47.704800 50.689323 0.000000 1.841803 1.398005 2.457060 4.789668 10.118670 0.200000
91 47.390720 51.107967 0.000000 2.429207 1.432564 2.561784 5.058143 10.778191 0.287907
92 47.625801 50.909615 0.000000 2.771677 1.433259 2.575608 5.118130 10.986306 0.200103
93 47.651791 51.041920 0.000000 3.520173 1.415562 2.505940 4.894446 10.311361 0.256665
94 47.376118 50.886559 0.000000 3.386246 1.483727 2.728388 5.535002 12.102116 0.200000
95 47.321060 50.949444 0.000000 3.507499 1.457427 2.642715 5.293272 11.444340 0.250000
96 47.448990 50.866165 0.000000 3.898685 1.448964 2.613874 5.219201 11.282246 0.250000
97 47.203598 50.917107 0.000000 3.963627 1.494310 2.759236 5.622425 12.349976 0.250000
98 47.401871 50.909534 0.000000 3.971174 1.448115 2.608628 5.192368 11.167486 0.250000
99 47.226372 50.869831 0.000000 4.200094 1.465024 2.664709 5.355575 11.627250 0.333333
100 46.927746 50.646370 0.000000 3.807659 1.459804 2.661206 5.379468 11.781019 0.250000
101 46.973194 50.795647 0.000000 3.678114 1.441601 2.598325 5.181605 11.177681 0.333333
102 47.497772 50.930687 0.000000 4.078709 1.495645 2.762091 5.613722 12.271537 0.333333
103 47.268982 50.832973 0.000000 4.387649 1.485245 2.739805 5.606249 12.425562 0.250000
104 47.358639 50.961567 0.000000 4.388206 1.473956 2.697106 5.443970 11.841953 0.250000
105 47.499287 51.086952 0.000000 4.571075 1.553010 2.967293 6.253221 14.186015 0.250000
106 47.360069 50.906994 0.000000 4.620646 1.473138 2.698156 5.463794 11.951595 0.333333
107 47.344578 50.818222 0.000000 4.580344 1.419441 2.528730 5.005705 10.767323 0.333333
108 47.456467 50.743580 0.000000 5.263154 1.498253 2.769476 5.650508 12.437548 0.333333
110 47.440544 50.546814 0.000000 6.048656 1.460550 2.646038 5.293883 11.440382 0.333333
111 46.887508 50.618027 0.000000 5.491388 1.445065 2.606381 5.209596 11.287346 0.250000
112 46.762474 50.535145 0.000000 5.541543 1.476790 2.714062 5.516315 12.118138 0.250000
113 46.915321 50.350830 0.000000 6.231829 1.457220 2.631932 5.241103 11.255858 0.333333
114 46.869335 50.413887 0.000000 5.916075 1.476197 2.698584 5.445524 11.860487 0.333333
115 46.907528 50.192101 0.000000 6.254295 1.462948 2.658576 5.340047 11.587013 0.250000
116 46.788918 49.975822 0.000000 6.313472 1.502878 2.804636 5.786834 12.886645 0.200000
117 46.866451 50.073254 0.000000 5.475718 1.479260 2.726383 5.567335 12.297966 0.200000
118 46.600777 50.353428 0.000000 5.024433 1.413270 2.474555 4.768042 9.906625 0.200000
119 46.587090 50.492527 0.000000 4.998851 1.434897 2.536879 4.912199 10.201515 0.333333
120 46.519470 50.605953 0.000000 5.112485 1.377852 2.359062 4.435344 8.977720 0.250000
121 46.355160 50.784435 0.000000 5.300235 1.365054 2.314104 4.289474 8.512629 0.333333
122 46.264118 50.596287 0.000000 4.444730 1.358676 2.299641 4.265744 8.493779 0.333333
123 46.270916 50.499138 0.000000 4.658620 1.363005 2.313234 4.307572 8.625298 0.250000
124 46.216007 50.557682 0.000000 4.783540 1.326318 2.194532 3.977476 7.742896 0.333333
125 46.523365 50.540344 0.000000 4.864997 1.297574 2.100880 3.710346 7.009110 0.250000
126 46.363289 50.671974 0.000000 4.570334 1.300110 2.113160 3.751367 7.132207 0.250000
127 46.436470 50.214729 0.000000 5.152537 1.363970 2.322960 4.354317 8.808305 0.333333
128 46.226410 50.187801 0.000000 5.406252 1.360118 2.316123 4.348862 8.826830 0.250000
129 46.117508 49.900154 0.000000 5.324616 1.400180 2.461124 4.791273 10.111489 0.333333
130 46.175190 49.579636 0.000000 5.864929 1.366959 2.334138 4.392321 8.930237 0.250000
131 45.908661 49.658451 0.000000 5.759788 1.384651 2.391715 4.557549 9.392090 0.250000
132 45.994362 49.389801 0.000000 5.678646 1.378937 2.384504 4.553857 9.408533 0.250000
133 45.802727 49.382103 0.000000 5.466258 1.371601 2.341398 4.394102 8.885059 0.250000
134 46.042877 49.196396 0.000000 5.148273 1.427787 2.536963 4.971783 10.513259 0.250353
135 45.211132 49.268288 0.000000 5.033677 1.397455 2.426726 4.624132 9.466166 0.250000
137 45.245487 48.345203 0.000000 3.099014 1.395184 2.439979 4.725279 9.926216 0.257487
138 45.832203 47.795639 0.000000 2.944720 1.370896 2.341964 4.396306 8.884167 0.400508
140 46.305729 46.583054 0.000000 1.604690 1.352795 2.372285 4.719372 10.403377 0.250000
142 48.133293 46.227139 0.000000 1.344943 1.347299 2.305116 4.366656 8.965542 0.250000
