%% Trajectory 15
%% frame x (pixel)     y (pixel)    z (pixel)      m0         m1           m2           m3           m4           s 
89 13.500529 34.555912 0.000000 2.026802 1.429627 2.566340 5.121145 11.108723 0.213767
90 13.442860 34.380844 0.000000 2.179866 1.407273 2.464125 4.751303 9.869131 0.200000
92 13.498591 34.236183 0.000000 2.493146 1.445220 2.596618 5.155708 11.066401 0.200002
94 13.370743 34.535053 0.000000 2.261536 1.399629 2.450217 4.736879 9.890727 0.222496
95 13.508753 34.281052 0.000000 2.545780 1.415623 2.507391 4.912320 10.412542 0.251967
96 13.439013 34.395451 0.000000 2.994494 1.403719 2.461712 4.774210 10.020465 0.166810
97 13.476339 34.457863 0.000000 2.942106 1.474128 2.704572 5.497172 12.091569 0.250001
98 13.498519 34.584915 0.000000 2.702679 1.430839 2.548652 5.018228 10.679874 0.200001
99 13.484898 34.501827 0.000000 2.881972 1.408954 2.484164 4.850328 10.264367 0.200000
100 13.464443 34.521240 0.000000 3.140152 1.375025 2.364915 4.484150 9.182997 0.252695
101 13.357833 34.535629 0.000000 2.893125 1.442766 2.585479 5.106949 10.874432 0.200020
102 13.515376 34.560837 0.000000 3.482030 1.390185 2.423663 4.676220 9.772077 0.200018
103 13.662676 34.495365 0.000000 3.849733 1.422103 2.535462 5.010057 10.725801 0.200000
104 13.474875 34.612888 0.000000 3.563833 1.430541 2.564258 5.093828 10.964605 0.200000
105 13.497930 34.700054 0.000000 3.935876 1.425458 2.546708 5.048404 10.857593 0.200000
106 13.510974 34.635281 0.000000 3.604354 1.428253 2.541142 4.991814 10.590880 0.200000
107 13.540903 34.669395 0.000000 3.683856 1.454113 2.632708 5.271866 11.411547 0.200000
108 13.654843 34.681087 0.000000 4.287517 1.388923 2.416750 4.651511 9.700059 0.250117
109 13.525227 34.744835 0.000000 4.034601 1.396693 2.436162 4.697349 9.804374 0.259612
110 13.393489 34.716820 0.000000 4.320447 1.394201 2.430658 4.678135 9.724356 0.250596
111 13.549292 34.673256 0.000000 4.828335 1.421577 2.526772 4.970832 10.587972 0.250000
112 13.746738 34.720791 0.000000 4.187321 1.427080 2.555595 5.080635 10.965076 0.250239
113 13.767029 34.742828 0.000000 4.720485 1.405326 2.473730 4.811418 10.117201 0.250000
114 13.756929 34.774765 0.000000 5.223498 1.401111 2.456038 4.763314 10.007194 0.250000
115 13.913276 34.513500 0.000000 5.624554 1.411991 2.498084 4.895417 10.398700 0.250000
116 13.918418 34.667034 0.000000 5.467253 1.421870 2.537116 5.024783 10.805231 0.200000
117 13.791625 34.774380 0.000000 5.144943 1.427916 2.555202 5.076345 10.949876 0.200000
118 14.043461 34.579865 0.000000 4.937771 1.410946 2.499694 4.914549 10.492353 0.166667
119 13.900611 34.553825 0.000000 4.653739 1.371053 2.363811 4.513168 9.349401 0.166667
120 13.951533 34.716263 0.000000 5.413772 1.416947 2.515478 4.946131 10.536242 0.200000
121 14.121112 34.707882 0.000000 5.454218 1.375351 2.384919 4.596000 9.642224 0.200000
122 14.163062 34.587772 0.000000 4.913027 1.368120 2.351545 4.472286 9.225437 0.250000
123 14.140115 34.636383 0.000000 4.608284 1.345283 2.275297 4.259745 8.661882 0.258563
124 14.287311 34.698330 0.000000 4.960352 1.340320 2.251433 4.166394 8.330448 0.337548
125 14.429685 34.539753 0.000000 5.011904 1.317757 2.171286 3.920301 7.610145 0.273632
126 14.536622 34.522804 0.000000 4.716820 1.288553 2.074240 3.646376 6.869006 0.252353
127 14.598507 34.613007 0.000000 4.288488 1.300794 2.120296 3.789200 7.288254 0.250001
128 14.870115 34.491070 0.000000 4.195892 1.349544 2.292716 4.309328 8.784826 0.250000
129 14.996726 34.535400 0.000000 3.616718 1.326361 2.209584 4.050919 8.015090 0.200000
130 15.207769 34.370304 0.000000 3.431461 1.308398 2.147337 3.878137 7.571962 0.269004
132 15.383215 33.959507 0.000000 2.482573 1.331399 2.232071 4.133429 8.298619 0.200010
133 15.110884 33.777477 0.000000 2.402621 1.313218 2.145581 3.820731 7.266973 0.242976
134 15.353180 33.884640 0.000000 1.987988 1.308414 2.145138 3.865512 7.520285 0.200002
135 15.113562 34.469578 0.000000 1.952268 1.304737 2.184841 4.102929 8.492632 0.206998
