%% Trajectory 5
%% frame x (pixel)     y (pixel)    z (pixel)      m0         m1           m2           m3           m4           s 
13 43.771015 30.423843 0.000000 1.735174 1.285108 2.087793 3.736876 7.238731 0.250000
14 43.553131 30.390959 0.000000 1.962023 1.299904 2.114825 3.764798 7.193332 0.252155
16 43.775681 30.497038 0.000000 2.403233 1.329097 2.200021 3.977426 7.698190 0.250150
17 43.797764 30.372910 0.000000 2.338710 1.342551 2.256199 4.171342 8.322025 0.200563
18 43.802853 30.522562 0.000000 2.681149 1.336188 2.233064 4.098709 8.103128 0.263973
19 43.867790 30.395130 0.000000 2.452821 1.324153 2.198278 4.014796 7.915957 0.250022
20 43.713917 30.382540 0.000000 2.600011 1.340904 2.257952 4.203800 8.493837 0.284999
21 43.697121 30.497095 0.000000 2.915262 1.302465 2.117892 3.760300 7.147725 0.250126
22 43.796013 30.311926 0.000000 2.995562 1.347145 2.265950 4.185969 8.324472 0.250135
23 43.734783 30.445179 0.000000 3.215322 1.317121 2.173615 3.942237 7.714448 0.447855
24 43.831245 30.460739 0.000000 3.370686 1.304560 2.135245 3.837224 7.429030 0.406363
25 43.684242 30.477640 0.000000 3.788863 1.336029 2.235070 4.111882 8.162439 0.322173
26 43.736286 30.386868 0.000000 3.655134 1.326474 2.189586 3.952687 7.650874 0.533203
27 43.916355 30.588846 0.000000 4.095629 1.348015 2.269822 4.196250 8.344107 0.369451
28 43.891563 30.575546 0.000000 4.276340 1.361220 2.309145 4.301816 8.626292 0.250008
29 43.913895 30.469131 0.000000 4.484740 1.328916 2.202183 3.996196 7.785812 0.250000
30 43.832470 30.546242 0.000000 4.509356 1.339163 2.231004 4.068592 7.961470 0.200008
31 43.941795 30.628723 0.000000 3.976694 1.308975 2.142977 3.842468 7.401622 0.305934
32 43.761967 30.872816 0.000000 4.053887 1.365279 2.337201 4.415689 9.023614 0.218168
33 43.778111 31.161983 0.000000 4.225530 1.343237 2.258102 4.180671 8.359621 0.281496
34 43.818073 31.129128 0.000000 4.168032 1.350734 2.293255 4.307719 8.777821 0.333333
35 43.840569 31.334486 0.000000 4.054416 1.331423 2.223032 4.077385 8.052828 0.333333
36 43.773754 31.166306 0.000000 4.085720 1.303901 2.148864 3.911244 7.719937 0.333333
37 43.749378 31.454126 0.000000 3.510264 1.275344 2.038181 3.557407 6.656115 0.250000
39 43.952122 32.424572 0.000000 2.564944 1.402003 2.459808 4.762691 9.948738 0.321150
41 44.441757 32.340054 0.000000 1.957736 1.382390 2.417613 4.714662 10.043037 0.254098
