%% Trajectory 19
%% frame x (pixel)     y (pixel)    z (pixel)      m0         m1           m2           m3           m4           s 
108 49.238911 28.274498 0.000000 1.326850 1.468759 2.697921 5.498628 12.148385 0.333333
109 49.036083 28.401649 0.000000 1.764073 1.334859 2.248471 4.181627 8.419386 0.333333
110 48.914478 28.428282 0.000000 1.882743 1.288799 2.079055 3.661699 6.905797 0.333333
111 48.538414 28.235455 0.000000 1.265330 1.234595 1.920790 3.271914 6.005235 0.333333
112 48.970547 28.548401 0.000000 1.642909 1.311468 2.168751 3.964666 7.871757 0.333333
113 48.663399 28.382912 0.000000 2.016961 1.336354 2.257120 4.231771 8.643378 0.333333
114 49.162216 28.615416 0.000000 2.038738 1.251467 1.973344 3.404260 6.313699 0.333333
115 48.877605 28.625744 0.000000 2.182331 1.285178 2.081321 3.707051 7.131042 0.333333
116 49.095528 28.497494 0.000000 2.505540 1.315186 2.159178 3.881368 7.494881 0.333333
117 49.081615 28.417110 0.000000 2.469408 1.341749 2.252007 4.152218 8.244705 0.333333
118 49.012989 28.489449 0.000000 2.784204 1.323895 2.193858 3.985054 7.777761 0.333333
119 49.092480 28.716518 0.000000 2.724771 1.328664 2.220789 4.092662 8.161598 0.250000
120 49.146931 28.457115 0.000000 2.625817 1.288365 2.085402 3.703105 7.085680 0.250000
121 49.180012 28.683224 0.000000 2.684900 1.286719 2.084004 3.716653 7.174780 0.250124
122 49.057499 28.592438 0.000000 2.367351 1.311663 2.162210 3.919523 7.666672 0.268047
123 49.222775 28.677931 0.000000 2.219621 1.276846 2.045782 3.580837 6.718283 0.250000
124 49.270336 28.577126 0.000000 2.526528 1.316901 2.176261 3.956057 7.766340 0.250215
125 49.079174 28.461611 0.000000 2.432237 1.290704 2.091415 3.718678 7.126403 0.250000
126 49.158955 28.462606 0.000000 2.630433 1.317432 2.178431 3.966784 7.811283 0.250000
127 49.128010 28.484142 0.000000 2.749773 1.286393 2.073296 3.652165 6.898802 0.250000
128 49.013569 28.290300 0.000000 2.883159 1.329478 2.230757 4.139177 8.332260 0.250000
129 49.123196 28.436834 0.000000 2.872316 1.308829 2.149929 3.871373 7.496722 0.250036
130 48.986870 28.339542 0.000000 3.038930 1.349497 2.293857 4.320168 8.842407 0.250103
131 48.958279 28.377716 0.000000 3.091931 1.306975 2.156095 3.926557 7.752164 0.317950
132 48.998199 28.511415 0.000000 3.872128 1.357106 2.298326 4.277567 8.574694 0.642846
133 49.060455 28.578356 0.000000 4.032538 1.341652 2.253511 4.166851 8.321369 0.514702
134 48.838242 28.754452 0.000000 4.162576 1.339195 2.242019 4.121258 8.152500 0.333335
135 48.966068 28.707954 0.000000 4.293220 1.357399 2.318083 4.376322 8.953846 0.333333
136 49.095406 28.730541 0.000000 3.934639 1.352258 2.289827 4.275511 8.633903 0.468852
137 48.901978 28.912903 0.000000 4.044671 1.418649 2.508707 4.899402 10.339623 0.333344
138 48.807201 28.983288 0.000000 3.534260 1.362135 2.336297 4.426163 9.074189 0.333334
139 48.748241 29.204912 0.000000 3.351180 1.345588 2.265199 4.196590 8.385233 0.250000
140 48.667336 29.365913 0.000000 3.405350 1.319308 2.161438 3.858647 7.355325 0.250000
141 48.615551 29.612291 0.000000 2.979891 1.311765 2.139017 3.801821 7.219925 0.200000
142 48.728603 29.839769 0.000000 3.260252 1.353643 2.289921 4.261332 8.554128 0.200000
143 48.773468 30.074383 0.000000 3.018948 1.372859 2.367243 4.511186 9.305401 0.200023
144 48.969868 30.459404 0.000000 3.416145 1.341250 2.264672 4.238023 8.629837 0.251667
145 49.191582 30.760366 0.000000 2.909412 1.360541 2.306333 4.298996 8.637836 0.339115
146 49.427086 30.360252 0.000000 2.640403 1.327658 2.221584 4.104473 8.220390 0.223412
147 49.753639 30.032621 0.000000 2.998874 1.402833 2.467094 4.808428 10.166436 0.171129
149 49.673088 30.366215 0.000000 2.302966 1.251224 1.976687 3.422375 6.384809 0.200000
