%% Trajectory 12
%% frame x (pixel)     y (pixel)    z (pixel)      m0         m1           m2           m3           m4           s 
33 55.828442 48.464951 0.000000 1.929545 1.308321 2.154803 3.906552 7.650999 0.250000
35 55.872265 48.382702 0.000000 1.662513 1.284069 2.085786 3.718987 7.139492 0.250000
36 55.791912 48.443008 0.000000 2.223249 1.290214 2.085621 3.704398 7.106525 0.200080
37 55.721817 48.300297 0.000000 2.396120 1.288735 2.080396 3.672188 6.955292 0.250000
38 55.778660 48.375801 0.000000 2.362844 1.279950 2.060032 3.634003 6.901381 0.250000
39 55.631138 48.473244 0.000000 2.709734 1.267457 2.015668 3.502070 6.527045 0.250001
40 55.720158 48.525181 0.000000 2.704729 1.263390 2.003545 3.471615 6.455570 0.250164
41 55.896770 48.313145 0.000000 3.467286 1.291966 2.097604 3.731221 7.132955 0.250055
42 55.702984 48.359871 0.000000 3.803373 1.280683 2.054425 3.598855 6.755083 0.230218
43 55.714870 48.300613 0.000000 4.059033 1.281585 2.058363 3.611917 6.793435 0.250829
44 55.610573 48.345196 0.000000 4.329418 1.262356 2.001992 3.470246 6.457185 0.250000
45 55.697319 48.395828 0.000000 4.099487 1.262647 2.002833 3.471818 6.459321 0.250000
46 55.919827 48.294998 0.000000 3.996742 1.318872 2.170038 3.902102 7.514473 0.267439
47 55.806332 48.282391 0.000000 4.272746 1.285788 2.072877 3.651840 6.895189 0.231831
48 55.713009 48.363552 0.000000 4.495577 1.259717 1.993074 3.447678 6.405920 0.250000
49 55.706573 48.286617 0.000000 4.223429 1.294190 2.097172 3.710186 7.026680 0.251226
50 55.802826 48.255508 0.000000 4.389949 1.288736 2.084713 3.696247 7.052206 0.251916
51 55.713051 48.189312 0.000000 4.490334 1.296499 2.107788 3.757514 7.209324 0.250000
52 55.786041 48.164833 0.000000 4.797731 1.325957 2.195660 3.980509 7.743980 0.250000
53 55.804554 48.173191 0.000000 5.057806 1.323896 2.196124 3.999113 7.838494 0.250000
54 55.669693 48.125370 0.000000 5.332964 1.300548 2.118288 3.777256 7.234529 0.200000
55 55.708797 48.197491 0.000000 5.896104 1.299008 2.109876 3.742233 7.106699 0.333333
56 55.719357 48.261703 0.000000 5.582337 1.284176 2.071492 3.658060 6.940924 0.250000
57 55.735062 48.206367 0.000000 5.464050 1.296029 2.098900 3.711426 7.026452 0.200000
58 55.762951 48.185055 0.000000 5.466504 1.306271 2.133340 3.808781 7.289078 0.200000
59 55.730038 48.346130 0.000000 5.447626 1.280720 2.056125 3.605053 6.772390 0.200000
60 55.663723 48.329617 0.000000 5.421029 1.292937 2.092556 3.706473 7.053043 0.200000
61 55.688881 48.177895 0.000000 5.490366 1.296623 2.100471 3.718992 7.060338 0.142857
62 55.733936 48.105663 0.000000 5.595343 1.298176 2.112510 3.763679 7.199905 0.200000
63 55.591476 47.836445 0.000000 5.584802 1.280488 2.062741 3.644019 6.931399 0.200000
64 55.384396 47.665119 0.000000 5.830466 1.269827 2.023243 3.522242 6.577299 0.250000
65 55.105469 47.465538 0.000000 5.743136 1.300152 2.119550 3.791032 7.303227 0.250000
66 55.097546 47.375034 0.000000 5.372194 1.299510 2.122487 3.807794 7.364037 0.250000
67 55.027157 47.272373 0.000000 5.747934 1.325480 2.204311 4.033925 7.968965 0.250000
68 54.954830 47.042599 0.000000 5.427101 1.355342 2.307886 4.333325 8.787888 0.250000
69 54.260262 46.878860 0.000000 5.735516 1.339257 2.241997 4.120784 8.153234 0.250000
71 53.849712 46.421776 0.000000 4.443429 1.289839 2.086297 3.694767 7.033210 0.250000
73 53.159531 47.848114 0.000000 3.323982 1.399229 2.436222 4.654393 9.549334 0.417689
75 53.827309 48.444260 0.000000 2.076997 1.323396 2.185046 3.944070 7.629557 0.250000
76 54.211559 48.475090 0.000000 1.842945 1.290522 2.116478 3.869655 7.768785 0.216243
