%% Trajectory 34
%% frame x (pixel)     y (pixel)    z (pixel)      m0         m1           m2           m3           m4           s 
96 37.931347 29.756186 0.000000 1.020053 1.307503 2.146553 3.885569 7.610454 0.250000
98 37.616627 29.756262 0.000000 0.826588 1.330452 2.226460 4.107123 8.194463 0.250000
100 38.096333 29.285828 0.000000 0.705762 1.352095 2.405625 4.863522 10.897304 0.429249
101 38.168461 29.375734 0.000000 0.810960 1.319169 2.209173 4.091023 8.214475 0.253294
103 37.797344 29.297262 0.000000 0.824332 1.259354 2.032258 3.654004 7.216658 0.250021
105 38.248718 29.245848 0.000000 0.676267 1.290257 2.111940 3.801026 7.373611 0.206516
107 38.011379 30.077238 0.000000 1.196257 1.399925 2.491514 4.947210 10.722201 0.348065
108 38.045300 29.807068 0.000000 1.513564 1.316566 2.192024 4.034980 8.054308 0.261838
109 38.085358 29.836281 0.000000 1.302743 1.319893 2.203604 4.066857 8.133771 0.310387
110 37.941875 29.840040 0.000000 1.421870 1.390707 2.422085 4.652636 9.646462 0.191236
111 37.973942 29.881971 0.000000 2.076376 1.353615 2.306576 4.347846 8.886033 0.166737
112 38.015644 30.117857 0.000000 1.799294 1.379218 2.401376 4.625909 9.645614 0.168230
113 38.295258 29.936966 0.000000 1.534998 1.292163 2.106050 3.772056 7.283196 0.178863
114 38.113689 30.028419 0.000000 1.956598 1.362434 2.346944 4.483571 9.305618 0.142872
115 38.232300 29.777119 0.000000 1.898744 1.322952 2.200508 4.026222 7.949850 0.171572
116 38.141064 29.931211 0.000000 2.030472 1.360038 2.320072 4.359072 8.835166 0.249925
117 38.203583 29.934057 0.000000 2.241322 1.339657 2.265135 4.232639 8.568915 0.284181
118 38.195705 30.091291 0.000000 2.227014 1.345524 2.278705 4.265605 8.653310 0.170546
119 38.100018 29.836048 0.000000 2.360212 1.400824 2.459702 4.792813 10.144169 0.166697
120 37.952114 30.146189 0.000000 1.978113 1.361581 2.332100 4.410080 9.014677 0.167050
121 38.125004 30.161823 0.000000 1.960856 1.381941 2.395889 4.582541 9.466505 0.167100
122 37.868443 30.269405 0.000000 2.026453 1.321918 2.199697 4.042497 8.051254 0.167090
123 37.719051 30.424189 0.000000 1.699099 1.301109 2.123554 3.804878 7.349680 0.171177
124 37.442844 30.484278 0.000000 1.915284 1.298593 2.112464 3.756071 7.158874 0.372484
125 37.637989 30.503155 0.000000 1.733161 1.320324 2.195528 4.020407 7.953766 0.173577
