%% Trajectory 13
%% frame x (pixel)     y (pixel)    z (pixel)      m0         m1           m2           m3           m4           s 
56 50.827278 8.335209 0.000000 1.018281 1.271616 2.113359 3.959201 8.208028 0.202365
57 50.939556 8.290032 0.000000 1.320524 1.313314 2.188270 4.056841 8.206699 0.464762
58 50.813225 8.736576 0.000000 1.588027 1.301334 2.149293 3.933792 7.830371 0.286848
59 51.147564 8.654294 0.000000 2.083898 1.297267 2.113925 3.777724 7.263291 0.255627
60 50.935234 8.518614 0.000000 1.756449 1.327528 2.236497 4.184062 8.515234 0.357690
61 50.945900 8.543581 0.000000 2.124473 1.330857 2.227504 4.114104 8.218760 0.216459
62 51.066574 8.453188 0.000000 2.205941 1.372279 2.368523 4.519788 9.331916 0.200824
63 50.987179 8.690880 0.000000 2.312850 1.368852 2.352011 4.458319 9.135249 0.180275
64 51.000668 8.680261 0.000000 2.199086 1.358264 2.307727 4.310545 8.668636 0.223220
65 51.368382 9.015091 0.000000 2.533522 1.335826 2.262076 4.258027 8.744644 0.166667
66 51.414890 8.987272 0.000000 2.127151 1.356204 2.313961 4.375899 8.998620 0.204871
67 51.420605 8.998254 0.000000 2.333856 1.313737 2.184933 4.024076 8.061487 0.200006
68 51.310589 9.229175 0.000000 2.331367 1.283273 2.081557 3.726126 7.239972 0.166669
69 51.541660 9.490932 0.000000 2.129802 1.320460 2.171983 3.903738 7.518252 0.304212
70 51.273499 9.422601 0.000000 2.033619 1.287287 2.101467 3.800395 7.491109 0.210916
71 51.250603 9.702470 0.000000 2.196786 1.319878 2.192512 4.013920 7.948465 0.200023
72 51.090115 9.880045 0.000000 1.929661 1.395280 2.468308 4.868475 10.465138 0.200733
73 50.972500 9.705803 0.000000 1.952327 1.356047 2.312098 4.355134 8.883609 0.228493
75 50.422596 10.228835 0.000000 1.820436 1.329999 2.218334 4.072906 8.071019 0.248365
76 50.065948 10.362779 0.000000 1.408785 1.284447 2.084197 3.709216 7.100187 0.200000
