%% Trajectory 4
%% frame x (pixel)     y (pixel)    z (pixel)      m0         m1           m2           m3           m4           s 
3 68.089294 41.640450 0.000000 1.087821 1.389008 2.430096 4.728347 10.021181 0.250651
4 68.096970 41.791504 0.000000 0.970739 1.411930 2.499754 4.920366 10.540104 0.250000
5 68.037743 41.651791 0.000000 1.310699 1.396352 2.444917 4.742328 9.976336 0.269681
6 68.035774 41.693378 0.000000 1.170828 1.409990 2.495810 4.904950 10.475627 0.262467
7 67.935234 41.884064 0.000000 1.144627 1.385694 2.430157 4.750190 10.127096 0.315954
8 67.907555 41.580231 0.000000 1.294502 1.384259 2.411618 4.665996 9.823200 0.270751
9 67.937340 41.567879 0.000000 1.537226 1.349217 2.285474 4.277202 8.677783 0.290155
10 67.954735 41.618038 0.000000 1.543541 1.320158 2.198796 4.052729 8.116745 0.384062
11 67.887276 41.549934 0.000000 1.668951 1.285707 2.074427 3.674570 7.020455 0.272884
12 68.072479 41.536407 0.000000 1.634339 1.329001 2.204372 4.005737 7.819148 0.353874
13 67.969398 41.498444 0.000000 1.749540 1.320418 2.179629 3.942274 7.660445 0.370303
14 67.804588 41.510235 0.000000 1.912544 1.305797 2.130538 3.808265 7.320002 0.313145
15 67.831627 41.418758 0.000000 2.015391 1.322414 2.194138 4.005897 7.899016 0.264213
16 67.772713 41.379406 0.000000 1.848190 1.306709 2.135994 3.828930 7.390398 0.298023
17 67.807358 41.395775 0.000000 1.903031 1.331201 2.196635 3.948780 7.576808 0.494698
18 67.852531 41.355686 0.000000 2.010470 1.332310 2.222778 4.085467 8.122409 0.319236
19 67.697609 41.419895 0.000000 2.148765 1.303203 2.125957 3.800803 7.309922 0.295424
20 67.828674 41.403610 0.000000 2.252915 1.324117 2.199797 4.024698 7.962903 0.256627
21 67.752411 41.426376 0.000000 2.362260 1.350067 2.277230 4.226473 8.468552 0.254864
22 67.631149 41.364738 0.000000 2.419733 1.345120 2.251189 4.121064 8.089006 0.255754
23 67.615166 41.358711 0.000000 2.141649 1.311737 2.145716 3.835051 7.345371 0.279045
24 67.734314 41.448563 0.000000 2.416948 1.318691 2.178634 3.955368 7.746843 0.202761
25 67.636887 41.334629 0.000000 2.264853 1.316474 2.152344 3.835110 7.299619 0.245105
26 67.494347 41.513084 0.000000 2.231922 1.335545 2.210945 3.988440 7.681662 0.394954
27 67.636070 41.395161 0.000000 2.522771 1.343408 2.240630 4.084979 7.981109 0.250000
28 67.558960 41.302441 0.000000 2.282193 1.320757 2.184436 3.971072 7.790456 0.212265
29 67.494164 41.425659 0.000000 2.163487 1.328206 2.197575 3.979491 7.735788 0.446147
30 67.610428 41.427387 0.000000 2.187673 1.387943 2.399024 4.572517 9.417947 0.200769
31 67.730957 41.517982 0.000000 2.512439 1.335375 2.220583 4.048483 7.939521 0.200000
32 67.577293 41.532730 0.000000 2.639683 1.347505 2.254037 4.125221 8.099355 0.200001
33 67.647339 41.446358 0.000000 2.733915 1.362116 2.316478 4.334288 8.747912 0.200000
34 67.581512 41.511292 0.000000 2.544942 1.378830 2.367844 4.471224 9.099720 0.200000
35 67.462875 41.426853 0.000000 2.756196 1.369134 2.324090 4.317903 8.603063 0.207491
36 67.525307 41.431229 0.000000 2.794377 1.350089 2.273768 4.205240 8.373081 0.373113
37 67.604599 41.639359 0.000000 2.686466 1.340789 2.234576 4.070415 7.942624 0.259214
38 67.558357 41.673939 0.000000 2.730740 1.360996 2.304142 4.285325 8.586722 0.166685
39 67.573441 41.640694 0.000000 3.056165 1.354308 2.276967 4.182402 8.224030 0.171210
40 67.588211 41.622818 0.000000 3.210719 1.331698 2.213484 4.029157 7.876341 0.166894
41 67.514343 41.657890 0.000000 3.044990 1.334087 2.203456 3.961640 7.594441 0.166671
42 67.206047 41.416111 0.000000 3.171849 1.387097 2.394167 4.547482 9.307531 0.180357
43 67.191109 41.385899 0.000000 2.879052 1.422461 2.521914 4.936549 10.437695 0.166894
44 66.886017 41.373421 0.000000 2.905984 1.375458 2.371143 4.516867 9.321661 0.143796
45 66.837196 41.435719 0.000000 2.574004 1.394298 2.423352 4.648688 9.645660 0.174165
46 66.832840 41.246456 0.000000 2.463187 1.357715 2.339029 4.494953 9.444666 0.328420
47 66.587868 41.606888 0.000000 2.080559 1.376622 2.355216 4.433655 9.007137 0.143453
