%% Trajectory 15
%% frame x (pixel)     y (pixel)    z (pixel)      m0         m1           m2           m3           m4           s 
78 60.041683 37.519402 0.000000 1.194969 1.290051 2.110711 3.805977 7.422970 0.200000
81 60.031525 37.516777 0.000000 1.382761 1.239271 1.952132 3.390157 6.392434 0.200000
82 60.071041 37.603455 0.000000 1.518459 1.302284 2.160733 3.980715 7.995226 0.203970
83 60.189804 37.886860 0.000000 1.744235 1.319597 2.208805 4.092432 8.237160 0.282850
84 60.276707 37.849682 0.000000 1.635132 1.310876 2.157693 3.895415 7.566054 0.200059
85 60.019325 37.860992 0.000000 1.852119 1.401308 2.477654 4.864794 10.369477 0.167511
86 60.258072 37.997444 0.000000 2.062752 1.333434 2.246843 4.191658 8.492517 0.258783
87 60.265450 37.892647 0.000000 2.204308 1.294877 2.109899 3.780517 7.314880 0.264069
88 60.314762 37.993145 0.000000 2.210927 1.326611 2.211585 4.066586 8.095868 0.253891
89 60.232967 37.960083 0.000000 2.735113 1.336672 2.236144 4.105042 8.105457 0.200310
90 60.265999 37.835415 0.000000 2.620963 1.341047 2.247477 4.137139 8.205199 0.200000
91 60.269444 37.923363 0.000000 2.642587 1.336133 2.236603 4.124418 8.220424 0.213915
92 60.367474 37.938004 0.000000 2.754941 1.331617 2.230769 4.131638 8.305243 0.341334
93 60.394157 37.987312 0.000000 3.194102 1.346768 2.287249 4.307394 8.824942 0.250000
94 60.181114 37.793159 0.000000 3.165287 1.332758 2.226681 4.096063 8.140156 0.333333
95 60.236229 37.804050 0.000000 3.397774 1.322585 2.187653 3.972219 7.769816 0.250000
96 60.345806 37.868824 0.000000 3.141803 1.318793 2.181284 3.970511 7.809623 0.333335
97 60.269592 37.826031 0.000000 3.016007 1.321096 2.188921 3.986777 7.834612 0.335332
98 60.385311 37.853432 0.000000 3.117646 1.337258 2.239522 4.125869 8.199102 0.250001
99 60.326187 37.844181 0.000000 3.320230 1.326209 2.197313 3.990804 7.792368 0.333333
100 60.206043 37.781029 0.000000 3.540540 1.325404 2.197079 3.996228 7.822309 0.333333
101 60.232498 37.832989 0.000000 3.531508 1.321507 2.188712 3.979568 7.793281 0.333333
102 60.061283 37.684906 0.000000 3.694940 1.358934 2.309434 4.320895 8.727171 0.250000
103 60.118534 37.587112 0.000000 3.668178 1.327044 2.204432 4.020030 7.894472 0.250000
104 59.986904 37.445911 0.000000 3.898814 1.348114 2.280464 4.250921 8.555218 0.333333
105 59.846039 37.357571 0.000000 3.435443 1.347749 2.287259 4.287799 8.698536 0.250000
106 59.785473 37.433594 0.000000 3.405071 1.337263 2.244046 4.151199 8.302443 0.250000
107 59.636444 37.410366 0.000000 3.101946 1.349638 2.275896 4.222271 8.444667 0.333333
108 59.483643 37.333466 0.000000 2.780796 1.291727 2.097882 3.741562 7.195575 0.333333
109 59.337509 37.470108 0.000000 3.217728 1.316073 2.158513 3.874498 7.465362 0.250000
110 59.278389 37.432415 0.000000 3.043499 1.310811 2.155918 3.893976 7.576155 0.333333
111 59.312294 37.489902 0.000000 2.389748 1.382140 2.387590 4.553226 9.385270 0.385123
113 58.896324 37.293324 0.000000 1.648768 1.380811 2.421776 4.742915 10.137894 0.333333
114 58.956772 37.248047 0.000000 1.212178 1.420498 2.563316 5.175421 11.407680 0.368602
115 58.813736 37.041679 0.000000 1.096980 1.366057 2.434838 4.890853 10.770472 0.200998
