%% Trajectory 18
%% frame x (pixel)     y (pixel)    z (pixel)      m0         m1           m2           m3           m4           s 
53 21.674726 45.664028 0.000000 1.613564 1.151291 1.693928 2.726669 4.752547 0.166667
54 21.498638 45.685444 0.000000 1.652351 1.148193 1.701127 2.803366 5.126218 0.224352
55 21.473068 45.758350 0.000000 1.994362 1.230981 1.968471 3.555223 7.173632 0.167654
56 21.395100 45.740471 0.000000 1.974538 1.215847 1.910035 3.366580 6.595198 0.174528
57 21.433327 45.804893 0.000000 2.542023 1.223665 1.904992 3.268924 6.100273 0.171410
58 21.575171 45.665123 0.000000 2.398443 1.211886 1.864301 3.152777 5.785787 0.172820
59 21.409130 45.786602 0.000000 2.607558 1.221331 1.910858 3.326373 6.372103 0.166667
60 21.270836 45.748856 0.000000 2.711208 1.250842 2.003151 3.577312 7.031465 0.166667
61 21.326506 45.716896 0.000000 2.688203 1.243467 1.996329 3.601277 7.210523 0.142858
62 21.209929 45.588230 0.000000 3.003701 1.236240 1.963708 3.491264 6.869814 0.200001
63 21.311829 45.515835 0.000000 2.778144 1.210720 1.869997 3.187284 5.922539 0.166882
64 21.331192 45.722507 0.000000 2.800064 1.209627 1.887258 3.291054 6.353774 0.189722
65 21.265512 45.497536 0.000000 2.750625 1.214013 1.898969 3.316524 6.402372 0.182533
66 21.433800 45.680088 0.000000 3.211154 1.199307 1.824862 3.045641 5.505842 0.166667
67 21.268244 45.683022 0.000000 3.574819 1.230650 1.934152 3.375246 6.461769 0.188354
68 21.225676 45.686920 0.000000 3.250265 1.216045 1.896654 3.290534 6.282031 0.168448
69 21.326141 45.668163 0.000000 3.072639 1.234864 1.945922 3.408441 6.557580 0.214167
70 21.340559 45.724945 0.000000 2.981438 1.237544 1.960308 3.454262 6.686525 0.204525
71 21.145557 45.651054 0.000000 3.130272 1.256903 2.028512 3.662523 7.297580 0.266714
72 21.428967 45.723499 0.000000 3.355253 1.206179 1.854016 3.144432 5.817318 0.200070
73 21.348101 45.682426 0.000000 3.357214 1.199879 1.825899 3.040304 5.461555 0.200000
74 21.192158 45.724201 0.000000 3.242014 1.255821 2.008406 3.558368 6.881643 0.200014
75 21.228065 45.662148 0.000000 3.463468 1.225909 1.922085 3.340872 6.356668 0.200001
76 21.350336 45.636826 0.000000 3.468769 1.235449 1.923851 3.277920 6.012059 0.200000
77 21.299992 45.668297 0.000000 3.478415 1.230442 1.917309 3.274846 6.034741 0.200000
78 21.303181 45.702587 0.000000 3.711447 1.217019 1.877192 3.170154 5.771433 0.200000
79 21.183344 45.553944 0.000000 3.540476 1.224976 1.899199 3.224505 5.899894 0.166667
80 21.185305 45.558369 0.000000 3.174292 1.258660 2.025728 3.625523 7.103170 0.200000
81 21.223009 45.330685 0.000000 3.855561 1.221700 1.890296 3.202315 5.846165 0.200000
82 21.265686 45.085369 0.000000 3.667351 1.270749 2.038787 3.593333 6.832894 0.250000
83 21.382132 44.921349 0.000000 3.408368 1.274393 2.049476 3.632278 6.977256 0.250000
84 21.464716 44.767822 0.000000 3.774709 1.242509 1.953997 3.385666 6.370990 0.250000
85 21.461319 44.767944 0.000000 3.564534 1.253280 1.985318 3.450408 6.470473 0.250000
86 21.432299 44.694130 0.000000 3.937368 1.240613 1.940922 3.321823 6.115443 0.333333
87 21.219149 44.657150 0.000000 3.814898 1.276541 2.044910 3.586601 6.765598 0.250000
88 21.282753 44.593536 0.000000 3.441286 1.276763 2.044744 3.582795 6.745817 0.200000
89 21.414827 44.656811 0.000000 3.132592 1.262592 2.009129 3.502466 6.573123 0.200000
90 21.360291 44.391582 0.000000 3.042328 1.234705 1.923654 3.278974 6.015684 0.166667
91 21.743521 43.930763 0.000000 2.946957 1.326499 2.214896 4.076840 8.118836 0.250000
93 22.275066 43.944504 0.000000 2.192633 1.312787 2.165970 3.928639 7.685752 0.197224
