%% Trajectory 54
%% frame x (pixel)     y (pixel)    z (pixel)      m0         m1           m2           m3           m4           s 
115 44.539276 22.617603 0.000000 1.372384 1.244626 1.945524 3.328372 6.132910 0.250000
117 45.280346 22.487242 0.000000 1.517764 1.265800 2.022381 3.532483 6.619321 0.250000
118 45.577148 22.953455 0.000000 1.512762 1.417916 2.508893 4.926465 10.512136 0.250000
119 45.440231 22.842487 0.000000 1.659697 1.383264 2.365224 4.444471 9.006530 0.376201
120 45.457619 22.705952 0.000000 1.627653 1.515185 2.819217 5.793411 12.847290 0.333333
121 45.602650 22.621510 0.000000 1.695264 1.366443 2.358364 4.513042 9.380566 0.250013
123 45.137768 22.742741 0.000000 2.467665 1.326579 2.205928 4.031995 7.941802 0.333333
124 45.162880 22.383041 0.000000 1.704868 1.346859 2.253896 4.133783 8.147912 0.250766
125 45.368034 22.786842 0.000000 2.033852 1.324147 2.194752 3.980768 7.746175 0.250000
126 45.077625 22.356436 0.000000 2.473196 1.435320 2.573013 5.094158 10.893561 0.333333
127 45.511250 22.620623 0.000000 2.008748 1.467268 2.703428 5.547164 12.371753 0.200058
128 45.435905 22.428450 0.000000 2.387274 1.340228 2.260736 4.218110 8.539837 0.200002
129 45.651707 22.499804 0.000000 2.583415 1.277506 2.061105 3.654644 6.994082 0.200000
130 45.554588 22.854416 0.000000 2.985576 1.423745 2.519924 4.936266 10.483849 0.333333
131 45.623798 23.288237 0.000000 2.295873 1.373086 2.378490 4.592672 9.691033 0.200000
132 45.838531 23.269400 0.000000 2.190918 1.424575 2.561307 5.107111 11.035807 0.204404
133 45.704552 23.401953 0.000000 2.901345 1.378038 2.399199 4.624102 9.659498 0.200537
134 45.705257 23.628101 0.000000 2.398068 1.401247 2.462847 4.818959 10.266740 0.184082
135 45.385437 23.625330 0.000000 2.310053 1.456272 2.650896 5.341393 11.636994 0.313808
136 45.079464 23.841642 0.000000 2.779489 1.365725 2.337066 4.414322 9.016745 0.166667
138 44.710529 23.582495 0.000000 1.646795 1.336452 2.299695 4.454942 9.520550 0.318685
139 44.617691 23.465500 0.000000 1.972314 1.391873 2.433422 4.718510 9.933177 0.287405
140 44.173389 23.540161 0.000000 2.089919 1.289478 2.076407 3.653075 6.889550 0.200204
