%% Trajectory 40
%% frame x (pixel)     y (pixel)    z (pixel)      m0         m1           m2           m3           m4           s 
171 17.598583 17.366266 0.000000 1.519350 1.393086 2.470079 4.914397 10.734848 0.219536
172 18.055378 17.529778 0.000000 1.213814 1.382720 2.457399 4.870755 10.509992 0.250000
173 18.316925 17.671614 0.000000 1.221835 1.452570 2.648837 5.355905 11.732430 0.283285
174 18.082294 17.407812 0.000000 1.504557 1.405482 2.475697 4.809854 10.072071 0.315125
175 17.673178 17.373884 0.000000 1.285205 1.436994 2.567631 5.056809 10.734577 0.252315
176 18.210888 17.547657 0.000000 1.723102 1.354001 2.299978 4.322383 8.810272 0.200088
177 18.184811 17.308062 0.000000 1.758212 1.430127 2.565041 5.098299 10.986554 0.250514
178 18.487051 17.702120 0.000000 1.818373 1.472592 2.695617 5.461143 11.967528 0.250000
180 17.811058 17.338400 0.000000 1.869964 1.331136 2.226878 4.095511 8.119390 0.264021
181 17.733822 17.462833 0.000000 1.986321 1.333407 2.208887 4.008912 7.815382 0.250001
182 18.011347 17.474289 0.000000 2.364846 1.416993 2.519438 4.963907 10.590532 0.333579
183 17.876858 17.392635 0.000000 1.979052 1.339703 2.261664 4.226739 8.573728 0.333333
184 17.856220 17.606916 0.000000 1.860391 1.308030 2.170012 3.993931 8.005641 0.445718
185 17.792925 17.658018 0.000000 2.229888 1.349268 2.293093 4.325546 8.888207 0.337221
186 18.056210 17.871035 0.000000 2.211628 1.422561 2.547755 5.069434 10.953123 0.333333
187 18.093369 17.902166 0.000000 2.702695 1.409412 2.508017 4.964499 10.679832 0.353788
188 18.326527 17.677170 0.000000 2.845468 1.395540 2.401603 4.518386 9.102455 0.333673
189 18.307661 18.233126 0.000000 2.337250 1.379865 2.375508 4.511387 9.266475 0.333412
190 18.365824 18.487629 0.000000 3.136333 1.336639 2.236500 4.106091 8.113066 0.333333
191 18.461830 18.409948 0.000000 2.632022 1.399468 2.430340 4.643094 9.565697 0.333677
192 18.373283 18.796614 0.000000 2.176169 1.453278 2.662835 5.433348 12.055839 0.250241
194 18.376394 18.884722 0.000000 1.483416 1.466504 2.640098 5.229777 11.162609 0.167067
196 18.579153 19.160297 0.000000 1.134368 1.383519 2.398440 4.611340 9.631727 0.550868
197 18.145924 19.838320 0.000000 1.106611 1.361516 2.362340 4.597210 9.834402 0.276935
199 17.830721 19.011213 0.000000 0.981834 1.561549 3.068248 6.720988 15.951188 0.231833
201 17.429482 19.496893 0.000000 0.889935 1.486753 2.781561 5.810395 13.198454 0.423611
202 17.423325 18.772028 0.000000 0.980575 1.525874 2.882770 6.027101 13.616178 0.166675
