%% Trajectory 20
%% frame x (pixel)     y (pixel)    z (pixel)      m0         m1           m2           m3           m4           s 
87 12.602674 29.875977 0.000000 1.362554 1.396955 2.438714 4.703183 9.808947 0.170525
88 12.762463 29.695463 0.000000 1.333118 1.403477 2.473951 4.824489 10.182267 0.167050
89 12.364244 29.833412 0.000000 1.285181 1.356667 2.300600 4.296772 8.668276 0.210954
90 12.518177 29.903563 0.000000 1.570064 1.350359 2.284450 4.249574 8.519861 0.147156
91 12.598837 29.724821 0.000000 1.173042 1.342126 2.257452 4.176143 8.336914 0.211847
92 12.783043 29.887899 0.000000 1.334133 1.397279 2.468595 4.844454 10.329381 0.170831
93 12.762522 29.897301 0.000000 1.414123 1.359255 2.351058 4.534278 9.550814 0.201450
94 12.582647 29.797428 0.000000 1.629106 1.371468 2.361430 4.496912 9.284447 0.214369
95 12.500134 29.738010 0.000000 1.580945 1.280947 2.061781 3.646563 6.966860 0.220558
96 12.433439 29.601591 0.000000 1.664691 1.296682 2.098861 3.706361 7.002021 0.337475
97 12.700404 29.724102 0.000000 1.756896 1.311228 2.154288 3.886418 7.556562 0.200397
98 12.314270 29.623539 0.000000 1.583997 1.301931 2.143557 3.901629 7.716915 0.201908
99 12.680893 29.537149 0.000000 1.782393 1.344969 2.279250 4.282311 8.757101 0.142989
100 12.692488 29.647778 0.000000 1.615209 1.352806 2.287625 4.253635 8.525383 0.427773
101 12.593127 29.857744 0.000000 1.836717 1.309731 2.155740 3.905006 7.646877 0.250057
102 12.689620 29.615108 0.000000 1.614668 1.257791 2.007753 3.541222 6.797740 0.250002
103 12.907541 29.789846 0.000000 1.768979 1.388010 2.432499 4.751702 10.127382 0.370233
105 13.434447 30.274273 0.000000 1.968156 1.332506 2.216805 4.039373 7.903252 0.200091
106 13.487291 30.402006 0.000000 2.134266 1.311445 2.138138 3.801788 7.227605 0.203412
107 13.580528 30.644722 0.000000 1.841962 1.316060 2.173468 3.942307 7.707573 0.211661
108 13.963171 30.595772 0.000000 1.987565 1.337428 2.242526 4.141956 8.263179 0.169128
109 14.261656 30.409594 0.000000 2.174413 1.335103 2.264194 4.279873 8.853580 0.256022
110 13.897057 29.905430 0.000000 2.155497 1.354324 2.297889 4.295004 8.666287 0.200122
111 13.825898 29.742519 0.000000 2.014264 1.336908 2.228264 4.066198 7.959855 0.200000
112 13.647212 30.052391 0.000000 1.592232 1.328725 2.236174 4.160718 8.390687 0.228863
113 14.363678 30.071815 0.000000 1.554325 1.421449 2.521056 4.931492 10.406688 0.448731
114 14.670100 30.167700 0.000000 1.591567 1.417499 2.499329 4.861560 10.213511 0.287890
