%% Trajectory 5
%% frame x (pixel)     y (pixel)    z (pixel)      m0         m1           m2           m3           m4           s 
37 59.214863 25.386738 0.000000 0.904679 1.415251 2.523057 5.002478 10.789433 0.309103
39 58.116947 25.413088 0.000000 1.179103 1.537677 2.894273 5.965548 13.151728 0.333333
40 58.441307 25.388163 0.000000 0.976658 1.528536 2.872794 5.946968 13.243081 0.333333
41 58.053322 25.282919 0.000000 1.169403 1.463422 2.663311 5.343207 11.549766 0.250000
43 58.470970 25.076172 0.000000 1.165594 1.572822 3.070713 6.634361 15.446711 0.250000
44 58.130058 25.141312 0.000000 1.050617 1.428866 2.542275 4.994519 10.598529 0.250222
45 58.096951 24.730221 0.000000 1.388279 1.537604 2.901988 6.037947 13.527064 0.250000
46 58.461243 24.731789 0.000000 1.264264 1.460911 2.662787 5.350259 11.586600 0.250043
47 58.144341 24.908508 0.000000 1.235762 1.421896 2.549698 5.090761 11.062816 0.324518
49 57.368263 24.738779 0.000000 1.500941 1.553178 2.943866 6.140406 13.772760 0.333333
50 57.241493 24.727579 0.000000 1.278100 1.615606 3.147734 6.693065 15.173562 0.250000
51 56.950623 24.682301 0.000000 1.407789 1.558678 2.992402 6.328596 14.390312 0.333333
52 57.219883 24.622631 0.000000 1.245949 1.497995 2.792785 5.768361 12.891199 0.250000
53 56.878208 24.445604 0.000000 1.473327 1.609606 3.157286 6.808990 15.761706 0.250000
54 56.980957 24.615870 0.000000 1.250135 1.576372 3.058621 6.527984 14.936084 0.250000
55 56.456871 24.398041 0.000000 1.387684 1.582203 3.039111 6.404485 14.460019 0.250000
57 56.453587 24.556597 0.000000 1.300060 1.652717 3.301902 7.217924 16.850760 0.250000
