%% Trajectory 32
%% frame x (pixel)     y (pixel)    z (pixel)      m0         m1           m2           m3           m4           s 
116 17.354904 41.131748 0.000000 1.052884 1.427668 2.592949 5.275795 11.742318 0.379981
119 17.901688 40.097237 0.000000 1.092216 1.446962 2.662996 5.482997 12.312799 0.268138
120 17.827459 40.250687 0.000000 1.009605 1.336183 2.252124 4.191983 8.443493 0.250000
122 17.599882 40.874107 0.000000 0.844505 1.337261 2.290428 4.402847 9.310566 0.284976
123 17.396786 40.467426 0.000000 0.994562 1.374670 2.419215 4.772286 10.316470 0.185981
124 17.815363 40.313221 0.000000 1.069251 1.356977 2.320261 4.390897 9.016032 0.125070
125 17.762608 40.071476 0.000000 0.824147 1.438826 2.623139 5.321280 11.709311 0.200000
126 17.565332 40.690746 0.000000 1.022060 1.528998 2.842709 5.800049 12.709823 0.158373
127 17.679260 40.798389 0.000000 1.084126 1.407447 2.484197 4.860054 10.316101 0.200131
128 17.567978 40.682991 0.000000 1.540281 1.274668 2.040565 3.586187 6.804089 0.200000
129 17.438280 40.413078 0.000000 1.213409 1.317570 2.200030 4.056475 8.109366 0.180953
130 17.961897 40.441250 0.000000 1.291357 1.413062 2.507319 4.924139 10.471891 0.200059
131 17.844368 40.347134 0.000000 1.368524 1.387404 2.379368 4.477894 9.061835 0.200134
134 18.363443 39.927422 0.000000 0.965603 1.430321 2.606941 5.324811 11.881135 0.200002
136 18.717236 40.039215 0.000000 1.241964 1.383778 2.405370 4.615196 9.570140 0.235957
138 20.018610 39.752682 0.000000 1.230765 1.531411 2.922843 6.207211 14.296824 0.247163
140 19.770754 38.797657 0.000000 1.325544 1.454170 2.670550 5.466979 12.170972 0.200000
