%% Trajectory 6
%% frame x (pixel)     y (pixel)    z (pixel)      m0         m1           m2           m3           m4           s 
31 37.072929 52.787369 0.000000 1.244894 1.346198 2.277753 4.246526 8.552639 0.250002
33 36.836903 52.756702 0.000000 1.322425 1.294001 2.132581 3.908407 7.828291 0.250016
34 36.971268 52.547264 0.000000 1.201822 1.343740 2.261523 4.185455 8.346198 0.250860
35 37.036335 52.754417 0.000000 1.157236 1.343098 2.275087 4.263374 8.657550 0.269834
36 36.810520 52.680473 0.000000 1.193796 1.331198 2.234358 4.130755 8.246468 0.289970
37 37.044136 52.584461 0.000000 1.366074 1.288373 2.121417 3.872172 7.695306 0.403894
38 37.101631 52.478310 0.000000 1.778811 1.338997 2.246773 4.147237 8.259312 0.622403
39 37.023319 52.776104 0.000000 1.690738 1.376314 2.377090 4.540904 9.395531 0.333429
40 37.006535 52.909290 0.000000 1.612373 1.357892 2.348368 4.526412 9.515589 0.253207
41 36.895611 52.827911 0.000000 1.556705 1.384283 2.402642 4.622633 9.663157 0.251182
42 37.002728 52.865868 0.000000 1.709042 1.313096 2.193685 4.068479 8.217232 0.253436
43 36.746403 52.930580 0.000000 1.803522 1.288969 2.093774 3.742063 7.225368 0.320164
44 36.830013 52.495251 0.000000 1.696079 1.295747 2.123928 3.848024 7.572433 0.250236
45 37.022720 53.220982 0.000000 1.556126 1.335792 2.233050 4.098108 8.090933 0.250000
46 36.829338 52.737503 0.000000 1.671416 1.272948 2.048131 3.632448 6.979676 0.250001
47 36.906609 52.648060 0.000000 1.951588 1.273494 2.045358 3.604585 6.844382 0.200000
48 36.789658 52.739109 0.000000 2.000218 1.296145 2.112638 3.784164 7.317534 0.348882
49 36.957996 52.650932 0.000000 1.931730 1.323350 2.208472 4.080372 8.194971 0.280379
50 36.853897 52.781246 0.000000 1.820692 1.305375 2.161407 3.970561 7.951458 0.200158
51 36.915421 52.718887 0.000000 2.090424 1.310999 2.170142 3.958736 7.810073 0.272594
52 36.925529 52.565601 0.000000 1.870704 1.307330 2.137991 3.836783 7.418086 0.250134
53 36.683994 52.554596 0.000000 1.968841 1.269038 2.028296 3.553368 6.705021 0.250655
54 36.774178 52.594162 0.000000 1.746837 1.275441 2.048827 3.612154 6.867067 0.250210
55 36.740082 52.574856 0.000000 1.787799 1.261715 1.998164 3.462555 6.452051 0.256643
56 36.699238 52.391380 0.000000 1.564494 1.315104 2.164913 3.910393 7.607432 0.250031
57 36.627468 52.579491 0.000000 1.173874 1.225151 1.896959 3.213103 5.859942 0.316990
58 36.618160 52.302887 0.000000 1.597528 1.251227 1.967932 3.383899 6.252803 0.214133
59 36.734013 52.145054 0.000000 1.914013 1.279806 2.068008 3.677618 7.074593 0.250084
60 36.627869 52.158016 0.000000 1.379215 1.259804 1.999936 3.472081 6.471529 0.260001
61 36.673359 51.678261 0.000000 1.629575 1.308692 2.158329 3.930064 7.763175 0.333333
62 36.926407 51.275120 0.000000 1.390270 1.298770 2.125472 3.821140 7.401086 0.260849
63 36.672485 51.312801 0.000000 1.298562 1.268332 2.054063 3.683875 7.197248 0.250004
66 36.360802 50.590759 0.000000 1.296806 1.217285 1.918742 3.391289 6.652082 0.200909
