%% Trajectory 15
%% frame x (pixel)     y (pixel)    z (pixel)      m0         m1           m2           m3           m4           s 
53 55.965405 39.501865 0.000000 1.424459 1.475140 2.808657 6.062761 14.387406 0.168606
55 55.904510 39.507175 0.000000 1.770933 1.392353 2.478433 4.960924 10.913231 0.217568
56 55.421444 39.527828 0.000000 2.029169 1.426309 2.552183 5.087099 11.052368 0.301133
57 55.548206 39.297932 0.000000 2.354139 1.407075 2.468875 4.782297 10.015911 0.232482
58 55.661133 39.418472 0.000000 2.222957 1.383521 2.399185 4.615369 9.657203 0.280679
59 55.826504 39.383869 0.000000 2.586115 1.306988 2.143544 3.859767 7.488572 0.227995
60 55.974895 39.296970 0.000000 2.372747 1.354229 2.318718 4.400183 9.071720 0.167546
61 55.941067 39.538918 0.000000 2.655512 1.344375 2.273311 4.255327 8.653125 0.235041
62 55.945663 39.530788 0.000000 2.601364 1.323715 2.211531 4.089080 8.213418 0.200000
63 56.157612 39.284004 0.000000 2.195464 1.336222 2.234456 4.107814 8.142629 0.228246
64 56.146431 39.448997 0.000000 2.772799 1.299136 2.104136 3.720849 7.046380 0.169624
65 56.113552 39.300472 0.000000 3.372496 1.304249 2.129233 3.804497 7.296622 0.200184
66 56.106636 39.269012 0.000000 3.473969 1.314685 2.173149 3.952540 7.762441 0.171647
67 56.134563 39.327263 0.000000 3.332143 1.306265 2.139399 3.844687 7.438723 0.184828
68 56.114254 39.322426 0.000000 3.521500 1.346460 2.263920 4.184858 8.338964 0.176042
69 56.077831 39.258457 0.000000 3.647985 1.316898 2.170850 3.923816 7.624164 0.200000
70 56.073238 39.290924 0.000000 3.803981 1.315682 2.161547 3.885346 7.491157 0.200003
71 56.127716 39.193516 0.000000 3.760428 1.349124 2.275886 4.215161 8.397785 0.166689
72 56.082024 39.152287 0.000000 3.582645 1.357780 2.344960 4.507242 9.437038 0.166717
73 56.092999 39.226025 0.000000 4.053193 1.343017 2.254982 4.156447 8.242573 0.166667
74 56.015228 39.280003 0.000000 4.130719 1.326347 2.210292 4.056165 8.038281 0.166667
75 56.118935 39.183254 0.000000 3.994684 1.346132 2.276932 4.255426 8.615322 0.200000
76 56.078495 39.165642 0.000000 4.415564 1.357010 2.300289 4.284492 8.587708 0.200000
77 55.995819 39.173397 0.000000 4.361175 1.358866 2.319594 4.367509 8.885263 0.200000
78 56.062973 39.282536 0.000000 4.805331 1.341441 2.249569 4.141972 8.205253 0.200000
79 56.074009 39.225395 0.000000 4.860994 1.344240 2.262881 4.189358 8.359417 0.200000
80 56.026539 39.200619 0.000000 4.842432 1.365607 2.344054 4.443946 9.113232 0.250000
81 56.110462 39.132862 0.000000 4.295892 1.345563 2.273901 4.237415 8.535776 0.250000
82 56.182335 39.163548 0.000000 4.754442 1.324680 2.201606 4.019038 7.900038 0.250000
83 56.195786 39.136215 0.000000 4.708560 1.313889 2.164235 3.915341 7.629864 0.250000
84 56.042706 39.111217 0.000000 5.150465 1.355516 2.303926 4.313059 8.711278 0.250000
85 55.935684 39.011169 0.000000 5.040877 1.365362 2.347585 4.457886 9.149476 0.250000
86 55.893879 38.874756 0.000000 4.734131 1.335273 2.243220 4.162358 8.367136 0.250000
87 55.631123 38.775745 0.000000 4.511483 1.262572 2.000508 3.464609 6.442058 0.250000
88 55.451439 38.909210 0.000000 4.758599 1.275226 2.052351 3.632315 6.949075 0.250000
89 55.342575 38.907852 0.000000 4.236449 1.308295 2.135267 3.812820 7.306302 0.250002
90 55.256371 38.952076 0.000000 4.684463 1.343126 2.257527 4.171544 8.306450 0.250000
91 55.047646 38.805283 0.000000 4.395131 1.353458 2.314807 4.385635 9.016218 0.250000
92 54.778587 38.846176 0.000000 4.277365 1.321262 2.194787 4.017370 7.952897 0.250000
93 54.862309 38.794395 0.000000 4.014118 1.303971 2.144358 3.895147 7.675195 0.253411
94 54.549061 38.639919 0.000000 4.116346 1.326054 2.204035 4.029725 7.954334 0.251481
95 54.461136 38.644268 0.000000 3.694569 1.290582 2.082493 3.668518 6.919703 0.250304
96 54.312969 38.655605 0.000000 4.056324 1.344274 2.262739 4.203809 8.461406 0.252107
98 53.445896 38.973747 0.000000 3.086229 1.385763 2.414958 4.662831 9.763426 0.333333
99 53.573711 38.548950 0.000000 2.540528 1.362920 2.328959 4.390417 8.946466 0.251292
101 54.369816 37.681984 0.000000 1.397973 1.268753 2.031154 3.577328 6.815228 0.250000
