%% Trajectory 25
%% frame x (pixel)     y (pixel)    z (pixel)      m0         m1           m2           m3           m4           s 
146 23.232231 34.456120 0.000000 2.667446 1.552389 2.951493 6.178644 13.913670 0.169459
149 23.569599 34.553829 0.000000 2.626881 1.473494 2.697692 5.466565 11.989655 0.348895
150 23.316000 34.508583 0.000000 2.453324 1.451766 2.600816 5.128201 10.899670 0.169808
152 23.554665 34.645218 0.000000 2.883507 1.487396 2.723233 5.485672 11.897398 0.166688
155 23.426685 34.633980 0.000000 2.990548 1.507186 2.808287 5.778497 12.833140 0.166667
156 23.476734 34.776505 0.000000 3.045912 1.493150 2.759388 5.637703 12.448235 0.166667
158 23.578054 34.433247 0.000000 3.623301 1.466840 2.642597 5.223443 11.090645 0.166667
159 23.574175 34.551105 0.000000 3.180632 1.491050 2.742705 5.563041 12.170781 0.166667
160 23.578991 34.603481 0.000000 3.687380 1.474634 2.670878 5.316162 11.385169 0.201845
161 23.643360 34.487049 0.000000 3.364240 1.464706 2.637354 5.206557 11.032001 0.200000
162 23.743309 34.638535 0.000000 3.556697 1.465077 2.653329 5.290040 11.361083 0.166667
163 23.811245 34.649109 0.000000 3.801696 1.475826 2.676682 5.329141 11.394626 0.166667
164 23.713987 34.802330 0.000000 4.088259 1.432405 2.553933 5.025759 10.683460 0.200000
165 23.560579 34.703682 0.000000 4.146044 1.461925 2.635133 5.221005 11.131375 0.346433
166 23.669626 34.730427 0.000000 4.391119 1.433480 2.549868 4.996776 10.562797 0.205622
167 23.643255 34.708294 0.000000 4.559990 1.441189 2.562119 4.999595 10.482845 0.332554
168 23.846128 34.693836 0.000000 4.592822 1.445446 2.592269 5.128977 10.955713 0.391392
169 23.725910 34.636948 0.000000 4.983776 1.428762 2.528771 4.917247 10.283696 0.468142
170 23.834776 34.661301 0.000000 4.414884 1.453183 2.620116 5.218243 11.232637 0.205481
171 23.756369 34.566010 0.000000 4.222303 1.477508 2.688210 5.377525 11.567985 0.207771
172 23.853401 34.594887 0.000000 4.478196 1.381531 2.376840 4.495528 9.158857 0.263505
173 23.789150 34.658962 0.000000 5.125348 1.417601 2.502873 4.874907 10.255103 0.251988
174 23.921255 34.729229 0.000000 4.695743 1.453712 2.626344 5.241142 11.297678 0.203864
175 23.717810 34.543804 0.000000 4.535342 1.439596 2.560924 5.009007 10.548211 0.204513
176 23.829153 34.573601 0.000000 4.471203 1.393454 2.406781 4.556520 9.259496 0.200000
177 23.779346 34.590115 0.000000 4.885147 1.386608 2.398741 4.571354 9.402805 0.200001
178 23.840130 34.567539 0.000000 4.969845 1.412469 2.476474 4.774636 9.911485 0.200000
179 23.932331 34.615341 0.000000 4.653886 1.413297 2.485803 4.815237 10.054446 0.298592
180 23.870346 34.559025 0.000000 4.732727 1.420119 2.504179 4.865691 10.200597 0.203253
181 24.007221 34.547119 0.000000 4.889172 1.408683 2.486214 4.858962 10.293168 0.509847
182 23.865189 34.597858 0.000000 4.600774 1.418398 2.502495 4.869905 10.233255 0.236053
183 23.926321 34.467457 0.000000 4.584726 1.406525 2.460441 4.733457 9.802063 0.201446
184 23.904982 34.527420 0.000000 4.304994 1.431088 2.549790 5.016231 10.663955 0.238274
185 23.851295 34.621948 0.000000 5.025898 1.378585 2.369993 4.486188 9.162263 0.200000
186 23.905310 34.684620 0.000000 4.539490 1.415122 2.494263 4.853698 10.210486 0.246463
187 23.866556 34.655251 0.000000 4.804123 1.406538 2.459994 4.735320 9.820675 0.200045
188 23.853445 34.486591 0.000000 4.235124 1.379803 2.371727 4.484765 9.141855 0.166667
189 23.855402 34.521011 0.000000 4.503879 1.439098 2.578108 5.102805 10.917251 0.166678
190 23.809267 34.477703 0.000000 4.539494 1.397427 2.442544 4.717866 9.862000 0.166667
191 23.864405 34.455029 0.000000 4.540046 1.400195 2.442792 4.701529 9.778299 0.166667
192 23.845171 34.553162 0.000000 4.535363 1.398393 2.439458 4.700401 9.800653 0.200518
193 23.828989 34.659264 0.000000 5.176961 1.408216 2.472690 4.780502 9.960467 0.173059
194 23.789614 34.575745 0.000000 4.873736 1.399909 2.448696 4.735370 9.916526 0.169302
195 23.889666 34.531433 0.000000 4.782205 1.407782 2.478121 4.827613 10.191308 0.234874
196 23.906191 34.364147 0.000000 5.129259 1.408576 2.466153 4.752220 9.869977 0.200937
197 23.943741 34.603245 0.000000 5.071472 1.447890 2.608176 5.189901 11.156307 0.202042
198 23.974855 34.606152 0.000000 5.173606 1.445456 2.600357 5.168544 11.095883 0.308660
199 24.156853 34.570580 0.000000 5.528318 1.446694 2.599942 5.154652 11.028076 0.200000
200 24.137142 34.565533 0.000000 5.364812 1.406253 2.458914 4.737869 9.851433 0.200000
201 24.231369 34.707657 0.000000 5.709057 1.395048 2.432935 4.686060 9.764603 0.200000
202 24.119272 34.732323 0.000000 5.737241 1.394836 2.429151 4.666884 9.687679 0.200000
203 24.162964 34.839611 0.000000 5.116727 1.420227 2.514817 4.917704 10.395866 0.200000
204 24.257561 34.917759 0.000000 5.081397 1.392536 2.422493 4.652385 9.664237 0.201326
205 24.250298 35.280872 0.000000 5.188012 1.406720 2.470180 4.791060 10.050373 0.202593
206 24.206213 35.434513 0.000000 5.543965 1.399372 2.436405 4.669899 9.652866 0.200000
207 24.074387 35.503979 0.000000 5.108105 1.396587 2.427417 4.639510 9.547336 0.200006
208 24.123524 35.675201 0.000000 5.036722 1.376417 2.360617 4.449646 9.031286 0.200000
209 24.361452 35.900253 0.000000 4.972513 1.381713 2.382880 4.529404 9.301496 0.250000
210 24.278219 35.707588 0.000000 4.839555 1.437933 2.564495 5.039149 10.677210 0.293693
211 24.694736 36.213852 0.000000 4.875896 1.406378 2.455216 4.712666 9.741410 0.250001
212 24.981129 36.370747 0.000000 4.222453 1.483508 2.732962 5.563274 12.227665 0.250136
213 24.907887 35.955013 0.000000 3.537238 1.496877 2.783944 5.731907 12.756190 0.250000
214 24.823013 36.355896 0.000000 3.017356 1.373520 2.352498 4.427578 8.974898 0.200076
215 25.360477 36.477547 0.000000 2.820867 1.336712 2.217381 4.012145 7.760007 0.396332
