%% Trajectory 11
%% frame x (pixel)     y (pixel)    z (pixel)      m0         m1           m2           m3           m4           s 
56 42.172890 39.107170 0.000000 1.369708 1.315605 2.181793 3.995188 7.925286 0.250000
57 41.954876 39.015446 0.000000 1.816614 1.386838 2.430850 4.726744 9.973801 0.250000
58 41.943737 39.141171 0.000000 1.625682 1.377909 2.395852 4.610256 9.605375 0.419662
59 42.019650 39.208950 0.000000 1.780049 1.372454 2.375327 4.555558 9.480691 0.333333
60 42.031567 39.195385 0.000000 1.865190 1.332817 2.239854 4.168514 8.427372 0.333334
61 42.251896 39.052094 0.000000 2.139871 1.336389 2.237630 4.119359 8.172071 0.346683
62 42.076839 39.117783 0.000000 2.175743 1.377244 2.398628 4.649319 9.818349 0.473425
63 42.043640 39.124123 0.000000 2.239249 1.375563 2.382542 4.565401 9.474130 0.250007
64 41.912178 39.011719 0.000000 2.722655 1.390727 2.425641 4.674351 9.740175 0.333333
65 42.150928 38.887207 0.000000 2.709287 1.385523 2.407533 4.626287 9.631085 0.333333
66 41.748554 38.921665 0.000000 2.714505 1.362499 2.321689 4.354177 8.804994 0.500000
67 41.878326 38.898758 0.000000 2.976765 1.418885 2.518995 4.947212 10.514619 0.333333
68 42.016861 39.156235 0.000000 2.894656 1.413622 2.511695 4.954379 10.609569 0.333333
69 42.126801 39.111671 0.000000 3.020601 1.365576 2.336868 4.415906 9.025049 0.337028
70 42.001839 39.149551 0.000000 3.110289 1.389137 2.435405 4.745973 10.061386 0.530012
71 41.805740 39.102398 0.000000 3.441581 1.379468 2.366504 4.463243 9.065840 0.333333
72 41.827332 39.135365 0.000000 3.137569 1.370987 2.345895 4.411210 8.928475 0.333333
73 41.689205 39.199432 0.000000 3.394628 1.352060 2.279980 4.223531 8.427236 0.200000
74 41.824017 39.214909 0.000000 3.398715 1.376651 2.354456 4.419973 8.924266 0.200000
75 41.895630 39.095661 0.000000 3.325996 1.379003 2.380326 4.529641 9.304878 0.200000
76 41.672409 39.006649 0.000000 3.489657 1.393166 2.436453 4.709866 9.850473 0.200000
77 41.803238 39.037479 0.000000 3.466191 1.389015 2.407395 4.595520 9.460355 0.250000
78 41.830479 38.987564 0.000000 3.370030 1.373736 2.366878 4.507160 9.291179 0.166667
79 41.576706 38.801144 0.000000 3.144049 1.351938 2.296950 4.310690 8.763895 0.200000
80 41.293919 38.714233 0.000000 3.476543 1.332965 2.232135 4.121459 8.235310 0.200000
81 41.278656 38.630520 0.000000 3.487135 1.359539 2.318155 4.370930 8.941003 0.166667
82 41.062920 38.362816 0.000000 3.125563 1.375552 2.380018 4.561656 9.486953 0.250000
83 40.874001 38.325848 0.000000 3.379242 1.339682 2.230526 4.056426 7.895773 0.200000
84 41.000328 38.258621 0.000000 3.261386 1.347211 2.285883 4.285894 8.699756 0.200000
86 40.407825 37.605930 0.000000 3.081352 1.337126 2.230643 4.075988 7.994720 0.166667
87 40.276577 37.201935 0.000000 2.361446 1.368815 2.352262 4.476049 9.244677 0.219643
88 40.786537 36.718338 0.000000 2.331751 1.363883 2.329195 4.388667 8.940014 0.176249
89 41.269936 36.497990 0.000000 2.221320 1.383088 2.378291 4.487570 9.099871 0.143449
92 39.822605 35.029518 0.000000 1.282174 1.482606 2.735218 5.576211 12.265734 0.170832
