%% Trajectory 6
%% frame x (pixel)     y (pixel)    z (pixel)      m0         m1           m2           m3           m4           s 
10 50.598351 22.387478 0.000000 1.706861 1.239940 1.938516 3.314075 6.092382 0.200000
11 50.568508 22.319128 0.000000 1.999956 1.289886 2.085955 3.688293 6.995505 0.200000
12 50.479767 22.195480 0.000000 1.796691 1.259346 1.997149 3.467980 6.480734 0.200000
13 50.582222 22.393526 0.000000 2.153031 1.280003 2.051496 3.595431 6.766337 0.200000
14 50.578518 22.322224 0.000000 1.982549 1.319180 2.207223 4.097240 8.288742 0.200000
15 50.735985 22.353964 0.000000 1.917522 1.284044 2.073427 3.679539 7.053301 0.200125
16 50.657894 22.321770 0.000000 2.072912 1.271238 2.032913 3.566522 6.745726 0.200026
17 50.672710 22.458763 0.000000 2.050488 1.274181 2.040390 3.583489 6.784238 0.166669
18 50.584438 22.503893 0.000000 2.444215 1.289048 2.077167 3.654593 6.887150 0.200000
19 50.570080 22.604000 0.000000 2.393025 1.265419 2.007900 3.481852 6.480364 0.200000
20 50.646919 22.424864 0.000000 2.715310 1.293825 2.095304 3.710370 7.050298 0.250032
21 50.641449 22.389862 0.000000 2.818234 1.286478 2.065945 3.622914 6.808175 0.250000
22 50.485069 22.570070 0.000000 3.387690 1.325691 2.185695 3.931355 7.560668 0.408543
23 50.681541 22.621521 0.000000 2.883058 1.307342 2.143576 3.861163 7.503952 0.250002
24 50.621098 22.673611 0.000000 2.994228 1.290352 2.089163 3.696681 7.012261 0.250000
25 50.609695 22.659105 0.000000 3.122166 1.273948 2.038016 3.567865 6.712861 0.250869
26 50.647053 22.607851 0.000000 3.471812 1.296871 2.096492 3.697817 6.979822 0.263957
27 50.575081 22.339346 0.000000 3.236442 1.285454 2.066699 3.627491 6.819635 0.278559
28 50.491268 22.527504 0.000000 3.586095 1.283870 2.064665 3.629121 6.843765 0.250012
29 50.517132 22.548702 0.000000 3.668566 1.293872 2.092411 3.692370 6.972158 0.250518
30 50.536148 22.530886 0.000000 3.386468 1.300500 2.111131 3.741107 7.097564 0.200000
31 50.478634 22.507122 0.000000 3.426307 1.272614 2.032667 3.546111 6.631820 0.200000
32 50.565773 22.670126 0.000000 3.319892 1.275667 2.040662 3.572871 6.725661 0.200000
33 50.753242 22.514679 0.000000 3.595707 1.286696 2.073424 3.655165 6.920334 0.200000
34 50.685719 22.573601 0.000000 3.701209 1.261938 2.001096 3.468109 6.451597 0.166667
35 50.685139 22.526604 0.000000 3.868186 1.285711 2.078890 3.690106 7.064932 0.200000
36 50.743912 22.618828 0.000000 3.660217 1.318152 2.165723 3.891717 7.502965 0.200000
37 50.721729 22.637781 0.000000 4.366749 1.264306 2.006428 3.479423 6.475116 0.200000
38 50.752991 22.727402 0.000000 3.793996 1.301103 2.113798 3.747553 7.107280 0.166667
39 50.765163 22.756168 0.000000 4.346795 1.299751 2.114594 3.763155 7.187222 0.200000
40 50.585094 22.620672 0.000000 4.448235 1.293844 2.092064 3.691412 6.970180 0.200000
41 50.608841 22.712885 0.000000 4.229832 1.292957 2.087447 3.681968 6.962782 0.200000
42 50.398266 22.634188 0.000000 4.133252 1.276122 2.040342 3.562779 6.668371 0.200000
43 50.174011 22.884970 0.000000 4.514001 1.319121 2.186209 3.986453 7.843307 0.200000
44 49.990959 22.781984 0.000000 3.988071 1.362020 2.323499 4.369759 8.877900 0.200000
45 49.875484 22.853762 0.000000 4.201728 1.366014 2.337533 4.406315 8.965935 0.166667
46 49.612209 22.941860 0.000000 3.422770 1.386073 2.419030 4.676056 9.800241 0.166667
47 49.529514 22.939798 0.000000 2.943557 1.332498 2.246208 4.194236 8.506409 0.166667
48 49.580315 22.981918 0.000000 2.842525 1.314041 2.205619 4.130452 8.472661 0.142857
49 49.390060 23.090025 0.000000 2.981277 1.321068 2.195777 4.031829 8.029572 0.142857
51 49.536777 24.149986 0.000000 2.266187 1.324460 2.223481 4.136670 8.362684 0.137947
52 49.682060 24.206400 0.000000 1.572775 1.198235 1.843719 3.131467 5.796050 0.142961
