%% Trajectory 30
%% frame x (pixel)     y (pixel)    z (pixel)      m0         m1           m2           m3           m4           s 
156 16.550978 42.460224 0.000000 1.712068 1.382162 2.402850 4.632597 9.703065 0.142864
159 16.697552 42.524349 0.000000 1.434354 1.286596 2.111863 3.869449 7.784466 0.179216
160 16.421324 42.881031 0.000000 1.504724 1.335849 2.272314 4.305345 8.900349 0.204744
163 16.450232 42.698494 0.000000 1.629520 1.274860 2.067236 3.734464 7.407273 0.251161
164 16.629999 42.672066 0.000000 1.754078 1.302151 2.148753 3.947799 7.941268 0.167785
165 16.427090 42.599712 0.000000 1.745335 1.320749 2.188874 4.001978 7.930823 0.166858
166 16.546928 42.676746 0.000000 2.058288 1.295152 2.120545 3.845834 7.599068 0.200000
167 16.736811 42.632095 0.000000 1.872091 1.299924 2.133771 3.876889 7.664060 0.200170
168 16.317858 42.580563 0.000000 2.189312 1.278290 2.047386 3.583492 6.726776 0.200001
169 16.370872 42.542164 0.000000 2.499656 1.280661 2.049520 3.582757 6.715178 0.200085
170 16.229326 42.513073 0.000000 2.164246 1.296930 2.105495 3.740871 7.139298 0.200000
171 16.392509 42.526157 0.000000 2.800139 1.314844 2.157704 3.882302 7.519218 0.200020
172 16.274693 42.351376 0.000000 2.338080 1.271696 2.025899 3.528614 6.600812 0.200010
173 16.301468 42.537880 0.000000 2.694108 1.272455 2.041535 3.604349 6.888382 0.200000
174 16.343040 42.413086 0.000000 2.622749 1.294919 2.094425 3.707754 7.053917 0.200000
175 16.281031 42.365147 0.000000 2.425701 1.283438 2.065927 3.645904 6.930094 0.200000
176 16.494078 42.544914 0.000000 2.860302 1.244997 1.947777 3.332022 6.129638 0.200001
177 16.528999 42.534306 0.000000 2.859630 1.273488 2.028522 3.533491 6.612350 0.281637
178 16.437506 42.590588 0.000000 2.878992 1.278285 2.041390 3.562186 6.668806 0.203350
179 16.402092 42.441788 0.000000 2.562122 1.249465 1.962299 3.368744 6.214939 0.166667
180 16.366472 42.375683 0.000000 2.620048 1.262468 2.005727 3.494219 6.563350 0.166733
181 16.248098 42.466816 0.000000 2.422475 1.250445 1.972898 3.416776 6.390684 0.250059
182 16.441198 42.467365 0.000000 2.373528 1.219887 1.880537 3.172423 5.767480 0.250000
183 16.361263 42.578930 0.000000 2.293967 1.231945 1.915325 3.256627 5.958503 0.200000
184 16.425959 42.437222 0.000000 2.704832 1.294809 2.095997 3.712072 7.060266 0.250000
185 16.340517 42.472137 0.000000 2.789294 1.285099 2.059342 3.604009 6.761200 0.250002
186 16.367460 42.561043 0.000000 2.690286 1.232781 1.917435 3.261449 5.968611 0.250000
187 16.552990 42.705597 0.000000 2.470547 1.255049 2.000739 3.525981 6.766696 0.250738
188 16.345448 42.500183 0.000000 2.658795 1.230165 1.906764 3.233044 5.903246 0.200000
189 16.419083 42.353786 0.000000 2.741047 1.262096 1.999829 3.462964 6.436415 0.250000
190 16.273394 42.557529 0.000000 2.536486 1.216560 1.867220 3.134123 5.668578 0.200000
191 16.399220 42.265823 0.000000 2.797387 1.221874 1.884067 3.178134 5.775795 0.250000
192 16.451202 42.403275 0.000000 2.728424 1.247777 1.962060 3.374350 6.237975 0.250000
193 16.593330 42.088280 0.000000 2.856287 1.307196 2.135077 3.819270 7.340611 0.250000
194 16.790071 41.787823 0.000000 2.513315 1.303575 2.135624 3.840145 7.437160 0.250000
195 16.934088 41.784431 0.000000 2.350050 1.290446 2.104613 3.778277 7.325824 0.250000
196 16.874783 41.716915 0.000000 2.419016 1.284504 2.077247 3.680475 7.011550 0.250000
197 17.063173 41.660183 0.000000 2.197013 1.273550 2.047263 3.618132 6.906716 0.250000
198 17.331841 41.479855 0.000000 1.758533 1.226002 1.906775 3.252541 5.989491 0.250000
