%% Trajectory 27
%% frame x (pixel)     y (pixel)    z (pixel)      m0         m1           m2           m3           m4           s 
118 20.328615 22.351492 0.000000 0.777906 1.249381 1.992538 3.525213 6.817861 0.200887
121 20.134592 22.455435 0.000000 0.900767 1.254782 2.022545 3.646936 7.257050 0.250000
122 20.283840 22.243429 0.000000 0.951211 1.175184 1.768039 2.918161 5.216293 0.250001
123 19.878180 22.226841 0.000000 1.140352 1.322034 2.192623 3.995747 7.848874 0.250001
124 20.139210 22.662745 0.000000 1.263391 1.251546 1.992601 3.493290 6.632370 0.252215
126 20.243509 22.337049 0.000000 1.544824 1.226633 1.896835 3.212959 5.869934 0.250006
127 20.052799 22.514402 0.000000 1.484866 1.228451 1.929858 3.339629 6.263751 0.253325
128 20.083054 22.318354 0.000000 1.771089 1.291792 2.101876 3.759235 7.253450 0.251088
129 20.369699 22.440790 0.000000 2.038440 1.269704 2.030651 3.571336 6.795488 0.250005
130 20.214970 22.490887 0.000000 1.698202 1.337846 2.253494 4.209788 8.564700 0.451315
131 20.274401 22.384407 0.000000 1.879568 1.234866 1.930054 3.318836 6.188385 0.200419
132 20.451992 22.530003 0.000000 2.135625 1.283752 2.061627 3.615933 6.796140 0.202017
133 20.288298 22.298725 0.000000 2.149876 1.251360 1.969751 3.392969 6.286056 0.292184
134 20.180586 22.243963 0.000000 2.594724 1.321559 2.185424 3.969769 7.771470 0.423116
135 20.322386 22.289949 0.000000 2.887011 1.274847 2.036555 3.557989 6.675658 0.250003
136 20.307602 22.240276 0.000000 2.861086 1.288202 2.083078 3.693506 7.049184 0.200150
137 20.453989 22.407530 0.000000 2.879933 1.273527 2.038476 3.571718 6.728137 0.250000
138 20.378292 22.391886 0.000000 2.765233 1.251438 1.969757 3.390723 6.273604 0.250000
139 20.397583 22.242191 0.000000 3.187910 1.266475 2.013483 3.499166 6.528861 0.250000
140 20.479385 22.297340 0.000000 3.820957 1.280885 2.053917 3.596200 6.746479 0.250000
141 20.508476 22.454096 0.000000 3.712622 1.273644 2.031939 3.541461 6.619938 0.250000
142 20.771946 22.395050 0.000000 3.876503 1.292976 2.108057 3.792086 7.400338 0.250000
143 20.916277 22.351107 0.000000 3.692788 1.302414 2.123909 3.795960 7.295114 0.250000
144 21.171633 22.519997 0.000000 4.016376 1.304483 2.125908 3.785661 7.223001 0.250000
145 21.222961 22.449436 0.000000 3.763716 1.336059 2.241964 4.156826 8.361690 0.250000
146 21.377890 22.669561 0.000000 3.400162 1.275697 2.038306 3.557265 6.656343 0.250000
147 21.517487 22.754190 0.000000 3.633984 1.287681 2.077061 3.662959 6.930995 0.250000
148 21.591475 22.787176 0.000000 3.219073 1.310955 2.148799 3.855123 7.424301 0.267169
149 21.857559 22.915140 0.000000 3.364153 1.356540 2.313504 4.370472 8.964704 0.301681
150 21.786489 22.849289 0.000000 4.068114 1.389121 2.415329 4.644896 9.677486 0.250000
152 22.612705 23.056669 0.000000 3.257385 1.350945 2.266844 4.159678 8.176184 0.250058
155 21.868412 23.500053 0.000000 1.813736 1.481412 2.709032 5.466987 11.905415 0.327044
