%% Trajectory 16
%% frame x (pixel)     y (pixel)    z (pixel)      m0         m1           m2           m3           m4           s 
47 52.851578 28.631178 0.000000 1.618050 1.522214 2.925544 6.294481 14.743886 0.143291
48 52.495789 28.905346 0.000000 1.922327 1.608185 3.173039 6.888929 16.050724 0.273029
49 52.695992 28.640213 0.000000 2.071438 1.495940 2.763162 5.639217 12.429945 0.166667
50 52.441299 28.538246 0.000000 2.431515 1.494045 2.758228 5.621351 12.363976 0.201042
51 51.984421 28.642551 0.000000 2.272110 1.456996 2.674770 5.469666 12.166149 0.200000
52 52.368233 28.534319 0.000000 2.803708 1.519691 2.885730 6.081777 13.870625 0.329265
53 52.582745 28.511309 0.000000 2.612146 1.502675 2.778213 5.653834 12.376692 0.337022
54 52.773472 28.379583 0.000000 2.876783 1.444113 2.593040 5.135068 10.972538 0.333333
55 52.190678 28.545223 0.000000 3.257984 1.480627 2.723538 5.547252 12.231615 0.250000
56 52.322605 28.351072 0.000000 2.649556 1.466366 2.671721 5.383052 11.725482 0.203189
57 52.312012 28.602472 0.000000 2.991366 1.481412 2.720723 5.510236 12.028156 0.250000
58 52.262947 28.596481 0.000000 3.419994 1.506337 2.824948 5.878643 13.249598 0.250000
59 52.349297 28.771933 0.000000 3.411433 1.458547 2.648706 5.325625 11.593727 0.250074
60 52.418980 28.644770 0.000000 3.609652 1.437619 2.565900 5.047970 10.712681 0.250224
61 52.368179 28.514019 0.000000 3.933447 1.389226 2.398561 4.551538 9.305940 0.200000
62 51.991020 28.607561 0.000000 3.731098 1.445797 2.612880 5.233882 11.364716 0.250001
63 51.898369 28.671667 0.000000 4.079699 1.447919 2.612479 5.222900 11.319571 0.250000
64 52.373962 28.739809 0.000000 4.348153 1.464578 2.653549 5.308015 11.468004 0.200000
65 52.205719 28.725859 0.000000 4.264306 1.451260 2.631744 5.297298 11.569999 0.200457
66 51.941975 29.084438 0.000000 4.407913 1.464573 2.674455 5.406595 11.816123 0.250000
67 51.757858 29.102175 0.000000 4.350863 1.411731 2.500746 4.911793 10.466745 0.251737
68 51.614456 29.096222 0.000000 4.567567 1.417927 2.510776 4.921170 10.449023 0.250000
69 51.602798 29.146820 0.000000 4.979773 1.391480 2.423950 4.665434 9.718984 0.250000
70 51.312576 29.227951 0.000000 4.774103 1.348683 2.273033 4.205730 8.374837 0.250000
71 51.006393 29.447660 0.000000 4.803669 1.406089 2.477622 4.835807 10.234649 0.250000
72 50.629181 29.494379 0.000000 4.300747 1.403964 2.456905 4.755573 9.974128 0.250000
73 50.616173 29.590263 0.000000 3.491931 1.404094 2.471191 4.831542 10.281284 0.250000
74 50.530254 29.824942 0.000000 3.032780 1.450788 2.609442 5.176926 11.081923 0.251498
75 50.844337 30.051695 0.000000 2.916435 1.540918 2.948441 6.250504 14.313542 0.250000
77 50.137012 30.527359 0.000000 1.928803 1.521921 2.902564 6.151686 14.115458 0.250001
