%% Trajectory 37
%% frame x (pixel)     y (pixel)    z (pixel)      m0         m1           m2           m3           m4           s 
180 27.227991 52.211899 0.000000 1.247672 1.208119 1.878393 3.231485 6.067470 0.379145
181 27.219185 52.372879 0.000000 1.233309 1.167036 1.749769 2.877458 5.122310 0.200000
182 27.314840 52.550491 0.000000 1.052561 1.100120 1.562893 2.423954 4.078875 0.250000
183 27.458227 52.195065 0.000000 1.417611 1.220931 1.884287 3.187721 5.821166 0.200192
184 27.375635 52.294659 0.000000 1.321992 1.171216 1.760323 2.924616 5.323282 0.200000
185 27.307655 52.363060 0.000000 1.149672 1.158825 1.731244 2.837434 5.035912 0.200000
186 27.430632 52.171131 0.000000 1.430413 1.184665 1.781407 2.935560 5.236001 0.200000
187 27.507444 52.061340 0.000000 1.531515 1.216441 1.880838 3.189943 5.839557 0.200588
188 27.597704 52.444221 0.000000 2.242665 1.211780 1.860322 3.124207 5.653498 0.200038
189 27.620121 52.386059 0.000000 2.229003 1.203074 1.832778 3.060729 5.529879 0.203949
190 27.496193 52.312824 0.000000 1.880303 1.214628 1.858011 3.111186 5.622352 0.200014
191 27.748512 52.344662 0.000000 1.894493 1.160411 1.712088 2.761078 4.817204 0.200000
192 27.790083 52.325142 0.000000 2.474510 1.235901 1.931017 3.306581 6.104697 0.200000
193 27.845348 52.451080 0.000000 2.848105 1.277962 2.046162 3.584766 6.746920 0.250000
194 27.645180 52.226711 0.000000 2.505132 1.261153 1.998306 3.460975 6.434811 0.200000
195 27.896517 52.317368 0.000000 2.799149 1.312760 2.161118 3.908934 7.620956 0.202195
196 27.825687 52.153164 0.000000 2.677529 1.272551 2.063361 3.697031 7.197256 0.250000
197 27.923885 52.089352 0.000000 2.826178 1.350857 2.308355 4.376588 9.026672 0.286438
198 27.930046 52.302738 0.000000 2.695470 1.340217 2.285076 4.340931 9.012525 0.280362
199 27.902603 52.117741 0.000000 2.483509 1.319923 2.207141 4.090899 8.247451 0.277867
200 27.937271 52.206814 0.000000 2.825462 1.329756 2.234424 4.161919 8.428185 0.202201
201 28.032082 52.176769 0.000000 3.293351 1.325360 2.242565 4.230705 8.729179 0.284630
202 27.806236 52.261364 0.000000 3.058600 1.296542 2.121933 3.829451 7.490593 0.250000
203 28.011644 51.980019 0.000000 3.021880 1.367198 2.374283 4.580794 9.605348 0.333333
204 27.745842 51.861938 0.000000 3.156449 1.298107 2.125243 3.834848 7.492373 0.166667
205 27.687359 52.001286 0.000000 2.627001 1.305172 2.132460 3.816694 7.337866 0.166667
206 27.883820 51.813587 0.000000 3.332828 1.315344 2.175584 3.969080 7.845591 0.250000
207 27.903915 51.713913 0.000000 2.954285 1.318611 2.196529 4.050392 8.122082 0.200000
208 28.339281 51.641506 0.000000 3.407872 1.268153 2.014566 3.496974 6.514444 0.250000
209 28.362368 51.582645 0.000000 2.972125 1.326785 2.214150 4.085381 8.187116 0.250000
210 28.525991 51.507172 0.000000 3.048100 1.305631 2.165710 3.997936 8.077303 0.250015
211 28.613401 51.262619 0.000000 2.934299 1.339076 2.256608 4.204812 8.506105 0.200000
212 28.483095 51.246864 0.000000 3.082029 1.329882 2.213310 4.054673 8.027507 0.250081
213 28.414801 51.178253 0.000000 2.741472 1.381172 2.382383 4.523551 9.262164 0.200000
214 28.654089 51.208149 0.000000 2.306729 1.371297 2.367000 4.548361 9.544179 0.200000
215 29.009027 51.022671 0.000000 2.345980 1.427501 2.587193 5.224375 11.475483 0.200095
216 29.689178 51.439125 0.000000 2.412469 1.479674 2.772327 5.833152 13.423101 0.229895
217 29.574228 51.434731 0.000000 2.152901 1.383004 2.435569 4.803712 10.387747 0.200000
218 29.874128 51.684505 0.000000 1.846563 1.582501 3.077383 6.604458 15.249550 0.202144
220 30.340000 51.578457 0.000000 1.658008 1.635683 3.247583 7.069229 16.469109 0.242606
