%% Trajectory 21
%% frame x (pixel)     y (pixel)    z (pixel)      m0         m1           m2           m3           m4           s 
43 9.123298 42.360779 0.000000 0.911705 1.466356 2.727872 5.672346 12.843760 0.174866
44 9.616064 42.537708 0.000000 0.929644 1.514486 2.846729 5.917240 13.281938 0.250699
45 9.439895 42.630020 0.000000 0.835029 1.487835 2.756511 5.652264 12.530358 0.175134
47 9.372976 42.186481 0.000000 0.978832 1.648582 3.339181 7.468096 17.944120 0.166667
49 9.024828 42.449123 0.000000 0.702249 1.359505 2.347731 4.511754 9.446231 0.250000
51 10.274472 42.620777 0.000000 1.274851 1.502361 2.790920 5.720543 12.640666 0.250171
53 10.116344 42.665676 0.000000 1.226377 1.415173 2.523928 5.004632 10.790445 0.250000
54 10.023466 42.597160 0.000000 1.411371 1.464741 2.671182 5.377305 11.677760 0.343142
56 10.185468 42.199688 0.000000 1.569937 1.490306 2.801556 5.882046 13.436027 0.305774
57 10.494197 42.418892 0.000000 1.539239 1.508064 2.831092 5.898388 13.303910 0.251627
58 10.565625 42.506790 0.000000 1.619598 1.416984 2.496075 4.842783 10.135374 0.253840
59 10.045216 42.470413 0.000000 1.832893 1.441810 2.608057 5.251360 11.504550 0.250002
60 10.667546 42.022472 0.000000 1.672576 1.475272 2.711461 5.519210 12.145240 0.262615
62 10.582009 42.824074 0.000000 2.096147 1.479133 2.713595 5.486137 11.944936 0.264229
63 10.571511 42.519936 0.000000 2.576667 1.388186 2.392157 4.531255 9.250897 0.250000
64 10.388967 42.602962 0.000000 2.761012 1.404096 2.439869 4.651359 9.529774 0.417512
65 10.559308 42.605152 0.000000 2.932982 1.436391 2.574221 5.116600 11.041903 0.333379
66 10.996740 42.504322 0.000000 2.503857 1.469898 2.716010 5.597179 12.551349 0.250000
67 10.667229 42.558220 0.000000 3.124024 1.500055 2.805311 5.821830 13.087994 0.333353
68 10.982368 42.745449 0.000000 3.255221 1.409189 2.503415 4.954618 10.685129 0.374657
69 10.610881 42.607292 0.000000 2.943723 1.305939 2.139254 3.835961 7.386559 0.252668
70 10.709042 42.678593 0.000000 3.292581 1.448679 2.609522 5.194503 11.178215 0.333333
71 11.038322 42.696075 0.000000 3.384340 1.450981 2.645024 5.366293 11.835731 0.250000
72 10.705508 42.467590 0.000000 3.284472 1.439305 2.572227 5.080333 10.854034 0.333333
73 10.983181 42.503296 0.000000 3.272228 1.387724 2.444139 4.822720 10.437332 0.250000
74 11.083446 42.472076 0.000000 3.431179 1.450058 2.634043 5.312372 11.626261 0.250000
75 11.083687 42.619465 0.000000 3.265725 1.451414 2.648619 5.378973 11.874887 0.333333
76 10.669897 42.592388 0.000000 3.427887 1.474203 2.717578 5.569464 12.397256 0.333333
77 11.060055 42.478268 0.000000 3.873832 1.382315 2.416182 4.710256 10.033037 0.333333
78 11.155398 42.498970 0.000000 3.727244 1.445640 2.614353 5.253157 11.469259 0.500000
79 11.194987 42.507042 0.000000 4.312800 1.426067 2.532870 4.978786 10.604437 0.500000
80 11.158609 42.530903 0.000000 4.173636 1.378737 2.383131 4.557415 9.451842 0.500000
81 11.102141 42.487442 0.000000 4.078097 1.479301 2.722533 5.554737 12.277286 0.333333
82 11.107945 42.407932 0.000000 4.481260 1.428717 2.555697 5.071697 10.922744 0.333333
83 11.368809 42.258972 0.000000 4.326912 1.405643 2.461377 4.758145 9.948953 0.333333
84 11.368519 42.141670 0.000000 4.347500 1.414728 2.504068 4.914333 10.466923 0.333333
85 11.639594 42.068432 0.000000 4.305711 1.458654 2.652882 5.333554 11.583014 0.500000
86 11.679269 41.831264 0.000000 4.335110 1.407020 2.472327 4.806568 10.126287 0.500000
87 11.924852 41.841774 0.000000 3.970269 1.382366 2.442078 4.841232 10.523950 0.500000
88 11.643147 41.811287 0.000000 4.003816 1.448478 2.620450 5.250988 11.399117 0.500000
90 12.283545 40.442970 0.000000 3.857829 1.401015 2.462737 4.804101 10.180602 0.333333
91 12.147643 40.155098 0.000000 3.748669 1.408496 2.478165 4.807380 10.063143 0.333336
93 12.446149 39.010082 0.000000 1.787308 1.354718 2.345953 4.544228 9.622785 0.500000
94 12.506880 39.512569 0.000000 1.995998 1.436089 2.577111 5.118784 10.987845 0.333333
97 12.913638 40.268768 0.000000 0.891513 1.468257 2.806701 6.053861 14.279277 0.269044
