%% Trajectory 29
%% frame x (pixel)     y (pixel)    z (pixel)      m0         m1           m2           m3           m4           s 
136 32.929836 17.703081 0.000000 2.843406 1.293646 2.106608 3.770915 7.281608 0.150180
137 33.024845 17.789845 0.000000 2.910088 1.312378 2.176499 3.990978 7.943591 0.204107
138 33.188412 17.729671 0.000000 3.057637 1.291406 2.102915 3.765208 7.279788 0.150230
139 32.960453 17.763674 0.000000 2.978333 1.334606 2.228677 4.087559 8.069628 0.244413
140 32.916622 17.872520 0.000000 2.654434 1.318328 2.193788 4.024794 7.984170 0.142904
141 33.202011 17.742796 0.000000 2.717011 1.260287 1.999447 3.469172 6.463521 0.223132
142 33.263454 17.822653 0.000000 2.995211 1.298290 2.112040 3.757779 7.169806 0.177331
143 33.047066 17.663021 0.000000 2.786623 1.312960 2.156912 3.879714 7.490574 0.166802
144 33.070679 17.772181 0.000000 3.099060 1.302292 2.140342 3.879191 7.611856 0.166667
145 33.060524 17.880426 0.000000 2.946767 1.311650 2.169298 3.953177 7.786906 0.200000
146 33.248405 17.789574 0.000000 3.309057 1.271632 2.033071 3.552414 6.656657 0.274041
147 33.188145 17.821568 0.000000 3.002323 1.313474 2.159392 3.886406 7.507364 0.200000
148 33.102932 17.658897 0.000000 3.082147 1.315208 2.167100 3.915550 7.608311 0.200300
149 33.351582 17.794115 0.000000 3.368077 1.293079 2.104327 3.755620 7.216386 0.167804
150 33.175220 17.729874 0.000000 2.879847 1.307094 2.133977 3.811426 7.307039 0.200000
151 33.350670 17.696068 0.000000 3.149069 1.276360 2.039188 3.558528 6.657889 0.200028
152 33.382450 17.886002 0.000000 3.277394 1.325921 2.209360 4.052479 8.028284 0.325315
153 33.542881 17.982718 0.000000 3.042880 1.306049 2.151941 3.909222 7.691636 0.175408
154 33.639477 18.015583 0.000000 3.425392 1.337797 2.257777 4.218304 8.560829 0.249909
155 33.727264 18.379313 0.000000 3.531736 1.299523 2.114526 3.767108 7.211851 0.190304
156 33.825012 18.202354 0.000000 3.230184 1.333097 2.229674 4.112759 8.209509 0.166667
157 34.104477 18.598028 0.000000 3.270843 1.341014 2.250717 4.153768 8.269682 0.169825
158 33.906883 18.720041 0.000000 3.372301 1.355060 2.305765 4.328011 8.780255 0.169035
160 33.386635 18.729464 0.000000 2.848658 1.280965 2.056461 3.612032 6.815400 0.252629
162 33.702946 18.491308 0.000000 2.183005 1.373020 2.350831 4.427526 8.980909 0.166964
