%% Trajectory 12
%% frame x (pixel)     y (pixel)    z (pixel)      m0         m1           m2           m3           m4           s 
48 53.886990 50.637032 0.000000 1.659552 1.220160 1.892033 3.215482 5.892270 0.200000
49 53.740776 50.649265 0.000000 2.501516 1.236407 1.933847 3.319123 6.154365 0.250000
50 53.628883 50.666218 0.000000 2.793406 1.259478 1.989215 3.434444 6.369942 0.250002
51 53.725037 50.770290 0.000000 2.920837 1.238359 1.930576 3.292840 6.045017 0.250000
52 53.596600 50.795074 0.000000 3.683210 1.236926 1.931171 3.305705 6.108591 0.333333
53 53.741676 50.625347 0.000000 3.995744 1.285658 2.078172 3.693814 7.095781 0.333333
54 53.649948 50.555061 0.000000 4.707552 1.285100 2.063830 3.618611 6.796914 0.250000
55 53.830170 50.460205 0.000000 4.570745 1.284645 2.074122 3.673057 7.007654 0.333333
56 53.774822 50.455437 0.000000 4.712648 1.261098 1.998772 3.462277 6.437388 0.333333
57 53.705246 50.550419 0.000000 4.292419 1.278609 2.049454 3.591008 6.751287 0.333333
58 53.671288 50.457321 0.000000 4.839036 1.280365 2.050142 3.584902 6.718913 0.333333
59 53.626717 50.568291 0.000000 5.070138 1.283440 2.061071 3.614789 6.794130 0.333333
60 53.610413 50.649960 0.000000 5.639189 1.302566 2.124626 3.798219 7.302566 0.333335
61 53.521023 50.530136 0.000000 5.704849 1.288870 2.077114 3.653750 6.881430 0.333333
62 53.514622 50.471794 0.000000 5.100302 1.299197 2.106657 3.726442 7.050623 0.333333
63 53.414436 50.401398 0.000000 5.105445 1.308599 2.131291 3.786372 7.193312 0.333333
64 53.277397 50.099930 0.000000 5.280073 1.359388 2.322648 4.391194 9.004128 0.333333
65 53.156860 49.906879 0.000000 5.105734 1.369652 2.349953 4.449107 9.109126 0.333333
66 53.115917 49.766926 0.000000 4.926310 1.342832 2.265238 4.216168 8.492364 0.333333
67 52.852676 49.568287 0.000000 5.046437 1.362432 2.317406 4.336209 8.746280 0.333333
68 52.928703 49.370586 0.000000 4.816820 1.317436 2.170125 3.911726 7.563584 0.333333
69 52.647285 49.316929 0.000000 4.314459 1.294296 2.093735 3.695841 6.980437 0.250000
70 52.954086 49.652393 0.000000 4.283359 1.344680 2.266348 4.204727 8.420310 0.250000
71 52.602894 50.103298 0.000000 3.816114 1.341101 2.251978 4.155792 8.266512 0.251423
73 52.245819 48.825668 0.000000 3.074836 1.342290 2.263675 4.215565 8.507522 0.250019
74 52.196075 48.567947 0.000000 2.521460 1.339161 2.257227 4.194098 8.424236 0.250000
