%% Trajectory 9
%% frame x (pixel)     y (pixel)    z (pixel)      m0         m1           m2           m3           m4           s 
32 22.815069 35.634281 0.000000 1.842903 1.277729 2.056420 3.632707 6.920372 0.275590
33 22.779207 35.547771 0.000000 1.898231 1.263620 2.006072 3.480786 6.482333 0.200000
34 22.647451 35.669449 0.000000 2.090284 1.270287 2.037436 3.601446 6.904364 0.200000
35 22.685455 35.541286 0.000000 2.227321 1.271656 2.027025 3.529690 6.591887 0.200000
36 22.708546 35.488152 0.000000 2.594947 1.292639 2.091708 3.702853 7.038467 0.271320
37 22.784430 35.412281 0.000000 2.463350 1.276269 2.039392 3.561201 6.671504 0.250041
38 22.647909 35.461365 0.000000 2.534664 1.259155 1.996477 3.469381 6.496356 0.250000
39 22.712471 35.210976 0.000000 2.455466 1.283457 2.086361 3.755373 7.365325 0.250000
40 22.535709 35.280304 0.000000 2.571080 1.282546 2.063322 3.629165 6.849454 0.250034
41 22.664387 35.266735 0.000000 2.494820 1.279357 2.049790 3.594577 6.776793 0.250002
42 22.515194 35.357071 0.000000 2.756478 1.272102 2.033404 3.565285 6.739954 0.250000
43 22.507004 35.256355 0.000000 2.573474 1.305215 2.121596 3.760468 7.125799 0.250000
44 22.517643 35.059959 0.000000 2.585365 1.302968 2.136289 3.845078 7.451509 0.250000
45 22.626127 35.059441 0.000000 2.832612 1.311407 2.156770 3.893187 7.565485 0.250000
46 22.846357 34.986507 0.000000 2.687510 1.379255 2.373996 4.496707 9.177621 0.250001
47 23.041176 34.614040 0.000000 3.020573 1.361788 2.333371 4.430121 9.135455 0.250028
48 23.246880 34.620262 0.000000 2.736190 1.295284 2.127306 3.877326 7.714990 0.200029
49 23.419767 34.714584 0.000000 2.963845 1.276696 2.056164 3.635037 6.930459 0.250000
50 23.712019 34.569427 0.000000 2.641421 1.355447 2.301141 4.325217 8.837732 0.250000
51 23.589024 34.322502 0.000000 2.895952 1.327968 2.218585 4.088495 8.158884 0.250000
53 23.616865 35.674606 0.000000 2.313898 1.297879 2.110275 3.763510 7.229662 0.333333
54 23.813669 35.917706 0.000000 1.826560 1.353868 2.319453 4.406573 9.099672 0.250134
55 23.599623 35.642948 0.000000 1.277351 1.245449 1.950894 3.341563 6.154117 0.250000
