%% Trajectory 58
%% frame x (pixel)     y (pixel)    z (pixel)      m0         m1           m2           m3           m4           s 
129 63.511505 46.582077 0.000000 1.508227 1.414960 2.534583 5.071782 11.075774 0.222046
130 64.069656 46.842072 0.000000 1.504223 1.374271 2.361982 4.474459 9.149776 0.333333
131 63.569424 47.125027 0.000000 1.239575 1.351322 2.304497 4.373179 9.056245 0.200005
132 63.489460 47.061741 0.000000 1.932775 1.409898 2.461712 4.718561 9.722898 0.204605
133 63.690212 46.875179 0.000000 1.843924 1.477991 2.735229 5.628420 12.568821 0.288048
134 63.723171 46.930847 0.000000 2.209479 1.367162 2.364572 4.560133 9.607163 0.184071
135 63.991154 47.102928 0.000000 2.329684 1.445598 2.604995 5.168599 11.031189 0.313807
136 63.683525 46.851460 0.000000 2.414548 1.476726 2.714833 5.529158 12.181511 0.180744
137 63.724361 46.952602 0.000000 2.525410 1.427439 2.540921 5.000882 10.642256 0.167926
138 63.733154 47.122452 0.000000 2.599471 1.418113 2.497699 4.846046 10.138456 0.217844
139 63.675308 46.832253 0.000000 2.835843 1.367334 2.358090 4.507933 9.360650 0.171566
140 63.644386 46.983494 0.000000 2.572642 1.483254 2.722746 5.521986 12.089646 0.200000
141 63.853867 46.865829 0.000000 2.803839 1.330476 2.245712 4.208240 8.584007 0.250233
142 63.729824 46.699677 0.000000 2.617043 1.384392 2.398828 4.587597 9.480060 0.200260
143 64.178703 47.204594 0.000000 3.004202 1.397116 2.429532 4.643290 9.544981 0.250288
144 63.765617 46.864578 0.000000 3.419820 1.388921 2.441099 4.776292 10.177839 0.296193
145 64.077057 47.053944 0.000000 2.722826 1.436681 2.573879 5.092954 10.879375 0.250000
146 64.077721 47.151661 0.000000 2.494047 1.425316 2.550102 5.051483 10.826735 0.250006
147 64.263016 46.780434 0.000000 2.981306 1.377650 2.356309 4.410771 8.852857 0.250000
148 63.932735 46.914249 0.000000 2.358398 1.476866 2.727026 5.594882 12.450351 0.360942
149 64.245453 47.061058 0.000000 3.089935 1.426153 2.525903 4.933093 10.395955 0.250000
150 64.023674 46.652344 0.000000 2.992638 1.410390 2.486635 4.831095 10.117582 0.250000
151 64.102531 46.716141 0.000000 3.167035 1.358402 2.306422 4.300408 8.626513 0.250000
152 64.188148 46.837498 0.000000 3.009515 1.406746 2.455704 4.714093 9.740105 0.166667
154 63.974480 46.903103 0.000000 3.112431 1.367845 2.352620 4.487798 9.297718 0.406854
155 63.955276 46.572735 0.000000 3.038281 1.309801 2.158955 3.934206 7.785262 0.229034
156 63.783817 46.702904 0.000000 3.045166 1.372674 2.361357 4.482734 9.195124 0.200000
157 63.951973 46.807587 0.000000 3.260816 1.396240 2.462243 4.828953 10.297199 0.142857
158 64.023529 46.648129 0.000000 3.376876 1.341782 2.258298 4.192770 8.423314 0.170076
159 64.026718 46.632416 0.000000 2.947615 1.455979 2.666544 5.446519 12.106026 0.166677
160 64.088440 46.525463 0.000000 3.361280 1.356124 2.311360 4.358459 8.910715 0.208922
161 63.667900 46.495735 0.000000 3.480047 1.308859 2.129286 3.783624 7.203350 0.125000
162 63.690132 46.519756 0.000000 3.487056 1.286986 2.072120 3.646695 6.885016 0.166667
163 63.584095 46.513416 0.000000 4.231064 1.270446 2.020962 3.512521 6.550238 0.166667
164 63.236370 46.205383 0.000000 4.078219 1.321148 2.182264 3.956546 7.722412 0.142857
165 63.103264 46.093201 0.000000 3.597606 1.352368 2.293802 4.292637 8.683573 0.171914
166 63.270878 45.914619 0.000000 3.608124 1.303598 2.148036 3.913388 7.740016 0.166667
167 62.982773 46.021042 0.000000 3.949210 1.363368 2.351880 4.496955 9.326180 0.166667
