%% Trajectory 11
%% frame x (pixel)     y (pixel)    z (pixel)      m0         m1           m2           m3           m4           s 
24 8.646029 34.480064 0.000000 1.138014 1.383029 2.428681 4.784591 10.355054 0.413999
27 8.845590 34.345898 0.000000 1.402800 1.364744 2.351053 4.509019 9.444801 0.202220
28 8.871688 34.157310 0.000000 1.364584 1.400161 2.475147 4.883672 10.519501 0.258663
30 9.422172 34.045792 0.000000 1.409190 1.329834 2.230551 4.122410 8.223251 0.272284
31 9.766641 34.194279 0.000000 1.747604 1.407033 2.474600 4.822978 10.203142 0.204474
32 9.513765 34.215504 0.000000 2.145942 1.314914 2.157846 3.890548 7.570644 0.333333
33 9.758039 34.263023 0.000000 2.438421 1.333188 2.227527 4.104130 8.188695 0.250000
34 9.914584 34.055565 0.000000 2.334441 1.411834 2.491014 4.860417 10.264586 0.250810
35 9.644678 34.068855 0.000000 2.372693 1.390730 2.418969 4.653951 9.702271 0.250162
36 9.761453 34.009953 0.000000 2.345981 1.426865 2.540242 5.004341 10.672552 0.252831
37 10.011990 34.082809 0.000000 2.152831 1.456941 2.665793 5.429795 12.020741 0.250000
38 9.477984 34.103394 0.000000 2.166066 1.361061 2.339427 4.474482 9.341521 0.250000
39 9.784734 34.055614 0.000000 2.546073 1.431603 2.565122 5.096974 10.985339 0.250000
40 9.704342 34.068577 0.000000 2.657516 1.443742 2.594878 5.162720 11.122014 0.255188
41 9.730228 34.163635 0.000000 2.359685 1.367697 2.353802 4.493736 9.329879 0.200000
42 10.005699 34.188507 0.000000 2.397638 1.389773 2.442832 4.782964 10.204128 0.250000
43 9.885061 34.359100 0.000000 2.663981 1.346945 2.269226 4.205353 8.407142 0.200002
44 9.745296 34.323067 0.000000 2.506348 1.305801 2.145063 3.888845 7.647457 0.200000
45 9.752335 34.225220 0.000000 2.205612 1.386291 2.400270 4.588313 9.489666 0.250000
46 9.841665 34.487152 0.000000 2.920721 1.383579 2.395388 4.586168 9.516275 0.250000
47 9.945197 34.330173 0.000000 2.669744 1.417286 2.510189 4.921916 10.455585 0.250001
48 10.081852 34.227436 0.000000 2.584400 1.417403 2.519948 4.975896 10.679133 0.166667
49 9.826826 34.394691 0.000000 2.291205 1.442500 2.605508 5.223913 11.371422 0.166694
50 9.841905 34.312595 0.000000 2.986040 1.398926 2.458780 4.808457 10.249151 0.250000
51 9.851017 34.537968 0.000000 2.872043 1.427875 2.534341 4.958072 10.466423 0.200205
52 9.794473 34.332329 0.000000 3.113469 1.399135 2.436377 4.673862 9.678689 0.200000
53 10.106937 34.394653 0.000000 3.085712 1.441774 2.590642 5.146938 11.061775 0.166667
54 9.948761 34.563229 0.000000 3.387966 1.396251 2.442485 4.730269 9.935693 0.166667
55 9.916438 34.484608 0.000000 3.342396 1.365710 2.323050 4.346788 8.771275 0.166667
56 9.898727 34.499527 0.000000 3.189016 1.367805 2.329213 4.362810 8.814463 0.166667
57 10.093649 34.540783 0.000000 3.367915 1.385480 2.401886 4.594983 9.502191 0.166687
58 10.183507 34.414047 0.000000 3.655722 1.408360 2.470062 4.779248 9.992346 0.166667
59 10.139548 34.216980 0.000000 3.792923 1.367282 2.353409 4.500598 9.377348 0.166667
60 10.427525 34.318596 0.000000 3.508002 1.342714 2.272786 4.256935 8.658888 0.167126
61 10.521159 34.360329 0.000000 3.690595 1.340932 2.238064 4.094928 8.056761 0.142857
62 10.606386 34.291851 0.000000 4.108939 1.360493 2.325213 4.401836 9.056783 0.200000
63 10.874336 34.227257 0.000000 4.058175 1.458312 2.647899 5.321511 11.573731 0.166667
64 10.837708 34.125484 0.000000 4.128949 1.430053 2.565241 5.109396 11.051468 0.166667
65 11.014999 33.999008 0.000000 4.004673 1.445571 2.627412 5.309269 11.647246 0.166667
66 10.917600 33.494072 0.000000 4.251631 1.427122 2.538341 4.985363 10.579500 0.166667
67 10.932767 33.293255 0.000000 3.944648 1.417488 2.501916 4.876429 10.275086 0.166691
