%% Trajectory 8
%% frame x (pixel)     y (pixel)    z (pixel)      m0         m1           m2           m3           m4           s 
21 47.470100 54.453659 0.000000 1.466894 1.217824 1.897916 3.258286 6.067844 0.200000
22 47.207054 54.118645 0.000000 1.651230 1.368018 2.386888 4.649909 9.893071 0.250000
23 47.378460 54.293427 0.000000 1.878067 1.331079 2.259639 4.272590 8.818832 0.250000
24 47.310856 54.188763 0.000000 1.910431 1.372774 2.395790 4.661462 9.888994 0.289027
25 47.345299 54.052715 0.000000 1.798614 1.424389 2.581509 5.218489 11.470712 0.255106
26 47.597054 54.161636 0.000000 1.988317 1.384806 2.404906 4.607186 9.524684 0.278803
27 47.778725 54.074989 0.000000 2.392072 1.417079 2.526796 5.007581 10.787939 0.250000
28 47.498154 53.655045 0.000000 2.269627 1.504526 2.777039 5.629838 12.246753 0.250000
29 47.621098 54.078800 0.000000 2.306954 1.368409 2.354182 4.475617 9.207600 0.402653
30 48.004456 54.039650 0.000000 2.480096 1.425560 2.557084 5.096773 11.024502 0.250289
31 47.559868 53.435120 0.000000 2.568735 1.452668 2.619303 5.207643 11.164243 0.250002
32 47.618595 54.021523 0.000000 2.663785 1.423087 2.555956 5.112745 11.131894 0.250003
33 47.671478 53.565773 0.000000 2.913781 1.504808 2.828718 5.907139 13.370056 0.250000
34 47.620720 53.516037 0.000000 3.114529 1.511178 2.838705 5.907652 13.288156 0.250000
35 47.793453 53.537720 0.000000 3.216804 1.522570 2.879424 6.027370 13.621676 0.250029
36 47.681446 53.651997 0.000000 3.327477 1.441247 2.594945 5.171401 11.153095 0.253332
37 47.823345 53.824661 0.000000 2.962182 1.439837 2.599661 5.206852 11.306581 0.250212
38 47.897358 53.815533 0.000000 3.499663 1.464739 2.685138 5.462121 12.040627 0.250000
39 47.870106 53.699215 0.000000 3.661177 1.447056 2.613400 5.223094 11.294889 0.250000
40 47.802357 53.982227 0.000000 3.234662 1.444619 2.610141 5.229276 11.351155 0.250000
41 47.839569 53.701202 0.000000 3.919375 1.481171 2.733333 5.588778 12.361186 0.200000
42 47.637516 53.796280 0.000000 3.864529 1.368479 2.347810 4.451879 9.144512 0.200000
43 47.810047 53.670662 0.000000 4.310294 1.417514 2.512592 4.934852 10.513994 0.200000
44 47.871769 53.735146 0.000000 3.749413 1.390294 2.400588 4.555025 9.303499 0.200062
45 47.658405 53.602425 0.000000 3.817371 1.354647 2.280131 4.206776 8.342014 0.200000
46 47.399742 53.543865 0.000000 3.420941 1.303159 2.132586 3.843486 7.496294 0.200000
47 47.457989 53.425270 0.000000 3.247559 1.329306 2.231731 4.161333 8.465550 0.200000
48 47.497841 53.374744 0.000000 3.288142 1.280383 2.054206 3.599553 6.759038 0.200000
49 47.343987 53.319336 0.000000 3.233828 1.272724 2.055762 3.679619 7.186821 0.250000
51 47.707798 52.506874 0.000000 2.147073 1.270875 2.051133 3.674786 7.199491 0.250003
53 47.625046 51.563190 0.000000 1.989440 1.267013 2.037949 3.634131 7.079566 0.333333
54 47.383347 51.894825 0.000000 1.632008 1.288906 2.148810 4.048162 8.473338 0.250329
