%% Trajectory 5
%% frame x (pixel)     y (pixel)    z (pixel)      m0         m1           m2           m3           m4           s 
5 60.195473 47.360180 0.000000 0.964743 1.265706 2.053545 3.710911 7.350307 0.181743
6 60.342922 47.545273 0.000000 0.950417 1.324996 2.218255 4.103616 8.228226 0.255600
7 60.224541 47.090919 0.000000 1.111831 1.310461 2.214146 4.176356 8.619436 0.437277
8 60.070602 47.187267 0.000000 1.344926 1.330612 2.222902 4.072214 8.012665 0.166695
9 59.973404 47.283428 0.000000 1.462676 1.326348 2.207819 4.048893 8.022041 0.170664
10 60.058022 47.322910 0.000000 1.374460 1.381030 2.385576 4.538196 9.301511 0.200002
11 59.849483 47.061275 0.000000 1.600278 1.416268 2.533141 5.043874 10.924613 0.200012
12 59.780594 47.055027 0.000000 1.708692 1.400754 2.447206 4.707329 9.755264 0.201019
13 60.054680 47.150917 0.000000 1.697677 1.326939 2.219278 4.100290 8.204289 0.338977
14 59.724358 47.094677 0.000000 2.034405 1.354071 2.302578 4.314855 8.728510 0.200000
15 60.079853 47.128651 0.000000 2.014389 1.354446 2.310871 4.364393 8.940058 0.397400
16 60.176731 47.218124 0.000000 1.885463 1.312699 2.161221 3.905586 7.600986 0.366105
17 60.074081 47.123543 0.000000 2.316662 1.374605 2.370057 4.513482 9.302961 0.337676
18 59.816761 47.200562 0.000000 2.083636 1.325377 2.221287 4.123662 8.318933 0.250000
19 59.778217 47.295364 0.000000 2.462170 1.311405 2.152966 3.872425 7.486605 0.250000
20 60.081028 47.153271 0.000000 2.696493 1.373040 2.343706 4.384548 8.801567 0.250568
21 59.922394 47.451084 0.000000 2.548552 1.295649 2.102180 3.730901 7.104619 0.250000
22 59.872948 47.163620 0.000000 2.596623 1.380342 2.380674 4.521330 9.260157 0.207853
23 60.118656 47.128162 0.000000 2.431661 1.396021 2.462767 4.845240 10.400082 0.200362
24 59.956169 47.191624 0.000000 2.536523 1.348317 2.290133 4.307447 8.796049 0.327994
25 60.010166 47.051968 0.000000 3.038575 1.376065 2.391023 4.602450 9.601928 0.284665
26 59.916367 47.165096 0.000000 3.115851 1.357345 2.314939 4.354074 8.847822 0.200049
27 60.119232 47.104908 0.000000 2.630311 1.338978 2.253940 4.183486 8.397179 0.200000
28 59.836353 47.210041 0.000000 3.003268 1.393524 2.428634 4.669122 9.695721 0.200000
29 60.060375 47.260464 0.000000 3.102440 1.332334 2.232641 4.129501 8.269690 0.333347
30 59.979828 46.994789 0.000000 2.709841 1.397548 2.458071 4.792750 10.135518 0.334197
31 60.113609 47.151516 0.000000 3.530055 1.336516 2.243064 4.150897 8.307277 0.333333
32 59.924522 47.008846 0.000000 3.355763 1.385832 2.420056 4.684954 9.838131 0.333367
33 59.999405 47.049713 0.000000 3.104887 1.395395 2.446288 4.740204 9.927779 0.333333
34 59.838898 47.051121 0.000000 3.437024 1.360588 2.321734 4.362901 8.839561 0.250000
35 59.960228 47.042175 0.000000 3.458725 1.369765 2.358165 4.480088 9.190397 0.338582
36 60.113968 47.099598 0.000000 3.703974 1.338780 2.246754 4.140372 8.207767 0.321081
37 59.870800 47.068428 0.000000 3.357084 1.355434 2.313659 4.355618 8.855911 0.260102
38 59.887440 46.982117 0.000000 3.671081 1.368161 2.351666 4.464989 9.171976 0.250008
39 60.047318 47.111443 0.000000 3.642182 1.378124 2.394623 4.615630 9.664056 0.250000
40 59.876545 47.052315 0.000000 3.948217 1.380727 2.382097 4.521117 9.238468 0.250000
41 59.892426 47.081642 0.000000 4.139603 1.358682 2.314122 4.338700 8.768101 0.250000
42 59.801445 46.958992 0.000000 4.193114 1.338388 2.253536 4.181529 8.380700 0.333333
43 59.816551 47.125298 0.000000 4.368708 1.344243 2.262120 4.183945 8.334687 0.333333
44 59.622852 46.973656 0.000000 4.592963 1.355403 2.296897 4.285049 8.627247 0.333333
45 59.519714 47.122910 0.000000 4.143912 1.335968 2.221790 4.042432 7.888978 0.500000
46 59.356064 47.077328 0.000000 3.733342 1.339306 2.248033 4.154143 8.290477 0.250000
47 59.004246 47.148579 0.000000 3.941052 1.398392 2.456959 4.793547 10.167160 0.503205
48 58.798103 46.920689 0.000000 3.968351 1.405038 2.469889 4.801693 10.101747 0.500000
49 58.745022 47.080315 0.000000 3.664606 1.391025 2.438288 4.736729 9.976269 0.506544
50 58.394947 47.035084 0.000000 3.383491 1.371074 2.367733 4.525301 9.374809 0.500000
52 57.639626 48.040627 0.000000 3.925532 1.393075 2.421423 4.636330 9.576868 0.333335
53 57.450207 48.124828 0.000000 3.324210 1.398731 2.435115 4.669743 9.663941 0.333333
54 57.039165 48.345943 0.000000 2.692918 1.397235 2.463510 4.812195 10.192308 0.333333
55 57.064205 48.152710 0.000000 2.464890 1.386117 2.393125 4.537605 9.251636 0.333333
56 57.286415 47.840401 0.000000 2.302735 1.351193 2.295337 4.311852 8.785909 0.333333
57 57.584579 47.748863 0.000000 1.572767 1.400596 2.457520 4.789218 10.152758 0.333333
