%% Trajectory 16
%% frame x (pixel)     y (pixel)    z (pixel)      m0         m1           m2           m3           m4           s 
67 21.168077 47.191914 0.000000 1.962635 1.270068 2.032573 3.556472 6.673811 0.250000
68 21.265692 47.005466 0.000000 2.056916 1.252348 1.989253 3.486063 6.628798 0.248223
69 21.186218 46.925381 0.000000 2.126106 1.273186 2.052924 3.650102 7.031626 0.250012
70 21.451176 47.057140 0.000000 2.138574 1.235035 1.921893 3.276069 6.020853 0.269567
71 21.338381 47.013779 0.000000 2.136355 1.233051 1.925643 3.296033 6.079434 0.272077
72 21.216658 46.986954 0.000000 2.314159 1.271975 2.057309 3.675812 7.127479 0.361160
73 21.354099 46.915577 0.000000 2.446965 1.209080 1.853230 3.114115 5.652384 0.265787
74 21.193724 47.092743 0.000000 2.592284 1.267871 2.024697 3.544377 6.679334 0.200003
75 21.321274 47.032322 0.000000 2.671496 1.256147 2.015273 3.591302 7.000090 0.200000
76 21.383158 46.969112 0.000000 2.387290 1.230367 1.923987 3.312269 6.182466 0.201120
77 21.409254 46.896801 0.000000 2.042064 1.201857 1.832931 3.064079 5.534627 0.197720
78 21.246840 47.111324 0.000000 2.450862 1.257194 1.990414 3.449597 6.427136 0.232743
79 21.367748 47.033321 0.000000 2.419510 1.265468 2.037399 3.630116 7.038615 0.288875
80 21.317303 47.069878 0.000000 2.351697 1.257049 2.008408 3.546963 6.815450 0.212240
81 21.316826 47.003510 0.000000 2.586883 1.252588 1.996901 3.511019 6.695468 0.273826
82 21.461498 46.913811 0.000000 2.538517 1.200462 1.834391 3.072837 5.560009 0.180541
83 21.420237 46.836964 0.000000 2.701554 1.215093 1.866358 3.137194 5.685355 0.171592
84 21.383949 46.875813 0.000000 2.733322 1.210991 1.861881 3.144366 5.751953 0.167851
85 21.350185 46.963547 0.000000 2.307275 1.208241 1.862193 3.165382 5.851898 0.216877
86 21.418600 46.817352 0.000000 2.168116 1.164430 1.730738 2.817612 4.966336 0.200261
87 21.436607 46.881756 0.000000 2.236795 1.209840 1.855976 3.136130 5.767024 0.200962
88 21.270540 46.877686 0.000000 2.475551 1.196265 1.820616 3.046420 5.532635 0.210805
89 21.250372 46.749634 0.000000 2.324338 1.156140 1.706404 2.758633 4.833859 0.166728
90 21.346626 46.690182 0.000000 2.275287 1.177772 1.766053 2.904112 5.175085 0.167349
91 21.153351 46.777775 0.000000 1.718767 1.187293 1.810237 3.053864 5.632793 0.166667
92 21.530294 46.746815 0.000000 1.846037 1.217085 1.886198 3.215761 5.940679 0.200001
93 21.564241 46.747299 0.000000 2.209076 1.233801 1.931451 3.316030 6.140549 0.230451
94 21.308367 46.980267 0.000000 2.113357 1.199046 1.837338 3.099316 5.676181 0.296784
95 21.356167 46.932514 0.000000 2.095258 1.192605 1.816902 3.046156 5.544330 0.200000
96 21.325708 46.908268 0.000000 2.311966 1.183275 1.789946 2.975523 5.365260 0.213181
97 21.294563 46.892040 0.000000 2.068537 1.172131 1.751747 2.871693 5.102404 0.200000
98 21.301325 46.844807 0.000000 1.852186 1.170181 1.754413 2.895221 5.204860 0.171186
99 21.355118 46.886204 0.000000 1.902053 1.167417 1.736422 2.833055 5.013688 0.200000
100 21.427935 46.780159 0.000000 2.110038 1.152301 1.694033 2.727445 4.762062 0.200026
101 21.525272 46.755795 0.000000 2.047571 1.158572 1.706536 2.749964 4.799976 0.166822
102 21.813456 46.372314 0.000000 1.904437 1.168712 1.753740 2.897459 5.212390 0.166701
104 22.104456 46.296238 0.000000 1.679563 1.212896 1.884067 3.215050 5.923698 0.171808
