%% Trajectory 22
%% frame x (pixel)     y (pixel)    z (pixel)      m0         m1           m2           m3           m4           s 
79 21.971144 19.795311 0.000000 1.182221 1.543720 2.944458 6.183758 13.953199 0.200008
81 22.169830 19.776085 0.000000 1.481379 1.459368 2.654336 5.342412 11.640154 0.333333
83 21.545137 19.440008 0.000000 1.800978 1.439718 2.605254 5.264646 11.616739 0.250000
84 21.459177 19.323137 0.000000 1.691082 1.351155 2.284653 4.250583 8.536661 0.333333
85 21.290161 19.329126 0.000000 2.229611 1.386444 2.394902 4.551914 9.330720 0.250005
86 21.426823 19.212418 0.000000 2.505476 1.401234 2.448992 4.719524 9.828791 0.335481
87 21.602943 19.456455 0.000000 2.387116 1.357479 2.295209 4.263211 8.527523 0.333337
88 21.654140 19.250193 0.000000 3.145283 1.365839 2.313652 4.284999 8.501437 0.333333
89 21.585604 19.400103 0.000000 3.438911 1.349952 2.270104 4.187121 8.308750 0.333333
90 21.460110 19.459055 0.000000 3.622093 1.320223 2.169437 3.896199 7.500834 0.333333
91 21.600676 19.311613 0.000000 3.120483 1.358603 2.300326 4.272588 8.532520 0.250000
92 21.491186 19.370007 0.000000 3.532035 1.399837 2.425409 4.610659 9.425733 0.250000
93 21.457291 19.456923 0.000000 3.537249 1.313488 2.149455 3.845928 7.380829 0.250011
94 21.653929 19.510044 0.000000 3.670936 1.361574 2.297177 4.237050 8.375004 0.337428
95 21.570433 19.525171 0.000000 3.764991 1.407112 2.464613 4.760654 9.936687 0.313980
96 21.652342 19.530426 0.000000 3.634736 1.402918 2.449161 4.708185 9.762814 0.250000
97 21.645102 19.481129 0.000000 3.981311 1.347714 2.242788 4.058918 7.823153 0.250000
98 21.705133 19.456802 0.000000 3.619810 1.462159 2.636691 5.227624 11.150282 0.333333
99 21.638483 19.466427 0.000000 3.959656 1.343521 2.246261 4.108654 8.061694 0.250000
100 21.617643 19.662157 0.000000 4.298134 1.376774 2.365627 4.476988 9.147765 0.250000
101 21.662052 19.368221 0.000000 4.265029 1.368776 2.327983 4.339452 8.688753 0.250000
102 21.694700 19.388800 0.000000 4.280870 1.363033 2.313997 4.310185 8.634517 0.250000
103 21.801708 19.349495 0.000000 4.240643 1.354624 2.282971 4.211730 8.335960 0.250000
104 21.656218 19.454296 0.000000 4.141670 1.355051 2.285593 4.222110 8.374036 0.250000
105 21.672363 19.426569 0.000000 4.230500 1.330832 2.199968 3.969270 7.661498 0.250000
106 21.772652 19.413591 0.000000 4.295785 1.343380 2.242313 4.088919 7.981359 0.250000
107 21.747543 19.472874 0.000000 4.157679 1.316411 2.156007 3.851157 7.352922 0.333333
108 21.514677 19.640741 0.000000 4.804517 1.323473 2.184546 3.941035 7.618283 0.250000
109 21.564329 19.591862 0.000000 4.896018 1.320040 2.162453 3.859619 7.355169 0.250000
110 21.555891 19.607096 0.000000 4.943774 1.330428 2.193009 3.934596 7.527143 0.250000
111 21.629549 19.686472 0.000000 4.490591 1.311255 2.141694 3.811986 7.245875 0.333333
112 21.786329 19.859480 0.000000 4.778565 1.389712 2.408565 4.604478 9.514397 0.250000
113 22.031567 20.113476 0.000000 4.235429 1.486590 2.743969 5.592932 12.293489 0.333333
115 22.327116 20.040585 0.000000 3.881923 1.401460 2.458465 4.772126 10.039089 0.250000
116 22.439823 20.265453 0.000000 3.336742 1.376081 2.346277 4.383466 8.790068 0.250000
117 22.538784 20.192177 0.000000 2.409530 1.389842 2.404586 4.589177 9.472054 0.250267
118 23.078516 20.445177 0.000000 2.697450 1.325680 2.244377 4.245209 8.804449 0.200000
119 23.270010 20.471468 0.000000 2.705887 1.392896 2.431702 4.705859 9.883761 0.200000
121 23.698288 19.955784 0.000000 1.942645 1.483728 2.762425 5.707527 12.760847 0.228907
