%% Trajectory 4
%% frame x (pixel)     y (pixel)    z (pixel)      m0         m1           m2           m3           m4           s 
1 45.086395 49.575157 0.000000 1.062581 1.433416 2.567054 5.099225 10.983862 0.202761
2 44.866398 49.165207 0.000000 1.315367 1.426628 2.539281 5.005010 10.691996 0.167078
3 44.709766 49.221561 0.000000 1.414872 1.324958 2.211734 4.090641 8.235234 0.200000
4 44.622154 49.465603 0.000000 1.499670 1.274184 2.042659 3.595032 6.827761 0.250000
5 44.749176 49.482224 0.000000 1.595099 1.370833 2.342203 4.408079 8.963543 0.200002
6 44.770939 49.490627 0.000000 1.752746 1.338886 2.221879 4.024603 7.798948 0.250007
7 44.613224 49.255997 0.000000 1.545858 1.344296 2.286185 4.323506 8.924502 0.250018
8 44.870300 49.279369 0.000000 1.407670 1.354212 2.303625 4.313582 8.709983 0.250008
9 44.711182 48.923840 0.000000 1.765860 1.419256 2.520743 4.966104 10.619396 0.272817
10 44.922939 49.078991 0.000000 1.837429 1.380482 2.409531 4.688000 9.952456 0.250109
11 44.753799 49.070621 0.000000 2.022189 1.407717 2.487614 4.877966 10.389247 0.256083
12 44.989578 48.893551 0.000000 1.818969 1.415928 2.512854 4.940033 10.520434 0.250069
13 44.685547 49.340809 0.000000 2.239095 1.409886 2.469280 4.771571 9.963261 0.254518
14 44.701183 49.248356 0.000000 2.135687 1.341267 2.250645 4.147539 8.227022 0.250000
15 44.965542 49.237652 0.000000 2.120488 1.321557 2.210785 4.089612 8.208617 0.250000
16 44.860126 48.978706 0.000000 2.261120 1.449493 2.628779 5.292440 11.562070 0.250032
17 44.851524 49.310204 0.000000 2.206927 1.476775 2.703408 5.467725 11.943273 0.258835
18 44.764881 49.522800 0.000000 2.420082 1.355659 2.293454 4.268326 8.570738 0.333333
19 44.853241 49.096519 0.000000 2.089751 1.387660 2.441868 4.792177 10.261592 0.253136
20 44.857471 49.274326 0.000000 2.690737 1.349334 2.272472 4.205187 8.382805 0.250017
21 44.709835 49.312214 0.000000 2.696139 1.366655 2.322098 4.331130 8.692781 0.250700
22 44.825386 49.222225 0.000000 2.786582 1.427304 2.528147 4.915067 10.262517 0.333405
23 44.611366 49.247551 0.000000 2.453352 1.419898 2.524616 4.978542 10.659847 0.250000
24 44.844883 49.299393 0.000000 2.630712 1.414479 2.505402 4.922382 10.500249 0.333333
25 44.839390 49.145267 0.000000 2.770057 1.393373 2.436893 4.724601 9.943479 0.250000
26 44.969925 49.159023 0.000000 2.631038 1.422202 2.529796 4.974264 10.573967 0.250000
27 44.676834 48.680378 0.000000 2.617490 1.425640 2.535340 4.991428 10.654789 0.333333
28 44.947132 49.136890 0.000000 2.611082 1.436244 2.588024 5.180613 11.263203 0.250000
29 44.916683 49.139656 0.000000 2.663224 1.408154 2.503164 4.967881 10.768438 0.250000
30 44.954693 48.780117 0.000000 2.786037 1.423792 2.530279 4.973004 10.581380 0.333333
31 44.887920 48.990261 0.000000 2.538310 1.413393 2.528974 5.040516 10.938754 0.250000
32 44.888336 48.680790 0.000000 2.081069 1.437819 2.588416 5.162177 11.152480 0.269221
33 44.947079 48.433010 0.000000 1.903477 1.404927 2.451104 4.702116 9.711294 0.365309
34 44.764385 48.167923 0.000000 2.288209 1.476330 2.709885 5.494969 12.031965 0.333333
35 44.919067 48.181026 0.000000 2.015964 1.445299 2.623989 5.284592 11.530317 0.226189
