%% Trajectory 23
%% frame x (pixel)     y (pixel)    z (pixel)      m0         m1           m2           m3           m4           s 
132 57.345535 58.385658 0.000000 1.665093 1.229635 1.906126 3.237055 5.930285 0.250005
133 57.422359 58.502247 0.000000 1.476475 1.232339 1.922582 3.283967 6.041828 0.250000
134 57.465893 58.316502 0.000000 1.601762 1.272463 2.030560 3.539576 6.615816 0.308481
135 57.351471 58.456490 0.000000 1.642507 1.236097 1.924513 3.277562 6.007339 0.200742
136 57.422901 58.326622 0.000000 2.227309 1.266721 2.013208 3.496011 6.513671 0.200000
137 57.537090 58.224426 0.000000 2.019299 1.245391 1.949133 3.335606 6.138509 0.200040
138 57.590534 58.151314 0.000000 1.949832 1.236739 1.927635 3.286525 6.029628 0.200054
139 57.332996 58.579617 0.000000 2.320410 1.236934 1.925705 3.278744 6.007181 0.200000
140 57.399483 58.345348 0.000000 2.314142 1.249233 1.966000 3.391795 6.311455 0.250000
141 57.438324 58.345921 0.000000 2.538057 1.262885 2.001869 3.467835 6.447964 0.333333
142 57.212772 58.419872 0.000000 2.777232 1.249937 1.965390 3.378934 6.242754 0.250000
143 57.273148 58.387249 0.000000 2.540743 1.258014 1.985715 3.426917 6.354145 0.250000
144 57.354256 58.379089 0.000000 2.681286 1.247149 1.954441 3.349454 6.172727 0.250000
145 57.310810 58.298782 0.000000 2.752717 1.267609 2.015059 3.501164 6.529408 0.200000
146 57.371838 58.442886 0.000000 2.564021 1.248628 1.961524 3.369179 6.219750 0.250000
147 57.361382 58.500618 0.000000 2.616650 1.246467 1.955742 3.354962 6.186212 0.250000
148 57.388802 58.704380 0.000000 3.251104 1.261645 2.000245 3.466356 6.448886 0.333333
149 57.323849 58.469318 0.000000 3.365002 1.290369 2.080607 3.665783 6.925145 0.250000
150 57.337242 58.545055 0.000000 3.172374 1.264622 2.006736 3.480150 6.478371 0.333333
151 57.427444 58.556969 0.000000 3.026365 1.257076 1.984496 3.424514 6.347353 0.250000
152 57.341011 58.387203 0.000000 2.969408 1.266355 2.012434 3.494516 6.511050 0.250000
153 57.453552 58.292828 0.000000 3.071174 1.277782 2.050042 3.591333 6.739076 0.250000
154 57.538177 57.958427 0.000000 2.792268 1.261058 2.003082 3.479832 6.491117 0.250000
155 57.500889 58.029297 0.000000 2.814885 1.282123 2.057905 3.607808 6.778335 0.250000
156 57.438515 57.865223 0.000000 2.352658 1.238574 1.933618 3.303075 6.072327 0.250000
157 57.095993 57.943260 0.000000 2.458319 1.308218 2.154253 3.898195 7.598130 0.250000
158 57.077602 57.662136 0.000000 2.275975 1.258798 2.002807 3.503666 6.626626 0.250000
159 56.965954 57.707874 0.000000 2.092797 1.267517 2.034056 3.599498 6.906161 0.250000
160 56.865829 57.579441 0.000000 2.798541 1.270389 2.033894 3.578228 6.802926 0.256319
161 56.830700 57.640427 0.000000 2.268821 1.257487 1.998662 3.484521 6.548462 0.360703
162 56.287689 57.561035 0.000000 1.743886 1.280760 2.073066 3.697894 7.143253 0.210356
164 55.651680 58.299004 0.000000 1.847451 1.242024 1.946794 3.338957 6.159982 0.200009
