%% Trajectory 16
%% frame x (pixel)     y (pixel)    z (pixel)      m0         m1           m2           m3           m4           s 
89 33.326260 46.072845 0.000000 1.964073 1.385828 2.420260 4.668885 9.724598 0.213767
91 33.238087 46.123810 0.000000 2.383092 1.364088 2.340052 4.451802 9.212176 0.200010
92 32.978020 46.322483 0.000000 2.061842 1.373367 2.379692 4.589414 9.657224 0.200002
93 33.162460 46.318249 0.000000 2.404012 1.393351 2.440273 4.752507 10.083623 0.250373
94 33.202454 46.054974 0.000000 2.533206 1.397137 2.458473 4.795490 10.134196 0.172113
95 32.670849 46.255695 0.000000 2.588696 1.450281 2.614884 5.210501 11.224558 0.251967
96 33.172707 46.242794 0.000000 2.335586 1.386088 2.435618 4.783201 10.282972 0.221158
97 33.139347 46.250427 0.000000 2.556761 1.370881 2.370471 4.554536 9.534589 0.250001
98 33.350201 46.007812 0.000000 2.166913 1.412052 2.518856 5.003154 10.807117 0.200437
99 32.901897 46.241112 0.000000 2.342823 1.409747 2.508333 4.970051 10.724369 0.210069
101 33.114471 46.290264 0.000000 2.218663 1.343695 2.276158 4.265597 8.672934 0.200232
102 33.185051 46.098518 0.000000 2.561704 1.420422 2.544225 5.070914 11.002915 0.205428
103 33.260929 46.029438 0.000000 2.691191 1.387996 2.419279 4.670653 9.771246 0.272045
104 33.144424 46.226822 0.000000 2.579202 1.359076 2.326684 4.411844 9.087753 0.232191
105 33.192471 46.193134 0.000000 2.795131 1.385395 2.425827 4.720809 9.998411 0.261626
106 33.099762 46.188946 0.000000 2.620931 1.392038 2.420097 4.644124 9.637151 0.201928
107 33.088211 46.270679 0.000000 2.531186 1.376414 2.395644 4.654655 9.894807 0.252253
108 32.650616 46.212627 0.000000 2.576434 1.398048 2.442600 4.711731 9.829810 0.250000
109 32.925053 46.204815 0.000000 2.939161 1.405263 2.503474 4.979629 10.817455 0.250000
110 33.091282 46.330318 0.000000 2.592043 1.376956 2.383981 4.580577 9.573054 0.250000
111 32.649723 46.338295 0.000000 2.635497 1.395498 2.445261 4.756061 10.063468 0.250000
112 32.966484 46.320007 0.000000 2.821781 1.367226 2.372612 4.589330 9.691209 0.250000
113 32.806896 46.215656 0.000000 2.479370 1.341751 2.252051 4.145309 8.205457 0.250000
114 32.574867 46.144291 0.000000 2.332913 1.338487 2.238918 4.109824 8.120524 0.250000
115 32.666935 46.152164 0.000000 2.214292 1.373556 2.359692 4.465930 9.127670 0.250000
116 32.614529 45.886002 0.000000 2.372300 1.377563 2.383192 4.577236 9.560388 0.200000
118 32.639790 45.705231 0.000000 1.648600 1.286707 2.115452 3.869612 7.742816 0.227763
119 32.684193 45.602509 0.000000 1.844029 1.243530 1.945883 3.330242 6.131017 0.166675
120 32.559586 45.292767 0.000000 1.830558 1.259880 2.003128 3.497300 6.590765 0.275289
121 32.547832 45.021889 0.000000 1.762658 1.372547 2.379278 4.587605 9.632768 0.382843
122 32.761822 45.178379 0.000000 1.570893 1.288371 2.082891 3.705605 7.134338 0.250000
