%% Trajectory 9
%% frame x (pixel)     y (pixel)    z (pixel)      m0         m1           m2           m3           m4           s 
37 21.938414 44.240780 0.000000 1.654661 1.560971 3.029262 6.519760 15.172729 0.274319
38 21.631620 44.111496 0.000000 1.727166 1.366316 2.367795 4.585833 9.725560 0.333333
39 21.543585 44.241074 0.000000 1.486724 1.338329 2.267851 4.282133 8.845819 0.333333
40 21.172146 43.750103 0.000000 1.530856 1.317225 2.174161 3.931613 7.636173 0.333333
41 21.502861 44.302238 0.000000 1.514403 1.347039 2.272893 4.230364 8.522109 0.333333
42 21.465893 43.886902 0.000000 2.030530 1.348945 2.290057 4.304400 8.786293 0.333520
43 21.582499 43.847435 0.000000 2.271235 1.368662 2.335440 4.383666 8.875281 0.333333
44 21.354832 44.165619 0.000000 2.290492 1.292236 2.093838 3.712856 7.066870 0.500000
45 21.481184 44.169510 0.000000 2.071685 1.346625 2.290178 4.314428 8.832260 0.500000
46 21.479902 43.974232 0.000000 2.584155 1.304383 2.127187 3.792638 7.247470 0.500000
47 21.496244 44.067314 0.000000 2.233883 1.292322 2.092004 3.699951 7.011680 0.333333
48 21.198889 43.839581 0.000000 1.746311 1.263733 2.005665 3.477854 6.470744 0.333560
49 21.518648 44.097511 0.000000 2.012450 1.253970 1.984444 3.452493 6.499992 0.250000
50 21.525330 44.004925 0.000000 2.649047 1.284469 2.071149 3.647819 6.880658 0.200000
51 21.654499 43.902225 0.000000 2.811196 1.320744 2.177137 3.937434 7.667767 0.200000
52 21.760489 43.795883 0.000000 2.766904 1.341678 2.256992 4.187126 8.407656 0.333333
53 21.992661 43.708584 0.000000 3.107439 1.339932 2.269491 4.263168 8.709276 0.333333
54 22.161961 43.747181 0.000000 3.145388 1.296019 2.119736 3.823903 7.473752 0.200000
55 22.433851 43.870789 0.000000 3.008603 1.307128 2.133313 3.809058 7.297972 0.250000
56 22.445084 43.604626 0.000000 2.661576 1.301886 2.114881 3.753843 7.143206 0.250000
57 22.569544 43.406750 0.000000 2.031242 1.249015 1.977360 3.444054 6.495696 0.252457
58 22.508341 43.623245 0.000000 2.044382 1.304849 2.131671 3.815547 7.345691 0.252337
59 22.643345 43.290138 0.000000 2.033537 1.448792 2.615061 5.232282 11.355502 0.263565
60 22.396433 43.064850 0.000000 1.723816 1.498012 2.801937 5.808642 13.014964 0.250014
61 22.327318 42.577019 0.000000 1.330947 1.380243 2.383601 4.549935 9.407528 0.250000
