%% Trajectory 6
%% frame x (pixel)     y (pixel)    z (pixel)      m0         m1           m2           m3           m4           s 
6 35.614197 20.570871 0.000000 0.951121 1.273790 2.031400 3.540675 6.623116 0.177014
8 35.441715 21.475191 0.000000 0.824624 1.258661 1.997730 3.488940 6.600699 0.166667
10 35.659336 21.011003 0.000000 0.808697 1.306529 2.159512 3.953639 7.874771 0.232864
11 35.783035 21.132921 0.000000 1.182053 1.328447 2.216521 4.063209 8.023179 0.312714
12 35.495525 20.987610 0.000000 1.422793 1.346390 2.292629 4.330269 8.893256 0.250333
13 35.624775 21.321947 0.000000 1.766853 1.311302 2.169330 3.970541 7.900286 0.338977
14 35.597748 21.056749 0.000000 1.490222 1.280102 2.080110 3.755128 7.415667 0.246981
15 35.851513 21.220770 0.000000 2.116047 1.352905 2.295645 4.300851 8.727176 0.397400
16 35.656322 21.101696 0.000000 2.100697 1.315457 2.169344 3.935650 7.713474 0.366105
17 35.712616 21.114080 0.000000 2.553969 1.322245 2.195419 3.994285 7.801627 0.337676
18 35.712914 21.375175 0.000000 2.564521 1.273022 2.043815 3.609382 6.895321 0.250000
19 35.620777 21.241352 0.000000 2.979705 1.297706 2.116354 3.799073 7.375098 0.250000
20 35.815380 21.177057 0.000000 2.922606 1.283474 2.077955 3.697783 7.100395 0.250568
21 35.735779 21.269640 0.000000 3.270354 1.289853 2.098049 3.762476 7.312559 0.250000
22 35.760284 21.304251 0.000000 3.494104 1.295621 2.107756 3.765818 7.257346 0.200011
23 35.741039 21.158421 0.000000 3.232687 1.285010 2.075013 3.676519 7.018365 0.214606
24 35.751045 21.165499 0.000000 3.619884 1.315979 2.171705 3.932179 7.660918 0.200000
25 35.848003 21.280193 0.000000 3.719249 1.329359 2.208397 4.021329 7.869347 0.250000
26 35.740097 21.264095 0.000000 3.438919 1.284246 2.065829 3.630852 6.839485 0.200049
27 35.714207 21.128122 0.000000 4.072027 1.313546 2.170956 3.955711 7.803975 0.200000
28 35.723717 21.232332 0.000000 3.748469 1.318316 2.189519 4.018569 8.006786 0.200000
29 35.707664 21.065239 0.000000 3.552073 1.338002 2.256519 4.203753 8.484614 0.333347
30 35.757721 21.227076 0.000000 3.747893 1.319623 2.194304 4.030976 8.033802 0.333333
31 35.999016 21.580976 0.000000 4.280947 1.333873 2.231271 4.100863 8.115648 0.333333
32 36.112846 21.733879 0.000000 3.701380 1.316049 2.165667 3.899412 7.530777 0.333367
33 36.264809 21.904457 0.000000 3.656643 1.348598 2.270270 4.193023 8.327222 0.333333
34 36.346691 21.847954 0.000000 3.941545 1.329461 2.217741 4.067538 8.046376 0.250000
35 36.251984 22.180189 0.000000 3.664739 1.307862 2.156721 3.918739 7.696574 0.338583
36 36.243828 22.622990 0.000000 3.669367 1.293404 2.091979 3.695893 6.996494 0.321081
37 36.391483 22.412560 0.000000 3.166229 1.302079 2.147080 3.918181 7.775241 0.260102
38 36.573280 22.479982 0.000000 3.266512 1.308762 2.146013 3.864559 7.502423 0.250008
39 36.488327 22.449614 0.000000 2.820421 1.319633 2.187361 3.987152 7.841320 0.250000
40 36.558727 22.823160 0.000000 2.769744 1.328006 2.212900 4.067524 8.100783 0.257362
42 37.325104 22.478437 0.000000 2.070883 1.255320 1.976183 3.401998 6.295819 0.333333
43 37.285881 22.760202 0.000000 1.282677 1.365199 2.342524 4.442366 9.115494 0.333333
44 36.745014 22.943611 0.000000 1.072267 1.417965 2.542923 5.064849 10.936977 0.333333
