%% Trajectory 19
%% frame x (pixel)     y (pixel)    z (pixel)      m0         m1           m2           m3           m4           s 
107 37.671268 52.847324 0.000000 1.393891 1.264595 2.014122 3.511284 6.579564 0.209641
108 37.648811 52.677650 0.000000 1.524760 1.232932 1.917877 3.264103 5.979571 0.205131
109 37.794632 52.681808 0.000000 1.732457 1.289512 2.086626 3.692151 7.007875 0.200000
110 37.787292 52.477821 0.000000 1.859725 1.276595 2.045054 3.584214 6.746705 0.250000
111 37.778507 52.698895 0.000000 1.907053 1.269060 2.022076 3.523359 6.590692 0.250000
112 37.673138 52.639236 0.000000 1.756627 1.291355 2.080268 3.657443 6.885473 0.254497
113 37.628784 52.769230 0.000000 2.032655 1.243863 1.951538 3.349603 6.182488 0.200107
114 37.527504 52.565334 0.000000 2.195653 1.283840 2.062593 3.617855 6.797345 0.204348
115 37.474564 52.605137 0.000000 1.880879 1.249275 1.966069 3.382781 6.253225 0.200013
116 37.490196 52.599838 0.000000 2.053535 1.264579 2.008450 3.485857 6.492274 0.243203
117 37.560398 52.643394 0.000000 2.025639 1.300672 2.107828 3.734448 7.098444 0.201304
118 37.517349 52.579529 0.000000 2.022979 1.274731 2.035972 3.551944 6.645290 0.200143
119 37.353958 52.485111 0.000000 1.982553 1.303165 2.115608 3.746380 7.095032 0.200000
120 37.304340 52.466255 0.000000 2.202581 1.284300 2.073718 3.670198 6.992375 0.200503
121 37.263428 52.584309 0.000000 1.995067 1.288409 2.076990 3.654265 6.882479 0.200000
122 37.460239 52.423229 0.000000 2.021458 1.315331 2.164772 3.906725 7.586496 0.200000
123 37.527634 52.556293 0.000000 2.110994 1.283409 2.067981 3.649897 6.929564 0.292509
124 37.345570 52.564434 0.000000 2.262815 1.276469 2.044472 3.585519 6.763774 0.185761
125 37.389503 52.480152 0.000000 2.255753 1.274740 2.037175 3.556574 6.657642 0.200000
126 37.454754 52.577671 0.000000 1.992898 1.270924 2.027939 3.535200 6.608531 0.239644
127 37.546177 52.535587 0.000000 2.083568 1.313010 2.147626 3.833724 7.321150 0.200000
128 37.269028 52.520000 0.000000 1.893201 1.319537 2.181453 3.961348 7.752958 0.254722
129 37.425583 52.541882 0.000000 2.192634 1.274044 2.037230 3.558286 6.662505 0.166994
130 37.246452 52.393848 0.000000 2.225229 1.304814 2.128514 3.800649 7.288553 0.200000
131 37.109158 52.356766 0.000000 2.242653 1.303459 2.119548 3.764298 7.160083 0.201129
132 37.208370 52.002831 0.000000 2.343411 1.393563 2.458568 4.832504 10.347354 0.252993
133 37.159161 51.959942 0.000000 2.220947 1.343473 2.275785 4.259864 8.633840 0.306153
134 37.165810 51.463963 0.000000 2.572806 1.311625 2.148346 3.844526 7.368544 0.202563
135 37.226685 51.485573 0.000000 2.398114 1.320003 2.171268 3.908102 7.549654 0.200022
136 37.224197 51.319035 0.000000 2.491221 1.315197 2.160024 3.882164 7.489617 0.142859
137 37.054134 51.118954 0.000000 2.153520 1.373777 2.358571 4.459665 9.097655 0.166845
138 36.904377 50.934044 0.000000 2.274346 1.383951 2.403054 4.597629 9.484212 0.186894
