%% Trajectory 24
%% frame x (pixel)     y (pixel)    z (pixel)      m0         m1           m2           m3           m4           s 
95 48.113514 54.319630 0.000000 1.443063 1.419718 2.568120 5.223854 11.668333 0.223252
96 48.282799 54.082813 0.000000 1.622495 1.315900 2.185542 4.013349 8.003421 0.304741
97 47.949623 54.106567 0.000000 1.683208 1.439407 2.621621 5.346584 11.921784 0.169476
98 48.212982 54.024071 0.000000 1.906053 1.391216 2.435972 4.730958 9.968475 0.197036
99 48.082737 54.051685 0.000000 2.537642 1.379644 2.390234 4.582502 9.521594 0.200000
100 48.197556 54.107193 0.000000 2.318041 1.337603 2.241826 4.143304 8.283388 0.200035
101 48.182369 54.209160 0.000000 2.074639 1.300780 2.124930 3.816675 7.404664 0.168439
102 48.263027 54.124268 0.000000 2.489773 1.308421 2.149859 3.888106 7.596437 0.417205
103 48.294849 53.946339 0.000000 2.714529 1.329167 2.218855 4.084485 8.137235 0.250122
104 48.204079 53.947281 0.000000 2.668623 1.357661 2.325957 4.425159 9.167545 0.257717
105 48.210587 54.052906 0.000000 2.526845 1.335226 2.247183 4.183306 8.448853 0.273608
106 48.248737 54.126144 0.000000 2.668577 1.318412 2.189758 4.018834 8.001787 0.250090
107 48.335854 54.001278 0.000000 2.586226 1.323440 2.216776 4.110513 8.281367 0.214175
108 48.237808 54.001045 0.000000 2.916146 1.348738 2.297096 4.335972 8.891791 0.200000
109 48.206524 53.963493 0.000000 2.592469 1.344928 2.281029 4.277708 8.696985 0.166667
110 48.372654 53.893211 0.000000 2.664800 1.324440 2.207605 4.061185 8.095757 0.200126
111 48.291088 53.651123 0.000000 2.678365 1.306384 2.129070 3.784490 7.191339 0.200000
112 48.281979 53.575443 0.000000 2.441615 1.300003 2.109483 3.733590 7.066499 0.206436
113 48.240044 53.430897 0.000000 2.805507 1.298709 2.107486 3.741959 7.132410 0.200000
114 48.060673 53.248081 0.000000 2.898469 1.340797 2.245127 4.124209 8.144954 0.250000
115 48.015610 53.280823 0.000000 2.610009 1.343529 2.259396 4.175294 8.307210 0.200160
116 47.924683 52.879681 0.000000 2.656458 1.394983 2.441415 4.724240 9.892153 0.251995
117 47.875736 52.902073 0.000000 2.581210 1.390211 2.426284 4.695764 9.865333 0.203317
118 47.841560 52.762989 0.000000 2.582861 1.300396 2.138517 3.882634 7.642179 0.200001
119 47.545723 52.586811 0.000000 3.047494 1.290165 2.083432 3.677675 6.963607 0.250000
120 47.234261 52.237743 0.000000 2.641180 1.347864 2.266215 4.186227 8.328549 0.200019
121 47.114506 52.321732 0.000000 2.304885 1.340406 2.254497 4.178784 8.371716 0.201500
122 47.150486 52.359406 0.000000 2.183568 1.409129 2.467356 4.751880 9.857036 0.214459
123 46.881557 52.513931 0.000000 1.860940 1.348834 2.277330 4.219419 8.404757 0.202417
124 47.202610 52.440830 0.000000 1.245180 1.342269 2.277436 4.260816 8.607219 0.200000
125 47.137180 52.366550 0.000000 1.336194 1.358233 2.309561 4.327236 8.757700 0.234891
