%% Trajectory 31
%% frame x (pixel)     y (pixel)    z (pixel)      m0         m1           m2           m3           m4           s 
101 40.131786 62.450748 0.000000 1.683324 1.381331 2.409518 4.670576 9.847650 0.200560
102 39.909111 62.530628 0.000000 2.052804 1.408250 2.504464 4.958815 10.693027 0.250000
103 40.380630 62.438652 0.000000 2.723968 1.435104 2.547468 4.974958 10.463176 0.251452
104 39.964588 62.310356 0.000000 2.809782 1.416712 2.524388 5.003447 10.793736 0.250000
105 40.367077 62.273052 0.000000 3.140932 1.368070 2.328145 4.346971 8.732125 0.252169
106 40.333420 62.341221 0.000000 3.397349 1.394808 2.411406 4.570898 9.307492 0.250409
107 40.422028 62.145618 0.000000 3.294176 1.417444 2.511222 4.919525 10.432340 0.494008
108 40.390404 62.218792 0.000000 3.632966 1.433984 2.548207 4.986670 10.524805 0.250000
109 40.410606 62.298721 0.000000 3.863039 1.434755 2.552925 5.004676 10.587205 0.250000
110 40.383656 62.278603 0.000000 3.782388 1.367499 2.308637 4.252050 8.372794 0.250118
111 40.297710 62.368153 0.000000 4.043589 1.445549 2.608897 5.219306 11.326240 0.333333
112 40.240143 62.208881 0.000000 4.122951 1.435837 2.552326 4.992537 10.522308 0.349731
113 40.365845 62.195045 0.000000 4.184701 1.429574 2.536661 4.949747 10.396654 0.250001
114 40.225204 62.165810 0.000000 4.230796 1.409794 2.469293 4.763374 9.915508 0.250024
116 40.499634 62.275990 0.000000 4.769035 1.391396 2.400360 4.547163 9.271315 0.250000
117 40.352398 62.161030 0.000000 5.381036 1.429883 2.539190 4.966030 10.470920 0.250000
118 40.412712 62.118984 0.000000 5.217536 1.431766 2.554880 5.037929 10.745110 0.250000
119 40.250904 62.001911 0.000000 4.764345 1.509457 2.829451 5.860578 13.091081 0.200000
120 40.365738 61.843773 0.000000 4.762003 1.452646 2.622924 5.230049 11.264527 0.200001
121 40.313087 61.729099 0.000000 4.627031 1.465331 2.648300 5.249925 11.165833 0.200008
122 40.155670 61.735405 0.000000 4.424901 1.440673 2.579586 5.098638 10.881686 0.200030
123 40.326591 61.734718 0.000000 4.478912 1.490113 2.749449 5.595057 12.265511 0.289433
124 40.363743 61.457924 0.000000 4.804222 1.443568 2.589365 5.123217 10.938108 0.166667
125 40.181820 61.395931 0.000000 5.178956 1.483927 2.725984 5.518399 12.030207 0.250000
126 39.911285 61.266747 0.000000 4.874598 1.407344 2.471040 4.788113 10.021902 0.200000
127 40.160210 61.200165 0.000000 4.580683 1.421443 2.508424 4.869530 10.178345 0.250000
128 39.912498 61.243210 0.000000 3.741627 1.410754 2.477560 4.792821 9.995095 0.250000
129 39.801426 61.041344 0.000000 3.931483 1.412912 2.502301 4.912848 10.461485 0.200000
130 40.016438 61.264908 0.000000 3.375373 1.396345 2.442933 4.721200 9.865434 0.200000
131 40.230286 60.747643 0.000000 3.749439 1.383312 2.385452 4.531776 9.293973 0.250000
133 40.566814 60.756119 0.000000 2.905866 1.385212 2.387751 4.516876 9.184293 0.250079
134 40.183193 60.714138 0.000000 2.482547 1.361190 2.307413 4.290647 8.575175 0.250569
135 40.439919 60.562134 0.000000 2.414390 1.379913 2.366346 4.459026 9.052660 0.250017
136 40.584816 60.548100 0.000000 2.282875 1.332018 2.213301 4.034990 7.919456 0.211388
137 40.276615 60.361572 0.000000 2.180257 1.444641 2.604486 5.192819 11.197012 0.219903
