%% Trajectory 25
%% frame x (pixel)     y (pixel)    z (pixel)      m0         m1           m2           m3           m4           s 
150 35.192421 63.906876 0.000000 1.670366 1.347287 2.303203 4.391156 9.155961 0.250000
153 35.408207 64.021400 0.000000 1.972950 1.412093 2.500577 4.918573 10.517121 0.202013
154 35.655647 64.109482 0.000000 2.297700 1.335826 2.257559 4.244551 8.714682 0.215106
155 35.490311 64.189781 0.000000 1.885965 1.362851 2.331026 4.413133 9.066202 0.250540
156 35.566650 64.411766 0.000000 1.934855 1.301577 2.137652 3.873036 7.608804 0.250000
157 35.563866 64.337547 0.000000 2.228647 1.414479 2.489820 4.832702 10.126962 0.200010
158 35.696732 64.363655 0.000000 1.822624 1.311098 2.188239 4.076165 8.331409 0.186754
160 35.679035 64.165779 0.000000 2.810832 1.397341 2.434094 4.672606 9.679170 0.250000
161 35.583580 63.870312 0.000000 2.298220 1.392628 2.461276 4.849152 10.420871 0.200037
163 35.664188 63.701763 0.000000 3.461581 1.358009 2.328151 4.442816 9.256473 0.200488
164 35.791706 63.964718 0.000000 3.279693 1.412109 2.506512 4.938214 10.562033 0.200173
165 35.792370 64.143906 0.000000 3.743572 1.370839 2.347753 4.429942 9.024934 0.200000
166 35.923561 63.731514 0.000000 3.738788 1.424269 2.535486 4.989276 10.611615 0.200000
167 35.888329 63.881981 0.000000 3.926240 1.367237 2.359760 4.510254 9.348542 0.200000
168 36.150436 63.704784 0.000000 3.712676 1.390671 2.421877 4.673223 9.786173 0.200000
170 35.961231 63.803825 0.000000 4.945768 1.388775 2.420052 4.664966 9.738732 0.200000
171 35.928314 63.987751 0.000000 4.405805 1.424066 2.556986 5.118357 11.159041 0.250000
173 35.893879 63.555759 0.000000 5.772059 1.364879 2.334173 4.403397 8.976243 0.250000
174 36.133423 63.724499 0.000000 5.504611 1.401064 2.457045 4.769345 10.031549 0.250000
175 36.281273 63.451302 0.000000 5.825419 1.444648 2.599418 5.168867 11.106547 0.250000
176 36.134548 63.781010 0.000000 5.437201 1.405454 2.453568 4.699907 9.671511 0.250000
177 36.030220 63.614666 0.000000 5.944600 1.453979 2.641786 5.315185 11.564275 0.250000
178 35.906307 63.579052 0.000000 5.359715 1.427482 2.555506 5.068126 10.881666 0.250000
180 36.029324 63.106670 0.000000 5.663509 1.456551 2.647762 5.320929 11.547434 0.250000
181 36.188602 62.792400 0.000000 5.999489 1.405690 2.459914 4.742453 9.866290 0.250000
182 36.280621 62.663647 0.000000 5.974888 1.418105 2.498427 4.849664 10.157744 0.250488
183 36.250748 62.619492 0.000000 6.133444 1.411256 2.479449 4.802798 10.043817 0.258626
184 36.296417 62.400883 0.000000 5.321631 1.458299 2.627907 5.212646 11.140401 0.250000
186 36.633785 62.285671 0.000000 4.665771 1.489057 2.750707 5.608092 12.329416 0.333333
188 37.443882 62.291882 0.000000 3.517563 1.548038 2.957472 6.245314 14.219478 0.250000
189 37.460415 61.993328 0.000000 3.316180 1.479595 2.717043 5.512019 12.068337 0.250000
190 37.422550 62.224739 0.000000 2.971277 1.528994 2.895441 6.062971 13.701521 0.250000
191 37.418285 61.770287 0.000000 3.337423 1.530857 2.909291 6.119358 13.896783 0.333333
193 36.695148 61.316860 0.000000 3.506795 1.492365 2.735062 5.515592 11.970948 0.333333
