%% Trajectory 11
%% frame x (pixel)     y (pixel)    z (pixel)      m0         m1           m2           m3           m4           s 
40 29.694685 23.827192 0.000000 1.605600 1.302042 2.136578 3.862285 7.553427 0.178561
41 29.756979 23.608667 0.000000 1.526296 1.266005 2.008497 3.484304 6.491899 0.167379
42 29.994896 23.612986 0.000000 1.652928 1.297401 2.125442 3.833412 7.466940 0.235110
43 29.739958 23.668655 0.000000 1.603923 1.298880 2.118171 3.790258 7.305862 0.194146
44 29.851805 23.551531 0.000000 1.639036 1.304870 2.134572 3.848964 7.520402 0.234147
45 29.697683 23.748457 0.000000 1.486686 1.273057 2.039053 3.576135 6.743589 0.213938
46 29.638304 23.659060 0.000000 1.829171 1.251209 1.969621 3.390751 6.273606 0.169362
47 29.866419 23.773178 0.000000 1.848411 1.294950 2.117847 3.822793 7.480450 0.279466
48 29.731327 23.773151 0.000000 2.189715 1.294192 2.092890 3.695843 6.988117 0.313591
49 29.895260 23.668879 0.000000 1.986000 1.310558 2.150625 3.864479 7.457008 0.200378
50 29.946171 23.512781 0.000000 2.069155 1.315779 2.180129 3.983208 7.879302 0.218438
51 29.875322 23.699371 0.000000 2.181040 1.343499 2.266732 4.225162 8.538854 0.239938
52 30.199760 23.815844 0.000000 2.446757 1.341120 2.253235 4.163446 8.295037 0.250877
53 29.909899 23.800365 0.000000 2.019981 1.332670 2.224935 4.082036 8.064684 0.257219
54 29.890509 23.959791 0.000000 2.208476 1.394842 2.445606 4.742561 9.951779 0.280247
55 29.789701 23.933523 0.000000 2.437175 1.325492 2.206844 4.039893 7.970659 0.250000
56 29.801981 23.891575 0.000000 1.931806 1.341953 2.263071 4.209250 8.464140 0.259089
57 29.818766 24.023178 0.000000 2.070625 1.359754 2.317401 4.353899 8.834788 0.377989
58 29.842209 23.986731 0.000000 2.122760 1.395632 2.438990 4.703497 9.795537 0.252629
59 30.151417 24.198067 0.000000 2.175460 1.362961 2.325683 4.373936 8.890153 0.262802
60 30.163349 24.463139 0.000000 2.321625 1.326811 2.210921 4.064242 8.093386 0.167015
61 30.195093 24.570560 0.000000 2.208109 1.365315 2.319923 4.329446 8.701445 0.206162
62 30.212961 24.643013 0.000000 2.087520 1.357325 2.298694 4.290565 8.661438 0.201525
63 30.400003 24.758162 0.000000 2.008657 1.339290 2.254256 4.181338 8.382877 0.166886
64 30.267572 25.410559 0.000000 2.378397 1.335634 2.229475 4.081614 8.038660 0.207594
65 30.420469 25.665125 0.000000 1.871085 1.393127 2.405901 4.557717 9.279225 0.200007
66 29.981586 25.723063 0.000000 2.062799 1.353051 2.315336 4.396088 9.076029 0.250790
