%% Trajectory 21
%% frame x (pixel)     y (pixel)    z (pixel)      m0         m1           m2           m3           m4           s 
110 59.380478 17.895020 0.000000 1.916835 1.313680 2.188826 4.048690 8.165117 0.250000
111 59.292973 18.187428 0.000000 2.592076 1.370330 2.342279 4.402898 8.920711 0.200000
112 59.148376 17.787182 0.000000 2.543396 1.359386 2.318679 4.366925 8.902199 0.264751
113 59.352989 17.844215 0.000000 2.280463 1.338674 2.245577 4.157334 8.337608 0.273326
114 59.421856 17.836737 0.000000 2.304951 1.317849 2.187643 4.006238 7.946678 0.168616
115 59.560516 17.971426 0.000000 2.529496 1.328018 2.212789 4.062518 8.066052 0.250000
116 59.633804 17.930731 0.000000 2.513990 1.352937 2.296550 4.302097 8.718104 0.250000
117 59.552483 17.976141 0.000000 3.005529 1.345249 2.262493 4.188333 8.372385 0.250000
118 59.536457 17.931950 0.000000 3.056744 1.341144 2.252919 4.159124 8.270553 0.250003
119 59.693497 18.012333 0.000000 3.252321 1.358941 2.323075 4.394350 9.018676 0.205515
120 59.521626 17.920713 0.000000 3.486967 1.347737 2.275398 4.233644 8.516391 0.166668
121 59.543262 17.859198 0.000000 2.991853 1.305677 2.141572 3.864835 7.538217 0.202174
122 59.643803 17.835709 0.000000 3.529731 1.343277 2.263744 4.212799 8.499461 0.200000
123 59.493137 17.894293 0.000000 3.643368 1.380425 2.383524 4.549711 9.411271 0.200000
124 59.494160 17.995865 0.000000 3.847682 1.346580 2.286364 4.300086 8.786016 0.200000
125 59.461624 18.102745 0.000000 4.377025 1.371585 2.338904 4.372994 8.784822 0.250001
126 59.534817 17.972691 0.000000 4.030200 1.335436 2.257766 4.239632 8.679264 0.250000
127 59.431923 17.899899 0.000000 4.230195 1.346779 2.282019 4.285067 8.754475 0.200000
128 59.493908 18.067410 0.000000 4.391521 1.364296 2.325343 4.358428 8.805334 0.250000
129 59.418385 18.134966 0.000000 3.860154 1.354218 2.280925 4.215142 8.382071 0.250000
130 59.442539 18.147463 0.000000 4.419113 1.363394 2.303109 4.250903 8.396141 0.250000
131 59.374138 18.254938 0.000000 4.226485 1.353825 2.282036 4.218305 8.384307 0.250000
132 59.137341 18.147703 0.000000 3.615012 1.376111 2.356372 4.427005 8.935470 0.250000
133 59.009212 18.304531 0.000000 4.088025 1.379382 2.379125 4.524297 9.290630 0.250000
134 59.102871 18.470957 0.000000 4.029818 1.392814 2.414717 4.603466 9.449734 0.250000
135 59.158092 18.312284 0.000000 3.926845 1.389747 2.399638 4.548760 9.269887 0.250000
136 58.943573 18.452013 0.000000 4.063391 1.375853 2.366046 4.489887 9.214313 0.250000
137 58.935123 18.787151 0.000000 3.889089 1.387684 2.425241 4.708119 9.943514 0.250000
138 58.957024 18.955931 0.000000 3.441583 1.424592 2.548324 5.055127 10.869523 0.250000
139 58.941998 19.105324 0.000000 3.025620 1.436952 2.569532 5.070720 10.800385 0.250000
