%% Trajectory 21
%% frame x (pixel)     y (pixel)    z (pixel)      m0         m1           m2           m3           m4           s 
109 25.277605 55.182602 0.000000 2.037253 1.324906 2.193884 3.980291 7.755724 0.333333
111 25.178078 55.235329 0.000000 2.313136 1.320813 2.174834 3.912224 7.535959 0.429489
112 25.343901 55.112186 0.000000 2.107091 1.348394 2.275960 4.232747 8.504734 0.250169
114 25.406052 55.216919 0.000000 2.093713 1.328250 2.214345 4.064468 8.061395 0.250000
116 25.152573 55.321438 0.000000 2.519152 1.308245 2.147068 3.874251 7.548962 0.250000
117 25.298878 55.098248 0.000000 2.653438 1.359413 2.301888 4.277119 8.544127 0.250008
118 25.377790 55.007034 0.000000 2.710682 1.351095 2.297964 4.322128 8.810968 0.250010
119 25.207996 55.182137 0.000000 2.701268 1.324847 2.189764 3.964693 7.709192 0.333333
120 25.351772 55.127724 0.000000 2.841773 1.336536 2.228399 4.073909 8.008785 0.250000
121 25.645082 54.921062 0.000000 2.959191 1.308747 2.157772 3.931377 7.777197 0.250000
122 25.837908 55.097790 0.000000 2.434763 1.389898 2.402484 4.568061 9.356487 0.250000
123 25.763990 54.801929 0.000000 2.691009 1.349233 2.295690 4.346521 8.986848 0.250001
124 25.793812 54.826145 0.000000 2.753646 1.312642 2.173697 3.981545 7.922060 0.250002
125 25.875240 54.648109 0.000000 2.799101 1.355548 2.297191 4.286011 8.631248 0.277252
126 26.304787 54.781261 0.000000 2.915909 1.354316 2.291512 4.259122 8.522787 0.266930
127 26.297415 54.603924 0.000000 2.863202 1.351883 2.283278 4.238682 8.482339 0.250021
128 26.496843 54.458851 0.000000 2.137700 1.352288 2.295164 4.304729 8.754874 0.250000
129 26.608812 54.418262 0.000000 2.339467 1.375673 2.339614 4.356139 8.701875 0.293142
130 26.532305 54.018555 0.000000 2.151908 1.416211 2.526074 5.002323 10.748269 0.250000
132 25.962967 54.483059 0.000000 1.979569 1.432325 2.559726 5.060421 10.823131 0.215532
134 25.916725 54.749844 0.000000 1.307132 1.413302 2.526802 5.034979 10.934856 0.171137
135 25.895981 54.392185 0.000000 1.100910 1.435586 2.596679 5.216450 11.367448 0.291494
