%% Trajectory 23
%% frame x (pixel)     y (pixel)    z (pixel)      m0         m1           m2           m3           m4           s 
107 50.449921 14.105618 0.000000 0.991906 1.283983 2.098689 3.824183 7.653055 0.200000
108 50.340134 14.125698 0.000000 1.455904 1.298737 2.141886 3.930747 7.898550 0.252117
109 50.283978 14.259469 0.000000 1.264538 1.286747 2.117313 3.899985 7.917845 0.200006
110 50.307632 14.105576 0.000000 1.449155 1.313788 2.201761 4.111913 8.405812 0.206830
111 50.540928 13.936664 0.000000 1.507098 1.363856 2.330115 4.393965 8.967906 0.209539
112 50.538258 13.823682 0.000000 1.621639 1.336893 2.248173 4.162989 8.319725 0.215397
113 50.280289 14.057751 0.000000 2.255008 1.364964 2.369346 4.601942 9.802259 0.250000
114 50.455818 14.396936 0.000000 2.072741 1.381216 2.402891 4.630627 9.676003 0.200000
115 50.514488 14.160873 0.000000 2.109472 1.337869 2.251923 4.201197 8.528431 0.200000
117 50.526737 14.437325 0.000000 3.353713 1.355674 2.302700 4.312007 8.734693 0.333333
118 50.321003 14.340356 0.000000 3.591359 1.427893 2.547513 5.037237 10.806080 0.250888
119 50.344139 14.219153 0.000000 3.455239 1.338135 2.236814 4.118730 8.202581 0.333333
120 50.383644 14.510823 0.000000 3.631667 1.391396 2.411758 4.615029 9.558405 0.333333
121 50.237461 14.338005 0.000000 3.780559 1.333411 2.224519 4.075463 8.043386 0.333333
122 50.166328 14.458041 0.000000 4.245296 1.388350 2.404764 4.587898 9.447630 0.250000
123 49.986267 14.616350 0.000000 4.363401 1.428057 2.550662 5.050214 10.840281 0.481898
124 49.817600 14.377924 0.000000 4.337068 1.403015 2.460994 4.768859 9.998005 0.333333
125 49.788025 14.529366 0.000000 4.485781 1.479144 2.690498 5.376872 11.546478 0.250000
126 49.688740 14.411388 0.000000 4.144672 1.406709 2.450652 4.683548 9.615789 0.333333
127 49.449821 14.503801 0.000000 4.314953 1.398041 2.420936 4.593311 9.347714 0.333333
128 49.365227 14.724604 0.000000 3.825839 1.434227 2.553202 5.006730 10.579154 0.333333
129 49.385410 14.687195 0.000000 4.289075 1.462941 2.646917 5.271321 11.300351 0.333333
130 49.258739 14.767991 0.000000 3.959420 1.438467 2.569141 5.053446 10.708376 0.333333
131 48.749603 15.153234 0.000000 3.643426 1.472802 2.678547 5.354671 11.502653 0.333333
132 49.137264 14.798315 0.000000 3.093439 1.427117 2.556376 5.076435 10.922244 0.250000
133 48.640587 14.545652 0.000000 2.895140 1.433569 2.545538 4.969133 10.432740 0.347502
134 48.529388 15.227597 0.000000 2.990306 1.455071 2.611649 5.152338 10.930486 0.336349
135 48.847591 15.431801 0.000000 3.185864 1.442092 2.575851 5.061388 10.702079 0.335966
136 49.161690 15.628949 0.000000 2.883393 1.500170 2.791970 5.739555 12.717991 0.333333
138 48.543568 15.822485 0.000000 2.043519 1.545118 2.955882 6.256287 14.285360 0.333333
