%% Trajectory 17
%% frame x (pixel)     y (pixel)    z (pixel)      m0         m1           m2           m3           m4           s 
74 12.760340 47.148830 0.000000 1.277414 1.361297 2.345703 4.497578 9.402098 0.376275
76 12.498959 47.093639 0.000000 1.159779 1.262841 2.026679 3.591638 6.910491 0.250000
77 12.535180 46.981495 0.000000 1.737263 1.340872 2.266764 4.225665 8.517650 0.254253
78 12.383169 47.410725 0.000000 1.463816 1.215200 1.867933 3.143144 5.704327 0.200000
79 12.636880 47.308876 0.000000 1.849610 1.262516 2.002577 3.474001 6.472525 0.278773
80 12.267466 47.056831 0.000000 1.696538 1.292134 2.122756 3.862753 7.650549 0.250000
82 12.604464 47.182606 0.000000 2.397462 1.288355 2.072125 3.646375 6.891407 0.250000
83 12.580615 47.070812 0.000000 2.239427 1.335409 2.252228 4.207961 8.533048 0.265605
84 12.499699 47.186234 0.000000 2.306641 1.280703 2.059719 3.631849 6.894695 0.250000
85 12.470797 47.290524 0.000000 2.598694 1.326020 2.189030 3.948290 7.629465 0.250005
86 12.370967 47.340118 0.000000 2.731534 1.236786 1.926344 3.281306 6.014080 0.333335
87 12.463446 47.228420 0.000000 2.551071 1.259444 1.996262 3.458405 6.431513 0.200000
88 12.585254 47.160091 0.000000 2.542800 1.289319 2.086839 3.700920 7.057447 0.200000
89 12.251446 47.141300 0.000000 3.023168 1.305217 2.149097 3.900319 7.654470 0.166667
90 12.610433 47.301861 0.000000 3.201827 1.282254 2.061644 3.622338 6.825284 0.200000
91 12.511581 47.422642 0.000000 3.042668 1.278104 2.046520 3.579855 6.713249 0.200000
92 12.583962 47.327911 0.000000 3.393871 1.290853 2.078256 3.651503 6.869311 0.200000
93 12.603774 47.167095 0.000000 3.311355 1.287906 2.093317 3.746984 7.258746 0.200001
94 12.672393 47.181389 0.000000 3.333827 1.316311 2.167512 3.916265 7.614088 0.222385
95 12.492924 47.327263 0.000000 4.107079 1.254942 1.982360 3.423729 6.351508 0.200000
96 12.635563 47.337112 0.000000 4.118385 1.264099 2.006644 3.480974 6.480482 0.200000
97 12.579072 47.311909 0.000000 4.140942 1.270784 2.023748 3.520848 6.570733 0.201060
98 12.709436 47.388203 0.000000 4.161201 1.277506 2.045835 3.577672 6.704469 0.219527
99 12.525344 47.330376 0.000000 4.369622 1.258077 1.989414 3.439514 6.387393 0.312950
100 12.562660 47.449757 0.000000 4.044052 1.263304 2.003936 3.474400 6.466163 0.201200
101 12.794711 47.353168 0.000000 4.289914 1.287675 2.083191 3.686349 7.000881 0.200025
102 12.809301 47.478500 0.000000 3.625153 1.272169 2.027374 3.529289 6.589123 0.166668
103 12.800037 47.502022 0.000000 4.264662 1.266174 2.019807 3.526795 6.621366 0.208458
104 12.806828 47.383392 0.000000 4.293187 1.283781 2.088838 3.765194 7.399647 0.200000
105 12.786743 47.337154 0.000000 4.040119 1.306526 2.128311 3.787047 7.219811 0.168389
106 12.786872 47.535656 0.000000 3.972417 1.278815 2.048449 3.583160 6.716940 0.166684
107 12.963431 47.518887 0.000000 4.029838 1.281531 2.060095 3.615937 6.797854 0.166674
108 13.002496 47.531651 0.000000 4.099730 1.283314 2.074673 3.688842 7.087808 0.142858
109 13.214553 47.491631 0.000000 3.958585 1.287071 2.086600 3.727937 7.216980 0.142857
110 13.515578 47.465034 0.000000 3.653483 1.290793 2.081600 3.664471 6.907307 0.125000
111 13.605680 47.534763 0.000000 3.429836 1.274575 2.032611 3.540896 6.615946 0.200089
112 13.920748 47.410580 0.000000 3.174447 1.278852 2.072303 3.698364 7.137244 0.166667
113 13.811309 47.469765 0.000000 3.456353 1.276312 2.042286 3.574089 6.716043 0.252527
114 14.248352 47.437927 0.000000 3.401326 1.250930 1.979586 3.443247 6.478473 0.171488
