%% Trajectory 8
%% frame x (pixel)     y (pixel)    z (pixel)      m0         m1           m2           m3           m4           s 
18 60.221947 31.950434 0.000000 2.018039 1.407349 2.476120 4.808877 10.088503 0.280083
19 60.464073 32.002533 0.000000 2.409342 1.355961 2.309703 4.332284 8.766327 0.231407
20 60.302284 32.023350 0.000000 2.452677 1.368325 2.342846 4.423060 9.021818 0.213338
21 60.134644 32.048679 0.000000 2.293860 1.373949 2.360679 4.474196 9.162987 0.302832
22 60.542233 32.102188 0.000000 2.536268 1.286024 2.084733 3.718805 7.172191 0.272320
23 60.321560 32.178608 0.000000 2.745263 1.320514 2.190556 3.994778 7.856226 0.263306
24 60.369263 31.962324 0.000000 2.294094 1.329113 2.227132 4.120034 8.248012 0.250000
25 60.180492 32.097042 0.000000 2.324426 1.346203 2.299109 4.361232 9.005526 0.250000
26 60.362747 32.186756 0.000000 2.873672 1.286169 2.075989 3.667856 6.961684 0.320550
27 60.345703 32.191513 0.000000 3.058827 1.306741 2.142055 3.859184 7.498270 0.356521
28 60.160698 32.073162 0.000000 2.805155 1.384171 2.390970 4.549666 9.342921 0.203532
29 60.396053 32.102882 0.000000 2.804059 1.321757 2.192894 4.004148 7.897532 0.200000
30 60.219368 32.017204 0.000000 3.042759 1.367335 2.349246 4.452793 9.116080 0.464468
31 60.181084 32.254333 0.000000 3.145299 1.293391 2.103028 3.750983 7.201522 0.250005
32 60.192989 32.246681 0.000000 3.662932 1.333043 2.239981 4.162742 8.392928 0.250000
33 60.189064 32.351192 0.000000 3.310561 1.339676 2.267882 4.258659 8.703779 0.250000
34 60.265850 32.425751 0.000000 3.220397 1.292323 2.090763 3.702628 7.043755 0.250000
35 60.083336 32.966076 0.000000 3.574379 1.384009 2.402312 4.601090 9.513618 0.333333
36 59.770527 33.041012 0.000000 3.224319 1.366402 2.332168 4.386179 8.904119 0.250004
37 59.795559 33.071346 0.000000 3.273054 1.296598 2.128621 3.863887 7.614573 0.216340
38 59.484734 33.070137 0.000000 3.356548 1.266993 2.025006 3.553370 6.727225 0.357084
39 59.567024 33.312382 0.000000 3.389038 1.263200 2.003639 3.475191 6.474773 0.250000
40 59.266613 33.555336 0.000000 3.508473 1.244035 1.951285 3.347063 6.171978 0.250012
41 59.337914 33.795677 0.000000 3.220217 1.273375 2.040258 3.587871 6.803908 0.250072
42 59.582077 33.897266 0.000000 3.260183 1.364445 2.343683 4.455287 9.184083 0.201196
43 58.816025 33.949772 0.000000 3.295736 1.390545 2.432789 4.712750 9.895043 0.250146
44 58.779823 33.727997 0.000000 2.672446 1.312902 2.178422 4.010507 8.054816 0.250476
45 58.700405 33.805061 0.000000 2.103853 1.306471 2.168200 3.983588 7.950749 0.371426
