%% Trajectory 11
%% frame x (pixel)     y (pixel)    z (pixel)      m0         m1           m2           m3           m4           s 
64 25.955492 34.519688 0.000000 2.406915 1.397744 2.437707 4.683440 9.702976 0.250000
66 26.087875 34.367741 0.000000 2.471493 1.394850 2.427212 4.665732 9.701902 0.250000
67 26.159300 34.247700 0.000000 2.321033 1.370530 2.345224 4.422230 9.005939 0.250000
68 26.171831 34.377213 0.000000 2.481635 1.394885 2.420999 4.624082 9.519924 0.262287
69 26.309544 34.371750 0.000000 2.741730 1.353995 2.283976 4.233310 8.458093 0.250000
70 26.039417 34.286110 0.000000 2.925728 1.381415 2.391268 4.574774 9.474577 0.200000
71 26.017410 34.140732 0.000000 3.016999 1.427993 2.546742 5.022310 10.710711 0.200000
72 25.991291 34.173862 0.000000 2.896453 1.435580 2.579065 5.133828 11.070224 0.201764
73 26.100424 34.333500 0.000000 3.532384 1.407060 2.471684 4.800950 10.095078 0.222328
74 26.229582 34.333393 0.000000 3.410596 1.422518 2.528009 4.969466 10.576688 0.309417
75 26.057098 34.162937 0.000000 3.821218 1.430949 2.565379 5.097361 10.974943 0.166667
76 26.084295 34.336807 0.000000 3.945670 1.419053 2.497764 4.833807 10.064856 0.166693
77 26.041300 34.195240 0.000000 3.894346 1.423285 2.527248 4.958710 10.518119 0.166681
78 26.117216 34.234234 0.000000 4.452127 1.405274 2.482153 4.866473 10.362878 0.166667
79 26.040960 34.209049 0.000000 4.235357 1.424253 2.530920 4.969179 10.545302 0.200000
80 26.046349 34.068462 0.000000 3.929178 1.433817 2.569748 5.099584 10.956063 0.250000
81 25.979900 34.163830 0.000000 4.324117 1.428122 2.552154 5.050474 10.823880 0.200000
82 26.037024 34.239140 0.000000 4.426495 1.427091 2.542032 5.007174 10.667364 0.250000
83 25.989576 34.325039 0.000000 4.597226 1.422572 2.526870 4.956917 10.505701 0.200000
84 26.053915 34.221428 0.000000 4.184046 1.458591 2.643362 5.295838 11.466885 0.200000
85 25.987320 33.990471 0.000000 4.137580 1.478658 2.724364 5.552891 12.229097 0.250000
86 25.966375 34.226616 0.000000 4.692019 1.452555 2.619887 5.216672 11.214028 0.200000
87 26.022148 34.268349 0.000000 5.034266 1.474400 2.703066 5.480760 12.008051 0.200000
88 25.981642 34.363422 0.000000 4.495234 1.452606 2.622959 5.236112 11.301974 0.200000
89 26.115721 34.414368 0.000000 4.353914 1.471403 2.691375 5.443164 11.899515 0.166667
90 25.941410 34.655205 0.000000 4.104823 1.458185 2.642756 5.289364 11.430494 0.200015
91 26.251469 35.104576 0.000000 3.825826 1.413647 2.518945 5.002121 10.828922 0.258436
92 26.111290 34.842747 0.000000 4.288483 1.465526 2.685528 5.456284 12.007684 0.250387
93 26.256180 35.166237 0.000000 4.209016 1.383001 2.402476 4.624448 9.664647 0.298045
94 26.363245 35.409149 0.000000 3.842940 1.370702 2.358596 4.495213 9.307748 0.202272
95 26.677067 35.451160 0.000000 3.385069 1.404985 2.468999 4.812013 10.190733 0.220355
96 26.891396 35.751083 0.000000 3.302952 1.441321 2.599644 5.203411 11.300665 0.345298
97 26.672924 36.168499 0.000000 3.254419 1.368561 2.352268 4.475799 9.246362 0.200010
98 26.722467 36.068230 0.000000 2.927065 1.400241 2.458773 4.783821 10.097442 0.200967
99 26.447296 36.244556 0.000000 2.501234 1.426746 2.522346 4.908203 10.293508 0.200006
