%% Trajectory 35
%% frame x (pixel)     y (pixel)    z (pixel)      m0         m1           m2           m3           m4           s 
186 56.224632 27.032103 0.000000 1.987688 1.385738 2.427203 4.742682 10.113070 0.173496
187 56.555412 27.250856 0.000000 1.968473 1.293505 2.148218 4.006256 8.256254 0.250000
188 56.341270 27.353842 0.000000 2.032614 1.351367 2.285903 4.252910 8.526140 0.200013
189 56.032585 27.268467 0.000000 2.022175 1.394919 2.445066 4.754821 10.034464 0.208233
191 56.464951 27.507746 0.000000 2.296616 1.374657 2.376430 4.557727 9.498741 0.200000
192 56.323196 27.234171 0.000000 2.717620 1.370340 2.348691 4.438458 9.067306 0.200000
193 56.515045 27.414316 0.000000 2.551656 1.274735 2.039370 3.571053 6.721293 0.250000
194 56.395763 27.386992 0.000000 2.017096 1.299509 2.137292 3.897022 7.747341 0.250000
195 56.763226 27.387177 0.000000 2.798936 1.270738 2.029176 3.540530 6.625036 0.250000
196 56.543835 27.532984 0.000000 2.799742 1.305955 2.137141 3.835016 7.403662 0.350467
197 56.689896 27.131189 0.000000 2.977770 1.293294 2.088070 3.687185 6.988069 0.250024
198 56.811249 27.559170 0.000000 3.379915 1.274290 2.032761 3.542213 6.619904 0.401925
199 56.778336 27.456396 0.000000 3.658066 1.303592 2.123181 3.777392 7.199758 0.266912
200 56.803688 27.534382 0.000000 3.616986 1.291923 2.088304 3.696045 7.032690 0.250003
201 56.772163 27.521246 0.000000 3.006668 1.290189 2.080726 3.663818 6.909066 0.496897
203 56.853928 27.612888 0.000000 3.967489 1.286159 2.083196 3.710973 7.146903 0.250011
204 56.815132 27.463388 0.000000 3.812162 1.304562 2.124116 3.775421 7.183205 0.264093
205 56.695396 27.399195 0.000000 4.537228 1.297830 2.100672 3.710038 7.011350 0.254944
206 56.590225 27.593311 0.000000 4.067494 1.271936 2.026347 3.526735 6.584201 0.250000
207 56.555538 27.581791 0.000000 4.073418 1.303170 2.128366 3.805461 7.308273 0.250000
208 56.342865 27.587114 0.000000 4.144248 1.296849 2.107414 3.753169 7.192872 0.250000
209 56.267776 27.596865 0.000000 4.346413 1.281987 2.057889 3.607312 6.774948 0.200161
210 56.132717 27.779554 0.000000 4.170094 1.352013 2.287228 4.253425 8.518954 0.200011
211 56.141285 27.885101 0.000000 3.524939 1.368258 2.338545 4.394496 8.890038 0.170545
212 56.021278 28.155460 0.000000 3.849992 1.378209 2.388998 4.577781 9.490624 0.212325
213 55.609543 28.445675 0.000000 3.508647 1.298096 2.103525 3.718892 7.033362 0.166742
214 55.270554 28.292707 0.000000 3.157021 1.314329 2.186711 4.029582 8.080677 0.166667
215 55.257824 28.217920 0.000000 2.977978 1.332362 2.229069 4.116120 8.234314 0.168794
216 55.201092 28.387819 0.000000 3.104090 1.350395 2.287314 4.269150 8.608317 0.166667
218 55.471008 28.109089 0.000000 2.226017 1.343416 2.267114 4.232911 8.579231 0.327415
219 54.898445 28.075111 0.000000 2.051390 1.461028 2.665935 5.399763 11.859312 0.200004
