%% Trajectory 6
%% frame x (pixel)     y (pixel)    z (pixel)      m0         m1           m2           m3           m4           s 
12 22.436892 28.687611 0.000000 1.182622 1.322338 2.201180 4.040954 8.028421 0.200004
14 22.455553 28.618608 0.000000 1.261467 1.373883 2.358811 4.471481 9.171447 0.200524
15 22.502405 28.834957 0.000000 1.416033 1.377364 2.382790 4.565244 9.486061 0.335702
16 22.062572 28.980061 0.000000 1.395531 1.370513 2.372959 4.563859 9.546689 0.200004
17 22.484020 28.775377 0.000000 1.493871 1.343646 2.266507 4.212363 8.456108 0.201270
18 22.356466 28.737547 0.000000 1.616525 1.346123 2.283425 4.280304 8.693316 0.203790
19 22.223713 28.852543 0.000000 1.596976 1.375625 2.376527 4.551212 9.471955 0.255689
20 22.364246 28.807899 0.000000 2.025757 1.308659 2.146401 3.859052 7.462871 0.261395
21 22.449081 28.867538 0.000000 2.000440 1.344432 2.271260 4.234873 8.544100 0.281972
22 22.415895 28.783619 0.000000 2.316218 1.352226 2.278534 4.217242 8.410254 0.250863
23 22.659798 28.558676 0.000000 2.270915 1.316442 2.188230 4.026895 8.059519 0.250000
24 22.602543 28.678431 0.000000 2.135411 1.334391 2.240569 4.156552 8.358882 0.301085
25 22.761856 28.377171 0.000000 2.151553 1.334625 2.235579 4.115533 8.162857 0.275954
26 22.897209 28.369839 0.000000 2.368590 1.336644 2.245922 4.168656 8.385561 0.250000
27 23.221708 28.557598 0.000000 2.445069 1.345509 2.280273 4.276393 8.710761 0.250142
28 23.371033 28.507524 0.000000 2.571132 1.358679 2.322139 4.400315 9.072033 0.250000
29 23.196201 28.537268 0.000000 2.341757 1.371415 2.387181 4.641982 9.881308 0.297592
30 23.371941 28.620953 0.000000 2.055865 1.443374 2.625320 5.334735 11.834957 0.250010
31 23.527954 28.605640 0.000000 2.228951 1.424059 2.554560 5.100736 11.090866 0.250103
32 23.716671 29.026402 0.000000 1.800173 1.357707 2.375257 4.679386 10.157943 0.250000
33 23.654488 29.150349 0.000000 1.715761 1.421940 2.585348 5.286848 11.862982 0.250000
34 23.914642 29.657309 0.000000 1.392944 1.340542 2.333096 4.584877 9.948746 0.250000
