%% Trajectory 8
%% frame x (pixel)     y (pixel)    z (pixel)      m0         m1           m2           m3           m4           s 
7 13.713622 11.284350 0.000000 0.966579 1.402456 2.563886 5.325797 12.212509 0.126151
9 13.392256 11.112324 0.000000 1.759991 1.334948 2.277293 4.347616 9.110487 0.142983
10 13.265471 11.318487 0.000000 1.918617 1.344809 2.315567 4.485501 9.579383 0.166667
11 13.330305 11.303675 0.000000 2.191526 1.321371 2.205780 4.080139 8.210939 0.174744
12 13.465259 11.131590 0.000000 2.208946 1.314697 2.196756 4.092300 8.351326 0.143672
13 13.397097 11.358875 0.000000 2.673506 1.265906 2.017563 3.529036 6.659708 0.165197
14 13.359951 11.383740 0.000000 3.091703 1.282849 2.078816 3.716696 7.210043 0.160852
15 13.346621 11.380974 0.000000 3.081416 1.297369 2.121881 3.831442 7.508426 0.274398
16 13.373517 11.257834 0.000000 3.619600 1.334015 2.235130 4.135621 8.294715 0.147196
17 13.521029 11.422678 0.000000 3.817481 1.316096 2.160455 3.879935 7.478087 0.142881
18 13.458488 11.288056 0.000000 3.809275 1.284604 2.070960 3.663250 6.986195 0.145597
19 13.363229 11.402781 0.000000 3.897355 1.298258 2.102672 3.722805 7.070339 0.166667
20 13.554111 11.422790 0.000000 4.240902 1.320607 2.187314 3.986780 7.850709 0.179207
21 13.666845 11.423558 0.000000 4.381437 1.354978 2.303762 4.332807 8.845333 0.178142
23 13.596060 11.619083 0.000000 6.507250 1.379349 2.372103 4.491850 9.180522 0.166667
25 13.373058 11.557111 0.000000 5.914342 1.335597 2.215389 4.011408 7.772723 0.199374
26 13.518315 11.497211 0.000000 6.381265 1.356334 2.287609 4.229012 8.401670 0.166667
27 13.529277 11.625668 0.000000 6.874840 1.318098 2.167156 3.896502 7.511689 0.166667
28 13.373778 11.743073 0.000000 7.297049 1.355914 2.293439 4.262332 8.534513 0.200000
29 13.327024 11.696904 0.000000 6.615630 1.347805 2.281402 4.265150 8.639781 0.200000
30 13.332729 11.693512 0.000000 6.750576 1.349306 2.270234 4.191802 8.325025 0.166667
31 13.267232 11.639089 0.000000 6.202432 1.301214 2.115190 3.755457 7.141366 0.167020
32 13.200048 11.557624 0.000000 5.972386 1.290808 2.090201 3.708170 7.074332 0.166667
33 13.285271 11.631073 0.000000 6.440120 1.300175 2.108073 3.730579 7.066615 0.209477
34 13.192010 11.487516 0.000000 6.619976 1.308397 2.143760 3.854630 7.466535 0.211663
35 13.309513 11.584476 0.000000 7.104529 1.315561 2.160662 3.881824 7.480012 0.166669
36 13.274078 11.519464 0.000000 6.414242 1.290273 2.080691 3.667871 6.936360 0.200460
37 13.207719 11.542699 0.000000 6.459221 1.303356 2.128047 3.809661 7.338796 0.250050
38 13.285470 11.553154 0.000000 6.878750 1.287612 2.070795 3.636293 6.840986 0.200000
39 13.269077 11.526690 0.000000 6.913345 1.296419 2.106329 3.749115 7.174568 0.250000
40 13.253324 11.577237 0.000000 6.808568 1.283994 2.063651 3.624348 6.826669 0.166667
41 13.296105 11.616985 0.000000 6.760843 1.306107 2.135956 3.830056 7.392174 0.166667
42 13.341549 11.583293 0.000000 6.736646 1.308096 2.133497 3.800198 7.249432 0.200000
43 13.260217 11.668054 0.000000 6.905622 1.317207 2.159089 3.858938 7.370255 0.200000
44 13.358227 11.651168 0.000000 6.957699 1.321681 2.170346 3.882832 7.415136 0.200000
45 13.431180 11.774785 0.000000 7.821648 1.355631 2.289417 4.244024 8.467886 0.200000
46 13.534503 11.957440 0.000000 7.393192 1.391107 2.422182 4.657480 9.685221 0.166667
47 13.634495 11.988944 0.000000 7.403546 1.404580 2.462258 4.766401 9.974371 0.166667
48 13.717912 12.069912 0.000000 7.061696 1.394754 2.428824 4.662100 9.657816 0.200000
49 13.711020 12.108335 0.000000 7.656898 1.390541 2.415602 4.625358 9.559674 0.142857
50 13.730562 12.262877 0.000000 7.141956 1.390969 2.415704 4.626323 9.571259 0.200000
51 14.131084 12.457563 0.000000 6.901188 1.470972 2.680677 5.385738 11.657190 0.200000
52 13.853617 12.439282 0.000000 6.670135 1.435972 2.563244 5.045560 10.714895 0.200000
53 13.633730 12.378738 0.000000 6.562303 1.450071 2.611973 5.191473 11.132668 0.200000
54 13.312692 12.325528 0.000000 6.134802 1.395964 2.428056 4.654020 9.629237 0.200000
56 13.284442 12.175954 0.000000 4.489185 1.466240 2.660042 5.320872 11.474608 0.200000
57 13.363321 12.101447 0.000000 5.444494 1.427897 2.534064 4.958870 10.471616 0.166667
58 13.361092 11.918738 0.000000 4.495184 1.420472 2.523359 4.958611 10.545737 0.200000
59 13.658587 11.890205 0.000000 4.038667 1.440341 2.596248 5.192600 11.262530 0.166667
60 13.868169 12.170405 0.000000 3.928644 1.467676 2.687022 5.448339 11.955458 0.166667
61 13.956903 12.166122 0.000000 4.214325 1.435197 2.568858 5.079107 10.846988 0.166667
62 14.175826 12.482238 0.000000 3.896596 1.472990 2.678144 5.349016 11.471850 0.142857
63 14.118379 12.464706 0.000000 3.488073 1.406671 2.457829 4.722318 9.766902 0.166668
64 14.383024 12.542654 0.000000 4.166100 1.393464 2.418242 4.619065 9.511705 0.166709
65 14.400558 12.576880 0.000000 3.679884 1.383532 2.391124 4.549381 9.330927 0.142868
66 14.112556 12.393524 0.000000 2.934592 1.375443 2.367888 4.495894 9.224694 0.167022
67 14.582093 12.771457 0.000000 3.361156 1.400487 2.456145 4.762931 9.996270 0.166669
69 14.813234 12.738963 0.000000 2.324107 1.442008 2.598709 5.185332 11.198155 0.142859
70 15.188128 13.236269 0.000000 2.308087 1.440328 2.584283 5.111789 10.894816 0.125001
71 15.300920 13.069887 0.000000 1.775241 1.350328 2.298531 4.329246 8.834854 0.166673
