%% Trajectory 6
%% frame x (pixel)     y (pixel)    z (pixel)      m0         m1           m2           m3           m4           s 
14 69.306137 9.712076 0.000000 1.266072 1.238245 1.948802 3.373462 6.321435 0.200000
15 69.347839 9.782528 0.000000 1.291139 1.250593 2.000948 3.560220 6.945424 0.166667
17 69.954491 9.558608 0.000000 1.289621 1.365460 2.361607 4.537461 9.485523 0.288796
18 69.665184 9.678188 0.000000 1.714656 1.273372 2.066394 3.736110 7.418215 0.142857
19 69.713097 9.668553 0.000000 1.901266 1.295167 2.132651 3.909926 7.854788 0.166676
20 69.934052 9.925503 0.000000 1.896566 1.396024 2.448026 4.762566 10.064201 0.221104
21 70.019371 9.513662 0.000000 1.982010 1.304683 2.155636 3.941740 7.836420 0.166667
22 70.206169 9.685005 0.000000 2.512567 1.302220 2.131522 3.836597 7.458657 0.142859
23 70.116180 9.721991 0.000000 2.607480 1.352012 2.278605 4.216115 8.392872 0.175598
24 70.215637 9.680991 0.000000 2.398349 1.312503 2.163435 3.923209 7.686738 0.166667
25 70.331970 9.672891 0.000000 2.821730 1.327009 2.206977 4.039736 7.990552 0.279026
26 70.291344 9.621648 0.000000 2.899734 1.318220 2.169859 3.907521 7.550169 0.166688
27 70.236565 9.785452 0.000000 2.702616 1.317212 2.183889 3.987353 7.867463 0.167069
28 70.266960 9.637719 0.000000 3.070145 1.311649 2.149695 3.859869 7.447961 0.166667
29 70.218506 9.702582 0.000000 3.081636 1.292345 2.094613 3.713932 7.066164 0.166667
30 70.340927 9.722350 0.000000 3.188643 1.302974 2.115735 3.747138 7.096779 0.166668
31 70.253555 9.664177 0.000000 3.281310 1.298076 2.099021 3.703534 6.993075 0.166714
32 70.407288 9.759048 0.000000 3.397806 1.297164 2.103687 3.726943 7.075873 0.200000
33 70.286263 9.787857 0.000000 3.712224 1.309240 2.143599 3.841183 7.389923 0.166675
34 70.422333 9.734424 0.000000 3.722717 1.310171 2.139870 3.811000 7.253076 0.172180
35 70.230988 9.799312 0.000000 3.746617 1.343318 2.256396 4.164359 8.277359 0.200234
36 70.178139 9.824857 0.000000 4.112860 1.351189 2.290763 4.286233 8.680407 0.250287
37 70.217728 10.016363 0.000000 3.914496 1.361662 2.323877 4.370462 8.873449 0.200000
38 70.124992 10.115511 0.000000 3.726710 1.354347 2.300899 4.310947 8.729419 0.200000
39 70.130829 10.154670 0.000000 3.921576 1.348668 2.276202 4.222313 8.433858 0.166678
40 70.061127 10.335621 0.000000 3.941518 1.324762 2.205266 4.034691 7.954815 0.166667
41 70.091560 10.516447 0.000000 3.492074 1.288825 2.080123 3.665329 6.915034 0.166667
42 70.019707 10.554381 0.000000 3.929388 1.353784 2.309992 4.362509 8.939866 0.200000
43 69.821533 10.806600 0.000000 3.556085 1.314546 2.181777 3.997567 7.934905 0.166667
44 69.740318 10.943833 0.000000 2.946400 1.360170 2.311604 4.325376 8.732133 0.163199
45 69.930992 11.004725 0.000000 3.223747 1.382006 2.401778 4.615070 9.596069 0.185851
46 69.932640 11.068713 0.000000 3.768557 1.390938 2.422193 4.653703 9.655503 0.142857
47 69.813171 11.245409 0.000000 3.208330 1.319255 2.176407 3.930923 7.622889 0.142857
48 69.277283 11.402727 0.000000 2.644336 1.341012 2.250965 4.158401 8.294576 0.166667
49 69.515495 11.600823 0.000000 2.494740 1.331364 2.228346 4.126258 8.303690 0.166726
