%% Trajectory 30
%% frame x (pixel)     y (pixel)    z (pixel)      m0         m1           m2           m3           m4           s 
55 66.444870 64.222191 0.000000 1.612736 1.340067 2.280416 4.320317 8.926289 0.166667
57 66.174393 63.995358 0.000000 1.899278 1.476925 2.761732 5.748214 12.982463 0.241911
58 66.274643 63.964314 0.000000 2.066682 1.331124 2.290114 4.420441 9.373760 0.200004
59 66.291763 63.834084 0.000000 2.103539 1.409960 2.554291 5.212455 11.686161 0.167332
60 66.122108 63.992821 0.000000 2.065209 1.463163 2.721315 5.653318 12.775988 0.166709
61 66.084244 64.085617 0.000000 2.415751 1.519077 2.877108 6.056833 13.815938 0.166706
62 66.355186 64.007973 0.000000 2.295308 1.413633 2.532589 5.068544 11.070128 0.166667
63 66.511093 63.852314 0.000000 2.372318 1.369072 2.386127 4.665035 10.016891 0.223327
64 66.652481 64.080406 0.000000 2.466490 1.354616 2.348943 4.532999 9.516453 0.250000
65 66.552757 63.705345 0.000000 3.045623 1.387222 2.438739 4.775849 10.186713 0.200411
66 66.570412 63.907757 0.000000 2.740782 1.345497 2.297599 4.359297 9.003423 0.200000
67 66.482452 63.928604 0.000000 3.008335 1.429345 2.579271 5.184289 11.334363 0.200000
68 66.594604 63.899082 0.000000 2.994393 1.340789 2.279706 4.303580 8.840180 0.205814
69 66.461800 63.917267 0.000000 3.088782 1.378498 2.414387 4.707538 9.997257 0.200223
70 66.276024 63.777016 0.000000 3.106739 1.336565 2.283699 4.362499 9.136579 0.200001
71 66.333046 63.974041 0.000000 3.164776 1.437934 2.624568 5.352769 11.906240 0.250000
72 66.341476 64.001587 0.000000 2.930334 1.463045 2.712007 5.612320 12.636157 0.200000
73 66.277977 63.971661 0.000000 3.394479 1.462469 2.698278 5.538855 12.337763 0.200000
74 66.344315 64.037315 0.000000 3.495069 1.452779 2.663007 5.435734 12.058114 0.200000
75 66.403252 63.835316 0.000000 3.167124 1.395348 2.460243 4.824450 10.292839 0.200004
76 66.285515 64.079857 0.000000 2.999866 1.526201 2.933061 6.265455 14.482621 0.200000
78 66.398880 63.845623 0.000000 3.254542 1.379307 2.432628 4.798926 10.359076 0.185666
79 66.555267 63.955132 0.000000 2.870224 1.400350 2.482766 4.910056 10.592566 0.200000
80 66.479126 63.925213 0.000000 3.635792 1.368276 2.381864 4.630740 9.850678 0.166667
81 66.622505 63.734375 0.000000 4.333497 1.373365 2.398894 4.685040 10.013007 0.142857
82 66.642227 63.699451 0.000000 4.556904 1.399884 2.462000 4.797964 10.142777 0.142857
83 66.546196 63.731575 0.000000 4.383446 1.391994 2.456274 4.845397 10.457588 0.142857
84 66.621727 63.690987 0.000000 4.117079 1.373413 2.380213 4.586706 9.633198 0.166667
85 66.536339 63.733616 0.000000 3.511831 1.451157 2.653152 5.411121 12.018486 0.200000
86 66.584114 63.605091 0.000000 4.302159 1.389343 2.434823 4.742719 10.058427 0.166667
87 66.701508 63.631756 0.000000 4.887357 1.377411 2.379106 4.546619 9.426190 0.166667
88 66.703796 63.554874 0.000000 5.268380 1.354141 2.288398 4.250232 8.506788 0.166673
89 66.790428 63.683311 0.000000 4.907836 1.345383 2.266179 4.202862 8.417222 0.166667
90 66.732552 63.896099 0.000000 4.890096 1.409507 2.497420 4.917218 10.525221 0.166667
91 66.752426 63.739513 0.000000 5.363690 1.381371 2.404903 4.649974 9.781828 0.169734
92 66.640892 63.794785 0.000000 6.119380 1.379903 2.385912 4.562985 9.457378 0.200000
93 66.547379 63.850750 0.000000 5.902959 1.393137 2.454118 4.815376 10.304681 0.200001
94 66.633720 63.809486 0.000000 5.931252 1.349844 2.300452 4.350932 8.958500 0.200000
95 66.628540 63.777599 0.000000 6.706123 1.376929 2.370693 4.497742 9.213382 0.166667
96 66.696899 63.682220 0.000000 6.368764 1.361011 2.315935 4.341240 8.787696 0.166667
97 66.815727 63.711502 0.000000 6.569083 1.369282 2.346745 4.435086 9.057743 0.166667
98 66.759026 63.747723 0.000000 6.523077 1.394985 2.428257 4.664731 9.687054 0.166667
99 66.715904 63.708019 0.000000 7.485824 1.332131 2.212865 4.028331 7.878779 0.125000
100 66.477631 63.644611 0.000000 6.829224 1.336680 2.242835 4.149943 8.310593 0.142857
101 66.631966 63.736431 0.000000 7.271958 1.369886 2.345505 4.428546 9.037920 0.142857
102 66.412537 63.608795 0.000000 7.154026 1.339862 2.249470 4.166753 8.360505 0.142857
103 66.457924 63.693565 0.000000 6.930441 1.345423 2.272777 4.244810 8.603680 0.142857
104 66.019997 63.726372 0.000000 6.660398 1.456882 2.677317 5.495917 12.300737 0.166667
106 65.511520 63.205368 0.000000 7.838672 1.444230 2.603117 5.198079 11.250917 0.166667
107 65.511314 63.030514 0.000000 8.116789 1.402103 2.443104 4.676095 9.621459 0.200000
108 65.490555 63.076077 0.000000 7.172823 1.394089 2.423531 4.642328 9.596234 0.166667
109 65.658600 63.104534 0.000000 6.366498 1.413600 2.477782 4.769334 9.869401 0.200000
110 65.614265 62.794807 0.000000 6.192142 1.371222 2.348158 4.430995 9.028374 0.142857
111 65.274765 62.728344 0.000000 5.615294 1.347627 2.259534 4.149312 8.183078 0.262261
113 65.834518 61.823566 0.000000 3.418720 1.426479 2.558721 5.100393 11.044807 0.125000
114 65.698372 61.550220 0.000000 3.062470 1.435982 2.557524 5.013241 10.577024 0.142857
116 66.813858 61.761639 0.000000 1.894449 1.388314 2.434683 4.740284 10.023184 0.125000
