%% Trajectory 9
%% frame x (pixel)     y (pixel)    z (pixel)      m0         m1           m2           m3           m4           s 
7 68.772949 35.127560 0.000000 0.937861 1.230505 1.928067 3.331548 6.252098 0.125000
8 68.577370 34.949005 0.000000 1.103150 1.280944 2.087426 3.746313 7.264678 0.150041
9 68.811081 34.935051 0.000000 0.995433 1.271048 2.048249 3.646741 7.057663 0.142857
10 68.822624 34.987381 0.000000 1.159059 1.317436 2.195321 4.038366 8.037530 0.125298
11 68.736862 34.995220 0.000000 1.246853 1.299646 2.141716 3.896741 7.679899 0.125547
12 68.999298 35.105858 0.000000 1.186542 1.309716 2.170171 3.973671 7.883035 0.166648
13 68.926109 35.127457 0.000000 1.217672 1.304599 2.159296 3.962702 7.918417 0.125067
14 68.755333 35.194099 0.000000 1.718034 1.254050 1.985720 3.452075 6.477992 0.142860
15 68.908524 35.184345 0.000000 1.783970 1.303392 2.142091 3.877410 7.583347 0.148306
16 68.826843 35.175117 0.000000 1.844584 1.273561 2.046778 3.613169 6.879696 0.205779
17 68.824219 35.065853 0.000000 1.773672 1.302923 2.144369 3.895397 7.664330 0.192467
18 68.937386 35.103657 0.000000 1.840392 1.303524 2.153805 3.928114 7.753367 0.279181
19 68.873489 35.043503 0.000000 2.004560 1.320923 2.202246 4.052524 8.071239 0.217740
20 68.906090 35.097958 0.000000 1.887173 1.311511 2.173767 3.984957 7.928933 0.178659
21 68.832550 35.074089 0.000000 2.267898 1.295506 2.121863 3.832830 7.492535 0.148221
22 69.017052 35.120583 0.000000 2.211580 1.342246 2.277643 4.281301 8.738740 0.324154
23 68.945137 35.185299 0.000000 2.590545 1.312524 2.178863 4.004042 7.994592 0.142857
24 68.883949 35.136955 0.000000 2.789862 1.319408 2.197460 4.039063 8.034180 0.125000
25 68.827301 35.152199 0.000000 2.881209 1.310680 2.166543 3.953418 7.818008 0.142857
26 68.864914 35.123642 0.000000 2.797847 1.320818 2.195034 4.019395 7.954597 0.142857
27 68.847450 35.017971 0.000000 2.743847 1.327490 2.222011 4.100520 8.175511 0.166667
28 68.749756 35.223190 0.000000 3.019101 1.303886 2.137081 3.852184 7.495546 0.142857
29 68.704346 35.127316 0.000000 2.704421 1.312239 2.167169 3.942952 7.754499 0.142857
30 68.580475 35.137131 0.000000 2.668930 1.289831 2.090512 3.716401 7.113119 0.142857
31 68.594070 35.256409 0.000000 2.709876 1.278936 2.053496 3.608021 6.809528 0.142857
32 68.570793 35.276188 0.000000 2.409383 1.244834 1.950531 3.342334 6.158293 0.200000
33 68.381935 35.290321 0.000000 2.642003 1.266019 2.013397 3.498466 6.521268 0.166667
34 68.198799 35.354828 0.000000 2.313780 1.299162 2.109088 3.742247 7.118954 0.200000
35 68.110123 35.503731 0.000000 2.083669 1.271239 2.036928 3.586185 6.822051 0.166667
36 67.960022 35.660351 0.000000 2.305047 1.299356 2.137710 3.889949 7.693059 0.250000
37 67.933830 35.570286 0.000000 2.263863 1.269114 2.026205 3.541485 6.654086 0.200000
38 67.639687 35.773384 0.000000 2.441036 1.273219 2.032110 3.543669 6.628067 0.200000
39 67.233528 35.667137 0.000000 2.513046 1.283727 2.064784 3.630478 6.849546 0.166667
40 67.382858 35.591511 0.000000 2.493032 1.278327 2.043300 3.566751 6.674579 0.200000
41 67.602661 35.611679 0.000000 1.841715 1.253999 1.980283 3.419614 6.343409 0.200000
42 67.409187 35.814190 0.000000 1.584667 1.266155 2.013384 3.499681 6.529103 0.226623
43 67.446373 35.856125 0.000000 1.409715 1.290405 2.086674 3.690102 7.001256 0.201598
44 67.445312 35.764076 0.000000 1.213284 1.239433 1.935551 3.304822 6.067375 0.250000
45 67.366547 35.937744 0.000000 1.100519 1.235977 1.936018 3.334818 6.221957 0.200000
