%% Trajectory 7
%% frame x (pixel)     y (pixel)    z (pixel)      m0         m1           m2           m3           m4           s 
20 42.546398 37.292015 0.000000 1.610704 1.428594 2.551472 5.059381 10.905131 0.167913
21 42.617146 37.166996 0.000000 1.523034 1.493178 2.749827 5.574940 12.155143 0.166667
22 42.690903 37.289902 0.000000 1.717448 1.440132 2.585402 5.136808 11.046167 0.173501
23 42.782551 37.476398 0.000000 1.476978 1.494221 2.769928 5.684524 12.616575 0.250000
24 42.654984 36.882431 0.000000 1.650547 1.470532 2.688793 5.451067 11.981430 0.200000
25 42.756252 37.408009 0.000000 1.705435 1.459129 2.658537 5.363108 11.710372 0.200000
26 42.695694 37.028751 0.000000 1.717672 1.494743 2.765665 5.653208 12.469174 0.200000
27 42.778873 37.419617 0.000000 1.709244 1.557305 2.992350 6.346224 14.488377 0.200000
28 43.158772 37.209724 0.000000 1.890670 1.484779 2.731438 5.552248 12.190097 0.200000
29 42.868580 37.249748 0.000000 1.893955 1.602535 3.136154 6.751515 15.593754 0.200000
30 42.862366 37.345905 0.000000 1.950727 1.555092 2.971891 6.273752 14.278689 0.200000
31 42.799927 37.290863 0.000000 2.005461 1.486758 2.741599 5.582649 12.263948 0.227381
32 42.896130 36.853165 0.000000 2.276956 1.561325 3.007557 6.403324 14.693264 0.200001
34 42.910149 37.770386 0.000000 2.525852 1.564666 3.012437 6.395041 14.603440 0.166667
35 42.881886 37.556320 0.000000 2.854275 1.611771 3.177582 6.902131 16.107641 0.166667
36 43.230259 37.313969 0.000000 2.480592 1.491911 2.765887 5.671063 12.561456 0.166683
37 43.213470 37.257565 0.000000 2.885120 1.568721 3.007530 6.345852 14.389327 0.200000
38 43.176041 37.252621 0.000000 2.702814 1.488639 2.732030 5.522685 12.024117 0.166697
39 43.370636 37.564175 0.000000 2.512157 1.484868 2.752277 5.664615 12.641405 0.142857
40 43.448112 38.120461 0.000000 2.630307 1.461395 2.660177 5.363016 11.706424 0.166667
41 43.426853 38.214146 0.000000 2.668117 1.447145 2.594126 5.127170 10.936003 0.250000
42 43.306072 38.336445 0.000000 2.407104 1.443647 2.588053 5.121054 10.942929 0.222620
43 43.441788 38.363873 0.000000 3.006906 1.384233 2.381584 4.506886 9.197765 0.204179
44 43.333305 38.239578 0.000000 3.065001 1.408234 2.460471 4.726612 9.776333 0.253300
45 43.793365 38.495632 0.000000 3.057975 1.422126 2.505443 4.849942 10.095420 0.193019
46 43.783829 38.901375 0.000000 2.884556 1.384131 2.386567 4.525419 9.238643 0.166741
47 43.299484 39.230202 0.000000 2.824229 1.411988 2.489668 4.848622 10.211056 0.301988
48 43.752308 39.253796 0.000000 2.276550 1.493795 2.759906 5.621701 12.337984 0.166667
