%% Trajectory 18
%% frame x (pixel)     y (pixel)    z (pixel)      m0         m1           m2           m3           m4           s 
23 48.395893 49.203266 0.000000 1.999101 1.292547 2.138447 3.954282 8.037898 0.200000
24 48.115597 48.907051 0.000000 2.305034 1.314215 2.201787 4.085896 8.234682 0.150387
25 48.260380 48.684086 0.000000 2.128825 1.278259 2.102709 3.869930 7.841414 0.200000
26 47.868835 48.723473 0.000000 2.689571 1.348592 2.334696 4.540326 9.716142 0.200000
27 47.659420 48.738438 0.000000 2.975045 1.266160 2.025390 3.558666 6.745674 0.166669
28 47.608974 48.666000 0.000000 3.030380 1.226124 1.926482 3.352993 6.376066 0.166667
29 47.856335 48.622032 0.000000 3.797135 1.261936 2.041004 3.691761 7.366334 0.166667
30 47.745609 48.438419 0.000000 3.794053 1.286318 2.094208 3.778180 7.435758 0.250065
31 47.740486 48.352097 0.000000 3.958722 1.264356 2.023334 3.575155 6.868877 0.142857
32 47.649174 48.379128 0.000000 4.123576 1.246506 1.952900 3.348309 6.181162 0.166667
33 47.509659 48.287331 0.000000 4.610735 1.247571 1.957111 3.355823 6.183451 0.166667
34 47.357395 48.300606 0.000000 4.860225 1.293562 2.097254 3.722581 7.101843 0.166667
35 47.328793 48.437393 0.000000 4.394042 1.300430 2.112205 3.751195 7.148111 0.166667
36 47.409744 48.270317 0.000000 4.955185 1.308149 2.143105 3.845719 7.416817 0.166667
37 47.258610 48.152607 0.000000 5.662583 1.345511 2.278296 4.263697 8.643679 0.200000
38 47.139435 48.145203 0.000000 5.687674 1.407507 2.479550 4.835355 10.214873 0.200000
39 47.331886 48.194881 0.000000 6.055145 1.355899 2.286593 4.226218 8.387332 0.200066
40 47.308987 48.252190 0.000000 5.730573 1.315716 2.155406 3.853680 7.370081 0.250000
41 47.248997 48.224979 0.000000 5.121644 1.337001 2.230232 4.081958 8.040694 0.200000
42 47.219349 48.167027 0.000000 5.814079 1.318503 2.178683 3.951678 7.715143 0.200000
43 47.314674 48.303707 0.000000 6.040224 1.306638 2.127606 3.777363 7.167309 0.200000
44 47.435913 48.244125 0.000000 6.028654 1.285171 2.063944 3.619503 6.800979 0.200000
45 47.341007 48.179737 0.000000 5.932722 1.297707 2.100412 3.708816 7.006188 0.200000
46 47.432755 48.044491 0.000000 6.109142 1.353773 2.302488 4.317716 8.744211 0.250000
47 47.430840 48.026188 0.000000 5.837058 1.333744 2.251981 4.220041 8.607772 0.200000
48 47.326195 47.697994 0.000000 5.893710 1.271053 2.027674 3.538053 6.630120 0.333333
49 47.265110 47.612068 0.000000 6.064375 1.279725 2.052844 3.604102 6.801854 0.200000
51 46.782234 47.309093 0.000000 4.608657 1.288603 2.078220 3.661959 6.916177 0.166667
53 46.876480 46.917610 0.000000 3.994832 1.317230 2.194755 4.048789 8.111128 0.250000
54 46.738785 46.911232 0.000000 3.336425 1.258091 2.017497 3.587487 6.967474 0.200000
55 46.425861 46.396549 0.000000 3.548496 1.244561 1.950495 3.339557 6.140975 0.200000
57 45.525173 47.248192 0.000000 3.373630 1.341663 2.272154 4.258524 8.652084 0.166667
59 44.381466 46.878315 0.000000 2.612279 1.475067 2.776859 5.873147 13.563795 0.261033
