%% Trajectory 10
%% frame x (pixel)     y (pixel)    z (pixel)      m0         m1           m2           m3           m4           s 
20 57.555729 78.627609 0.000000 1.068255 1.303563 2.117289 3.750472 7.103233 0.167697
21 57.655174 78.672623 0.000000 1.089167 1.365075 2.329564 4.377558 8.885735 0.283340
22 57.404263 78.383080 0.000000 1.232718 1.351996 2.318202 4.415622 9.153008 0.294138
23 57.349586 78.414261 0.000000 1.459806 1.353788 2.292504 4.262424 8.528021 0.219299
24 57.486618 78.059578 0.000000 1.815068 1.375429 2.364646 4.483064 9.177267 0.283738
25 57.602341 78.406364 0.000000 1.878516 1.385641 2.395916 4.561934 9.376277 0.397439
26 57.622189 78.196724 0.000000 1.960584 1.404410 2.441669 4.662992 9.583002 0.329967
27 57.472263 78.455765 0.000000 1.927154 1.430524 2.556431 5.050008 10.781097 0.391590
28 57.720005 78.047112 0.000000 1.832432 1.465195 2.667582 5.361563 11.623339 0.317766
29 57.524570 77.933609 0.000000 2.216007 1.397200 2.437994 4.700921 9.817361 0.204765
30 57.759800 77.815163 0.000000 2.388508 1.373226 2.350707 4.426411 8.983727 0.173870
31 57.574619 77.692139 0.000000 2.652024 1.340662 2.226007 4.026682 7.773207 0.200000
32 57.436169 77.749962 0.000000 2.605471 1.351137 2.271281 4.175411 8.224166 0.166667
33 57.683819 77.969688 0.000000 2.614123 1.387394 2.410448 4.634446 9.661290 0.166667
34 57.735138 77.792671 0.000000 2.445585 1.378587 2.388216 4.580961 9.534795 0.166667
35 57.519409 77.822144 0.000000 2.730936 1.341410 2.250969 4.146472 8.221362 0.200000
36 57.672619 77.784088 0.000000 3.026639 1.343300 2.275048 4.265193 8.685749 0.200000
37 57.499245 77.869820 0.000000 2.862395 1.322728 2.179768 3.926931 7.582560 0.200000
38 57.444412 77.766083 0.000000 2.671484 1.314448 2.156891 3.869472 7.442294 0.200000
39 57.630409 77.794930 0.000000 2.525516 1.329329 2.216759 4.065057 8.042102 0.200000
40 57.612011 77.511459 0.000000 2.633988 1.286172 2.072134 3.644123 6.861407 0.142857
41 57.859753 77.264183 0.000000 2.690015 1.360480 2.339584 4.477566 9.354572 0.166667
42 57.938755 76.983299 0.000000 2.514235 1.398114 2.453472 4.758573 9.982168 0.166667
43 58.306229 77.180321 0.000000 2.865566 1.362633 2.330136 4.401564 9.005676 0.200000
44 58.328869 77.025261 0.000000 2.391564 1.391145 2.437581 4.728993 9.941419 0.166667
45 58.368980 76.911156 0.000000 2.369992 1.317876 2.169556 3.908560 7.555609 0.250000
46 58.812824 76.883446 0.000000 2.259980 1.328070 2.210232 4.043272 7.974512 0.166667
47 59.236034 77.228096 0.000000 2.194787 1.393625 2.457772 4.822442 10.301779 0.125000
48 59.164112 77.395012 0.000000 2.237599 1.294785 2.118364 3.828653 7.515822 0.166686
49 59.407375 77.381569 0.000000 1.840753 1.321261 2.239964 4.261993 8.935409 0.310832
50 59.138176 77.445168 0.000000 1.135128 1.315131 2.195658 4.071692 8.235118 0.131721
51 59.451511 77.186775 0.000000 1.537493 1.342060 2.275529 4.292414 8.844848 0.147629
53 58.920479 77.620171 0.000000 1.082219 1.293770 2.204105 4.276421 9.255541 0.173434
