%% Trajectory 17
%% frame x (pixel)     y (pixel)    z (pixel)      m0         m1           m2           m3           m4           s 
37 91.468414 40.981709 0.000000 0.870013 1.351756 2.320898 4.431360 9.221846 0.250000
40 91.357658 41.931087 0.000000 1.011547 1.455970 2.688273 5.533691 12.391857 0.237869
41 90.897354 42.072594 0.000000 0.995668 1.447246 2.629004 5.312014 11.652810 0.128667
43 91.390884 42.131542 0.000000 1.244308 1.403296 2.484437 4.856445 10.246118 0.133230
44 91.924614 42.364815 0.000000 1.274404 1.401801 2.479698 4.877654 10.437409 0.100492
45 91.373940 42.133339 0.000000 1.459676 1.360773 2.320194 4.380842 8.983577 0.128945
47 90.915237 41.995422 0.000000 1.444869 1.394748 2.460682 4.829772 10.310534 0.270324
48 91.097694 42.323265 0.000000 1.335224 1.298626 2.149127 3.953547 7.944591 0.090909
49 91.414024 42.368412 0.000000 2.083292 1.346776 2.319304 4.480984 9.523379 0.125000
50 91.617805 42.178722 0.000000 2.368959 1.316756 2.190147 4.018640 7.986850 0.111111
51 91.210983 42.265011 0.000000 2.488504 1.346681 2.295389 4.342230 8.940112 0.125000
52 91.353249 42.560970 0.000000 2.716671 1.351921 2.296312 4.311535 8.781634 0.100029
53 91.238617 42.487198 0.000000 2.768698 1.350334 2.294563 4.321193 8.851049 0.100000
54 91.402534 42.363052 0.000000 3.044792 1.338912 2.261114 4.245264 8.704054 0.112863
55 91.472084 42.465477 0.000000 3.734179 1.324406 2.195679 4.001888 7.871640 0.166667
56 91.462402 42.397003 0.000000 4.433203 1.323631 2.206938 4.066039 8.130383 0.125000
57 91.422745 42.370087 0.000000 4.815944 1.308019 2.136077 3.813124 7.298427 0.125000
58 91.350243 42.454643 0.000000 4.940888 1.350174 2.294088 4.319670 8.847450 0.142857
59 91.468170 42.491863 0.000000 5.822443 1.295808 2.096771 3.705245 7.014543 0.125000
60 91.391373 42.473206 0.000000 6.199489 1.327676 2.197239 3.983083 7.759151 0.125000
61 91.405624 42.494183 0.000000 6.730556 1.297560 2.113022 3.776070 7.272018 0.166667
62 91.512444 42.593079 0.000000 6.906767 1.304054 2.133648 3.833875 7.429609 0.200000
63 91.456139 42.850754 0.000000 6.936365 1.368994 2.353108 4.470572 9.199828 0.200000
64 91.362236 42.857887 0.000000 6.518484 1.317292 2.169147 3.918504 7.617621 0.166667
65 91.493958 42.794613 0.000000 7.060438 1.334905 2.234805 4.122743 8.226061 0.166667
66 91.356796 42.864620 0.000000 7.728204 1.365052 2.340297 4.428997 9.065323 0.166667
68 91.084702 42.889812 0.000000 6.914163 1.411132 2.502156 4.925202 10.526986 0.200000
69 91.154465 42.976772 0.000000 7.244417 1.422783 2.540387 5.026217 10.774523 0.200000
70 91.257423 42.912476 0.000000 7.044833 1.443725 2.602061 5.192828 11.219332 0.200000
71 91.309090 42.911263 0.000000 6.934225 1.478975 2.731939 5.596078 12.407120 0.200000
72 91.317566 43.158329 0.000000 7.006995 1.459385 2.636301 5.245911 11.247007 0.200000
73 91.401260 43.033875 0.000000 7.407349 1.462989 2.665156 5.363433 11.647932 0.166667
74 91.323433 42.934414 0.000000 7.005088 1.424616 2.544448 5.041472 10.836864 0.200000
75 91.285042 42.755325 0.000000 7.139647 1.436351 2.591973 5.201025 11.343788 0.200000
77 91.258179 42.952625 0.000000 5.666670 1.464394 2.686257 5.468915 12.066820 0.200000
78 91.308594 42.805626 0.000000 5.584347 1.367955 2.352753 4.485863 9.299706 0.200561
79 91.382912 42.913559 0.000000 5.207614 1.306277 2.137052 3.826205 7.351139 0.166667
80 91.295052 42.966103 0.000000 4.485455 1.337557 2.245364 4.149380 8.278766 0.236225
81 91.259232 43.043205 0.000000 4.653304 1.353619 2.294707 4.296043 8.716153 0.166667
82 90.727821 43.156075 0.000000 4.393939 1.320122 2.186834 3.984895 7.837153 0.210214
83 90.630653 43.096336 0.000000 4.262582 1.335337 2.227573 4.079294 8.044518 0.200631
84 90.689766 43.250999 0.000000 4.834819 1.318600 2.180218 3.966307 7.792981 0.166667
85 90.535118 43.799164 0.000000 4.462517 1.291918 2.099300 3.749887 7.228790 0.166667
86 90.665245 43.827217 0.000000 3.728817 1.349557 2.276749 4.226185 8.458940 0.200056
88 90.278641 43.611473 0.000000 2.674941 1.350938 2.290883 4.289037 8.684808 0.167313
89 90.334984 43.643284 0.000000 2.573061 1.373631 2.340513 4.371332 8.766294 0.166667
90 89.915634 43.772167 0.000000 2.161108 1.308294 2.206753 4.166276 8.619967 0.199439
