%% Trajectory 24
%% frame x (pixel)     y (pixel)    z (pixel)      m0         m1           m2           m3           m4           s 
83 48.817070 39.668736 0.000000 0.885077 1.224540 1.900214 3.233351 5.939220 0.125000
85 48.768169 39.734184 0.000000 1.279073 1.353728 2.291480 4.277184 8.633457 0.259273
86 49.029587 39.360100 0.000000 1.357214 1.394451 2.444639 4.767276 10.120819 0.144132
87 48.730026 39.321236 0.000000 1.868307 1.332396 2.211424 4.029023 7.902709 0.169092
88 48.778530 39.361938 0.000000 1.750761 1.287284 2.093282 3.762265 7.350529 0.125365
89 48.829075 39.406948 0.000000 2.363974 1.332987 2.220264 4.054965 7.959328 0.187516
90 48.620838 39.268696 0.000000 2.532181 1.241684 1.947992 3.346125 6.188670 0.166706
91 48.857048 38.930885 0.000000 2.811615 1.366875 2.342893 4.426589 9.031107 0.167432
92 48.970234 39.361656 0.000000 2.964445 1.360810 2.312430 4.316242 8.665516 0.166667
93 49.137913 39.425884 0.000000 3.587926 1.311411 2.160539 3.917611 7.677718 0.305030
94 49.334435 39.366886 0.000000 3.125284 1.317477 2.178037 3.960032 7.773227 0.143020
95 49.741154 39.151478 0.000000 3.199726 1.369086 2.334673 4.378086 8.847163 0.144264
96 49.669369 39.237991 0.000000 3.427736 1.324405 2.194184 3.988335 7.805235 0.281847
97 49.999168 38.974068 0.000000 3.581275 1.410712 2.508348 4.947778 10.582561 0.125004
98 50.005527 38.883930 0.000000 3.484968 1.409471 2.506294 4.946791 10.595958 0.128501
99 50.103481 38.696812 0.000000 3.887776 1.352736 2.291532 4.271523 8.586992 0.140314
100 50.288708 38.897358 0.000000 3.935676 1.344292 2.265735 4.209202 8.452085 0.142517
101 50.383888 38.496601 0.000000 3.681977 1.318341 2.162849 3.866714 7.380840 0.125017
102 50.390923 38.231754 0.000000 3.691787 1.315325 2.176409 3.965290 7.810955 0.125000
103 50.533127 38.128811 0.000000 3.308283 1.422101 2.524837 4.945177 10.456109 0.142857
105 51.623726 39.311611 0.000000 2.205501 1.288168 2.086064 3.700648 7.059273 0.274094
106 51.314522 38.893501 0.000000 2.544279 1.390557 2.430550 4.710997 9.915524 0.142872
109 49.051586 38.279396 0.000000 1.665707 1.430905 2.588328 5.226042 11.497816 0.142922
