%% Trajectory 9
%% frame x (pixel)     y (pixel)    z (pixel)      m0         m1           m2           m3           m4           s 
20 52.795094 64.226913 0.000000 1.102993 1.382567 2.405109 4.636343 9.691005 0.223529
21 52.807713 64.338943 0.000000 1.035135 1.274760 2.042058 3.588685 6.797866 0.200005
22 52.763386 64.188469 0.000000 1.238758 1.332851 2.221441 4.073608 8.065122 0.200689
23 52.625435 64.057762 0.000000 1.307764 1.354157 2.303890 4.346632 8.922018 0.200001
24 52.629745 64.266449 0.000000 1.258172 1.269362 2.018309 3.508595 6.548780 0.200001
25 52.629406 64.251617 0.000000 1.230891 1.378878 2.374352 4.513135 9.284849 0.201441
26 52.368484 64.130547 0.000000 1.247813 1.351965 2.282153 4.234573 8.470497 0.200054
27 52.692223 64.267700 0.000000 1.215173 1.335525 2.226640 4.063932 7.955712 0.167484
28 52.723690 64.341103 0.000000 1.656546 1.277654 2.049223 3.593470 6.761839 0.207253
29 52.604000 64.382744 0.000000 1.449522 1.311389 2.137483 3.799292 7.218972 0.171595
30 52.644653 64.416702 0.000000 1.589981 1.267734 2.011100 3.485615 6.483638 0.178614
31 52.557968 64.420265 0.000000 1.744760 1.310485 2.161262 3.925805 7.713887 0.167155
32 52.683193 64.440895 0.000000 1.674048 1.285213 2.063970 3.618964 6.798274 0.168081
33 52.537159 64.309303 0.000000 1.705725 1.305908 2.129684 3.789881 7.215669 0.191954
34 52.702995 64.321503 0.000000 1.962353 1.278822 2.052539 3.599574 6.768671 0.166667
35 52.555691 64.476753 0.000000 1.723548 1.321717 2.178795 3.926334 7.584734 0.283630
36 52.717922 64.375183 0.000000 1.863691 1.300091 2.118195 3.784351 7.279570 0.180643
37 52.625816 64.347519 0.000000 2.030701 1.313043 2.154243 3.863623 7.428216 0.379640
38 52.711479 64.119514 0.000000 1.761690 1.340347 2.250091 4.153945 8.269185 0.143263
39 52.664787 64.280479 0.000000 1.942730 1.311750 2.145427 3.828783 7.307595 0.166765
40 52.621330 64.460503 0.000000 2.200838 1.294130 2.090154 3.683354 6.946310 0.166763
41 52.616177 64.405136 0.000000 2.082953 1.291590 2.081409 3.660450 6.892037 0.169933
42 52.682339 64.460701 0.000000 2.158061 1.307989 2.147662 3.878750 7.568487 0.196962
43 52.831089 64.211449 0.000000 2.262834 1.320304 2.190509 4.000130 7.888759 0.167094
44 52.687553 64.318260 0.000000 2.180848 1.326582 2.200396 4.007207 7.859077 0.225989
45 52.610050 64.503006 0.000000 2.246773 1.295011 2.094361 3.695297 6.975623 0.167417
46 52.682144 64.549721 0.000000 2.017632 1.272845 2.028707 3.533153 6.601467 0.166782
47 52.742393 64.548828 0.000000 2.277254 1.307874 2.141927 3.845320 7.427295 0.222927
48 52.758732 64.412384 0.000000 2.382360 1.299925 2.117194 3.778467 7.253580 0.167600
49 52.743710 64.463806 0.000000 2.667584 1.298056 2.103246 3.718478 7.034937 0.234454
50 52.693386 64.428864 0.000000 2.727847 1.321237 2.179916 3.939573 7.651010 0.200859
51 52.775276 64.446449 0.000000 2.788815 1.323954 2.188199 3.965964 7.735638 0.200542
52 52.766209 64.566811 0.000000 2.876570 1.299271 2.107859 3.733040 7.076937 0.200002
53 52.791134 64.385956 0.000000 3.075567 1.350896 2.287013 4.269255 8.616154 0.169116
54 52.752747 64.277893 0.000000 2.841321 1.289784 2.090321 3.713822 7.099012 0.202198
55 52.742283 64.429260 0.000000 2.664726 1.330964 2.215973 4.049334 7.967445 0.200001
56 52.761745 64.434845 0.000000 3.146852 1.300298 2.113532 3.761178 7.193425 0.250131
57 52.781704 64.696457 0.000000 2.964352 1.333521 2.218257 4.041215 7.905797 0.200096
58 53.075985 64.464317 0.000000 3.284431 1.367607 2.336507 4.394304 8.917879 0.201543
59 52.714031 64.476692 0.000000 3.124354 1.316673 2.164315 3.895409 7.532321 0.200000
60 52.648510 64.369789 0.000000 2.887664 1.286640 2.069679 3.634441 6.834938 0.200019
61 52.935783 64.553810 0.000000 2.981466 1.360247 2.322911 4.388969 8.999722 0.200028
62 52.790737 64.534271 0.000000 3.223086 1.323848 2.206540 4.063170 8.115617 0.200002
63 52.853680 64.399689 0.000000 2.881439 1.309419 2.151721 3.884118 7.560912 0.200000
64 52.684452 64.313835 0.000000 3.486038 1.335295 2.214390 4.004368 7.736850 0.200039
65 52.683586 64.352844 0.000000 3.515491 1.313611 2.156575 3.881545 7.518071 0.200000
66 52.752388 64.375000 0.000000 3.519647 1.330785 2.209564 4.023985 7.887990 0.200183
67 52.736675 64.559959 0.000000 3.873816 1.303661 2.129687 3.818819 7.381147 0.201041
68 52.704285 64.363602 0.000000 3.484753 1.315023 2.163070 3.899473 7.560811 0.200000
69 52.925835 64.501411 0.000000 3.619152 1.344462 2.279880 4.287009 8.773828 0.200000
70 52.784229 64.482628 0.000000 3.807998 1.305117 2.142768 3.879686 7.613703 0.251684
71 52.781033 64.559151 0.000000 3.332255 1.319488 2.196898 4.046060 8.097868 0.250000
72 52.807262 64.277367 0.000000 3.658262 1.346766 2.274273 4.236087 8.538058 0.250001
73 52.597961 64.265228 0.000000 4.294119 1.317357 2.159852 3.868182 7.421295 0.250000
74 52.469913 64.324036 0.000000 4.022032 1.324851 2.178823 3.901743 7.453218 0.250000
75 52.426991 64.205559 0.000000 4.241436 1.343531 2.248549 4.120706 8.105142 0.250000
76 52.498108 64.013397 0.000000 4.103983 1.347641 2.282354 4.261576 8.597642 0.250000
77 52.693771 64.015976 0.000000 4.187364 1.372190 2.362867 4.488168 9.209322 0.250000
78 52.614975 63.752144 0.000000 4.186082 1.294058 2.099559 3.726280 7.096289 0.200000
79 52.616020 63.641636 0.000000 3.937839 1.294377 2.093688 3.695736 6.982077 0.200000
80 52.541473 63.670734 0.000000 3.765476 1.316381 2.162391 3.885491 7.491491 0.200000
81 52.770164 63.416019 0.000000 3.733678 1.309317 2.143189 3.837493 7.373314 0.200000
82 52.721390 63.325722 0.000000 3.711619 1.324379 2.183572 3.931700 7.579529 0.200000
83 52.682114 63.286919 0.000000 3.412134 1.334455 2.222632 4.054256 7.939356 0.200000
84 52.877701 63.070648 0.000000 3.287819 1.352323 2.293185 4.290293 8.680774 0.200000
85 52.889984 62.455166 0.000000 3.044366 1.318809 2.187323 3.993889 7.880729 0.200000
86 53.134487 62.664478 0.000000 3.370197 1.350264 2.294194 4.317206 8.827250 0.200000
88 52.394508 62.220928 0.000000 2.223150 1.342694 2.239481 4.089149 8.016988 0.166667
89 52.678310 62.433460 0.000000 1.832956 1.290933 2.109801 3.812007 7.488408 0.207217
90 52.909767 62.480061 0.000000 1.446468 1.365746 2.361204 4.545397 9.546684 0.224697
91 52.751648 62.388794 0.000000 1.093978 1.263841 2.015679 3.536464 6.716079 0.166998
92 52.815624 62.372177 0.000000 0.878201 1.389690 2.400715 4.573865 9.419026 0.256753
