%% Trajectory 20
%% frame x (pixel)     y (pixel)    z (pixel)      m0         m1           m2           m3           m4           s 
60 37.641628 37.610119 0.000000 1.394876 1.300950 2.119465 3.773325 7.198110 0.142857
61 37.603024 37.636959 0.000000 1.456054 1.241820 1.938917 3.310501 6.080250 0.125486
63 37.635262 37.638279 0.000000 1.538553 1.224130 1.892837 3.202207 5.835129 0.125000
64 37.729450 37.699013 0.000000 1.957558 1.255027 1.981085 3.425874 6.381959 0.125000
65 37.674847 37.804920 0.000000 1.836640 1.296443 2.109107 3.767079 7.256234 0.150152
66 37.746750 37.634281 0.000000 1.927266 1.272633 2.042652 3.612090 6.923879 0.125021
67 37.615700 37.722141 0.000000 1.903231 1.243899 1.955832 3.369647 6.254877 0.142857
68 37.571789 37.702354 0.000000 2.175984 1.241473 1.938688 3.312014 6.088443 0.125004
69 37.658485 37.894508 0.000000 2.140746 1.260233 2.007666 3.512401 6.631999 0.125000
70 37.616364 38.011829 0.000000 2.006350 1.295991 2.125449 3.846200 7.543816 0.166667
71 37.651512 38.010181 0.000000 2.393662 1.380966 2.400745 4.620403 9.641918 0.166668
72 37.818687 37.809959 0.000000 2.557671 1.308223 2.147269 3.869564 7.511839 0.166667
73 37.836452 37.691483 0.000000 2.829487 1.277326 2.047826 3.589479 6.751238 0.166673
74 37.698879 37.743465 0.000000 2.970420 1.273130 2.033096 3.548010 6.641885 0.166690
75 37.672668 37.671310 0.000000 2.636821 1.245436 1.953440 3.351351 6.182554 0.166667
76 37.793133 37.637390 0.000000 2.687808 1.272945 2.031227 3.542291 6.627827 0.200001
77 37.909786 37.607548 0.000000 2.527660 1.284686 2.076813 3.694337 7.108596 0.258787
78 37.903698 37.642487 0.000000 2.042044 1.286217 2.097536 3.774408 7.362749 0.200000
79 38.267048 37.560173 0.000000 2.482659 1.271066 2.033648 3.567708 6.743937 0.200000
80 38.434238 37.452061 0.000000 1.982023 1.249532 1.969470 3.413532 6.409004 0.200000
81 38.583923 37.676739 0.000000 2.141161 1.245611 1.953926 3.357526 6.216555 0.200000
82 38.741535 37.595291 0.000000 2.155990 1.221592 1.882432 3.175138 5.773668 0.166934
83 38.979118 37.438065 0.000000 1.897076 1.266677 2.052246 3.706906 7.353852 0.200000
85 39.670918 37.146992 0.000000 1.605290 1.302893 2.163119 4.017659 8.216074 0.200000
