%% Trajectory 7
%% frame x (pixel)     y (pixel)    z (pixel)      m0         m1           m2           m3           m4           s 
12 57.699348 34.619858 0.000000 1.190274 1.261742 2.014729 3.541283 6.741525 0.200000
13 57.969604 34.493073 0.000000 1.742220 1.291924 2.129347 3.904864 7.833079 0.200000
14 57.815987 34.373337 0.000000 1.936547 1.321478 2.207144 4.079682 8.192760 0.219848
15 57.721119 34.444321 0.000000 2.036118 1.293200 2.116699 3.825125 7.501341 0.216827
16 58.016083 34.675201 0.000000 1.822869 1.288110 2.124800 3.915554 7.925606 0.200000
17 57.703430 34.635006 0.000000 1.837502 1.266237 2.017128 3.523867 6.636419 0.200081
18 57.953671 34.362568 0.000000 2.334273 1.309242 2.175184 4.013196 8.080586 0.166924
19 57.973145 34.616024 0.000000 2.485145 1.332548 2.252803 4.240930 8.723372 0.214406
20 58.101982 34.523464 0.000000 2.830834 1.259753 2.004919 3.512152 6.665824 0.218446
21 57.891144 34.595573 0.000000 3.506175 1.295220 2.103585 3.744137 7.168806 0.202216
22 57.794308 34.344967 0.000000 3.001168 1.335489 2.239183 4.139180 8.272904 0.264098
23 57.810104 34.513229 0.000000 3.261300 1.284194 2.071168 3.659053 6.952974 0.166667
24 57.950829 34.403301 0.000000 3.792211 1.305680 2.155545 3.941316 7.846596 0.278844
25 57.865379 34.421497 0.000000 3.854879 1.313269 2.177336 3.998924 7.997403 0.146456
26 57.902493 34.425755 0.000000 4.165762 1.294437 2.110807 3.784957 7.331097 0.318687
27 58.023396 34.479496 0.000000 4.418316 1.329028 2.232351 4.162418 8.460562 0.167463
28 57.965851 34.550537 0.000000 4.287207 1.323746 2.224208 4.157286 8.486599 0.273983
29 57.854813 34.410477 0.000000 4.629263 1.285928 2.081897 3.706818 7.133471 0.166667
30 58.020287 34.575748 0.000000 4.314444 1.312704 2.179817 4.009007 8.021276 0.243120
31 57.820847 34.625507 0.000000 4.524133 1.287983 2.086891 3.714274 7.133205 0.200000
32 57.866604 34.628574 0.000000 5.184052 1.296407 2.112635 3.777601 7.276468 0.166667
34 58.031406 34.479488 0.000000 6.467389 1.342165 2.266069 4.226563 8.543241 0.166667
35 57.872803 34.581329 0.000000 6.315533 1.331224 2.218081 4.063458 8.032600 0.200000
36 58.060818 34.617249 0.000000 6.702542 1.334172 2.248504 4.198178 8.522467 0.200000
37 57.945332 34.597744 0.000000 6.463832 1.317718 2.187924 4.014627 7.997261 0.200000
38 58.035324 34.562550 0.000000 7.209823 1.327366 2.225424 4.136245 8.368374 0.200000
39 58.158180 34.575645 0.000000 7.707378 1.306830 2.152231 3.913706 7.722386 0.166667
40 58.226177 34.699596 0.000000 7.725791 1.345209 2.273677 4.246002 8.593306 0.200000
41 58.331169 34.651596 0.000000 7.988368 1.337980 2.237618 4.113162 8.152389 0.200000
42 58.492813 34.675159 0.000000 8.261158 1.334355 2.247017 4.193108 8.513346 0.200000
43 58.586040 34.591976 0.000000 7.800019 1.315390 2.172036 3.948207 7.759570 0.250000
44 58.710072 34.633972 0.000000 8.026020 1.345333 2.254596 4.143594 8.190663 0.200000
46 59.152916 34.645073 0.000000 6.429432 1.369472 2.373438 4.578885 9.637099 0.200000
47 59.020359 34.566975 0.000000 6.039445 1.362079 2.336917 4.448920 9.214192 0.166667
48 59.220219 34.597435 0.000000 5.432927 1.378636 2.389321 4.593072 9.598854 0.200000
49 59.658199 34.742565 0.000000 5.474170 1.364813 2.323849 4.350088 8.775217 0.200000
50 59.867596 34.831264 0.000000 6.313334 1.390124 2.425337 4.686716 9.827097 0.166667
52 60.201767 34.361874 0.000000 5.020711 1.477789 2.746952 5.696600 12.857501 0.200000
53 60.228149 34.262135 0.000000 4.850239 1.408178 2.503836 4.962322 10.726015 0.200000
54 59.856327 34.329517 0.000000 4.410503 1.461519 2.656231 5.343528 11.641538 0.200000
55 59.773930 34.532887 0.000000 3.609682 1.408716 2.481152 4.835499 10.219014 0.250000
56 59.808102 34.593269 0.000000 3.604335 1.435817 2.562548 5.050407 10.766018 0.200000
57 59.979122 34.919209 0.000000 3.008100 1.530966 2.911586 6.142737 14.020733 0.200000
58 60.481586 35.113686 0.000000 2.713804 1.529814 2.906887 6.127498 13.977842 0.201316
59 60.727554 34.698265 0.000000 2.367713 1.493452 2.772880 5.690443 12.607962 0.200000
61 60.436436 35.396126 0.000000 1.805378 1.610525 3.229832 7.207950 17.384745 0.142857
62 60.417305 35.287464 0.000000 1.891156 1.677722 3.438899 7.768207 18.827381 0.142920
64 59.367645 34.992222 0.000000 1.575315 1.715550 3.597713 8.281468 20.352301 0.125000
66 60.178219 34.978355 0.000000 1.809767 1.779362 3.795145 8.823329 21.801031 0.250000
68 60.190014 33.761581 0.000000 3.235450 1.631317 3.224122 6.981704 16.166515 0.250000
69 60.443924 33.904095 0.000000 3.206654 1.651961 3.289340 7.155748 16.604702 0.250000
71 60.410755 33.652035 0.000000 2.185820 1.688311 3.466280 7.821160 18.884943 0.250000
72 60.539146 33.836163 0.000000 2.448814 1.797358 3.807440 8.754202 21.329449 0.166667
