%% Trajectory 14
%% frame x (pixel)     y (pixel)    z (pixel)      m0         m1           m2           m3           m4           s 
31 40.977028 33.652531 0.000000 1.874435 1.392244 2.445572 4.765193 10.065638 0.166667
32 40.872574 33.522682 0.000000 2.115417 1.346578 2.281409 4.273420 8.673861 0.166706
33 41.120083 33.981709 0.000000 2.272136 1.371226 2.371921 4.557296 9.517202 0.184413
34 40.914268 33.754669 0.000000 2.206610 1.347396 2.282620 4.276775 8.683484 0.148746
35 40.980576 34.078606 0.000000 2.291359 1.400800 2.472931 4.844097 10.291098 0.151689
36 40.827122 33.774532 0.000000 2.159179 1.375568 2.371909 4.519622 9.317919 0.144874
37 40.904099 33.804008 0.000000 2.675591 1.382792 2.399576 4.607032 9.578427 0.177161
38 40.840313 33.892513 0.000000 2.462138 1.326218 2.218596 4.106960 8.250105 0.208592
39 40.785427 33.781826 0.000000 2.641651 1.392256 2.436103 4.730272 9.977847 0.142857
40 40.721516 33.817844 0.000000 2.993798 1.399019 2.462333 4.818218 10.256676 0.200000
41 40.822018 34.272598 0.000000 3.244720 1.427081 2.551545 5.052029 10.832549 0.262587
42 40.789867 33.900230 0.000000 3.644107 1.397679 2.448164 4.747165 9.976798 0.221488
43 40.793488 33.844124 0.000000 3.424422 1.385268 2.410261 4.647035 9.720936 0.200000
44 40.771549 33.777657 0.000000 3.922293 1.358257 2.306797 4.312054 8.692816 0.166671
45 40.891983 33.990162 0.000000 4.091413 1.397851 2.463481 4.826860 10.287944 0.193816
46 40.800880 34.041264 0.000000 3.661260 1.387148 2.415501 4.653153 9.710579 0.200000
47 40.807297 33.899574 0.000000 4.129259 1.365284 2.335962 4.415981 9.040474 0.166667
48 40.839321 33.943207 0.000000 4.021988 1.396270 2.456515 4.803772 10.212258 0.200043
49 40.770241 33.927460 0.000000 4.524803 1.399474 2.450730 4.745606 9.948083 0.200878
50 40.800835 34.167355 0.000000 4.525339 1.407513 2.475459 4.812016 10.123435 0.209664
51 40.747673 34.123951 0.000000 4.765872 1.390485 2.413498 4.615567 9.526049 0.200017
52 40.789768 33.896767 0.000000 4.510714 1.442964 2.608674 5.235178 11.395816 0.201335
53 40.749680 33.913689 0.000000 4.844765 1.405196 2.470941 4.810903 10.151319 0.227197
54 40.779392 34.128712 0.000000 5.173344 1.404114 2.458710 4.744429 9.876425 0.240648
55 40.730011 33.959961 0.000000 4.972071 1.407775 2.473960 4.797962 10.049990 0.286064
56 40.693581 33.937534 0.000000 4.875280 1.420763 2.532633 5.009439 10.751768 0.202264
57 40.613407 34.085445 0.000000 4.860473 1.395538 2.442171 4.734056 9.954254 0.200276
58 40.717896 34.121529 0.000000 5.400175 1.412990 2.494243 4.868523 10.285324 0.200348
59 40.649635 34.143726 0.000000 5.388891 1.440471 2.591162 5.165246 11.160837 0.203505
60 40.602074 34.154755 0.000000 5.514114 1.409677 2.490411 4.877399 10.361783 0.200069
61 40.642750 34.277420 0.000000 5.332726 1.404347 2.459186 4.753090 9.929143 0.208792
62 40.651882 34.272858 0.000000 4.921005 1.425566 2.535532 4.986975 10.613895 0.200000
63 40.641064 34.354908 0.000000 4.963995 1.406963 2.466185 4.766352 9.944235 0.205802
64 40.764435 34.469822 0.000000 4.702381 1.420859 2.514272 4.905684 10.328327 0.222208
65 40.736210 34.492466 0.000000 4.718327 1.412021 2.490345 4.850999 10.212879 0.208005
66 40.798996 34.749596 0.000000 4.756536 1.388141 2.402317 4.579740 9.416245 0.200000
67 40.815304 35.070427 0.000000 4.250868 1.405523 2.478537 4.842481 10.261223 0.200000
68 40.780468 35.124798 0.000000 3.815280 1.413351 2.498689 4.893247 10.392657 0.200000
69 40.939854 35.315483 0.000000 3.922060 1.436902 2.578971 5.123031 11.017760 0.200000
70 41.374344 35.407238 0.000000 4.377861 1.405913 2.463870 4.761084 9.932127 0.200000
71 41.717270 35.104263 0.000000 3.931722 1.400373 2.452417 4.750550 9.968783 0.200000
72 41.535400 35.145599 0.000000 3.838803 1.399954 2.460429 4.799648 10.174771 0.200000
73 41.541672 35.309219 0.000000 3.132742 1.459040 2.658963 5.368904 11.735304 0.168064
74 41.091160 35.475525 0.000000 2.592409 1.452857 2.621086 5.208269 11.141036 0.142857
