%% Trajectory 14
%% frame x (pixel)     y (pixel)    z (pixel)      m0         m1           m2           m3           m4           s 
12 23.682011 53.781704 0.000000 0.555765 1.321758 2.218191 4.147325 8.476953 0.271571
13 23.594976 53.580948 0.000000 0.473688 1.213618 1.866337 3.151024 5.762084 0.125002
14 23.830927 53.609653 0.000000 0.717594 1.284278 2.072928 3.671068 7.003945 0.143114
15 23.538935 53.666172 0.000000 0.622003 1.300866 2.135655 3.882112 7.684633 0.194932
16 23.497267 53.650242 0.000000 0.725824 1.217336 1.870547 3.145869 5.705819 0.142858
17 23.570930 54.035160 0.000000 0.724896 1.339662 2.278959 4.317555 8.941217 0.143878
18 23.859550 53.434330 0.000000 0.564699 1.258382 2.004670 3.522854 6.723703 0.142870
19 23.842278 53.526558 0.000000 0.933076 1.384434 2.401215 4.613464 9.623099 0.153322
20 23.720419 53.453835 0.000000 0.869576 1.298130 2.121545 3.825957 7.485880 0.167073
21 23.804348 53.672565 0.000000 0.903593 1.268921 2.021974 3.524422 6.599224 0.201905
22 23.770861 53.436291 0.000000 1.054632 1.325193 2.209175 4.077291 8.187078 0.204909
23 23.739248 53.606171 0.000000 1.133807 1.281715 2.066124 3.662517 7.019608 0.204766
24 23.826403 53.470848 0.000000 1.116475 1.322634 2.203135 4.056608 8.107738 0.212610
25 23.857510 53.583145 0.000000 1.246829 1.369479 2.358217 4.498179 9.315681 0.316634
26 23.974272 53.686749 0.000000 1.330882 1.434163 2.580555 5.141666 11.086052 0.348548
27 23.970303 53.543720 0.000000 1.358055 1.368392 2.349284 4.437417 9.027351 0.264630
28 24.055447 53.606106 0.000000 1.410353 1.346956 2.286339 4.284490 8.686755 0.200449
29 23.678949 54.022339 0.000000 1.521043 1.360561 2.348869 4.532083 9.584818 0.167057
30 23.609941 53.702774 0.000000 1.653494 1.378116 2.385846 4.580708 9.562551 0.166667
31 23.669689 53.753139 0.000000 1.897306 1.362428 2.323863 4.381087 8.957688 0.166667
32 23.725269 53.900524 0.000000 1.702297 1.408382 2.473141 4.793251 10.039395 0.200000
33 23.647926 53.744400 0.000000 1.902577 1.357307 2.305837 4.322203 8.770690 0.250000
34 23.964872 53.984795 0.000000 2.275018 1.462239 2.684093 5.479117 12.142161 0.250000
35 23.854746 53.637486 0.000000 2.167540 1.388666 2.425457 4.697579 9.880779 0.250000
36 23.930241 53.854153 0.000000 2.459375 1.387679 2.405561 4.601084 9.509198 0.200000
37 23.871410 53.699497 0.000000 2.552047 1.399985 2.453207 4.757893 10.002600 0.200000
38 24.039730 54.081749 0.000000 2.697360 1.434887 2.579848 5.146274 11.134752 0.200000
39 23.897709 54.129898 0.000000 2.566801 1.427320 2.555082 5.073921 10.934262 0.166667
40 24.010681 54.288082 0.000000 2.682317 1.436311 2.580579 5.138221 11.082574 0.142857
41 24.005816 54.622501 0.000000 2.748174 1.392822 2.416066 4.613931 9.496768 0.111111
42 24.077023 54.823914 0.000000 3.044936 1.393816 2.420545 4.619742 9.482986 0.166667
43 24.239815 54.833298 0.000000 2.789374 1.390396 2.411654 4.610483 9.516639 0.166667
44 24.157839 55.194393 0.000000 2.792462 1.355750 2.307168 4.334653 8.813876 0.166667
46 23.421509 56.285294 0.000000 2.150681 1.486080 2.743217 5.605173 12.384262 0.142859
47 23.612520 56.323097 0.000000 1.832064 1.549064 2.959511 6.241660 14.175428 0.142857
49 22.845621 55.288239 0.000000 0.930350 1.449952 2.653718 5.409452 11.987062 0.250790
50 22.922218 55.184593 0.000000 0.718175 1.500218 2.826997 5.914935 13.404605 0.130401
