%% Trajectory 17
%% frame x (pixel)     y (pixel)    z (pixel)      m0         m1           m2           m3           m4           s 
47 35.155220 79.143974 0.000000 1.276918 1.267988 2.082736 3.841746 7.808183 0.142857
49 35.194740 79.044395 0.000000 1.480602 1.302867 2.193423 4.123526 8.472618 0.142857
50 35.354023 79.435661 0.000000 1.208142 1.167916 1.734904 2.824314 4.984046 0.142857
51 34.929573 79.263977 0.000000 1.438673 1.251861 2.007798 3.573658 6.946067 0.125000
52 35.113415 79.439919 0.000000 1.690511 1.241153 1.981087 3.537670 6.972290 0.142857
53 35.181976 79.395073 0.000000 1.611300 1.225172 1.939186 3.444801 6.788308 0.128090
54 35.287052 79.521797 0.000000 2.448530 1.262516 2.044668 3.702550 7.391833 0.143579
55 35.449211 79.492317 0.000000 2.107521 1.159095 1.714360 2.771111 4.841619 0.142857
56 35.270042 79.478378 0.000000 1.821257 1.225100 1.893353 3.202383 5.836918 0.142857
57 35.467796 79.393623 0.000000 2.042680 1.200447 1.844871 3.129157 5.785612 0.142857
58 35.337193 79.475594 0.000000 1.670933 1.223730 1.933390 3.411658 6.642072 0.166667
59 35.263897 79.351547 0.000000 2.269528 1.201685 1.837919 3.085600 5.608899 0.167283
60 35.255653 79.401176 0.000000 2.565502 1.238874 1.929376 3.285839 6.021256 0.142975
61 35.308212 79.294785 0.000000 2.744312 1.235981 1.929895 3.297713 6.065404 0.142857
62 35.504814 79.333046 0.000000 2.300712 1.300552 2.145662 3.931950 7.872129 0.144170
63 35.632286 79.208412 0.000000 2.978444 1.328451 2.214122 4.055015 8.002348 0.166667
64 35.585739 79.008575 0.000000 3.039797 1.387532 2.431200 4.739439 10.064779 0.142859
65 35.364216 79.011002 0.000000 3.441715 1.366709 2.354818 4.502539 9.357113 0.166667
66 35.408920 79.206131 0.000000 2.952728 1.272957 2.041480 3.602123 6.878150 0.200000
67 35.515186 79.194687 0.000000 2.925684 1.313930 2.166125 3.939327 7.765673 0.200000
68 35.491451 79.304413 0.000000 3.197340 1.306237 2.147032 3.884798 7.601153 0.200000
69 35.663582 79.338310 0.000000 3.323299 1.322063 2.174153 3.904302 7.508420 0.200003
70 35.549522 79.426781 0.000000 3.366628 1.276129 2.034513 3.543567 6.622315 0.200234
71 35.643570 79.412758 0.000000 3.714800 1.321108 2.173559 3.913065 7.563218 0.200000
72 35.544216 79.576515 0.000000 4.429261 1.296984 2.098016 3.702389 6.991211 0.200000
73 35.569157 79.650558 0.000000 3.701856 1.284889 2.062321 3.613353 6.781663 0.200000
74 35.516766 79.788559 0.000000 3.674609 1.282625 2.058284 3.605965 6.767056 0.200001
75 35.369312 79.904480 0.000000 3.598577 1.342563 2.258175 4.180449 8.353922 0.177180
76 35.436401 79.870079 0.000000 3.376247 1.287851 2.095498 3.763219 7.333189 0.174623
77 35.360058 79.799812 0.000000 3.307995 1.277898 2.047332 3.582914 6.720955 0.168269
79 34.828167 79.830330 0.000000 3.778113 1.343817 2.252636 4.141768 8.187497 0.170355
80 34.584953 79.790543 0.000000 3.678557 1.297625 2.117859 3.797474 7.344569 0.166717
81 34.389839 79.842842 0.000000 3.511348 1.324147 2.198166 4.013869 7.912991 0.167152
83 34.546787 78.806854 0.000000 2.208041 1.279031 2.071680 3.692434 7.109397 0.144474
84 34.469315 78.693787 0.000000 2.463375 1.256902 1.981048 3.412330 6.312974 0.166667
