%% Trajectory 21
%% frame x (pixel)     y (pixel)    z (pixel)      m0         m1           m2           m3           m4           s 
67 53.588554 70.547691 0.000000 1.073791 1.539720 3.003335 6.560544 15.585381 0.200000
68 53.290382 70.815819 0.000000 1.278506 1.446607 2.643286 5.385350 11.953066 0.219651
70 53.513023 71.902931 0.000000 0.832536 1.211169 1.936191 3.485176 6.966731 0.166667
71 53.500599 71.942596 0.000000 0.989491 1.398376 2.500854 5.008295 10.962878 0.148313
72 53.371212 71.503830 0.000000 1.208951 1.290021 2.092203 3.734241 7.204045 0.183313
73 53.296146 71.512894 0.000000 1.529995 1.330743 2.219701 4.085471 8.147498 0.168194
74 53.542545 71.685898 0.000000 2.089371 1.325184 2.212397 4.084754 8.192016 0.166668
75 53.578243 71.580460 0.000000 1.799102 1.309317 2.143229 3.848455 7.442566 0.188492
76 53.540890 71.565605 0.000000 1.704292 1.301749 2.120343 3.778886 7.226326 0.273254
77 53.441471 71.697395 0.000000 2.264900 1.276474 2.048878 3.605684 6.832133 0.142858
78 53.367466 71.601700 0.000000 2.050311 1.330643 2.250002 4.233318 8.690019 0.276489
79 53.411003 71.766304 0.000000 2.017091 1.307787 2.167515 3.977286 7.928594 0.175270
80 53.405807 71.539009 0.000000 2.389288 1.284295 2.080085 3.708405 7.154034 0.259641
81 53.331406 71.575806 0.000000 2.484034 1.324695 2.233574 4.202260 8.663297 0.142861
82 53.203960 71.879456 0.000000 2.402884 1.390117 2.455638 4.837673 10.385625 0.145194
83 53.302452 71.448959 0.000000 3.036447 1.343977 2.273884 4.251321 8.614173 0.179162
84 53.397419 71.413940 0.000000 2.813086 1.243029 1.965882 3.432325 6.519141 0.190091
85 53.183529 71.387367 0.000000 2.750552 1.284269 2.110017 3.868868 7.792555 0.129160
86 53.353558 71.399391 0.000000 2.832411 1.207919 1.852598 3.111915 5.641462 0.142857
87 53.320827 71.619743 0.000000 2.969268 1.280332 2.089154 3.783846 7.480496 0.166667
88 53.186893 71.548927 0.000000 2.955878 1.254187 1.989929 3.464048 6.502668 0.166668
89 53.045326 71.548378 0.000000 3.135858 1.322195 2.212918 4.101923 8.265177 0.231713
90 53.176716 71.672638 0.000000 3.363560 1.327972 2.238831 4.191345 8.544137 0.166882
91 53.234367 71.546600 0.000000 4.307173 1.280387 2.060990 3.632724 6.882249 0.166667
92 53.239815 71.543976 0.000000 4.318221 1.267662 2.018380 3.512421 6.558709 0.166667
93 53.279728 71.518196 0.000000 4.009312 1.278159 2.061912 3.657668 7.011787 0.200159
94 53.248768 71.525856 0.000000 3.744250 1.226911 1.901402 3.225185 5.893309 0.223162
95 53.140999 71.613251 0.000000 3.965537 1.249045 1.967409 3.391199 6.286360 0.319993
96 53.164688 71.492363 0.000000 3.724996 1.241790 1.950027 3.363861 6.275726 0.250000
97 53.225170 71.619583 0.000000 3.590440 1.258231 2.027224 3.644859 7.214421 0.166667
98 53.254967 71.556404 0.000000 4.257071 1.276332 2.051483 3.624722 6.923409 0.250000
99 53.076813 71.467903 0.000000 4.103218 1.291862 2.138921 3.966959 8.110703 0.200000
100 53.096073 71.533501 0.000000 4.966977 1.302249 2.167429 4.037902 8.284019 0.170260
101 53.111862 71.492455 0.000000 4.830132 1.290200 2.116820 3.862059 7.712000 0.166667
102 53.257740 71.263351 0.000000 4.939921 1.282687 2.089658 3.779410 7.472692 0.251271
103 53.391865 71.168800 0.000000 5.099249 1.261572 2.007036 3.499624 6.573467 0.166667
104 53.316959 71.014465 0.000000 5.384760 1.299963 2.142238 3.915776 7.804168 0.166669
105 53.096622 70.804649 0.000000 5.297176 1.351393 2.316825 4.410891 9.131685 0.183939
106 53.095638 70.607620 0.000000 5.623661 1.317542 2.156097 3.844289 7.318922 0.200000
107 53.055450 70.445305 0.000000 5.542293 1.355742 2.312481 4.356572 8.883559 0.166667
108 52.973557 70.257851 0.000000 5.937152 1.350982 2.281106 4.231473 8.447999 0.250000
109 53.101669 70.079636 0.000000 6.212315 1.362395 2.328840 4.397472 8.986866 0.250284
110 52.978035 70.167458 0.000000 5.382154 1.355890 2.313664 4.355835 8.861683 0.250000
111 52.654438 69.982460 0.000000 5.567771 1.324539 2.211353 4.075583 8.134542 0.250015
112 52.968319 69.600433 0.000000 4.928077 1.336837 2.239340 4.124457 8.189051 0.257412
113 53.043709 69.844444 0.000000 4.758593 1.396982 2.451330 4.766609 10.050681 0.250035
115 52.544632 70.040077 0.000000 2.719179 1.333539 2.247431 4.170097 8.346061 0.200000
117 51.563423 70.072647 0.000000 2.459030 1.417478 2.544903 5.096255 11.122861 0.250000
118 51.924187 70.079742 0.000000 1.754902 1.403022 2.464854 4.773733 9.965775 0.250000
119 52.487785 69.704826 0.000000 1.614895 1.300544 2.149037 3.956059 7.979602 0.250000
