%% Trajectory 1
%% frame x (pixel)     y (pixel)    z (pixel)      m0         m1           m2           m3           m4           s 
0 52.583904 26.888172 0.000000 1.464340 1.481683 2.734228 5.593539 12.392449 0.166845
1 52.402916 26.828846 0.000000 1.744216 1.489415 2.760503 5.657417 12.518924 0.166667
2 52.091469 27.128233 0.000000 2.190369 1.409018 2.519417 5.037728 11.000276 0.167739
3 52.031357 27.098591 0.000000 2.181106 1.455436 2.687409 5.551469 12.501720 0.168956
4 51.946060 27.215496 0.000000 2.366366 1.396310 2.469886 4.870885 10.468570 0.179072
5 51.841663 27.322361 0.000000 2.458148 1.395836 2.439993 4.728352 9.948501 0.158757
6 51.867916 27.347866 0.000000 2.893616 1.426366 2.555476 5.088273 11.007659 0.180101
7 51.740662 27.159222 0.000000 2.898423 1.407936 2.482638 4.846962 10.253386 0.251636
8 51.911556 27.247808 0.000000 3.304544 1.439795 2.601798 5.231572 11.438416 0.142860
9 51.762718 27.213337 0.000000 3.309140 1.406990 2.489022 4.895303 10.474549 0.166667
10 51.853096 27.291523 0.000000 3.716748 1.383733 2.411598 4.674551 9.873820 0.142857
11 51.756390 27.344439 0.000000 3.927504 1.381587 2.395053 4.600053 9.591861 0.166671
12 51.596722 27.372076 0.000000 3.834492 1.361359 2.323022 4.377185 8.935504 0.166667
13 51.647018 27.524014 0.000000 3.902828 1.385052 2.401065 4.603396 9.571505 0.166673
14 51.728863 27.567501 0.000000 4.362076 1.372566 2.360100 4.487275 9.254093 0.166791
15 51.723976 27.392496 0.000000 4.004199 1.381475 2.383746 4.543017 9.379307 0.200000
16 51.699276 27.521557 0.000000 4.095644 1.353918 2.304332 4.341101 8.884365 0.166678
17 51.682961 27.583639 0.000000 4.435742 1.359396 2.305289 4.303209 8.674413 0.225341
18 51.627121 27.699221 0.000000 4.297637 1.381739 2.395612 4.602949 9.607209 0.155941
19 51.583870 27.666462 0.000000 4.480469 1.330599 2.220792 4.084808 8.130191 0.166667
20 51.600361 27.576471 0.000000 4.733705 1.321317 2.199407 4.047598 8.091263 0.166667
21 51.524845 27.618517 0.000000 4.376259 1.325439 2.188983 3.954132 7.662074 0.125000
22 51.405674 27.647678 0.000000 4.439841 1.302123 2.111419 3.733858 7.061443 0.166667
23 51.385723 27.564100 0.000000 4.648133 1.289990 2.078893 3.655878 6.881736 0.142857
24 51.307652 27.609310 0.000000 4.765844 1.314499 2.152550 3.847540 7.358241 0.142857
25 51.257641 27.569345 0.000000 5.075796 1.297964 2.101004 3.710138 7.009076 0.166667
26 51.301563 27.656984 0.000000 4.928387 1.295081 2.092637 3.690402 6.966302 0.166667
27 51.302742 27.607346 0.000000 5.346652 1.304807 2.120636 3.757962 7.118812 0.166667
28 51.221767 27.707985 0.000000 5.100512 1.337992 2.235922 4.101131 8.095479 0.166675
29 51.275028 27.661810 0.000000 5.023123 1.295829 2.095426 3.697582 6.982585 0.166667
30 51.260384 27.595673 0.000000 5.025739 1.294293 2.092283 3.691207 6.969526 0.166667
31 51.352337 27.720556 0.000000 5.329376 1.307439 2.130222 3.784545 7.185883 0.166667
32 51.357128 27.740009 0.000000 5.338393 1.302504 2.116535 3.751668 7.111182 0.200000
33 51.417747 27.835041 0.000000 5.213556 1.322026 2.183686 3.953042 7.694877 0.200000
34 51.485275 27.949749 0.000000 5.092465 1.321380 2.192338 4.006769 7.919865 0.250000
35 51.573326 28.180555 0.000000 5.053217 1.307795 2.143393 3.860762 7.506569 0.250000
36 51.580833 28.291616 0.000000 5.062276 1.298553 2.112530 3.770646 7.252891 0.250000
37 51.706108 28.377007 0.000000 4.869742 1.311790 2.152527 3.873728 7.505255 0.250000
38 51.687145 28.560553 0.000000 4.960448 1.304685 2.119995 3.756491 7.116349 0.200000
39 51.721878 28.678610 0.000000 5.041015 1.319112 2.167611 3.893480 7.495095 0.200000
40 51.725365 28.729073 0.000000 4.615845 1.321390 2.181832 3.947669 7.674462 0.200024
41 51.778255 28.780893 0.000000 4.506701 1.331849 2.217379 4.049774 7.953925 0.250026
42 52.150909 29.112438 0.000000 4.191332 1.343905 2.274234 4.259660 8.656546 0.246370
43 52.360508 28.825609 0.000000 3.549102 1.328860 2.199982 3.985361 7.745609 0.200000
44 52.205986 29.007397 0.000000 2.987586 1.391489 2.426828 4.688570 9.818756 0.200000
45 52.322151 29.244738 0.000000 2.438638 1.349437 2.282946 4.262987 8.610394 0.200105
