%% Trajectory 22
%% frame x (pixel)     y (pixel)    z (pixel)      m0         m1           m2           m3           m4           s 
49 49.019871 58.398125 0.000000 1.377176 1.334763 2.249813 4.193032 8.469945 0.219555
51 48.773575 58.519333 0.000000 1.418338 1.332118 2.220460 4.072827 8.065170 0.229895
52 49.186550 58.249371 0.000000 2.016899 1.382745 2.399504 4.603450 9.563232 0.166681
53 49.000282 58.222145 0.000000 1.603791 1.376724 2.402224 4.652927 9.791956 0.200000
54 49.044174 57.987652 0.000000 2.034415 1.404378 2.485263 4.883608 10.419002 0.200000
55 49.009548 58.179932 0.000000 1.659081 1.388272 2.427178 4.704675 9.895741 0.200000
56 48.986897 58.226578 0.000000 1.970662 1.356776 2.315045 4.365504 8.920133 0.200000
57 48.705338 58.285603 0.000000 1.893521 1.332155 2.219692 4.065767 8.026848 0.201749
59 48.868492 58.095654 0.000000 2.471940 1.397631 2.430759 4.646088 9.552361 0.200000
60 49.172874 58.071827 0.000000 2.477186 1.379907 2.379130 4.503452 9.156776 0.200075
61 49.072651 57.878090 0.000000 2.141161 1.399287 2.452640 4.750789 9.947192 0.200005
62 49.006733 58.074574 0.000000 2.207559 1.337707 2.257138 4.211621 8.515779 0.202347
63 48.782673 58.041283 0.000000 2.290119 1.353738 2.309021 4.347181 8.844810 0.200131
64 49.140480 57.799896 0.000000 1.747348 1.330095 2.228978 4.119380 8.234733 0.200029
65 49.430912 58.153900 0.000000 2.153060 1.344520 2.258174 4.163508 8.261847 0.254666
66 49.023991 58.183971 0.000000 1.892923 1.357390 2.327889 4.428127 9.150142 0.200000
67 49.117424 58.181461 0.000000 1.837883 1.370100 2.344187 4.397437 8.851772 0.200000
69 49.748966 57.833538 0.000000 1.765606 1.411082 2.488579 4.861063 10.299212 0.166667
70 49.836914 58.346966 0.000000 1.589258 1.368633 2.334185 4.378016 8.847615 0.206847
72 50.342953 57.969566 0.000000 1.434720 1.415091 2.515680 4.967791 10.656425 0.226360
73 50.423939 57.848335 0.000000 1.509790 1.424815 2.563364 5.122334 11.110994 0.175447
74 50.883774 57.409870 0.000000 1.713311 1.333482 2.256577 4.258858 8.800893 0.171145
75 50.552097 57.804535 0.000000 1.634152 1.341628 2.252707 4.162584 8.300045 0.200564
76 50.619236 57.588150 0.000000 1.567692 1.340673 2.242407 4.119619 8.147985 0.175245
