%% Trajectory 24
%% frame x (pixel)     y (pixel)    z (pixel)      m0         m1           m2           m3           m4           s 
76 70.904251 11.233384 0.000000 1.907406 1.459610 2.753746 5.852789 13.609810 0.200000
77 70.938004 11.172995 0.000000 1.913757 1.436386 2.634017 5.421335 12.213526 0.200000
78 71.293198 11.030514 0.000000 1.933542 1.372080 2.390274 4.634953 9.777392 0.200000
79 71.188179 10.796438 0.000000 2.439224 1.286101 2.099004 3.804356 7.527076 0.200000
80 71.472862 10.767436 0.000000 2.368297 1.269301 2.052166 3.679351 7.192109 0.200000
81 71.133568 10.819462 0.000000 2.629399 1.293760 2.140208 3.946769 7.961355 0.166667
82 71.378410 10.933723 0.000000 2.606680 1.275459 2.077142 3.765806 7.469449 0.200000
83 71.295578 10.827952 0.000000 2.500260 1.214083 1.878800 3.196697 5.891915 0.166667
84 71.279358 10.820319 0.000000 2.812819 1.250534 1.970804 3.400102 6.309289 0.167121
85 71.105286 10.893160 0.000000 3.354798 1.334989 2.236033 4.118765 8.175035 0.302791
86 71.202141 10.853158 0.000000 2.885961 1.290339 2.097006 3.753628 7.274578 0.166687
87 71.271324 10.962173 0.000000 3.691459 1.334129 2.256379 4.240954 8.686409 0.166951
88 71.372879 10.858918 0.000000 3.859876 1.326935 2.209594 4.050055 8.018214 0.200006
89 71.456886 10.839867 0.000000 3.926130 1.325347 2.201252 4.018651 7.912715 0.200000
90 71.523026 11.101101 0.000000 4.235530 1.310191 2.152006 3.880780 7.541057 0.200000
91 71.430176 11.034554 0.000000 3.918755 1.301997 2.132010 3.848521 7.524030 0.203152
92 71.400757 10.919880 0.000000 3.857188 1.294656 2.101404 3.743773 7.189705 0.169999
93 71.508789 11.135915 0.000000 3.875743 1.288090 2.073955 3.645628 6.862829 0.167332
94 71.841560 11.139945 0.000000 4.105879 1.362829 2.333126 4.397243 8.931535 0.166668
95 71.738495 11.177796 0.000000 4.036605 1.326588 2.208689 4.053409 8.047364 0.166672
96 71.792336 11.326199 0.000000 3.373813 1.300682 2.112448 3.750826 7.140281 0.166670
97 71.710190 11.469710 0.000000 3.193832 1.327601 2.205788 4.029138 7.934144 0.321774
98 72.284416 11.754786 0.000000 3.312716 1.445653 2.622467 5.268670 11.444231 0.200001
100 71.466904 12.437779 0.000000 2.810658 1.370978 2.357398 4.497564 9.337857 0.166667
102 71.244263 12.466673 0.000000 2.339077 1.409127 2.522139 5.009943 10.783456 0.144694
104 70.536911 12.488276 0.000000 1.586326 1.428006 2.598413 5.309680 11.880190 0.166667
