%% Trajectory 16
%% frame x (pixel)     y (pixel)    z (pixel)      m0         m1           m2           m3           m4           s 
41 67.731010 30.739275 0.000000 1.030295 1.309528 2.191537 4.109313 8.486397 0.185599
43 67.486099 30.484497 0.000000 1.200685 1.189606 1.811789 3.053108 5.641725 0.166667
44 67.772346 30.392155 0.000000 1.289070 1.268087 2.055244 3.703015 7.305534 0.167395
45 68.027168 30.085411 0.000000 1.029698 1.265711 2.067648 3.747439 7.399434 0.143243
46 67.850563 30.105814 0.000000 1.262573 1.248218 1.975194 3.439154 6.481733 0.143600
47 67.931938 30.452902 0.000000 1.483995 1.239394 1.961075 3.424317 6.495336 0.166669
48 67.300980 30.255768 0.000000 1.734890 1.258179 1.986519 3.429452 6.360227 0.174629
49 67.701096 30.476875 0.000000 1.514711 1.203445 1.834588 3.071853 5.580757 0.142929
50 67.791824 30.379534 0.000000 1.916230 1.242692 1.946749 3.337335 6.155699 0.200002
51 67.475075 30.313232 0.000000 2.100929 1.245707 1.948382 3.333716 6.137678 0.201310
52 67.735001 30.237078 0.000000 2.309860 1.211656 1.865718 3.146523 5.722328 0.200361
53 67.685753 30.244177 0.000000 2.394501 1.257695 1.988747 3.439814 6.394975 0.250000
54 67.545815 30.308455 0.000000 2.382482 1.234667 1.918996 3.263743 5.978338 0.250000
55 67.663345 30.514795 0.000000 2.466516 1.250550 1.967066 3.388207 6.285711 0.250000
56 67.620728 30.188532 0.000000 3.157544 1.250890 1.971737 3.399094 6.296564 0.200016
57 67.586945 30.265524 0.000000 2.976528 1.246835 1.959807 3.378852 6.289248 0.166667
58 67.769859 30.233683 0.000000 2.986296 1.252355 1.977248 3.428614 6.424626 0.200000
59 67.669540 30.186310 0.000000 3.196090 1.259114 1.996318 3.467242 6.483212 0.200000
60 67.565147 30.239920 0.000000 3.195073 1.260499 1.995210 3.451839 6.411828 0.200000
61 67.662636 30.309200 0.000000 4.149894 1.261923 1.999776 3.463006 6.436307 0.200000
62 67.602966 30.251606 0.000000 4.436319 1.246507 1.958259 3.371023 6.256465 0.166779
63 67.580460 30.205379 0.000000 4.142187 1.263773 2.003979 3.472537 6.458371 0.200000
64 67.523026 30.211012 0.000000 4.850786 1.252645 1.972078 3.394428 6.278202 0.200308
65 67.507805 30.352404 0.000000 5.283348 1.275002 2.037878 3.557721 6.658338 0.166667
66 67.637215 30.278055 0.000000 5.408429 1.246650 1.955649 3.355087 6.188814 0.166667
67 67.665092 30.313168 0.000000 5.686264 1.266419 2.014330 3.502905 6.540408 0.166667
68 67.597954 30.375355 0.000000 5.773366 1.263157 2.002767 3.470677 6.456698 0.142857
69 67.743599 30.420012 0.000000 5.376420 1.265413 2.016976 3.527153 6.653190 0.142857
70 67.830551 30.509600 0.000000 5.652864 1.278183 2.049153 3.595230 6.778707 0.142857
71 67.820984 30.597799 0.000000 6.167553 1.274955 2.035650 3.550807 6.642405 0.142857
72 67.828316 30.666725 0.000000 6.414884 1.291571 2.099729 3.755796 7.263096 0.166667
73 67.745834 30.743528 0.000000 6.954495 1.284862 2.064821 3.622673 6.807839 0.142857
74 67.811272 30.662533 0.000000 6.152382 1.286764 2.079926 3.689613 7.056361 0.142857
75 67.776436 30.955431 0.000000 5.848477 1.341207 2.259365 4.198792 8.440891 0.143902
76 67.575195 31.129686 0.000000 5.370197 1.295762 2.109431 3.767816 7.247419 0.142857
77 67.638588 31.345953 0.000000 5.465294 1.287989 2.082221 3.691885 7.050665 0.166667
78 67.634430 31.478195 0.000000 4.999747 1.294176 2.096838 3.719647 7.092213 0.265782
79 67.647957 31.602907 0.000000 5.177083 1.323555 2.194994 4.003861 7.886521 0.274229
80 67.601898 31.721306 0.000000 4.765012 1.316212 2.163355 3.889277 7.500381 0.200027
81 67.500587 32.012115 0.000000 4.021390 1.368077 2.346646 4.441570 9.086778 0.200000
82 67.307381 32.424301 0.000000 4.076313 1.303799 2.115335 3.743796 7.087759 0.200000
83 66.784531 32.626171 0.000000 4.000324 1.393785 2.428426 4.666750 9.685018 0.200000
