%% Trajectory 24
%% frame x (pixel)     y (pixel)    z (pixel)      m0         m1           m2           m3           m4           s 
61 49.708237 78.783348 0.000000 1.494515 1.413060 2.521890 5.015698 10.867594 0.166667
64 49.887821 78.598343 0.000000 1.783183 1.397927 2.428114 4.624166 9.447489 0.166667
65 49.929737 78.821869 0.000000 1.828129 1.429426 2.537051 4.958750 10.447019 0.171721
66 50.263885 79.096085 0.000000 2.067332 1.414648 2.487469 4.831892 10.148441 0.167032
67 50.226818 79.398170 0.000000 2.288587 1.343221 2.259309 4.184200 8.364658 0.142857
68 50.331608 79.350563 0.000000 2.178083 1.461373 2.656938 5.338410 11.591442 0.166829
69 50.175129 79.562164 0.000000 2.180666 1.356101 2.312556 4.366733 8.950730 0.260203
70 50.333660 79.828323 0.000000 2.303118 1.366021 2.351692 4.494387 9.352927 0.111123
71 50.300045 79.596878 0.000000 2.603659 1.356342 2.315710 4.383470 9.023402 0.129952
72 50.374653 79.614624 0.000000 3.008993 1.360637 2.315839 4.336543 8.758801 0.125001
73 50.492546 79.584488 0.000000 3.111016 1.379583 2.351617 4.378910 8.725979 0.111111
74 50.495106 79.389450 0.000000 2.936089 1.394205 2.403324 4.539097 9.201341 0.111271
75 50.398052 79.581696 0.000000 3.258133 1.350962 2.283996 4.254179 8.564552 0.142859
76 50.490585 79.587257 0.000000 3.465178 1.354869 2.287344 4.237466 8.448410 0.169621
77 50.451935 79.609543 0.000000 3.286774 1.329729 2.201570 3.984301 7.728291 0.142857
78 50.277336 79.651901 0.000000 3.297460 1.353819 2.286903 4.243340 8.480272 0.142863
79 50.398022 79.694504 0.000000 3.292119 1.409914 2.470293 4.766364 9.919583 0.125091
80 50.417114 79.599129 0.000000 3.524995 1.413667 2.477680 4.778018 9.931766 0.125406
81 50.716282 79.801834 0.000000 3.896395 1.378438 2.381818 4.551395 9.428620 0.125090
83 50.715416 80.011879 0.000000 3.216269 1.435587 2.567961 5.079978 10.870457 0.142951
84 50.607288 79.838120 0.000000 3.035970 1.438299 2.564076 5.032339 10.639236 0.130395
86 50.948536 80.050255 0.000000 3.446253 1.473167 2.713699 5.549032 12.298869 0.143431
87 51.012676 80.047478 0.000000 3.699662 1.482820 2.733225 5.565010 12.223252 0.175654
88 51.104858 79.865631 0.000000 3.791179 1.412055 2.505502 4.943507 10.611031 0.296727
89 51.156670 80.220589 0.000000 3.710420 1.407448 2.464759 4.755570 9.900663 0.182094
90 51.085239 80.432610 0.000000 3.355921 1.396786 2.435353 4.685214 9.742812 0.136651
91 51.244850 80.395851 0.000000 3.201664 1.426092 2.522784 4.907522 10.274409 0.272915
92 51.551125 80.164268 0.000000 3.642141 1.402045 2.443353 4.682623 9.661620 0.217658
93 51.544952 80.037781 0.000000 3.433798 1.420169 2.524810 4.974804 10.632545 0.219474
94 51.727139 80.159157 0.000000 3.275016 1.440861 2.567522 5.026732 10.576879 0.167116
95 51.892017 80.331512 0.000000 2.537988 1.444311 2.594359 5.152488 11.062836 0.142857
96 51.688652 80.160133 0.000000 2.604048 1.451646 2.599081 5.112762 10.807230 0.166667
97 52.064590 80.149506 0.000000 2.971668 1.422214 2.501741 4.831636 10.026849 0.166682
98 52.480839 80.129433 0.000000 2.901941 1.369395 2.329304 4.348769 8.736250 0.166719
101 53.088860 79.141396 0.000000 1.921801 1.348328 2.278471 4.244293 8.544236 0.218803
