%% Trajectory 15
%% frame x (pixel)     y (pixel)    z (pixel)      m0         m1           m2           m3           m4           s 
57 26.622885 33.876118 0.000000 1.859256 1.318435 2.177912 3.951646 7.727429 0.142866
58 26.219980 33.980957 0.000000 1.735613 1.347017 2.278938 4.262290 8.635450 0.166667
59 26.302896 33.921482 0.000000 1.828196 1.322432 2.201557 4.050516 8.079400 0.200000
60 26.332561 33.839386 0.000000 1.955366 1.308529 2.152621 3.893892 7.598832 0.200000
61 26.337994 33.921925 0.000000 1.736075 1.275990 2.053789 3.644525 7.010526 0.200000
62 26.168825 33.859680 0.000000 2.138115 1.299647 2.135825 3.884062 7.676637 0.200000
63 26.243168 33.837234 0.000000 2.006442 1.338702 2.260844 4.233596 8.618151 0.166678
64 26.072418 33.932911 0.000000 1.907756 1.333538 2.250066 4.207159 8.544359 0.245527
65 26.284853 33.689945 0.000000 1.795813 1.287982 2.097687 3.777265 7.389074 0.167178
66 26.199215 33.670658 0.000000 1.869053 1.285919 2.087505 3.740625 7.269874 0.166667
67 26.235641 33.638588 0.000000 2.048171 1.262616 2.020678 3.573536 6.870607 0.166672
68 26.179342 33.751572 0.000000 2.054326 1.265323 2.028611 3.587473 6.879107 0.142857
69 26.349428 33.347298 0.000000 2.097711 1.272350 2.024066 3.520318 6.574115 0.200000
70 26.457548 33.469963 0.000000 2.012972 1.254062 1.974128 3.398090 6.286606 0.200000
71 26.467085 33.327290 0.000000 1.642053 1.246318 1.951915 3.345618 6.171482 0.166667
72 26.537243 33.213196 0.000000 1.495054 1.223995 1.894627 3.212565 5.873448 0.166667
73 26.656044 32.939007 0.000000 1.093994 1.237444 1.939104 3.325874 6.136628 0.166667
74 26.821039 33.037224 0.000000 1.286680 1.281404 2.105915 3.854120 7.709859 0.217449
75 26.816730 32.745605 0.000000 1.238609 1.246638 1.949918 3.336452 6.141994 0.250000
76 26.733627 32.864849 0.000000 1.139799 1.213978 1.865193 3.137908 5.694934 0.250000
