%% Trajectory 24
%% frame x (pixel)     y (pixel)    z (pixel)      m0         m1           m2           m3           m4           s 
66 83.536705 91.801910 0.000000 1.063283 1.186642 1.790457 2.959437 5.288766 0.142372
68 83.528580 91.778976 0.000000 1.023035 1.237266 1.931131 3.304501 6.102579 0.142875
69 83.321487 91.427902 0.000000 1.272348 1.212027 1.860319 3.122939 5.647943 0.145347
70 83.579132 91.407776 0.000000 1.466728 1.281202 2.058166 3.616822 6.825557 0.142857
71 83.798630 91.332832 0.000000 1.433043 1.299673 2.131727 3.860080 7.583745 0.142857
72 83.538765 91.335266 0.000000 1.587599 1.302266 2.127373 3.812743 7.360623 0.166701
73 83.728920 91.237251 0.000000 1.948814 1.310954 2.159975 3.913387 7.651052 0.166667
74 83.672386 91.028328 0.000000 1.536888 1.305912 2.179935 4.044229 8.182659 0.142857
75 83.744904 91.024979 0.000000 1.950809 1.356295 2.327735 4.438579 9.214593 0.151713
76 83.675117 91.123039 0.000000 1.980944 1.339494 2.253429 4.177353 8.372831 0.142858
77 83.709007 91.335793 0.000000 2.200971 1.274298 2.036192 3.553504 6.647254 0.142857
78 83.700371 91.321411 0.000000 1.902845 1.284600 2.064139 3.621857 6.809061 0.200000
79 83.662552 91.208199 0.000000 2.275882 1.288912 2.077728 3.657073 6.894289 0.166667
80 83.787186 91.131615 0.000000 2.080161 1.323971 2.200961 4.026188 7.951577 0.156804
81 83.728218 91.222374 0.000000 2.083798 1.283061 2.063374 3.638895 6.912564 0.111142
82 83.667320 91.141487 0.000000 2.118177 1.296211 2.113056 3.792590 7.365211 0.167059
83 83.495262 91.255386 0.000000 2.229659 1.304946 2.124825 3.782430 7.221098 0.111111
84 83.791290 90.893753 0.000000 2.434609 1.328909 2.225284 4.114012 8.236214 0.100012
85 83.670952 91.038071 0.000000 2.379433 1.324658 2.206232 4.053572 8.064553 0.125026
86 83.571114 91.083931 0.000000 2.303298 1.341377 2.258085 4.191525 8.418507 0.125000
87 83.807182 91.019913 0.000000 2.500287 1.334356 2.253457 4.215852 8.566471 0.111117
88 83.874237 90.829086 0.000000 2.464420 1.347056 2.282017 4.277198 8.697635 0.111111
89 83.736427 90.642616 0.000000 2.164724 1.318973 2.166541 3.899701 7.549555 0.125000
90 83.830666 90.374290 0.000000 2.804298 1.300883 2.123902 3.805716 7.347974 0.125000
91 83.777138 90.147163 0.000000 2.309362 1.316097 2.163835 3.899125 7.553888 0.127420
92 84.074165 90.090996 0.000000 2.248183 1.387004 2.404915 4.606024 9.543998 0.150630
93 83.730263 90.076302 0.000000 1.898457 1.325913 2.232176 4.169115 8.476186 0.156073
94 83.774078 89.824417 0.000000 2.086388 1.331707 2.216340 4.043715 7.926656 0.134333
95 83.999062 89.739479 0.000000 2.153565 1.359455 2.340866 4.479676 9.332238 0.117557
96 83.858276 89.279724 0.000000 1.879539 1.321818 2.187128 3.980519 7.820485 0.173717
97 83.914810 89.458260 0.000000 1.719933 1.312015 2.175674 3.989328 7.937395 0.125159
98 83.287872 89.493362 0.000000 1.479980 1.291424 2.090063 3.715505 7.130322 0.125000
