%% Trajectory 17
%% frame x (pixel)     y (pixel)    z (pixel)      m0         m1           m2           m3           m4           s 
55 15.985868 45.536827 0.000000 1.441229 1.392462 2.472392 4.942226 10.871833 0.143060
56 16.291910 45.723530 0.000000 1.435530 1.457943 2.648865 5.318773 11.541165 0.169045
58 15.659057 45.353256 0.000000 1.548309 1.326041 2.209336 4.057923 8.065701 0.166668
59 15.536221 45.187279 0.000000 1.839339 1.351620 2.296775 4.313801 8.776360 0.166667
60 15.360433 45.337608 0.000000 1.919431 1.320267 2.183187 3.959305 7.720900 0.166667
61 15.367454 45.173134 0.000000 2.340397 1.297737 2.101739 3.714967 7.027078 0.166667
62 15.430739 45.323006 0.000000 2.111908 1.269433 2.021356 3.516980 6.564765 0.166667
63 15.586317 45.147537 0.000000 2.077105 1.254857 1.983676 3.431261 6.380611 0.166667
64 15.555405 45.122231 0.000000 2.215530 1.283855 2.067324 3.636767 6.856010 0.200000
65 15.310358 45.186405 0.000000 1.745031 1.268879 2.020561 3.520459 6.591191 0.166669
66 15.293918 45.206951 0.000000 2.240242 1.274019 2.048689 3.624173 6.933765 0.166667
67 15.426303 45.130676 0.000000 2.338665 1.276265 2.043682 3.575579 6.706623 0.166667
68 15.441049 45.128384 0.000000 2.232404 1.285891 2.070219 3.640193 6.856981 0.200003
69 15.356268 45.127438 0.000000 2.096085 1.281352 2.053836 3.596811 6.753951 0.200000
70 15.587967 45.117302 0.000000 1.774763 1.264978 2.008566 3.486432 6.496618 0.166667
71 15.370255 45.138321 0.000000 1.919541 1.246795 1.957250 3.361908 6.211370 0.166667
72 15.358782 44.969151 0.000000 2.085559 1.261758 2.008841 3.504621 6.578160 0.166742
73 15.560141 44.849304 0.000000 2.083488 1.294716 2.105680 3.751925 7.182417 0.166667
74 15.801052 44.704777 0.000000 2.129856 1.241101 1.943822 3.334049 6.156671 0.166667
75 15.928813 44.665936 0.000000 1.956508 1.247717 1.998080 3.568939 7.012677 0.142857
76 16.019730 44.592007 0.000000 1.948666 1.280848 2.078416 3.715452 7.186957 0.142873
77 16.165588 44.479218 0.000000 1.838693 1.249795 1.970170 3.399527 6.310979 0.143676
78 16.220467 44.659718 0.000000 1.985999 1.241127 1.941876 3.322970 6.115647 0.142857
79 16.482382 44.399734 0.000000 1.837504 1.220929 1.883105 3.177167 5.774278 0.142857
80 16.793100 44.288849 0.000000 2.290862 1.292213 2.124481 3.885547 7.776093 0.142936
81 16.973331 44.550465 0.000000 1.488770 1.253066 2.004312 3.542905 6.809196 0.142857
83 17.227095 44.465115 0.000000 1.631518 1.272483 2.031613 3.548886 6.662342 0.130727
