%% Trajectory 22
%% frame x (pixel)     y (pixel)    z (pixel)      m0         m1           m2           m3           m4           s 
45 36.354591 15.749390 0.000000 0.929705 1.311815 2.147888 3.868128 7.526653 0.166667
46 36.803215 15.324165 0.000000 0.807668 1.316227 2.178689 3.990124 7.949719 0.271290
48 36.697914 15.677557 0.000000 1.421208 1.289821 2.091792 3.725556 7.158891 0.203519
49 36.572639 15.484656 0.000000 1.230402 1.313154 2.153261 3.871886 7.492661 0.223814
50 36.344784 15.379299 0.000000 1.550057 1.334794 2.232325 4.106266 8.152375 0.408915
51 36.227222 15.372821 0.000000 1.624737 1.313153 2.177355 3.999489 7.999545 0.231388
52 36.313816 15.447677 0.000000 1.576416 1.281708 2.062001 3.630869 6.870187 0.250002
53 36.591530 15.697965 0.000000 1.646899 1.287148 2.075444 3.659267 6.921686 0.251159
54 36.539623 15.659460 0.000000 1.494828 1.221007 1.886568 3.203936 5.900882 0.250081
55 36.350655 15.674012 0.000000 1.480011 1.255323 1.985223 3.433911 6.382086 0.250000
56 36.482212 15.763134 0.000000 2.110460 1.278999 2.051325 3.595566 6.760438 0.376777
57 36.308186 15.456697 0.000000 1.654131 1.265927 2.014578 3.503213 6.534868 0.250000
58 36.304127 15.586484 0.000000 1.790802 1.311470 2.159091 3.904729 7.616725 0.166667
59 36.380054 15.450068 0.000000 1.782906 1.260714 1.997506 3.459589 6.433390 0.205779
60 36.348763 15.644513 0.000000 2.078623 1.301795 2.133814 3.856093 7.548740 0.225918
61 36.074200 15.568712 0.000000 1.936961 1.315273 2.177977 3.981287 7.889834 0.166667
62 36.037014 15.839163 0.000000 1.764804 1.337831 2.250609 4.179539 8.401532 0.268674
63 36.144283 15.841949 0.000000 1.594793 1.355668 2.291987 4.257274 8.518081 0.200000
64 35.688931 15.678687 0.000000 1.907504 1.316514 2.178338 3.960802 7.765213 0.200000
65 35.641415 15.831197 0.000000 1.950980 1.331845 2.222729 4.074923 8.047539 0.200836
66 35.366226 16.114195 0.000000 1.765421 1.348436 2.269154 4.193691 8.342770 0.208092
67 35.254971 16.172331 0.000000 1.945294 1.290963 2.085641 3.680008 6.954725 0.166667
68 35.374123 16.265285 0.000000 1.645812 1.301207 2.141178 3.894245 7.695848 0.200000
69 35.641346 16.493259 0.000000 2.205334 1.320203 2.183490 3.960761 7.729069 0.200000
71 35.834717 17.067575 0.000000 1.353394 1.437510 2.605183 5.252604 11.506941 0.166667
73 35.844425 16.732386 0.000000 1.175561 1.392436 2.415229 4.611325 9.496477 0.166917
74 35.771091 16.286734 0.000000 1.144956 1.372708 2.366175 4.493657 9.200626 0.167067
