%% Trajectory 13
%% frame x (pixel)     y (pixel)    z (pixel)      m0         m1           m2           m3           m4           s 
19 7.726814 56.727242 0.000000 0.765209 1.371380 2.338436 4.382356 8.842172 0.200006
20 8.154164 56.379025 0.000000 0.662286 1.355428 2.369118 4.665244 10.125796 0.200000
21 7.926332 56.431808 0.000000 1.033704 1.479211 2.756198 5.695527 12.727489 0.174503
22 7.663836 56.276386 0.000000 1.019873 1.500720 2.785981 5.699327 12.550583 0.202777
23 7.881228 56.420670 0.000000 1.112326 1.308690 2.132996 3.788993 7.190095 0.173285
24 7.822249 56.605591 0.000000 1.317470 1.387359 2.423487 4.711976 9.995304 0.250862
25 7.776786 56.471882 0.000000 1.200477 1.338843 2.243180 4.132400 8.211235 0.200000
26 7.906160 56.749989 0.000000 1.477500 1.404415 2.484758 4.892679 10.495177 0.207161
27 8.137030 56.611061 0.000000 1.088201 1.369643 2.355352 4.487578 9.290867 0.200000
28 7.571067 56.653198 0.000000 1.075211 1.292500 2.089364 3.685875 6.958865 0.386810
29 8.141328 56.614761 0.000000 1.358581 1.384196 2.390395 4.563477 9.441637 0.180608
30 7.698154 56.907955 0.000000 1.414430 1.365339 2.342612 4.451124 9.187324 0.216645
31 7.889682 56.494701 0.000000 1.616831 1.359241 2.336101 4.470737 9.344271 0.200488
32 7.833508 56.594330 0.000000 1.853443 1.383769 2.394161 4.577965 9.481582 0.200000
33 7.893286 56.402412 0.000000 1.722340 1.360741 2.312509 4.330052 8.761875 0.125000
34 7.699055 56.484028 0.000000 1.880849 1.327158 2.197183 3.985087 7.768486 0.167120
35 7.845698 56.391762 0.000000 1.802525 1.343822 2.266125 4.219518 8.515697 0.142857
36 7.825320 56.633770 0.000000 1.976384 1.330486 2.206812 4.008311 7.819414 0.251076
37 7.811131 56.587784 0.000000 1.832470 1.379826 2.373392 4.499859 9.223086 0.166669
38 7.965216 56.789600 0.000000 2.036685 1.424390 2.533145 4.973342 10.546323 0.200000
39 7.879416 56.505199 0.000000 1.700144 1.406781 2.479655 4.850241 10.314823 0.142912
40 7.719274 56.364712 0.000000 1.878847 1.324808 2.196048 3.985789 7.763905 0.264439
41 7.830215 56.715393 0.000000 1.958247 1.347741 2.262959 4.164559 8.235222 0.142898
42 7.955866 56.401478 0.000000 2.260842 1.376404 2.385808 4.583230 9.558799 0.166667
43 8.142370 56.385166 0.000000 2.151775 1.387907 2.396749 4.553689 9.328053 0.142857
44 7.852590 56.683197 0.000000 2.211842 1.372254 2.353767 4.450231 9.092856 0.166668
45 7.781845 56.708965 0.000000 2.186033 1.333862 2.228860 4.102717 8.166958 0.166667
46 7.808336 56.710922 0.000000 2.168988 1.351103 2.287605 4.265243 8.591233 0.166667
47 7.896105 56.682072 0.000000 2.350189 1.321988 2.185854 3.960591 7.711327 0.166673
48 7.911737 56.612057 0.000000 2.265481 1.381444 2.380092 4.520146 9.276567 0.215623
49 7.767819 56.595360 0.000000 2.068241 1.379564 2.371099 4.486662 9.162285 0.246186
50 7.851353 56.609158 0.000000 2.171720 1.368529 2.340255 4.417517 9.027205 0.285886
51 8.140212 56.945568 0.000000 2.488312 1.372957 2.382726 4.601364 9.684094 0.167201
52 8.205835 56.765911 0.000000 2.281404 1.340949 2.252011 4.159874 8.287100 0.208716
53 8.158699 56.938995 0.000000 2.426092 1.372935 2.362000 4.485129 9.205532 0.217946
54 8.227019 56.970478 0.000000 2.193927 1.387958 2.411513 4.629947 9.619092 0.172497
55 8.480646 56.993240 0.000000 2.334238 1.423850 2.530240 4.963728 10.515705 0.173358
56 8.381778 57.319710 0.000000 2.674719 1.322896 2.190055 3.979514 7.789581 0.165073
57 8.621465 56.987488 0.000000 2.505421 1.378768 2.373963 4.499747 9.197343 0.239329
58 8.923677 56.911591 0.000000 2.692270 1.420216 2.524616 4.971178 10.611341 0.157526
59 9.141370 56.798042 0.000000 2.399899 1.372395 2.352226 4.441005 9.051522 0.196028
60 9.027131 56.722652 0.000000 2.477915 1.349054 2.289157 4.289953 8.703093 0.191008
61 9.155435 56.716015 0.000000 2.142323 1.363264 2.315952 4.316462 8.646351 0.156238
62 9.390237 56.566097 0.000000 2.320810 1.363768 2.294639 4.210063 8.249638 0.142974
63 9.695268 56.350945 0.000000 1.961455 1.356363 2.298636 4.285639 8.616633 0.296825
64 9.608730 55.863285 0.000000 1.634673 1.356064 2.300476 4.304583 8.715182 0.166803
65 9.288967 55.284729 0.000000 1.828958 1.362896 2.322680 4.365469 8.873465 0.288073
66 9.287816 54.750366 0.000000 1.752279 1.392128 2.439499 4.741308 10.001967 0.180599
67 9.352778 54.987350 0.000000 1.094044 1.421780 2.527742 4.977391 10.612706 0.166670
68 9.522427 54.530945 0.000000 1.022500 1.458819 2.633817 5.251262 11.319679 0.178271
