%% Trajectory 12
%% frame x (pixel)     y (pixel)    z (pixel)      m0         m1           m2           m3           m4           s 
16 60.166836 61.406925 0.000000 0.941430 1.185266 1.786524 2.951876 5.277922 0.305301
17 60.272217 61.486713 0.000000 1.019278 1.178952 1.771010 2.915644 5.194502 0.148392
18 59.895229 61.563156 0.000000 1.346659 1.223199 1.893566 3.213645 5.884212 0.260282
19 59.987171 61.503700 0.000000 1.028733 1.221239 1.935165 3.436971 6.757643 0.142930
20 60.210674 61.756294 0.000000 1.325101 1.246322 1.952304 3.343815 6.156993 0.144820
21 60.191868 61.639141 0.000000 1.673701 1.314351 2.177806 3.977957 7.859216 0.134226
22 59.919239 61.743038 0.000000 1.827630 1.277813 2.054803 3.611972 6.805881 0.136503
23 60.163296 61.800686 0.000000 1.795802 1.243563 1.963481 3.410539 6.411777 0.240356
24 59.851856 61.924877 0.000000 1.813645 1.327577 2.244252 4.234982 8.758833 0.127925
25 59.857460 61.933407 0.000000 1.911359 1.378527 2.381329 4.540146 9.363224 0.167192
26 59.764183 62.037056 0.000000 2.069963 1.368566 2.376590 4.597217 9.706985 0.281306
27 60.260468 61.631577 0.000000 1.712220 1.294681 2.106785 3.767424 7.268362 0.166720
28 59.916077 61.981148 0.000000 1.926873 1.389614 2.433040 4.720055 9.923870 0.171878
29 59.847305 62.157181 0.000000 2.443940 1.334592 2.252239 4.213767 8.567779 0.186691
30 59.821312 62.143921 0.000000 2.179518 1.317019 2.197107 4.064118 8.183556 0.172267
31 59.952091 62.060207 0.000000 2.423907 1.385115 2.412048 4.659230 9.770106 0.166720
32 59.914398 62.181530 0.000000 2.514175 1.342707 2.285453 4.328321 8.941374 0.168411
33 59.572868 62.208496 0.000000 2.693195 1.318938 2.177099 3.944273 7.691825 0.166673
34 59.814213 62.313148 0.000000 2.507797 1.338667 2.260410 4.234032 8.632931 0.175375
35 59.792789 62.510559 0.000000 2.489560 1.346758 2.283088 4.283510 8.725692 0.142892
36 59.647343 62.575657 0.000000 3.020576 1.282476 2.062005 3.625111 6.839378 0.146974
37 59.372860 62.965927 0.000000 2.607900 1.347079 2.278846 4.255927 8.598919 0.162656
38 59.193924 62.786133 0.000000 2.734028 1.349414 2.291101 4.297366 8.727513 0.205232
39 59.097347 62.986565 0.000000 2.580059 1.380216 2.395269 4.605406 9.598367 0.245470
40 58.654385 63.071800 0.000000 2.888572 1.370971 2.365278 4.513001 9.320202 0.123234
41 58.721748 63.116215 0.000000 2.911676 1.368889 2.353541 4.481338 9.259009 0.123967
42 58.254139 63.047897 0.000000 2.666192 1.388233 2.408658 4.604695 9.496227 0.126388
44 58.457512 62.715416 0.000000 3.036121 1.366459 2.344174 4.455348 9.198970 0.130943
45 58.926498 62.865372 0.000000 2.576471 1.403002 2.490600 4.923324 10.597651 0.195282
46 58.468697 62.765030 0.000000 2.239803 1.291794 2.101407 3.763467 7.290467 0.142857
47 58.346466 62.503853 0.000000 2.036741 1.278353 2.058666 3.659497 7.065593 0.200000
48 58.760330 62.188595 0.000000 1.424235 1.264382 2.025771 3.593945 6.953054 0.200000
50 59.107410 62.572830 0.000000 1.199824 1.265839 2.061972 3.762056 7.569746 0.151920
