%% Trajectory 32
%% frame x (pixel)     y (pixel)    z (pixel)      m0         m1           m2           m3           m4           s 
80 74.653488 43.482979 0.000000 1.467871 1.461048 2.707421 5.625845 12.767597 0.166667
81 74.407333 43.178722 0.000000 1.590367 1.400384 2.449794 4.716502 9.782265 0.143432
82 74.415916 43.186657 0.000000 1.659846 1.361914 2.359474 4.574314 9.726609 0.142886
83 74.577423 43.380772 0.000000 1.881341 1.335086 2.245836 4.174736 8.414775 0.142858
84 74.208130 43.225258 0.000000 2.397523 1.333080 2.238974 4.143068 8.279226 0.166668
85 74.417244 43.194107 0.000000 2.478949 1.362333 2.324673 4.389693 8.998287 0.201170
86 74.209724 43.387062 0.000000 3.119277 1.379856 2.414396 4.715384 10.069609 0.330650
87 74.135460 43.460922 0.000000 3.304420 1.330932 2.234978 4.153080 8.385324 0.167044
88 74.513519 43.443424 0.000000 2.940808 1.343446 2.275643 4.274928 8.743892 0.174173
89 74.551147 43.383598 0.000000 3.122370 1.274390 2.037620 3.567701 6.720794 0.166667
90 74.379890 43.452576 0.000000 3.375935 1.357380 2.312233 4.357141 8.910371 0.166667
91 74.363747 43.479809 0.000000 3.283736 1.370058 2.371831 4.578355 9.663629 0.166667
92 74.410828 43.471874 0.000000 3.281961 1.343618 2.271416 4.251039 8.647248 0.200000
93 74.500717 43.649918 0.000000 3.757521 1.306366 2.154165 3.920763 7.737890 0.200000
94 74.500496 43.532043 0.000000 3.973128 1.323973 2.204983 4.053699 8.079621 0.200000
95 74.211105 43.365601 0.000000 3.630852 1.390740 2.444003 4.784935 10.220175 0.166667
96 74.318481 43.401352 0.000000 3.888127 1.318474 2.203962 4.093166 8.299542 0.166667
97 74.322739 43.276554 0.000000 3.810911 1.388825 2.424408 4.695666 9.890214 0.166886
98 74.164948 43.437336 0.000000 4.154309 1.371884 2.350042 4.430223 9.005627 0.166715
99 74.253914 43.405022 0.000000 3.734432 1.376878 2.381281 4.568597 9.535336 0.125000
100 73.884430 43.510025 0.000000 4.063495 1.359341 2.307130 4.317069 8.738103 0.142862
101 73.763916 43.634506 0.000000 3.741299 1.383770 2.395308 4.580549 9.480702 0.183760
102 73.696922 43.749527 0.000000 3.997560 1.341009 2.266427 4.234061 8.576324 0.142885
103 73.377121 43.761990 0.000000 3.818089 1.345199 2.284789 4.304264 8.820022 0.199230
104 73.418396 43.619289 0.000000 3.711575 1.315098 2.168353 3.924863 7.650098 0.170370
105 73.283272 43.888969 0.000000 3.599772 1.395692 2.449267 4.769209 10.085175 0.166667
106 73.301628 43.836472 0.000000 3.700329 1.403008 2.470630 4.819237 10.184264 0.166768
107 72.853882 43.796703 0.000000 3.003479 1.420973 2.539915 5.051378 10.938627 0.200001
109 72.611771 44.418068 0.000000 2.971365 1.488476 2.753103 5.631733 12.441623 0.212350
