%% Trajectory 19
%% frame x (pixel)     y (pixel)    z (pixel)      m0         m1           m2           m3           m4           s 
46 26.155706 13.678581 0.000000 1.156194 1.368110 2.379010 4.628681 9.877007 0.166667
47 26.605982 13.671438 0.000000 1.287482 1.380567 2.377302 4.508717 9.234368 0.209393
48 26.456453 13.803209 0.000000 1.667708 1.418411 2.509417 4.897687 10.320141 0.200001
49 26.689325 13.631977 0.000000 1.748214 1.388685 2.394356 4.529089 9.205597 0.250000
50 26.487829 13.987715 0.000000 1.698556 1.386313 2.408760 4.615921 9.549916 0.250000
51 26.579659 13.518399 0.000000 1.492734 1.392121 2.400956 4.550691 9.294679 0.250000
52 26.362553 13.659328 0.000000 1.842661 1.327931 2.198029 3.991222 7.804470 0.250000
53 26.425402 13.880581 0.000000 2.053556 1.359835 2.296257 4.247670 8.437465 0.250000
54 26.379772 13.742979 0.000000 2.374255 1.348674 2.263924 4.166420 8.241576 0.250662
55 26.308369 13.915654 0.000000 2.269270 1.427398 2.547557 5.019929 10.676933 0.252018
56 26.376350 13.883992 0.000000 2.248799 1.425894 2.536810 4.993343 10.644262 0.290468
57 26.534250 13.731819 0.000000 2.619681 1.353130 2.279226 4.215230 8.396906 0.250000
58 26.441757 13.851153 0.000000 2.668572 1.412763 2.492406 4.854929 10.224685 0.250000
59 26.474623 13.812378 0.000000 2.939286 1.353035 2.277435 4.205689 8.355265 0.250021
60 26.313051 13.734021 0.000000 2.476963 1.376129 2.376695 4.543678 9.429185 0.200000
61 26.295641 13.993817 0.000000 3.155712 1.424980 2.542775 5.017346 10.701548 0.250000
62 26.353817 14.063208 0.000000 2.860562 1.433181 2.564663 5.074186 10.851354 0.250000
63 26.414537 13.841392 0.000000 3.036195 1.402784 2.436297 4.638438 9.480631 0.200001
64 26.628614 13.847877 0.000000 3.331261 1.453308 2.625617 5.239786 11.296968 0.378187
65 26.635977 13.881634 0.000000 3.633702 1.442970 2.581227 5.091611 10.838183 0.250147
66 26.775871 13.904840 0.000000 3.159623 1.462618 2.651670 5.300666 11.426731 0.250000
67 26.635036 14.312804 0.000000 3.544862 1.442508 2.575571 5.052174 10.652832 0.250000
68 27.017700 14.342972 0.000000 3.856597 1.420190 2.502082 4.843956 10.082977 0.250004
69 26.843962 14.349658 0.000000 3.694274 1.366246 2.322842 4.340617 8.738202 0.200000
70 26.844631 14.755604 0.000000 3.835903 1.405752 2.454185 4.713610 9.751968 0.166667
71 26.829552 14.910986 0.000000 3.458341 1.433608 2.547808 4.976830 10.454885 0.166667
72 26.863688 15.272519 0.000000 3.142377 1.488827 2.745446 5.585997 12.248911 0.200000
74 27.384192 15.327211 0.000000 2.319675 1.308469 2.154171 3.905079 7.653547 0.166667
75 27.652004 15.724493 0.000000 2.347516 1.336768 2.224953 4.060006 7.962618 0.166667
77 29.242605 14.912526 0.000000 2.148662 1.359197 2.311164 4.312446 8.649026 0.206064
78 28.700167 14.504741 0.000000 1.938493 1.420727 2.524024 4.966540 10.584319 0.200000
79 28.929329 14.401738 0.000000 1.224507 1.409768 2.518976 5.012100 10.856310 0.238225
