%% Trajectory 38
%% frame x (pixel)     y (pixel)    z (pixel)      m0         m1           m2           m3           m4           s 
85 68.328224 39.638439 0.000000 0.824109 1.415515 2.570604 5.263762 11.825457 0.342294
88 69.803345 38.521275 0.000000 1.242850 1.351787 2.305627 4.361603 8.962001 0.227500
89 69.647789 38.654697 0.000000 1.774898 1.280362 2.069263 3.685928 7.112177 0.166667
90 69.653778 38.390457 0.000000 1.327647 1.216951 1.896246 3.263849 6.124484 0.167699
92 69.840874 38.762463 0.000000 2.541439 1.358858 2.316155 4.344068 8.782232 0.166667
93 69.648399 38.724007 0.000000 2.914601 1.325301 2.186201 3.942704 7.618807 0.125000
94 69.858154 38.763779 0.000000 2.538798 1.317235 2.191292 4.021523 7.989053 0.143855
95 69.791885 38.718571 0.000000 2.890602 1.330798 2.214967 4.034532 7.878281 0.166667
96 69.795601 38.865517 0.000000 3.236597 1.326061 2.201676 4.012673 7.871243 0.125000
97 69.858070 38.671906 0.000000 3.054639 1.356839 2.333983 4.468928 9.335426 0.162387
98 69.898224 38.562096 0.000000 3.406174 1.300906 2.141807 3.903416 7.740217 0.262486
99 69.682724 38.750645 0.000000 3.122590 1.274880 2.036808 3.562166 6.698273 0.143264
100 69.634941 38.781792 0.000000 3.377388 1.279984 2.058749 3.619759 6.824739 0.200443
101 69.627098 38.566273 0.000000 3.491139 1.274848 2.046073 3.604584 6.850491 0.179622
103 69.579041 38.783707 0.000000 3.544668 1.314441 2.182478 4.007618 7.988552 0.143115
104 69.568336 38.792484 0.000000 3.855386 1.312811 2.157602 3.886474 7.523309 0.142857
105 69.557823 39.025330 0.000000 3.853285 1.323617 2.193523 3.985908 7.784338 0.142857
106 69.534927 38.947941 0.000000 3.894188 1.318556 2.170830 3.917849 7.602587 0.142903
107 69.291733 39.240742 0.000000 3.556487 1.279867 2.049651 3.584991 6.720771 0.144207
108 69.075882 39.145828 0.000000 4.024449 1.360940 2.313788 4.319602 8.673036 0.166669
109 69.106827 39.392178 0.000000 3.987464 1.347505 2.277934 4.259315 8.646799 0.275225
110 68.907623 39.426071 0.000000 3.372154 1.306230 2.145941 3.876407 7.557437 0.171812
111 68.549408 39.396618 0.000000 2.816251 1.285080 2.064195 3.623078 6.820390 0.166683
112 68.248787 39.331680 0.000000 2.851490 1.317479 2.171332 3.932871 7.686130 0.281569
113 68.613266 39.301884 0.000000 2.221753 1.336053 2.252914 4.203013 8.516277 0.166825
115 67.373001 38.633881 0.000000 1.895904 1.453729 2.689546 5.587296 12.705934 0.166667
