%% Trajectory 13
%% frame x (pixel)     y (pixel)    z (pixel)      m0         m1           m2           m3           m4           s 
43 51.163715 28.086607 0.000000 1.348385 1.272814 2.051470 3.652897 7.061497 0.166667
44 51.338150 28.002836 0.000000 1.495985 1.320773 2.190883 3.989246 7.814535 0.142859
45 51.272381 28.045336 0.000000 1.591787 1.291682 2.108855 3.797420 7.403080 0.166667
46 51.356049 28.085724 0.000000 1.716845 1.269543 2.030509 3.572891 6.801794 0.142857
47 51.302998 28.113127 0.000000 1.824493 1.257710 2.003068 3.511331 6.660922 0.142859
48 51.297649 27.967403 0.000000 2.115206 1.358371 2.325345 4.392696 8.969362 0.321905
49 51.538651 28.066982 0.000000 2.129217 1.284467 2.069468 3.644073 6.879082 0.166726
50 51.223923 27.945309 0.000000 2.052908 1.289472 2.098721 3.755781 7.251132 0.166667
51 51.252041 28.205551 0.000000 2.379127 1.265118 2.016147 3.527511 6.662098 0.166667
52 51.362957 28.050131 0.000000 2.152476 1.286656 2.090954 3.732005 7.177728 0.200000
53 51.276093 28.095959 0.000000 2.431339 1.319089 2.200710 4.068923 8.183371 0.200007
54 51.356537 28.002487 0.000000 2.453513 1.309754 2.156924 3.895116 7.561179 0.250000
55 51.468838 28.049311 0.000000 2.769528 1.270689 2.031054 3.551014 6.665194 0.200000
56 51.184895 27.920782 0.000000 2.979757 1.309870 2.167224 3.957545 7.827281 0.200000
57 51.470524 28.086670 0.000000 3.146638 1.259109 1.996579 3.463508 6.454543 0.200000
58 51.285542 28.115297 0.000000 2.821710 1.271157 2.047282 3.624513 6.924582 0.200000
59 51.358276 28.191650 0.000000 3.247186 1.245837 1.956102 3.360138 6.206850 0.200000
60 51.400143 28.056900 0.000000 3.771073 1.292756 2.104671 3.758286 7.220877 0.200000
61 51.439869 28.145060 0.000000 3.233892 1.296588 2.136005 3.905727 7.793913 0.200000
62 51.387188 28.021721 0.000000 4.022917 1.306024 2.155528 3.923889 7.732655 0.200000
63 51.412182 28.017305 0.000000 3.895575 1.300772 2.129039 3.833133 7.451261 0.166667
64 51.345493 28.106911 0.000000 3.979488 1.265058 2.019637 3.537982 6.680614 0.166667
65 51.358002 28.084568 0.000000 3.947364 1.297125 2.133831 3.880002 7.658183 0.166667
66 51.379467 28.227184 0.000000 4.041913 1.251501 1.982893 3.459818 6.547653 0.166667
67 51.506119 28.200474 0.000000 4.209177 1.290646 2.115071 3.846026 7.636108 0.166667
68 51.380905 28.155138 0.000000 4.013944 1.280429 2.089459 3.789860 7.517302 0.166667
69 51.469826 28.190823 0.000000 4.466370 1.282094 2.086962 3.765413 7.411699 0.166667
70 51.345409 28.202726 0.000000 4.636240 1.306090 2.171813 4.023457 8.161189 0.166667
71 51.424183 28.219324 0.000000 4.936947 1.254939 2.001188 3.525500 6.758696 0.166667
72 51.435112 28.276690 0.000000 4.756114 1.282242 2.081304 3.736593 7.301927 0.166667
73 51.515312 28.118212 0.000000 5.172068 1.277795 2.060851 3.656603 7.015028 0.166667
74 51.458282 28.110750 0.000000 4.708086 1.287581 2.103530 3.805186 7.494572 0.166667
75 51.513245 27.901577 0.000000 4.983997 1.282179 2.060104 3.615342 6.799278 0.166667
76 51.644356 27.761246 0.000000 4.564864 1.253407 1.972566 3.393329 6.271698 0.166667
77 51.812794 27.668783 0.000000 4.616119 1.259586 1.993283 3.447171 6.399755 0.166856
78 52.046463 27.748045 0.000000 4.815732 1.310607 2.167998 3.957329 7.824780 0.204879
79 52.103443 27.710018 0.000000 5.285717 1.290905 2.109367 3.807623 7.464572 0.200000
80 52.163761 27.874020 0.000000 4.552370 1.327341 2.219988 4.108323 8.260572 0.204324
81 52.154793 27.803215 0.000000 4.277722 1.330380 2.225003 4.108735 8.223880 0.200000
82 52.238647 27.856447 0.000000 3.998560 1.300214 2.134969 3.870735 7.614034 0.200000
83 52.314220 28.008350 0.000000 4.099438 1.352129 2.305964 4.352389 8.909646 0.200000
84 52.424614 27.863575 0.000000 4.202035 1.282075 2.074131 3.693212 7.114959 0.166667
85 52.385681 27.937557 0.000000 3.532301 1.344110 2.287270 4.321711 8.896585 0.200000
86 52.628616 28.012413 0.000000 3.494159 1.368211 2.362215 4.532701 9.470486 0.142857
88 52.826237 28.378256 0.000000 3.030664 1.341885 2.256386 4.196178 8.475081 0.144542
89 53.437229 28.097019 0.000000 3.252777 1.422240 2.530004 4.982690 10.627493 0.142857
90 53.369347 27.924679 0.000000 2.484120 1.472193 2.716788 5.568339 12.373483 0.170800
91 53.758640 27.778051 0.000000 2.480103 1.407967 2.474774 4.812723 10.143979 0.143033
92 54.058006 28.068487 0.000000 2.140514 1.428667 2.602499 5.316425 11.873631 0.265276
93 53.621593 28.553621 0.000000 2.193465 1.493116 2.785760 5.766737 12.931131 0.143494
94 53.625740 28.615017 0.000000 2.084467 1.406096 2.517308 5.067244 11.209535 0.193226
