%% Trajectory 16
%% frame x (pixel)     y (pixel)    z (pixel)      m0         m1           m2           m3           m4           s 
59 20.385017 20.494112 0.000000 1.067731 1.387120 2.377628 4.465968 9.006420 0.200000
61 20.057386 20.697960 0.000000 1.439672 1.392253 2.447340 4.795866 10.265010 0.200000
62 19.649075 20.714939 0.000000 1.648542 1.455141 2.612566 5.150607 10.908423 0.142876
64 19.586967 20.603323 0.000000 2.197124 1.382617 2.385027 4.534096 9.311911 0.166667
65 20.063316 20.699341 0.000000 1.975038 1.460636 2.658929 5.375200 11.798978 0.200616
66 20.107313 20.687077 0.000000 2.588627 1.431133 2.567361 5.127996 11.157038 0.167480
67 20.423367 20.471281 0.000000 3.140765 1.392415 2.414665 4.621394 9.571441 0.200000
68 20.104145 20.492378 0.000000 2.500911 1.410998 2.490005 4.871301 10.347271 0.166667
69 20.060818 20.352755 0.000000 2.546697 1.411359 2.515506 5.007360 10.894308 0.200000
70 20.170748 20.569735 0.000000 3.231033 1.374329 2.372232 4.549642 9.510537 0.200000
71 20.278322 20.410227 0.000000 4.105524 1.413479 2.478246 4.786064 9.975308 0.333333
72 20.152477 20.294674 0.000000 3.288034 1.384145 2.396361 4.597005 9.582742 0.250003
73 20.237545 20.382687 0.000000 3.750738 1.371321 2.355106 4.468337 9.186392 0.200000
74 20.312870 20.423342 0.000000 3.649610 1.396405 2.438664 4.715882 9.897717 0.250000
75 20.276573 20.552147 0.000000 4.090164 1.427368 2.546915 5.036155 10.802377 0.250000
76 20.248821 20.398697 0.000000 4.015834 1.451292 2.613880 5.202165 11.197944 0.250000
77 19.937876 20.543091 0.000000 4.236320 1.407053 2.482431 4.858509 10.331307 0.200000
78 20.277143 20.610373 0.000000 4.263809 1.373340 2.372828 4.549771 9.494606 0.200000
79 20.190159 20.625481 0.000000 4.808751 1.367195 2.347852 4.465199 9.220970 0.200000
80 20.243008 20.639790 0.000000 5.227796 1.369699 2.343014 4.419059 9.011820 0.200000
81 20.551769 20.646036 0.000000 5.056683 1.340266 2.232395 4.068468 7.955521 0.200000
82 20.536560 20.926661 0.000000 5.051189 1.365599 2.336491 4.409908 8.997328 0.200000
83 20.749561 21.046915 0.000000 4.755591 1.403295 2.451551 4.714100 9.767825 0.200001
84 20.735622 21.032681 0.000000 4.566367 1.432272 2.564144 5.077662 10.876802 0.166667
85 21.059898 20.953892 0.000000 5.014232 1.409853 2.489694 4.866553 10.303288 0.166667
86 21.409584 21.174892 0.000000 4.594002 1.375458 2.372621 4.522704 9.335084 0.166667
87 21.485098 21.541859 0.000000 3.924250 1.371051 2.342907 4.401572 8.914129 0.142861
88 21.336494 21.711201 0.000000 3.906126 1.403487 2.453522 4.733846 9.877139 0.169910
89 21.469057 21.670807 0.000000 3.318992 1.408251 2.457096 4.713290 9.741261 0.176596
91 21.775272 22.408344 0.000000 1.797872 1.539585 2.924621 6.128921 13.834560 0.167171
93 22.015711 21.662006 0.000000 1.209430 1.499504 2.810169 5.843167 13.156850 0.206487
