%% Trajectory 13
%% frame x (pixel)     y (pixel)    z (pixel)      m0         m1           m2           m3           m4           s 
20 60.506424 69.252373 0.000000 1.557489 1.426937 2.524704 4.925650 10.379892 0.166667
22 60.436920 69.185471 0.000000 1.659477 1.332995 2.231527 4.117872 8.223056 0.166667
23 60.537262 69.325798 0.000000 1.898789 1.370545 2.336341 4.376989 8.833376 0.213841
24 60.687958 69.420029 0.000000 1.441903 1.335614 2.246496 4.178825 8.436369 0.200001
25 60.667164 69.421623 0.000000 1.983335 1.311408 2.138367 3.799912 7.213716 0.169874
26 60.822819 69.431213 0.000000 2.097785 1.355251 2.299268 4.292967 8.648464 0.198105
27 60.710182 69.327721 0.000000 2.059119 1.373225 2.332665 4.331493 8.611775 0.247899
28 60.661827 69.240395 0.000000 2.395548 1.371431 2.357693 4.484664 9.257641 0.142862
29 60.727348 69.503540 0.000000 2.980377 1.335891 2.218078 4.028434 7.844440 0.166667
30 60.605816 69.637627 0.000000 2.531543 1.394749 2.449310 4.784101 10.178913 0.294499
31 60.789562 69.467697 0.000000 2.726447 1.389654 2.403804 4.576466 9.392254 0.200009
32 60.726173 69.236389 0.000000 3.047070 1.368308 2.337696 4.399881 8.944320 0.166695
33 60.653328 69.399841 0.000000 3.151551 1.384382 2.398994 4.595805 9.539007 0.247635
34 60.790348 69.187843 0.000000 3.096784 1.386983 2.399349 4.585983 9.497090 0.250998
36 60.482231 69.423340 0.000000 3.948668 1.398483 2.409213 4.528436 9.094898 0.200000
37 60.381481 69.220131 0.000000 4.071247 1.457725 2.624420 5.204765 11.126203 0.200000
38 60.371532 69.151299 0.000000 4.198177 1.428885 2.535647 4.962314 10.483868 0.166667
39 60.151474 69.191132 0.000000 3.872626 1.460471 2.653033 5.324703 11.542182 0.201066
40 60.112957 69.200577 0.000000 4.468686 1.478649 2.703547 5.449802 11.841521 0.250000
41 60.161438 68.740402 0.000000 4.469967 1.461613 2.659015 5.347197 11.617075 0.166667
42 60.178146 68.661278 0.000000 4.400552 1.404635 2.433511 4.608862 9.341741 0.166667
43 59.916046 68.754295 0.000000 4.229537 1.398245 2.455002 4.776657 10.080388 0.200000
44 59.903633 68.483521 0.000000 3.574084 1.405273 2.464772 4.766168 9.947079 0.194136
45 60.050137 68.254250 0.000000 3.701121 1.484194 2.729174 5.536307 12.105689 0.250244
46 59.863327 68.430748 0.000000 3.083478 1.482182 2.721673 5.514165 12.047605 0.142873
47 59.812080 68.665939 0.000000 2.685803 1.538547 2.927943 6.148935 13.906941 0.200001
48 59.622128 68.919006 0.000000 2.322506 1.484575 2.723467 5.522385 12.098268 0.125000
49 59.903229 69.215691 0.000000 2.188793 1.460344 2.649294 5.305975 11.464848 0.142857
50 59.795185 68.810318 0.000000 2.048133 1.439695 2.586094 5.138942 11.042324 0.166672
51 59.890285 68.937210 0.000000 1.919512 1.461100 2.658148 5.345767 11.611685 0.174641
52 59.778351 69.059860 0.000000 1.450226 1.404362 2.499438 4.949816 10.662604 0.231138
53 59.880817 69.208252 0.000000 1.880237 1.393303 2.439962 4.734763 9.971366 0.112637
54 59.263519 69.308083 0.000000 1.723824 1.455421 2.624722 5.216593 11.173760 0.304704
55 59.626060 68.950569 0.000000 1.564270 1.400041 2.458475 4.784230 10.093970 0.185797
56 59.508190 69.153069 0.000000 1.613586 1.490903 2.746085 5.572223 12.175614 0.235778
