%% Trajectory 6
%% frame x (pixel)     y (pixel)    z (pixel)      m0         m1           m2           m3           m4           s 
3 34.527843 42.743130 0.000000 0.761445 1.462292 2.683040 5.485650 12.201678 0.253377
5 34.398052 42.414181 0.000000 0.647516 1.389178 2.471093 4.932552 10.785787 0.179829
6 34.397621 42.506081 0.000000 0.803009 1.437194 2.610541 5.304640 11.774472 0.166667
7 35.010597 42.645596 0.000000 0.844364 1.470272 2.699266 5.492358 12.093803 0.166667
8 34.629738 42.706345 0.000000 1.071672 1.502617 2.800192 5.786563 12.949889 0.200003
9 34.648209 42.657879 0.000000 0.957048 1.479069 2.732714 5.597855 12.401604 0.200000
11 34.609406 42.732410 0.000000 1.048575 1.429876 2.554578 5.065535 10.903016 0.340157
12 35.243484 42.726215 0.000000 1.269510 1.398266 2.451754 4.772002 10.099369 0.307469
13 34.798653 42.448750 0.000000 1.470116 1.402351 2.447640 4.705514 9.758783 0.200000
14 34.733906 42.546391 0.000000 1.601580 1.365252 2.349797 4.485735 9.310745 0.250000
15 34.576767 42.414234 0.000000 1.491416 1.350701 2.276745 4.215600 8.404777 0.250000
16 34.827568 42.695198 0.000000 1.706368 1.420804 2.517385 4.931479 10.451910 0.250016
17 34.858402 42.720116 0.000000 1.822911 1.475225 2.717001 5.559464 12.344780 0.200237
18 34.678387 42.425968 0.000000 1.581306 1.457432 2.645786 5.313991 11.548514 0.200271
19 34.788544 42.672676 0.000000 1.577271 1.458301 2.663158 5.402696 11.889982 0.166772
20 34.568909 42.734325 0.000000 1.486164 1.434290 2.569731 5.099081 10.963372 0.250000
21 34.638134 42.560867 0.000000 1.717308 1.450746 2.623786 5.247468 11.342414 0.200000
22 34.550491 42.520386 0.000000 1.664651 1.407800 2.475330 4.806618 10.091640 0.200000
23 34.728260 42.558197 0.000000 1.618338 1.413106 2.470560 4.742495 9.789775 0.200000
24 34.674320 42.544151 0.000000 1.715359 1.483225 2.714516 5.481028 11.942185 0.200000
25 34.834732 42.508938 0.000000 1.593044 1.424194 2.516291 4.903277 10.318960 0.170237
26 34.673454 42.306793 0.000000 1.769386 1.383582 2.389173 4.555468 9.402350 0.200005
27 34.590912 42.479382 0.000000 1.804763 1.380180 2.380375 4.525649 9.291919 0.250050
28 34.808685 42.358513 0.000000 1.968622 1.496672 2.787912 5.749352 12.810661 0.250000
29 34.796452 42.344646 0.000000 2.015039 1.425819 2.529266 4.942612 10.409976 0.166667
30 35.033951 42.501228 0.000000 1.958445 1.399888 2.451698 4.750435 9.972687 0.250000
31 34.873230 42.457623 0.000000 1.803499 1.391452 2.413451 4.614543 9.529445 0.200000
32 35.166027 42.422924 0.000000 2.027321 1.398368 2.451196 4.760043 10.028552 0.250000
33 35.571419 42.441643 0.000000 1.937062 1.390252 2.394740 4.526856 9.202291 0.250000
34 35.570938 42.562611 0.000000 1.871753 1.338121 2.225846 4.050069 7.905083 0.200000
35 35.707447 42.750866 0.000000 1.988724 1.423043 2.519607 4.912478 10.320545 0.250000
36 35.705135 42.680820 0.000000 2.218415 1.354911 2.300973 4.312608 8.748718 0.250000
37 35.937496 42.829361 0.000000 1.881241 1.422252 2.530542 4.988832 10.661339 0.200000
38 35.953403 42.780449 0.000000 1.825047 1.378486 2.387553 4.583148 9.548528 0.166667
39 36.425278 42.943935 0.000000 1.522385 1.471792 2.702551 5.503547 12.144782 0.200000
40 36.457912 42.888603 0.000000 1.263120 1.367615 2.352292 4.478888 9.252253 0.200000
42 36.284786 42.201080 0.000000 0.812605 1.464936 2.693327 5.520569 12.325420 0.250000
43 36.082386 42.216850 0.000000 0.816449 1.482499 2.697347 5.385987 11.549824 0.142860
