%% Trajectory 12
%% frame x (pixel)     y (pixel)    z (pixel)      m0         m1           m2           m3           m4           s 
16 85.290886 31.209591 0.000000 2.315436 1.481376 2.749406 5.674644 12.722346 0.126689
17 85.885780 31.556118 0.000000 2.250805 1.463015 2.724541 5.691284 12.986032 0.143265
18 85.240898 31.856318 0.000000 2.395475 1.412370 2.524241 5.026870 10.898311 0.166667
19 85.592514 31.761747 0.000000 2.762090 1.407248 2.483920 4.885079 10.480456 0.142857
20 85.605331 31.706938 0.000000 2.881199 1.462641 2.699413 5.558470 12.458882 0.142857
21 85.531738 31.581284 0.000000 3.401449 1.307670 2.167212 3.994965 8.056536 0.194613
22 85.672157 31.738279 0.000000 3.479847 1.381907 2.421221 4.742844 10.173422 0.125000
23 85.418655 31.670372 0.000000 3.665589 1.383809 2.417462 4.702352 9.975778 0.125001
24 85.507118 31.893332 0.000000 3.491496 1.427978 2.571250 5.155530 11.244278 0.125000
25 85.550400 31.805120 0.000000 3.920677 1.368565 2.365774 4.546878 9.521310 0.142857
26 85.372253 31.844032 0.000000 3.958616 1.369241 2.355855 4.492457 9.301321 0.129796
27 85.531731 31.745306 0.000000 4.054990 1.372952 2.350199 4.437663 9.063619 0.125016
28 85.456017 31.786314 0.000000 4.240722 1.343931 2.267945 4.230426 8.554301 0.125000
29 85.610413 31.816654 0.000000 4.276437 1.349822 2.294641 4.316174 8.809788 0.125001
30 85.485489 31.750509 0.000000 4.570087 1.383723 2.416181 4.680141 9.839561 0.142857
31 85.388275 31.634047 0.000000 4.672397 1.309113 2.169602 3.987405 7.986097 0.168887
32 85.493057 31.557371 0.000000 5.000828 1.318821 2.207735 4.121288 8.433296 0.261357
33 85.693405 31.599575 0.000000 4.681845 1.308167 2.179397 4.047276 8.236299 0.149844
34 85.661713 31.527777 0.000000 4.954084 1.287931 2.081222 3.689546 7.049321 0.189544
35 85.406761 31.603325 0.000000 5.302973 1.304055 2.151314 3.933340 7.835020 0.179484
36 85.596367 31.588116 0.000000 5.186707 1.294012 2.102383 3.752964 7.232262 0.171707
37 85.368484 31.271799 0.000000 5.457982 1.291730 2.092885 3.712124 7.071380 0.274161
38 85.432404 31.356379 0.000000 5.067370 1.291586 2.096114 3.737395 7.193794 0.148644
39 85.558311 31.443298 0.000000 5.588006 1.287554 2.082371 3.692300 7.048826 0.268587
40 85.414711 31.582842 0.000000 4.925165 1.312925 2.164577 3.928921 7.709383 0.125000
41 85.512421 31.559534 0.000000 5.430676 1.270987 2.025287 3.525739 6.583275 0.125000
42 85.301247 31.399311 0.000000 5.495092 1.293348 2.111765 3.804885 7.437772 0.125000
43 85.442581 31.590948 0.000000 5.752108 1.302650 2.131722 3.834210 7.444600 0.142857
44 85.455414 31.510441 0.000000 5.671659 1.280836 2.055436 3.601843 6.762148 0.166667
45 85.415985 31.530191 0.000000 6.373087 1.315332 2.169873 3.940789 7.739693 0.166723
46 85.457977 31.528587 0.000000 5.418649 1.283708 2.072905 3.675758 7.032724 0.166667
47 85.338745 31.459501 0.000000 5.450661 1.289014 2.088108 3.718534 7.154472 0.166667
48 85.267334 31.399010 0.000000 6.300128 1.318848 2.186437 4.001488 7.942621 0.279834
49 85.087677 31.298817 0.000000 6.243905 1.353051 2.317224 4.420066 9.214580 0.317792
50 85.126205 31.384535 0.000000 5.613906 1.330070 2.225389 4.118655 8.281733 0.223770
51 84.642746 31.537893 0.000000 5.754939 1.350519 2.281379 4.247198 8.546383 0.200253
52 84.573250 31.572664 0.000000 5.382017 1.352140 2.284112 4.241354 8.488356 0.280170
53 84.499031 31.439993 0.000000 5.906115 1.329130 2.210225 4.037245 7.949598 0.166667
54 84.489586 31.701385 0.000000 5.044324 1.332080 2.224393 4.092544 8.142039 0.178197
56 84.320389 32.086582 0.000000 4.525638 1.358224 2.320535 4.383486 8.975635 0.166712
57 84.212723 32.716389 0.000000 4.117039 1.379930 2.413439 4.699750 9.976993 0.200127
59 84.184479 32.984871 0.000000 3.410658 1.466559 2.689996 5.466622 12.021717 0.200000
60 84.366318 33.338215 0.000000 2.817032 1.419023 2.539200 5.062913 10.997651 0.200000
61 84.274300 33.322723 0.000000 2.289575 1.452668 2.676422 5.518890 12.427874 0.250000
63 84.173470 33.677246 0.000000 1.952909 1.615511 3.210551 7.057627 16.710545 0.250000
64 84.567513 34.044563 0.000000 1.717634 1.602657 3.192412 7.061294 16.853134 0.200000
