%% Trajectory 31
%% frame x (pixel)     y (pixel)    z (pixel)      m0         m1           m2           m3           m4           s 
87 4.743543 41.364056 0.000000 1.324926 1.285714 2.066905 3.627859 6.822665 0.149486
88 5.304467 41.560352 0.000000 1.726898 1.368591 2.366806 4.551142 9.538435 0.166034
89 4.954138 41.408310 0.000000 1.489589 1.343859 2.295994 4.374178 9.119011 0.173111
91 5.606105 41.408340 0.000000 2.131388 1.358211 2.296722 4.266726 8.542598 0.203564
92 5.538252 41.227207 0.000000 2.066322 1.367504 2.360348 4.530368 9.478445 0.192002
93 5.414127 41.150932 0.000000 2.129219 1.364549 2.349628 4.485493 9.301212 0.171332
94 5.456865 41.435383 0.000000 2.305283 1.401370 2.482597 4.888567 10.470752 0.166685
95 4.936740 41.392731 0.000000 1.787207 1.404857 2.490887 4.934258 10.693705 0.166667
96 5.158720 41.201382 0.000000 2.227308 1.453660 2.668230 5.458121 12.146091 0.166750
97 5.221035 41.360214 0.000000 2.076296 1.409998 2.504204 4.959718 10.716106 0.166780
99 5.546757 41.436539 0.000000 2.404505 1.388454 2.411687 4.625859 9.598400 0.167016
100 5.705355 41.201736 0.000000 2.554479 1.473729 2.696290 5.445700 11.866695 0.188933
101 5.576323 41.220650 0.000000 3.203189 1.422936 2.529070 4.971328 10.582350 0.166667
102 5.597627 41.163681 0.000000 3.092571 1.523957 2.888157 6.066849 13.777671 0.166668
103 5.604092 41.064751 0.000000 2.880794 1.485224 2.737983 5.577042 12.265383 0.166827
104 5.847980 41.146332 0.000000 2.670918 1.461185 2.672509 5.433221 11.997810 0.163610
105 6.425367 40.980259 0.000000 3.028669 1.498789 2.777891 5.670687 12.455482 0.168987
106 6.325125 41.282581 0.000000 2.562261 1.488128 2.727797 5.518343 12.045898 0.166667
107 6.627526 41.163586 0.000000 2.539576 1.411365 2.485877 4.840865 10.206577 0.143378
108 6.645105 41.191593 0.000000 2.735303 1.401664 2.456156 4.758855 9.986632 0.143144
109 6.923976 41.613586 0.000000 2.616933 1.409330 2.483000 4.837412 10.203341 0.142877
110 6.877611 41.339558 0.000000 2.339829 1.438370 2.579265 5.122846 11.034641 0.142878
112 7.507318 41.519508 0.000000 3.259766 1.538770 2.929008 6.168536 14.028513 0.142857
114 8.513607 40.924568 0.000000 2.016986 1.528928 2.909420 6.128375 13.935349 0.142857
115 8.071506 40.579735 0.000000 1.860231 1.470405 2.707595 5.537434 12.282444 0.142858
