%% Trajectory 18
%% frame x (pixel)     y (pixel)    z (pixel)      m0         m1           m2           m3           m4           s 
39 43.006588 38.909325 0.000000 1.788389 1.347434 2.303220 4.372619 9.028297 0.167258
40 43.042633 38.788368 0.000000 1.559715 1.364955 2.361292 4.563587 9.656741 0.167203
41 43.014072 38.844105 0.000000 1.695262 1.316527 2.198975 4.067127 8.170990 0.149504
42 43.060982 38.817589 0.000000 2.448105 1.379700 2.416083 4.731030 10.135744 0.195805
43 42.919724 38.577843 0.000000 2.717679 1.283272 2.088743 3.765481 7.397890 0.206464
44 42.975422 38.753853 0.000000 2.714464 1.312530 2.184228 4.028086 8.082284 0.262193
45 42.975842 38.574230 0.000000 2.720083 1.302632 2.134000 3.837214 7.429477 0.143013
47 42.919319 38.567047 0.000000 3.450671 1.307494 2.177138 4.045750 8.251645 0.166673
48 42.889313 38.601646 0.000000 3.321213 1.306828 2.156576 3.932886 7.787907 0.146986
49 42.948982 38.603077 0.000000 3.784093 1.321714 2.207173 4.083853 8.222849 0.205682
50 42.865025 38.543232 0.000000 3.783972 1.324760 2.222817 4.144512 8.435580 0.360803
51 42.957512 38.703178 0.000000 4.312493 1.377307 2.388382 4.592304 9.591071 0.166667
52 42.922646 38.512718 0.000000 4.099743 1.327183 2.223941 4.127043 8.329486 0.166667
53 42.891148 38.581707 0.000000 4.858729 1.336828 2.249060 4.183051 8.442602 0.166667
54 42.859818 38.629005 0.000000 4.935206 1.303339 2.143105 3.887741 7.642744 0.166667
55 42.964279 38.561565 0.000000 5.293571 1.329355 2.228846 4.142710 8.384435 0.166667
56 42.848953 38.545204 0.000000 5.207565 1.323573 2.201070 4.035975 8.010168 0.166667
57 42.981022 38.607986 0.000000 5.894989 1.361369 2.334830 4.441126 9.185698 0.166667
58 42.765308 38.641197 0.000000 6.090172 1.348389 2.270621 4.203810 8.391542 0.166667
59 42.766884 38.458035 0.000000 5.488888 1.313233 2.178102 3.998396 7.984322 0.200000
60 42.903423 38.545982 0.000000 6.301529 1.318577 2.195506 4.046819 8.111650 0.166667
61 42.841637 38.640614 0.000000 6.639363 1.320892 2.189559 3.993936 7.870181 0.166667
62 42.845741 38.680000 0.000000 6.722927 1.337264 2.244398 4.149357 8.288892 0.166667
63 42.814640 38.656727 0.000000 6.781901 1.328040 2.218191 4.091682 8.182851 0.166667
64 42.822224 38.620441 0.000000 6.540025 1.341313 2.254630 4.173833 8.350183 0.166667
65 42.780449 38.711578 0.000000 6.549736 1.351573 2.289552 4.277000 8.640736 0.200000
66 42.648556 38.625168 0.000000 6.719054 1.338874 2.234067 4.085951 8.033883 0.166667
67 42.516003 38.754681 0.000000 5.883265 1.336304 2.241030 4.144186 8.294438 0.166674
68 42.282616 38.797085 0.000000 6.222332 1.418822 2.531967 5.025758 10.855392 0.198411
69 42.046478 38.878723 0.000000 5.975934 1.447910 2.629113 5.300330 11.592319 0.166667
71 41.624454 38.887943 0.000000 5.542619 1.385662 2.392417 4.550675 9.345315 0.166708
72 41.334183 38.966667 0.000000 5.979557 1.415817 2.507021 4.903702 10.367985 0.166667
73 40.952759 38.817783 0.000000 5.659946 1.397673 2.450902 4.763365 10.044437 0.200000
74 40.960983 38.832043 0.000000 5.674628 1.395280 2.438610 4.711186 9.848695 0.166667
75 40.774181 38.525101 0.000000 5.030100 1.353282 2.307159 4.363601 8.985649 0.200000
76 40.561283 38.475216 0.000000 5.739185 1.349913 2.284604 4.267646 8.635579 0.200000
78 39.846081 37.805576 0.000000 5.952115 1.365300 2.346400 4.467449 9.233986 0.250000
79 39.592510 37.792583 0.000000 6.062933 1.323494 2.198674 4.017761 7.925483 0.250000
80 39.598721 38.105843 0.000000 6.398579 1.343732 2.262270 4.193723 8.396934 0.223906
81 39.536968 38.189362 0.000000 5.590982 1.322848 2.190898 3.981201 7.786869 0.250000
83 38.374458 37.666023 0.000000 3.719657 1.428229 2.516158 4.867539 10.127131 0.166667
