%% Trajectory 9
%% frame x (pixel)     y (pixel)    z (pixel)      m0         m1           m2           m3           m4           s 
41 40.764614 66.147934 0.000000 1.393082 1.336281 2.245878 4.160980 8.333402 0.166667
43 40.844555 66.078148 0.000000 1.486531 1.347700 2.282314 4.264314 8.613928 0.200000
44 40.849781 66.214951 0.000000 1.609257 1.304426 2.137540 3.848738 7.470045 0.200000
45 40.670876 65.991005 0.000000 1.916273 1.353929 2.301006 4.316728 8.764082 0.200000
46 40.723381 65.953293 0.000000 1.967604 1.351450 2.285669 4.257211 8.563807 0.166826
47 40.755726 66.058060 0.000000 1.969536 1.356564 2.312381 4.350055 8.848555 0.166667
48 40.787098 65.976906 0.000000 2.178037 1.375157 2.381161 4.565740 9.496377 0.200040
49 40.662617 66.035675 0.000000 2.562757 1.357813 2.310098 4.335354 8.797072 0.200434
50 40.697472 66.122154 0.000000 2.475271 1.312827 2.162740 3.916753 7.651218 0.200003
51 40.789444 66.075928 0.000000 2.522132 1.354500 2.295940 4.287389 8.643045 0.236096
52 40.887604 66.151222 0.000000 2.694380 1.359267 2.314496 4.343518 8.804664 0.200012
53 40.832096 66.098969 0.000000 2.647700 1.349693 2.280237 4.243415 8.525440 0.200533
54 40.907795 66.085823 0.000000 2.538235 1.382941 2.386756 4.541711 9.330529 0.202008
55 40.853088 66.128082 0.000000 2.664137 1.355148 2.295451 4.278964 8.604141 0.298972
56 40.794853 66.169594 0.000000 3.003822 1.316416 2.174659 3.947346 7.722245 0.202351
57 40.790459 66.109612 0.000000 2.755179 1.335753 2.234699 4.112073 8.158450 0.166679
58 40.811371 65.950203 0.000000 2.693900 1.384200 2.396376 4.575853 9.438761 0.166667
59 40.680229 66.032745 0.000000 2.776044 1.350445 2.297310 4.326640 8.846968 0.166687
60 40.490723 65.914001 0.000000 2.911381 1.351092 2.283495 4.249749 8.540640 0.200120
61 40.557999 65.962242 0.000000 2.893865 1.332264 2.230318 4.118141 8.230961 0.212086
62 40.598427 65.980827 0.000000 2.642532 1.341688 2.256101 4.183291 8.392598 0.200000
63 40.611904 65.735779 0.000000 2.669798 1.308260 2.135593 3.807964 7.273676 0.200000
64 40.565628 65.858757 0.000000 2.787761 1.322187 2.187720 3.971932 7.765003 0.250000
65 40.643829 65.668671 0.000000 2.708879 1.306518 2.124199 3.766302 7.139843 0.200000
66 40.567230 65.734741 0.000000 2.901085 1.301867 2.113695 3.743107 7.088228 0.200000
67 40.734459 65.688576 0.000000 2.952570 1.313030 2.151737 3.855235 7.404974 0.200000
68 40.878555 65.746521 0.000000 3.221136 1.312805 2.155637 3.875666 7.481400 0.250000
69 41.123138 65.554298 0.000000 2.893179 1.346652 2.266770 4.195122 8.369945 0.250000
70 41.191597 65.606689 0.000000 2.611067 1.308449 2.144924 3.855658 7.459856 0.250481
71 41.265488 65.472252 0.000000 2.872758 1.309894 2.143187 3.838896 7.387037 0.200000
72 41.431469 65.410568 0.000000 2.657530 1.278993 2.049361 3.587337 6.732730 0.200002
73 41.425022 65.206841 0.000000 2.806065 1.301299 2.115663 3.757065 7.146410 0.250001
74 41.496471 64.938911 0.000000 2.650424 1.356435 2.295733 4.265077 8.522638 0.200000
75 41.197163 64.441185 0.000000 2.394187 1.317657 2.180543 3.971653 7.817525 0.200000
76 41.107903 64.023972 0.000000 2.381405 1.350396 2.294202 4.302005 8.724040 0.200000
77 40.681610 64.145409 0.000000 2.154770 1.344108 2.251167 4.124323 8.097003 0.250000
78 40.675083 64.272469 0.000000 2.025464 1.283619 2.063190 3.621420 6.810575 0.200000
79 40.478081 64.161652 0.000000 2.031179 1.344306 2.254748 4.145326 8.189355 0.200000
80 40.325825 63.817017 0.000000 1.487193 1.358049 2.319961 4.385218 8.993499 0.250000
81 40.714859 63.743694 0.000000 1.322347 1.324463 2.189856 3.969998 7.741767 0.250000
