%% Trajectory 12
%% frame x (pixel)     y (pixel)    z (pixel)      m0         m1           m2           m3           m4           s 
40 43.755066 32.426952 0.000000 1.136079 1.420939 2.563081 5.175896 11.418308 0.200000
42 43.824093 32.537006 0.000000 1.295859 1.431519 2.611942 5.359143 12.055679 0.250000
43 43.927837 32.449429 0.000000 1.276190 1.455068 2.669489 5.477611 12.267940 0.200000
44 43.666454 32.522427 0.000000 1.277453 1.399910 2.514847 5.095562 11.361988 0.250000
45 43.432011 32.600269 0.000000 1.628224 1.442765 2.639692 5.405358 12.085167 0.250000
46 43.695198 32.717239 0.000000 1.521480 1.435206 2.592972 5.211689 11.389357 0.250000
47 43.654327 32.561882 0.000000 1.627125 1.408768 2.514596 5.024756 10.992605 0.250672
48 43.600121 32.429695 0.000000 1.395718 1.448056 2.682767 5.593248 12.773352 0.250000
50 44.043610 32.483498 0.000000 1.923682 1.495500 2.855431 6.137352 14.420284 0.250000
51 43.853020 32.404766 0.000000 1.607055 1.505388 2.882552 6.187657 14.461723 0.166667
52 43.973080 32.270016 0.000000 1.807132 1.549378 3.044465 6.706761 16.056234 0.201046
53 43.629913 32.634739 0.000000 1.821486 1.512578 2.895603 6.201760 14.455794 0.211787
54 43.678890 32.532257 0.000000 1.920558 1.448216 2.668376 5.524384 12.525321 0.252009
55 43.550472 32.698647 0.000000 2.150356 1.426149 2.574207 5.195560 11.453826 0.201378
56 43.771858 32.575165 0.000000 2.014040 1.521047 2.930959 6.332242 14.902514 0.200000
57 43.693203 32.559498 0.000000 2.383452 1.503842 2.872544 6.156199 14.392459 0.200000
58 43.757763 32.706451 0.000000 2.714883 1.456711 2.681299 5.513463 12.363965 0.250000
59 43.559338 32.781460 0.000000 2.551642 1.470605 2.718037 5.595180 12.523714 0.166667
60 43.644463 32.785995 0.000000 2.341693 1.478196 2.747691 5.698663 12.871119 0.207851
61 43.612179 32.712959 0.000000 2.548745 1.449409 2.687737 5.613599 12.863477 0.200001
62 43.684700 32.694378 0.000000 2.656346 1.444111 2.650174 5.460903 12.328004 0.200000
63 43.416183 32.822704 0.000000 2.165664 1.448778 2.684788 5.593060 12.755945 0.250000
64 43.352604 32.843746 0.000000 2.738085 1.441859 2.638540 5.399411 12.057612 0.333333
65 43.364853 32.922672 0.000000 2.595759 1.417677 2.542293 5.088583 11.112823 0.250000
66 43.562492 32.871037 0.000000 2.505316 1.451250 2.655810 5.423546 12.070100 0.333333
67 43.397541 32.886868 0.000000 2.326781 1.475234 2.758750 5.778457 13.205528 0.250000
68 43.567814 33.099998 0.000000 2.240901 1.433142 2.612595 5.334592 11.903378 0.200000
69 43.529289 33.459244 0.000000 2.114433 1.425735 2.618330 5.435725 12.424374 0.200000
70 43.819187 33.547329 0.000000 2.039553 1.426913 2.613054 5.401507 12.285507 0.200000
71 43.681309 33.578354 0.000000 1.820494 1.339979 2.336615 4.642945 10.279558 0.250000
73 43.119926 33.962521 0.000000 1.022457 1.319671 2.240511 4.223773 8.644420 0.167122
75 43.654373 34.416321 0.000000 0.819033 1.153488 1.729628 2.872173 5.226504 0.200003
