%% Trajectory 8
%% frame x (pixel)     y (pixel)    z (pixel)      m0         m1           m2           m3           m4           s 
12 84.294922 47.547962 0.000000 1.719120 1.365423 2.355067 4.509594 9.398336 0.200000
14 83.696396 47.655315 0.000000 1.752450 1.471117 2.702265 5.504560 12.147430 0.200003
16 84.175003 47.296494 0.000000 1.859700 1.435159 2.554392 5.014839 10.626883 0.206697
18 84.150665 47.870358 0.000000 2.070685 1.524637 2.881453 6.021953 13.582337 0.200009
19 84.214645 47.713028 0.000000 2.115843 1.473104 2.691429 5.419309 11.757934 0.384174
20 84.447975 48.116100 0.000000 1.881378 1.461235 2.663244 5.376635 11.756988 0.250009
21 84.534386 48.153488 0.000000 1.830171 1.445775 2.606385 5.192249 11.183212 0.390157
22 84.250038 47.907703 0.000000 2.487299 1.440863 2.584097 5.119383 10.956944 0.250000
23 84.345024 47.980209 0.000000 2.212039 1.532645 2.917166 6.145208 13.962552 0.333333
25 84.634445 48.013794 0.000000 2.084799 1.523389 2.887013 6.066998 13.792397 0.333333
26 84.108253 48.238850 0.000000 2.618300 1.545427 2.957348 6.247884 14.219121 0.200000
27 83.713112 48.339924 0.000000 2.277544 1.496584 2.763267 5.617067 12.287328 0.200000
28 84.322662 48.172943 0.000000 2.243464 1.518927 2.877625 6.043070 13.722322 0.250016
29 84.406456 47.909412 0.000000 2.676713 1.478477 2.714583 5.505798 12.046104 0.250000
30 84.237190 48.078857 0.000000 2.682876 1.516956 2.842931 5.880515 13.117416 0.166667
31 84.353088 48.142796 0.000000 2.798352 1.516262 2.840787 5.869942 13.065997 0.200000
32 84.143272 47.943127 0.000000 2.960516 1.535056 2.899035 6.037687 13.537560 0.200000
33 83.648666 48.135201 0.000000 3.073939 1.575563 3.052702 6.518194 14.962288 0.200000
34 84.218498 47.961426 0.000000 3.397266 1.537930 2.922798 6.129479 13.835505 0.200000
35 83.778648 48.382221 0.000000 3.425562 1.515784 2.838915 5.868652 13.076499 0.166667
36 83.624031 48.594364 0.000000 3.951317 1.585822 3.059962 6.480481 14.716777 0.200000
37 83.431999 48.610508 0.000000 3.549145 1.562484 2.987936 6.279954 14.170850 0.250000
38 83.233665 48.600590 0.000000 3.790750 1.529736 2.879044 5.961239 13.263344 0.166667
39 83.468719 48.685970 0.000000 3.884384 1.516203 2.823051 5.775322 12.688341 0.200028
40 83.138367 48.740089 0.000000 4.006344 1.582604 3.052112 6.458838 14.648423 0.166667
41 83.376137 48.793968 0.000000 3.498475 1.584363 3.077630 6.584530 15.136997 0.166667
42 83.254974 48.603008 0.000000 3.604528 1.587484 3.074450 6.533905 14.878378 0.166778
44 82.800682 49.231880 0.000000 2.587285 1.629924 3.231929 7.039749 16.434278 0.142857
45 83.150757 49.643257 0.000000 2.618960 1.581197 3.064344 6.556839 15.102959 0.125000
46 82.681320 49.599079 0.000000 2.714170 1.506441 2.808254 5.782343 12.851838 0.146901
47 82.811249 49.846897 0.000000 3.079020 1.532896 2.913276 6.118798 13.857141 0.143520
48 82.520172 50.307079 0.000000 3.019073 1.517089 2.832313 5.820246 12.861608 0.188709
49 82.464943 50.172077 0.000000 2.621419 1.468987 2.652120 5.253602 11.163561 0.142887
50 82.356247 50.145485 0.000000 2.602166 1.574904 3.034956 6.435638 14.658185 0.200000
51 82.487152 49.822994 0.000000 2.530323 1.487273 2.763038 5.702953 12.775826 0.142857
