%% Trajectory 9
%% frame x (pixel)     y (pixel)    z (pixel)      m0         m1           m2           m3           m4           s 
11 69.606270 61.238945 0.000000 0.723591 1.310127 2.367464 5.026142 12.070285 0.142861
12 69.704262 61.254433 0.000000 1.102812 1.395468 2.539670 5.272555 12.144849 0.161907
13 69.533592 61.129631 0.000000 1.091562 1.342936 2.421494 5.080428 12.006413 0.152791
14 69.678535 61.448780 0.000000 1.090235 1.147126 1.669882 2.655296 4.574100 0.142857
15 69.546570 61.312344 0.000000 1.472443 1.227225 1.895337 3.201318 5.823935 0.144163
16 69.341263 61.383041 0.000000 1.590238 1.300987 2.134465 3.871981 7.637136 0.143627
17 69.417313 61.462902 0.000000 1.872405 1.278934 2.043204 3.565260 6.671105 0.142884
18 69.413254 61.270298 0.000000 1.780333 1.303598 2.115927 3.752223 7.132515 0.144352
19 69.518333 61.388985 0.000000 1.982939 1.312542 2.142015 3.810254 7.241132 0.191818
20 69.298500 61.176933 0.000000 2.227762 1.364938 2.331034 4.388099 8.925589 0.242289
21 69.329590 61.249565 0.000000 2.595011 1.338851 2.245199 4.144673 8.263338 0.166789
22 69.413162 61.273315 0.000000 2.846274 1.343906 2.248177 4.116889 8.089769 0.166667
23 69.263763 61.198997 0.000000 2.777583 1.375475 2.367204 4.497054 9.245101 0.250001
24 69.117950 61.165611 0.000000 2.918956 1.390212 2.419925 4.657283 9.705436 0.250000
25 69.340988 61.303024 0.000000 2.848574 1.353535 2.276801 4.195367 8.303379 0.200016
26 69.176186 61.157478 0.000000 2.703777 1.399478 2.441526 4.697229 9.760420 0.251003
27 69.083740 60.893890 0.000000 2.855450 1.416585 2.515437 4.948909 10.551110 0.297097
28 68.795265 60.901501 0.000000 3.043998 1.422956 2.517215 4.911712 10.347687 0.242819
29 68.617157 60.843674 0.000000 3.088167 1.448244 2.596752 5.129679 10.924642 0.210039
30 68.525841 60.781849 0.000000 3.175055 1.400640 2.438521 4.676455 9.676490 0.435302
31 68.383591 60.735996 0.000000 2.946536 1.426901 2.518659 4.884267 10.184145 0.185887
32 68.436874 60.645798 0.000000 3.034000 1.444669 2.581592 5.074461 10.739803 0.200325
33 68.381622 60.304607 0.000000 2.727885 1.439806 2.558146 4.988698 10.451839 0.204608
35 67.423233 61.300655 0.000000 2.857597 1.503315 2.771042 5.606144 12.174024 0.201013
36 67.425247 61.329857 0.000000 2.427211 1.581985 3.042395 6.407994 14.442601 0.200161
37 67.403641 61.625664 0.000000 2.197840 1.560980 2.983411 6.261063 14.091322 0.349728
38 67.254471 61.272388 0.000000 2.383435 1.577917 3.051773 6.491213 14.819630 0.166667
40 67.127914 61.431980 0.000000 1.619749 1.650404 3.304897 7.253074 17.013090 0.210448
41 66.551163 61.608078 0.000000 1.700478 1.662264 3.340635 7.343416 17.229843 0.166873
42 65.968544 62.286457 0.000000 1.676769 1.657386 3.342334 7.395472 17.502823 0.166725
44 66.534271 61.425976 0.000000 1.563201 1.762616 3.675828 8.322004 19.983969 0.166667
45 66.485596 61.586132 0.000000 1.656711 1.667840 3.353055 7.373531 17.311993 0.200000
47 67.024384 61.428867 0.000000 1.468735 1.707169 3.512803 7.892540 18.883762 0.250000
48 66.478035 61.680027 0.000000 1.863190 1.697165 3.460002 7.700699 18.264355 0.200000
49 66.582542 62.029598 0.000000 1.759018 1.681989 3.440287 7.714097 18.479958 0.200000
50 66.717499 61.489574 0.000000 1.925129 1.656605 3.321134 7.299179 17.159103 0.250000
51 66.692223 61.503414 0.000000 2.015711 1.684678 3.400320 7.493768 17.607590 0.250000
52 66.482712 61.454224 0.000000 1.891034 1.687840 3.413250 7.533093 17.717911 0.250000
53 66.727959 61.316399 0.000000 1.727884 1.800603 3.816478 8.760286 21.282396 0.250000
55 66.597466 60.885357 0.000000 2.038827 1.735595 3.606488 8.167033 19.666124 0.250000
56 66.488747 61.352913 0.000000 2.034298 1.693299 3.436373 7.604222 17.914637 0.250000
57 66.408607 61.494068 0.000000 2.536559 1.721997 3.541888 7.931970 18.883062 0.250000
58 65.758263 61.383125 0.000000 2.350310 1.623199 3.201437 6.936042 16.108793 0.250000
59 66.420784 60.806259 0.000000 2.322670 1.643316 3.261634 7.082695 16.427460 0.250000
61 66.646400 60.734516 0.000000 2.074286 1.701695 3.473486 7.734826 18.339586 0.250000
62 66.299088 60.422043 0.000000 2.408284 1.625188 3.205749 6.926428 16.003632 0.250000
63 66.988327 60.260033 0.000000 2.334618 1.620904 3.196188 6.927134 16.099146 0.250000
64 66.549629 60.626678 0.000000 1.996357 1.713937 3.509539 7.834960 18.617697 0.250000
65 66.618324 60.074360 0.000000 1.904155 1.649385 3.323282 7.356738 17.431831 0.250000
66 66.867195 60.185913 0.000000 1.676744 1.709419 3.526199 7.958385 19.160450 0.250000
67 67.030960 59.987053 0.000000 1.489779 1.606750 3.189122 6.999678 16.536057 0.250000
68 66.731735 60.338066 0.000000 1.723677 1.545503 2.940380 6.166923 13.921310 0.250000
69 66.676292 59.935513 0.000000 1.391624 1.523298 2.885178 6.039887 13.631836 0.250000
71 66.574936 59.962624 0.000000 1.085033 1.501165 2.827222 5.933398 13.523687 0.250000
72 66.748177 59.776871 0.000000 1.307408 1.499683 2.817678 5.891942 13.380466 0.200000
