%% Trajectory 33
%% frame x (pixel)     y (pixel)    z (pixel)      m0         m1           m2           m3           m4           s 
75 67.232330 59.780949 0.000000 1.722834 1.334310 2.240664 4.154011 8.342399 0.254953
76 67.086403 59.602398 0.000000 1.531637 1.372460 2.388351 4.625440 9.758852 0.250000
77 67.261246 59.701878 0.000000 1.937290 1.310745 2.146873 3.852190 7.431524 0.250000
78 66.983963 59.747448 0.000000 1.688845 1.330638 2.266397 4.314258 9.005175 0.250000
79 67.237564 59.617577 0.000000 2.339744 1.282903 2.078448 3.702384 7.126418 0.286929
80 67.156342 59.770672 0.000000 2.188506 1.337421 2.228612 4.070373 7.991459 0.279820
81 67.078880 59.663067 0.000000 2.568910 1.305740 2.151385 3.904685 7.663022 0.268299
82 67.291763 59.799408 0.000000 3.223913 1.306485 2.133893 3.813727 7.315784 0.250000
83 67.115189 59.594852 0.000000 3.497179 1.305529 2.128642 3.792279 7.236845 0.250000
84 67.118599 59.509205 0.000000 3.477007 1.324241 2.210296 4.078674 8.170775 0.250000
85 67.132668 59.561886 0.000000 3.406615 1.305994 2.130235 3.806568 7.314915 0.200000
86 67.182480 59.398357 0.000000 4.011212 1.306760 2.142872 3.856365 7.472747 0.200000
87 67.208191 59.364429 0.000000 4.400630 1.318190 2.187925 4.007751 7.957446 0.250000
88 67.299553 59.530479 0.000000 4.508056 1.322929 2.191079 3.980960 7.782702 0.200000
89 67.324654 59.468922 0.000000 4.580872 1.298776 2.113085 3.765658 7.214511 0.200000
90 67.212990 59.474659 0.000000 4.671966 1.302249 2.127866 3.812108 7.349539 0.250000
91 67.233688 59.412643 0.000000 4.678275 1.319496 2.176307 3.931352 7.627403 0.250000
92 67.198029 59.387436 0.000000 5.235337 1.300317 2.120062 3.786522 7.268254 0.250000
93 67.176636 59.370403 0.000000 5.370487 1.293837 2.098878 3.729015 7.120924 0.250000
94 67.109894 59.323574 0.000000 4.887001 1.324996 2.208134 4.058549 8.073434 0.200000
95 66.813492 59.105400 0.000000 5.525813 1.344846 2.267285 4.210190 8.442204 0.201207
96 66.779739 58.881733 0.000000 4.716577 1.317151 2.188231 4.010810 7.958899 0.142857
97 66.667000 58.932953 0.000000 4.663717 1.297534 2.128447 3.852101 7.552064 0.250000
98 66.520279 58.969288 0.000000 5.232832 1.319674 2.183064 3.963762 7.744111 0.166833
99 66.263115 58.822128 0.000000 4.977515 1.332514 2.216230 4.033038 7.869303 0.125000
100 65.921265 58.690479 0.000000 4.655181 1.328090 2.223117 4.114347 8.262525 0.250000
101 66.196053 58.687504 0.000000 4.136859 1.344401 2.272413 4.250674 8.637587 0.142857
102 66.160332 58.440784 0.000000 3.985288 1.322502 2.201289 4.044765 8.057611 0.166667
103 66.425201 58.087059 0.000000 3.373697 1.379104 2.377650 4.524610 9.312871 0.166667
104 66.494453 58.161980 0.000000 3.154886 1.336189 2.229087 4.074347 7.996996 0.166667
105 66.309906 58.256973 0.000000 2.728219 1.305786 2.123574 3.770730 7.170226 0.168331
106 66.251114 58.177059 0.000000 2.300304 1.312509 2.172733 3.972565 7.882540 0.249818
107 66.377785 58.188847 0.000000 2.336207 1.335297 2.241344 4.154510 8.342474 0.200140
109 66.128876 58.188995 0.000000 1.412638 1.398544 2.465024 4.844873 10.389694 0.250000
