%% Trajectory 6
%% frame x (pixel)     y (pixel)    z (pixel)      m0         m1           m2           m3           m4           s 
31 31.206640 51.801975 0.000000 0.955075 1.379579 2.382682 4.557656 9.471552 0.250000
32 31.474651 51.741554 0.000000 1.120194 1.378503 2.376912 4.519202 9.281545 0.250000
33 31.641621 51.731255 0.000000 1.272985 1.327263 2.196475 3.972094 7.691860 0.250000
34 31.799295 51.871628 0.000000 1.406482 1.380513 2.373638 4.489719 9.152218 0.250000
35 31.406681 51.827675 0.000000 1.763598 1.328280 2.215158 4.066376 8.056620 0.250000
36 31.665993 51.770752 0.000000 1.651672 1.282627 2.060760 3.618956 6.817942 0.250000
37 31.481527 52.011711 0.000000 1.769326 1.335141 2.226418 4.062716 7.950872 0.250000
38 31.729845 51.832924 0.000000 1.755004 1.317520 2.160100 3.873724 7.452787 0.250000
39 31.755808 51.769169 0.000000 1.798113 1.341082 2.255123 4.180873 8.383059 0.250000
40 31.685717 51.961899 0.000000 1.880247 1.337498 2.239038 4.113946 8.128290 0.250000
41 31.507002 51.911701 0.000000 2.065678 1.315910 2.172329 3.938100 7.689669 0.250000
42 31.571514 51.783241 0.000000 2.010960 1.285515 2.072013 3.657236 6.941957 0.250000
43 31.405338 51.825932 0.000000 1.901697 1.321873 2.190276 3.988944 7.830877 0.250000
44 31.466980 51.887623 0.000000 1.903621 1.281313 2.071008 3.680741 7.062623 0.250000
45 31.592001 51.906029 0.000000 1.583817 1.285054 2.063890 3.618956 6.797995 0.250000
46 31.541016 52.069866 0.000000 1.803082 1.313985 2.166962 3.922439 7.641710 0.252635
47 31.410534 52.117661 0.000000 1.802057 1.302812 2.126438 3.801858 7.304902 0.250004
48 31.591925 52.183327 0.000000 2.026501 1.294536 2.102789 3.742613 7.162736 0.250000
49 31.452368 52.222118 0.000000 2.296512 1.290732 2.087041 3.688677 6.991629 0.250000
50 31.342030 52.289703 0.000000 2.266081 1.329618 2.214288 4.050499 7.984435 0.333333
51 31.417131 52.194180 0.000000 2.092312 1.283192 2.068456 3.648212 6.906762 0.200000
52 31.407166 52.277515 0.000000 2.195823 1.276781 2.044317 3.575922 6.705498 0.250000
53 31.889988 52.338573 0.000000 2.119718 1.317908 2.186105 3.996652 7.907300 0.200010
54 31.900255 52.453129 0.000000 1.817399 1.353914 2.294284 4.286943 8.664943 0.200542
55 32.192055 52.720715 0.000000 1.980038 1.283414 2.091202 3.780724 7.457046 0.201562
56 32.139866 52.680466 0.000000 1.719685 1.290037 2.113980 3.845111 7.628344 0.311283
57 32.426517 52.825096 0.000000 1.766031 1.265197 2.036651 3.635162 7.079623 0.376227
58 32.501686 52.981152 0.000000 1.383590 1.343548 2.270881 4.234352 8.530261 0.250000
60 32.750050 53.306976 0.000000 1.963445 1.345846 2.281792 4.283336 8.737199 0.256813
61 32.603500 53.655857 0.000000 1.428556 1.436562 2.596101 5.228899 11.478535 0.250140
62 32.886196 53.721226 0.000000 1.414706 1.422335 2.557121 5.128802 11.219538 0.250008
63 33.405403 53.726711 0.000000 1.601866 1.287834 2.084767 3.707149 7.115414 0.250658
64 32.703598 53.647541 0.000000 1.602140 1.344890 2.270542 4.232044 8.547643 0.282579
66 34.420017 53.747986 0.000000 0.846469 1.435386 2.587444 5.172288 11.194000 0.250000
67 34.307945 54.272923 0.000000 1.007376 1.521913 2.862353 5.935154 13.242885 0.259047
68 34.001614 53.829742 0.000000 0.953267 1.525936 2.899691 6.092594 13.800146 0.175756
