%% Trajectory 12
%% frame x (pixel)     y (pixel)    z (pixel)      m0         m1           m2           m3           m4           s 
67 54.037834 47.709671 0.000000 0.684518 1.294892 2.174989 4.122138 8.635202 0.166678
68 53.933483 47.500816 0.000000 1.302001 1.315239 2.185332 4.004401 7.938444 0.166667
69 53.986217 47.811779 0.000000 1.345377 1.311790 2.198524 4.105738 8.387633 0.166667
70 53.841152 47.768902 0.000000 1.810899 1.262846 2.029093 3.599361 6.933185 0.250000
71 53.866184 47.607288 0.000000 1.671432 1.309551 2.151796 3.882169 7.548939 0.200000
72 53.965233 47.697285 0.000000 2.623827 1.307435 2.142583 3.854012 7.468675 0.200000
73 53.865578 47.651382 0.000000 2.059008 1.291581 2.107385 3.797036 7.425875 0.166667
74 53.821941 47.667938 0.000000 2.907991 1.305579 2.143970 3.869946 7.536829 0.200000
75 54.063076 47.658764 0.000000 2.594349 1.289014 2.093028 3.732758 7.178007 0.200000
76 54.135616 47.579430 0.000000 3.226313 1.293544 2.096041 3.720331 7.098952 0.204595
77 54.072651 47.627026 0.000000 3.431648 1.291626 2.092401 3.705405 7.035931 0.226741
78 54.072189 47.578087 0.000000 3.786799 1.298541 2.116150 3.779377 7.256684 0.200000
79 54.294674 47.471561 0.000000 4.246420 1.284325 2.062652 3.616391 6.791740 0.200000
80 54.235706 47.534420 0.000000 4.528103 1.294988 2.094811 3.703047 7.018545 0.200000
81 54.189877 47.608269 0.000000 5.030336 1.321669 2.178102 3.924732 7.579577 0.200000
82 54.158611 47.590645 0.000000 5.199487 1.335499 2.222446 4.047767 7.907014 0.166667
83 54.098652 47.542339 0.000000 4.998478 1.327349 2.201147 4.003506 7.833893 0.166667
84 54.044834 47.487701 0.000000 5.276628 1.347513 2.291476 4.321084 8.861754 0.250000
85 54.037666 47.555866 0.000000 6.050796 1.360159 2.331908 4.428343 9.124270 0.250000
86 53.964035 47.481121 0.000000 6.264468 1.313764 2.180120 4.004453 7.997855 0.250000
87 54.159061 47.537052 0.000000 6.098793 1.308835 2.133669 3.792311 7.202805 0.200000
88 54.112526 47.558334 0.000000 5.912341 1.316713 2.162080 3.881433 7.469122 0.250000
89 54.053085 47.604301 0.000000 6.142647 1.315381 2.199049 4.077820 8.229771 0.200000
90 53.968517 47.585487 0.000000 6.118468 1.288509 2.107145 3.814166 7.509684 0.250000
91 53.896114 47.569679 0.000000 6.222812 1.273850 2.048879 3.627078 6.946991 0.200000
92 53.754662 47.741470 0.000000 6.040393 1.264533 2.012717 3.506604 6.566595 0.250000
93 53.640732 47.923504 0.000000 5.186697 1.266048 2.029688 3.581134 6.834389 0.250000
94 53.584507 48.130444 0.000000 5.474884 1.265833 2.018423 3.532509 6.670785 0.250000
95 53.388592 48.139839 0.000000 6.230012 1.283043 2.059974 3.611641 6.784616 0.250000
96 53.433041 48.274136 0.000000 5.268427 1.280183 2.052998 3.595738 6.748940 0.250000
97 53.302982 48.250114 0.000000 5.156251 1.307475 2.133742 3.807833 7.287805 0.250000
98 53.203342 48.387955 0.000000 4.762682 1.290219 2.083537 3.673130 6.932437 0.250000
99 53.167885 48.799953 0.000000 4.187574 1.288727 2.090182 3.719312 7.127151 0.250000
100 52.995331 48.934616 0.000000 3.883338 1.354804 2.341986 4.527906 9.586200 0.200477
101 53.155033 48.996849 0.000000 3.423787 1.324111 2.214841 4.088490 8.163483 0.392005
102 53.663639 49.175484 0.000000 3.004684 1.335255 2.236154 4.125639 8.220493 0.200000
103 53.383053 48.881527 0.000000 2.572434 1.237188 1.937526 3.329064 6.171436 0.200217
104 53.436520 48.902580 0.000000 1.990456 1.244112 1.955503 3.364475 6.227449 0.212980
105 53.418388 49.059868 0.000000 2.387554 1.294176 2.128924 3.856949 7.542776 0.200000
