%% Trajectory 21
%% frame x (pixel)     y (pixel)    z (pixel)      m0         m1           m2           m3           m4           s 
55 36.597164 34.437119 0.000000 1.612296 1.465033 2.717341 5.637233 12.749922 0.126947
56 36.683701 34.073086 0.000000 1.226078 1.339327 2.340867 4.646313 10.221531 0.125000
57 36.301147 33.984451 0.000000 1.280870 1.346686 2.350521 4.647690 10.179089 0.125000
58 36.713146 34.003635 0.000000 1.600723 1.345106 2.325958 4.528014 9.719936 0.142863
59 36.762810 34.388603 0.000000 1.467237 1.453195 2.656952 5.408710 11.978103 0.142857
60 36.332523 34.202286 0.000000 1.463575 1.374074 2.429929 4.824021 10.507564 0.142857
61 36.479332 33.938755 0.000000 1.500994 1.344787 2.283565 4.287287 8.716910 0.125001
62 36.261612 34.270248 0.000000 1.721163 1.343379 2.297752 4.397299 9.234938 0.142857
63 36.195194 33.847618 0.000000 1.684117 1.336847 2.272404 4.317185 8.994972 0.142857
64 36.317768 34.529659 0.000000 2.005628 1.394855 2.455894 4.823788 10.346489 0.166667
65 36.413158 34.407658 0.000000 2.156828 1.411397 2.538047 5.112317 11.271468 0.166673
66 36.283894 34.503067 0.000000 2.067869 1.402045 2.476626 4.871010 10.439815 0.166667
67 36.268730 34.406612 0.000000 2.251665 1.409128 2.518077 5.028592 10.972181 0.158595
68 36.265907 34.518963 0.000000 2.597673 1.403524 2.496739 4.963685 10.789146 0.204143
69 36.401756 34.400097 0.000000 2.486099 1.393940 2.462643 4.864666 10.514052 0.268574
70 36.216492 34.039845 0.000000 2.422557 1.330795 2.271308 4.352621 9.186174 0.252318
71 36.288532 34.416283 0.000000 2.664441 1.405271 2.500462 4.977273 10.838599 0.144845
72 36.348743 34.449619 0.000000 2.478660 1.371677 2.380084 4.602048 9.716424 0.142868
73 36.472610 34.300381 0.000000 2.958826 1.366960 2.337061 4.401933 8.949207 0.257618
74 36.377495 34.235584 0.000000 3.062950 1.333027 2.229356 4.108220 8.181760 0.245768
75 36.322559 34.181854 0.000000 3.324816 1.330519 2.214597 4.047057 7.960411 0.148492
76 36.423080 34.133236 0.000000 3.626057 1.335260 2.228328 4.081820 8.044919 0.248068
77 36.328209 34.213924 0.000000 3.490376 1.321339 2.191209 3.995089 7.853373 0.180624
78 36.297543 34.180355 0.000000 3.520074 1.326009 2.210284 4.061472 8.067802 0.173207
79 36.289711 34.096943 0.000000 3.615729 1.328718 2.218428 4.081564 8.113220 0.201199
80 36.344231 34.106819 0.000000 3.647939 1.326471 2.207175 4.039674 7.973677 0.137707
81 36.354633 34.060291 0.000000 3.764884 1.342437 2.254507 4.160582 8.268042 0.144675
82 36.371643 34.132328 0.000000 4.567319 1.305540 2.142722 3.867452 7.532816 0.125530
83 36.439594 34.187511 0.000000 4.692784 1.327559 2.206720 4.027010 7.909278 0.142857
84 36.357033 34.218735 0.000000 4.409509 1.313170 2.168253 3.941593 7.738908 0.144249
85 36.262806 34.118542 0.000000 4.490273 1.345127 2.270602 4.226224 8.500747 0.170572
86 36.284290 34.156685 0.000000 4.416368 1.327366 2.217325 4.089520 8.170997 0.142857
87 36.428524 34.197300 0.000000 3.848245 1.314658 2.166856 3.921155 7.640956 0.190536
88 36.396297 34.135555 0.000000 4.067499 1.322526 2.192283 3.992455 7.832554 0.149301
89 36.539219 34.243279 0.000000 3.979957 1.335001 2.227108 4.081362 8.058076 0.144365
90 36.610119 34.330894 0.000000 3.841533 1.298637 2.108066 3.739530 7.110905 0.220431
91 36.865730 34.453751 0.000000 4.080861 1.330361 2.208643 4.015095 7.834754 0.214674
92 36.864002 34.403549 0.000000 3.930319 1.326836 2.195143 3.975327 7.726995 0.148407
93 36.952923 34.677746 0.000000 3.976190 1.369348 2.346292 4.436168 9.070459 0.278804
94 37.052303 34.782906 0.000000 3.825231 1.359148 2.313792 4.337648 8.775159 0.169879
95 37.038242 34.661205 0.000000 3.050988 1.354183 2.299794 4.299644 8.671720 0.143311
96 37.091621 34.872898 0.000000 2.781489 1.350036 2.291631 4.301166 8.749750 0.166834
97 37.414696 34.955200 0.000000 2.854530 1.310521 2.158758 3.910232 7.643404 0.166667
98 37.313328 34.854546 0.000000 2.395490 1.326046 2.200420 4.009144 7.866094 0.143240
99 37.069733 34.561863 0.000000 1.933438 1.321022 2.202284 4.061198 8.136209 0.189169
