%% Trajectory 40
%% frame x (pixel)     y (pixel)    z (pixel)      m0         m1           m2           m3           m4           s 
92 67.982841 74.937378 0.000000 1.005951 1.238299 1.993152 3.575021 7.017722 0.166667
93 67.989815 74.785149 0.000000 0.718774 1.246322 2.004137 3.600251 7.115500 0.125000
94 67.729210 75.173035 0.000000 0.887118 1.202217 1.844995 3.108239 5.662467 0.200000
95 67.893227 75.130219 0.000000 1.344677 1.243590 1.986738 3.495121 6.646091 0.142862
96 67.766441 75.208656 0.000000 1.052668 1.229519 1.910074 3.250000 5.959455 0.166667
97 67.714462 74.937347 0.000000 1.708015 1.330034 2.266138 4.296941 8.880608 0.249748
98 67.800453 75.063560 0.000000 1.594477 1.332000 2.246218 4.185719 8.441794 0.167001
99 67.739700 75.121086 0.000000 1.412591 1.306854 2.152187 3.912182 7.714345 0.216176
100 67.733505 74.963776 0.000000 2.047442 1.326635 2.222481 4.131321 8.360009 0.225976
101 67.895767 74.868332 0.000000 1.583476 1.368687 2.350361 4.468646 9.215515 0.151370
102 68.149437 74.677536 0.000000 2.328057 1.428526 2.540433 4.996692 10.634013 0.231765
103 67.756577 75.072411 0.000000 1.959870 1.318471 2.190542 4.017629 7.982930 0.200005
104 67.620270 74.974045 0.000000 2.296029 1.373832 2.358070 4.463142 9.123780 0.168978
105 67.816544 74.827255 0.000000 2.540363 1.347158 2.274012 4.221623 8.446424 0.284953
106 67.733032 74.896118 0.000000 2.448905 1.370020 2.344593 4.422760 9.012007 0.224263
107 67.820045 74.839958 0.000000 2.475677 1.355040 2.322811 4.429320 9.213712 0.232410
108 67.854965 74.677650 0.000000 3.132957 1.353530 2.305499 4.343697 8.875786 0.146199
109 67.814018 74.779648 0.000000 2.894151 1.358835 2.308461 4.320995 8.736405 0.200041
110 67.778030 74.812256 0.000000 2.721943 1.314963 2.193776 4.065043 8.219995 0.250006
111 67.757988 74.482452 0.000000 3.333571 1.352837 2.271280 4.167649 8.188201 0.176277
112 67.849625 74.224991 0.000000 3.412482 1.349357 2.287458 4.283266 8.688992 0.207100
113 68.254547 74.054031 0.000000 3.105258 1.396206 2.455801 4.782371 10.081009 0.221588
114 67.648697 73.895653 0.000000 2.682405 1.338031 2.269896 4.285226 8.836679 0.142857
115 67.927345 73.479225 0.000000 2.603534 1.337492 2.248518 4.181230 8.442681 0.200000
116 68.043678 73.509285 0.000000 2.671611 1.376345 2.361993 4.464372 9.104263 0.250000
117 67.775002 73.502853 0.000000 2.603499 1.311736 2.147139 3.843836 7.384015 0.235939
118 68.036644 73.310837 0.000000 2.315507 1.384118 2.411844 4.652678 9.720274 0.200010
119 67.640862 72.928780 0.000000 2.261372 1.386112 2.408917 4.624746 9.601018 0.250000
