%% Trajectory 22
%% frame x (pixel)     y (pixel)    z (pixel)      m0         m1           m2           m3           m4           s 
88 31.862911 49.152683 0.000000 1.499541 1.346360 2.287602 4.309315 8.829273 0.200000
89 32.209019 49.133175 0.000000 1.738005 1.347811 2.284066 4.273342 8.656437 0.200000
90 32.142334 49.424141 0.000000 1.632347 1.325082 2.199341 4.011779 7.891247 0.166667
91 32.356380 49.063297 0.000000 1.832174 1.388200 2.400241 4.567667 9.367452 0.200000
92 32.342255 49.007462 0.000000 1.937545 1.357652 2.317576 4.364789 8.887066 0.233069
93 32.234848 48.956104 0.000000 1.689214 1.329575 2.225078 4.103825 8.179471 0.347413
94 32.095257 49.102234 0.000000 1.532820 1.352704 2.292587 4.272877 8.576622 0.250000
95 32.192478 49.271214 0.000000 1.756772 1.339697 2.260568 4.210032 8.487498 0.250000
96 32.151272 48.932632 0.000000 1.632159 1.375234 2.384911 4.583848 9.560947 0.250000
97 32.214355 48.972412 0.000000 2.125663 1.391216 2.421501 4.652862 9.662210 0.250000
98 32.112675 48.945995 0.000000 1.768991 1.361700 2.333954 4.427941 9.106464 0.250000
99 32.089745 49.315929 0.000000 1.804714 1.354174 2.318644 4.402867 9.086741 0.250000
100 32.113632 49.199818 0.000000 1.680247 1.370456 2.347095 4.414047 8.927503 0.200000
101 32.233593 49.120945 0.000000 1.927300 1.387746 2.401173 4.570500 9.376150 0.250000
102 32.248058 49.078968 0.000000 2.226343 1.360691 2.319649 4.354712 8.823443 0.200000
103 32.366428 49.107048 0.000000 1.921288 1.370976 2.338881 4.370053 8.755505 0.370755
104 32.107037 49.140682 0.000000 2.019809 1.327748 2.216158 4.069729 8.060566 0.204316
106 32.512821 49.355877 0.000000 1.696938 1.303028 2.126745 3.804885 7.324352 0.166667
107 32.707020 49.012150 0.000000 1.920946 1.401780 2.459287 4.765152 9.983219 0.166667
108 32.726913 49.216763 0.000000 1.629982 1.312719 2.145424 3.822317 7.274598 0.193983
109 33.140949 48.927303 0.000000 1.781495 1.433793 2.587569 5.186405 11.285074 0.142857
112 33.406132 49.329624 0.000000 1.519245 1.377551 2.397192 4.653285 9.875760 0.142857
114 34.210777 49.728935 0.000000 1.630657 1.340913 2.260294 4.218112 8.555428 0.142862
%% Trajectory 22
%% frame x (pixel)     y (pixel)    z (pixel)      m0         m1           m2           m3           m4           s 
88 31.862911 49.152683 0.000000 1.499541 1.346360 2.287602 4.309315 8.829273 0.200000
89 32.209019 49.133175 0.000000 1.738005 1.347811 2.284066 4.273342 8.656437 0.200000
90 32.142334 49.424141 0.000000 1.632347 1.325082 2.199341 4.011779 7.891247 0.166667
91 32.356380 49.063297 0.000000 1.832174 1.388200 2.400241 4.567667 9.367452 0.200000
92 32.342255 49.007462 0.000000 1.937545 1.357652 2.317576 4.364789 8.887066 0.233069
93 32.234848 48.956104 0.000000 1.689214 1.329575 2.225078 4.103825 8.179471 0.347413
94 32.095257 49.102234 0.000000 1.532820 1.352704 2.292587 4.272877 8.576622 0.250000
95 32.192478 49.271214 0.000000 1.756772 1.339697 2.260568 4.210032 8.487498 0.250000
96 32.151272 48.932632 0.000000 1.632159 1.375234 2.384911 4.583848 9.560947 0.250000
97 32.214355 48.972412 0.000000 2.125663 1.391216 2.421501 4.652862 9.662210 0.250000
98 32.112675 48.945995 0.000000 1.768991 1.361700 2.333954 4.427941 9.106464 0.250000
99 32.089745 49.315929 0.000000 1.804714 1.354174 2.318644 4.402867 9.086741 0.250000
100 32.113632 49.199818 0.000000 1.680247 1.370456 2.347095 4.414047 8.927503 0.200000
101 32.233593 49.120945 0.000000 1.927300 1.387746 2.401173 4.570500 9.376150 0.250000
102 32.248058 49.078968 0.000000 2.226343 1.360691 2.319649 4.354712 8.823443 0.200000
103 32.366428 49.107048 0.000000 1.921288 1.370976 2.338881 4.370053 8.755505 0.370755
104 32.107037 49.140682 0.000000 2.019809 1.327748 2.216158 4.069729 8.060566 0.204316
106 32.512821 49.355877 0.000000 1.696938 1.303028 2.126745 3.804885 7.324352 0.166667
107 32.707020 49.012150 0.000000 1.920946 1.401780 2.459287 4.765152 9.983219 0.166667
108 32.726913 49.216763 0.000000 1.629982 1.312719 2.145424 3.822317 7.274598 0.193983
109 33.140949 48.927303 0.000000 1.781495 1.433793 2.587569 5.186405 11.285074 0.142857
112 33.406132 49.329624 0.000000 1.519245 1.377551 2.397192 4.653285 9.875760 0.142857
114 34.210777 49.728935 0.000000 1.630657 1.340913 2.260294 4.218112 8.555428 0.142862
