%% Trajectory 22
%% frame x (pixel)     y (pixel)    z (pixel)      m0         m1           m2           m3           m4           s 
65 21.731951 61.508389 0.000000 1.435343 1.354719 2.293854 4.277977 8.619026 0.166677
68 21.614988 61.263977 0.000000 1.598978 1.299029 2.129491 3.854852 7.576906 0.166667
69 21.304218 61.378082 0.000000 1.757308 1.357176 2.316588 4.382325 9.010031 0.166668
70 21.460754 60.958431 0.000000 1.974792 1.310090 2.159740 3.917310 7.668076 0.166667
71 21.304573 61.085781 0.000000 2.396267 1.365379 2.322696 4.350960 8.795539 0.166676
72 21.368715 61.178761 0.000000 2.353076 1.353908 2.271721 4.155860 8.117016 0.200000
73 21.475351 60.981083 0.000000 2.129995 1.342682 2.267685 4.224464 8.509919 0.200000
74 21.526905 61.177547 0.000000 2.158704 1.299854 2.109067 3.733717 7.071271 0.200000
75 21.592211 61.278805 0.000000 2.255870 1.314044 2.153807 3.860292 7.420298 0.200000
76 21.688791 61.211708 0.000000 1.947262 1.349843 2.286464 4.274153 8.648570 0.200000
77 21.898886 61.145420 0.000000 1.930814 1.348864 2.272080 4.205046 8.382356 0.200000
78 21.970455 60.945641 0.000000 1.970743 1.423140 2.558700 5.121541 11.148104 0.200000
79 22.096592 61.017681 0.000000 1.913317 1.400814 2.457069 4.756939 9.941377 0.186171
80 22.133070 61.058346 0.000000 1.841829 1.353639 2.308413 4.352968 8.892314 0.263879
81 21.616276 61.076416 0.000000 1.541914 1.432549 2.595604 5.221431 11.395819 0.200000
