%% Trajectory 24
%% frame x (pixel)     y (pixel)    z (pixel)      m0         m1           m2           m3           m4           s 
72 49.360172 76.361290 0.000000 0.539538 1.426696 2.563012 5.100896 10.974214 0.208668
74 49.255104 76.396927 0.000000 0.419972 1.276499 2.120839 4.006777 8.461049 0.166667
75 49.577370 75.850609 0.000000 0.756562 1.324055 2.215624 4.088194 8.150599 0.258044
76 49.708675 75.774429 0.000000 0.806479 1.325988 2.229130 4.163239 8.482821 0.150121
77 49.481983 76.426170 0.000000 0.931423 1.305353 2.134940 3.830050 7.393830 0.166667
78 49.704571 76.094940 0.000000 0.991808 1.345361 2.288903 4.310497 8.800153 0.200000
79 49.422283 76.392662 0.000000 1.124098 1.312590 2.197138 4.099893 8.371142 0.200160
80 49.395290 76.190186 0.000000 1.455565 1.308223 2.138463 3.823111 7.329855 0.333387
81 49.569118 76.165169 0.000000 1.942475 1.325029 2.206343 4.044844 8.006050 0.142857
82 49.280895 76.349953 0.000000 1.696157 1.328096 2.198034 3.978762 7.722212 0.200000
83 49.183861 76.167404 0.000000 1.699653 1.314905 2.157035 3.870808 7.450891 0.250000
84 49.256458 76.151047 0.000000 2.101694 1.355156 2.285372 4.217811 8.343060 0.200000
85 49.121269 76.092094 0.000000 1.808748 1.353810 2.296216 4.288618 8.643149 0.200000
86 49.213196 75.943634 0.000000 2.147022 1.362442 2.332490 4.417149 9.069801 0.166667
87 49.277000 76.140625 0.000000 1.983976 1.372883 2.349044 4.413146 8.913548 0.166667
88 49.062920 76.221504 0.000000 2.217149 1.375538 2.350903 4.395689 8.799752 0.167310
89 49.436806 75.999771 0.000000 2.314262 1.410074 2.492394 4.875686 10.326116 0.166706
90 49.098709 76.107025 0.000000 2.099592 1.380808 2.388680 4.565711 9.445766 0.200000
91 49.202374 76.137604 0.000000 2.212650 1.356097 2.298224 4.282688 8.600877 0.200080
92 49.299019 76.161743 0.000000 2.190286 1.329425 2.220832 4.082510 8.096561 0.250000
93 49.283440 76.122269 0.000000 2.421911 1.322317 2.189753 3.978865 7.778089 0.250000
94 49.179966 76.090324 0.000000 2.400938 1.350428 2.291786 4.291115 8.688999 0.250000
95 49.253754 76.049850 0.000000 2.607131 1.356173 2.298952 4.271661 8.516113 0.250893
96 49.167889 75.856339 0.000000 2.410634 1.372304 2.375830 4.573960 9.590931 0.201626
97 49.462749 75.483261 0.000000 2.719624 1.391804 2.418839 4.642384 9.630526 0.205475
98 49.702423 75.567558 0.000000 2.737098 1.343861 2.255002 4.156790 8.255097 0.213422
99 49.576820 75.391655 0.000000 2.579904 1.307144 2.145183 3.871072 7.544264 0.396671
100 49.749268 75.460121 0.000000 2.708067 1.334616 2.223519 4.067101 8.011918 0.309647
101 49.960171 75.180710 0.000000 2.689494 1.373467 2.360866 4.475921 9.164279 0.334017
102 49.732658 75.183136 0.000000 2.756246 1.327498 2.206259 4.031334 7.944187 0.270289
103 50.032948 75.014862 0.000000 2.269816 1.438502 2.596229 5.201565 11.302953 0.250000
104 50.057091 74.835342 0.000000 2.342472 1.393460 2.433460 4.698647 9.820950 0.200000
105 50.102104 75.107529 0.000000 1.722652 1.395717 2.427279 4.647746 9.596205 0.166667
106 50.536221 74.868065 0.000000 1.950815 1.424328 2.535182 4.994889 10.659286 0.250000
107 50.298580 74.555832 0.000000 1.874959 1.465578 2.663046 5.344397 11.579463 0.200000
108 50.225513 74.411522 0.000000 1.479658 1.571405 3.031697 6.446628 14.740511 0.250000
109 50.347191 73.911179 0.000000 1.507351 1.538869 2.953921 6.295281 14.509553 0.200000
111 50.159855 74.889320 0.000000 0.954032 1.464788 2.675440 5.416086 11.866542 0.143020
