%% Trajectory 10
%% frame x (pixel)     y (pixel)    z (pixel)      m0         m1           m2           m3           m4           s 
21 38.236431 20.775299 0.000000 1.295125 1.499309 2.802672 5.827263 13.150075 0.166667
22 38.130165 20.901556 0.000000 1.165763 1.549404 2.984648 6.365643 14.651154 0.166670
23 38.153774 20.726683 0.000000 1.004875 1.292336 2.115163 3.811030 7.413941 0.166752
24 38.140690 20.764729 0.000000 1.562221 1.390197 2.422921 4.689249 9.877624 0.166675
25 38.357838 20.594351 0.000000 1.369763 1.425132 2.565444 5.156062 11.313024 0.144486
26 38.194527 20.531836 0.000000 1.572679 1.348298 2.275738 4.235096 8.519743 0.166730
27 38.238049 20.327187 0.000000 1.623956 1.375252 2.384868 4.578231 9.529974 0.323132
28 38.248268 20.547407 0.000000 2.000975 1.388898 2.405739 4.602023 9.530819 0.200011
29 38.414021 20.546917 0.000000 2.128348 1.392548 2.417570 4.632761 9.600405 0.200000
30 38.535816 20.579203 0.000000 2.580739 1.412868 2.471035 4.749665 9.828555 0.250000
31 38.317093 20.458416 0.000000 2.139655 1.439548 2.573896 5.084258 10.857203 0.211067
32 38.038715 20.318420 0.000000 2.281166 1.452633 2.642654 5.341486 11.721064 0.200000
33 38.491474 20.539501 0.000000 2.555836 1.429350 2.545686 5.012290 10.678230 0.166667
34 38.492142 20.397474 0.000000 2.521160 1.431507 2.552993 5.030985 10.716109 0.200000
35 38.550480 20.375969 0.000000 2.622568 1.446653 2.619774 5.271937 11.523774 0.200000
36 38.369171 20.284288 0.000000 2.702547 1.435201 2.585421 5.179626 11.278473 0.200000
37 38.498501 20.183361 0.000000 2.890151 1.459919 2.668107 5.411570 11.897912 0.200000
38 38.367332 20.453259 0.000000 3.101397 1.375558 2.367343 4.496457 9.236837 0.200000
39 38.411469 20.522203 0.000000 3.153468 1.426934 2.543422 5.023633 10.756791 0.200000
40 38.016411 20.016848 0.000000 2.767173 1.461017 2.696728 5.540637 12.353439 0.200069
41 38.264488 20.526722 0.000000 2.918221 1.355739 2.304076 4.319354 8.758307 0.142857
42 38.428089 20.349771 0.000000 3.451912 1.400197 2.450857 4.738506 9.906585 0.166669
43 38.592903 20.549212 0.000000 3.046328 1.403960 2.471723 4.831895 10.272650 0.200000
44 38.491432 20.500521 0.000000 2.870846 1.450927 2.645033 5.367949 11.844080 0.200119
45 38.230888 20.392143 0.000000 2.757763 1.373348 2.372601 4.546254 9.465663 0.167086
46 38.426044 20.577921 0.000000 3.462790 1.335600 2.221720 4.044805 7.899605 0.200000
47 38.245625 20.616096 0.000000 3.453255 1.423414 2.534362 5.000329 10.701303 0.200002
48 38.118301 20.627192 0.000000 3.074463 1.422278 2.526247 4.969095 10.592020 0.200230
49 38.209568 20.765959 0.000000 4.012046 1.447631 2.602265 5.163862 11.070982 0.200000
50 38.215588 20.776493 0.000000 3.772759 1.446957 2.605595 5.193531 11.212976 0.200642
51 38.065811 20.930973 0.000000 3.055816 1.444752 2.626685 5.301414 11.588184 0.167266
52 38.334362 21.151697 0.000000 3.735129 1.385285 2.404661 4.615110 9.587212 0.382142
53 38.339203 21.208164 0.000000 3.601362 1.397243 2.455599 4.791265 10.155608 0.200000
54 38.360218 21.172562 0.000000 3.230423 1.420256 2.525776 4.968423 10.570134 0.166667
55 38.663456 21.316814 0.000000 3.573105 1.337524 2.240655 4.127252 8.196686 0.166667
56 38.705765 21.183683 0.000000 3.326824 1.356691 2.298773 4.280351 8.583627 0.200019
57 38.817352 21.426619 0.000000 3.542985 1.330209 2.204396 3.999995 7.794037 0.166703
58 39.194950 21.387518 0.000000 3.431526 1.370196 2.343962 4.416932 8.987981 0.214786
59 39.402542 21.505150 0.000000 3.882455 1.335292 2.226979 4.081563 8.068272 0.200000
61 39.803490 21.122059 0.000000 2.865883 1.401150 2.466639 4.810329 10.169300 0.375843
62 39.873909 21.275135 0.000000 2.412437 1.332895 2.247817 4.208897 8.589298 0.143004
63 40.418503 20.721615 0.000000 2.345636 1.410602 2.463958 4.730401 9.776725 0.200002
65 40.538773 20.528650 0.000000 1.812963 1.425713 2.526475 4.932933 10.383520 0.166674
66 39.991928 20.710703 0.000000 1.514006 1.332247 2.270807 4.334651 9.091162 0.168920
