%% Trajectory 13
%% frame x (pixel)     y (pixel)    z (pixel)      m0         m1           m2           m3           m4           s 
46 37.606762 29.603973 0.000000 0.739824 1.278181 2.153834 4.149635 8.973129 0.125000
47 37.510983 29.681131 0.000000 0.815240 1.353859 2.389442 4.797433 10.696661 0.151750
48 37.662388 29.709129 0.000000 0.993017 1.270479 2.018028 3.504560 6.538261 0.111927
49 37.644947 29.179565 0.000000 0.788635 1.210147 1.873386 3.182264 5.842000 0.112026
51 37.765831 30.733648 0.000000 1.609028 1.575234 3.091945 6.736903 15.853564 0.166671
52 37.409054 30.543297 0.000000 1.637443 1.582660 3.085530 6.635254 15.347386 0.125001
54 37.252590 30.532883 0.000000 1.819403 1.464126 2.674484 5.415176 11.875285 0.304900
55 37.483833 29.904108 0.000000 1.858557 1.381632 2.430499 4.787706 10.331437 0.168868
56 37.627899 30.464661 0.000000 2.046710 1.446932 2.595568 5.130937 10.941436 0.166710
57 37.546146 29.897131 0.000000 2.086036 1.404732 2.487131 4.906106 10.547915 0.166667
58 37.828232 29.939997 0.000000 2.255985 1.418482 2.534005 5.019552 10.780908 0.142857
59 37.472054 29.992210 0.000000 2.463956 1.392819 2.451482 4.798291 10.221169 0.142857
60 37.732769 30.156328 0.000000 2.223514 1.397849 2.459029 4.804469 10.207571 0.166667
61 37.646584 30.464283 0.000000 2.309415 1.405144 2.442356 4.654503 9.524817 0.142858
63 37.841442 30.188885 0.000000 3.063943 1.380242 2.378705 4.505453 9.182584 0.142857
64 37.685173 30.314722 0.000000 3.365109 1.462060 2.654526 5.329025 11.565953 0.142857
65 37.746445 30.118063 0.000000 3.022444 1.420950 2.498454 4.822627 9.999923 0.201337
66 37.712257 30.385859 0.000000 3.685097 1.396108 2.422310 4.620700 9.494237 0.142857
67 37.565586 30.272129 0.000000 3.868037 1.395339 2.411443 4.571788 9.314895 0.166667
68 37.813915 30.228418 0.000000 3.353668 1.420926 2.488968 4.770080 9.789265 0.166667
69 37.853180 30.285110 0.000000 3.760706 1.428283 2.526046 4.908018 10.252100 0.200000
70 38.046745 30.389978 0.000000 3.368864 1.419650 2.516257 4.919280 10.376829 0.166667
71 38.072235 30.401176 0.000000 3.600476 1.461112 2.651837 5.313871 11.491453 0.200000
72 38.363106 30.457159 0.000000 3.029360 1.388598 2.391793 4.517823 9.169254 0.166733
73 38.280327 30.105394 0.000000 2.474799 1.440799 2.581763 5.103441 10.881392 0.142954
74 38.425392 30.680008 0.000000 2.511978 1.448249 2.604076 5.172423 11.105727 0.142857
75 38.513931 30.472391 0.000000 2.722555 1.389786 2.402483 4.569384 9.374298 0.168912
76 38.341610 30.800188 0.000000 2.621190 1.481893 2.724732 5.532012 12.120387 0.200000
78 39.538719 30.234631 0.000000 1.321040 1.589623 3.111753 6.719485 15.601512 0.263266
79 40.075172 29.781494 0.000000 1.177549 1.548228 2.953268 6.214104 14.072639 0.161657
