%% Trajectory 26
%% frame x (pixel)     y (pixel)    z (pixel)      m0         m1           m2           m3           m4           s 
63 28.641775 93.094582 0.000000 0.760524 1.361535 2.443071 4.987903 11.229263 0.151185
65 28.534693 92.673218 0.000000 1.614903 1.393219 2.516273 5.134055 11.502067 0.175457
66 28.313238 92.782829 0.000000 1.850822 1.270974 2.074186 3.792961 7.639642 0.200011
67 28.362360 92.758514 0.000000 2.038537 1.351537 2.315271 4.424728 9.236296 0.185914
68 28.280191 92.952782 0.000000 2.597757 1.321583 2.200967 4.050711 8.079010 0.166667
69 28.361471 92.801628 0.000000 2.811310 1.285866 2.080337 3.699925 7.106166 0.166667
70 28.255287 92.925835 0.000000 2.915260 1.379549 2.407151 4.667436 9.838859 0.142857
71 28.337450 92.759491 0.000000 3.056977 1.315560 2.188532 4.018090 7.989518 0.166769
73 28.361439 92.808762 0.000000 3.949291 1.364882 2.324727 4.359322 8.820355 0.166667
74 28.098337 92.735527 0.000000 3.667530 1.382655 2.406108 4.641802 9.721598 0.254173
76 28.444054 92.295982 0.000000 4.902878 1.329326 2.192877 3.937550 7.537782 0.200000
78 28.145044 91.868584 0.000000 5.490690 1.442814 2.591489 5.138526 10.996899 0.142857
79 28.422316 91.791962 0.000000 5.872505 1.391604 2.416589 4.624576 9.550614 0.142857
80 28.438713 91.621651 0.000000 5.764764 1.345924 2.252332 4.117245 8.054225 0.142857
81 28.452431 91.369240 0.000000 6.131566 1.369959 2.326233 4.317793 8.580205 0.166667
82 28.712809 91.139412 0.000000 6.094740 1.434398 2.557579 5.022456 10.628276 0.200000
83 28.788965 90.856781 0.000000 6.359821 1.397492 2.451061 4.756159 9.994972 0.200000
84 29.135983 90.740936 0.000000 5.772907 1.452572 2.617742 5.205948 11.171876 0.166667
85 29.065046 90.558105 0.000000 5.064920 1.425491 2.535588 4.987980 10.620088 0.206596
87 29.595484 89.568222 0.000000 4.100080 1.495294 2.787140 5.767599 12.930982 0.142857
88 29.878849 89.762047 0.000000 3.625345 1.564650 3.022093 6.451429 14.845105 0.142871
89 30.033251 89.558426 0.000000 3.075426 1.538629 2.954365 6.287367 14.442379 0.125000
90 30.121771 89.458794 0.000000 2.658371 1.533430 2.918974 6.144838 13.952224 0.125006
