%% Trajectory 7
%% frame x (pixel)     y (pixel)    z (pixel)      m0         m1           m2           m3           m4           s 
17 63.755463 55.309429 0.000000 1.535990 1.271428 2.028278 3.536681 6.616782 0.172621
18 63.857582 55.230785 0.000000 1.661731 1.291041 2.082447 3.669436 6.930279 0.167393
19 64.020103 55.390404 0.000000 1.457441 1.285433 2.092480 3.762862 7.346432 0.169856
20 63.727707 55.211899 0.000000 1.721266 1.304287 2.121787 3.765356 7.144704 0.200010
21 63.870380 55.234917 0.000000 1.844131 1.306907 2.146849 3.878462 7.566605 0.200052
22 63.892815 55.082703 0.000000 1.740388 1.325775 2.214241 4.077950 8.121780 0.200471
23 63.958805 55.212391 0.000000 1.848391 1.319219 2.182752 3.968609 7.780615 0.394074
24 63.924423 55.165905 0.000000 1.960005 1.317742 2.180548 3.957807 7.723873 0.147283
25 63.912899 55.241646 0.000000 1.868784 1.293625 2.103940 3.760988 7.258605 0.142857
26 64.038177 55.064362 0.000000 1.837881 1.382784 2.414058 4.673578 9.817017 0.239627
27 64.025848 55.167343 0.000000 1.683249 1.345052 2.292018 4.341189 8.961506 0.209029
28 63.985222 55.261532 0.000000 1.621252 1.339020 2.271804 4.288782 8.839134 0.142878
29 63.742256 55.221313 0.000000 1.966573 1.328017 2.210349 4.032091 7.900695 0.142858
30 64.008293 55.067772 0.000000 2.046055 1.349525 2.303593 4.361342 8.970470 0.166680
31 64.336594 55.070629 0.000000 2.077397 1.310504 2.157718 3.904340 7.617482 0.125007
32 64.186424 55.038288 0.000000 1.930022 1.343230 2.280283 4.285946 8.744882 0.143744
33 63.975590 54.877144 0.000000 2.064220 1.362648 2.360581 4.548578 9.539536 0.143075
34 64.201385 55.126709 0.000000 1.846829 1.338481 2.260009 4.224031 8.572854 0.142953
35 64.173523 54.963406 0.000000 2.268583 1.322364 2.216440 4.109256 8.261457 0.166667
36 64.050713 55.126400 0.000000 2.079671 1.376040 2.388552 4.595654 9.599183 0.166667
37 64.227226 55.057602 0.000000 2.045157 1.353909 2.313967 4.374703 8.960343 0.142857
38 64.397545 54.947960 0.000000 1.770096 1.291269 2.107878 3.794420 7.395955 0.200000
39 64.285378 54.899971 0.000000 1.944717 1.258327 1.999170 3.484517 6.547280 0.166667
40 64.186134 54.933056 0.000000 1.815910 1.312252 2.177012 3.998889 7.983850 0.166669
41 64.308212 54.830566 0.000000 1.867375 1.284876 2.081906 3.697491 7.060198 0.166667
42 64.263847 55.010689 0.000000 1.854706 1.310785 2.188122 4.056008 8.187975 0.142928
43 64.325775 54.910748 0.000000 2.162565 1.290327 2.099124 3.756001 7.255119 0.125000
44 64.319160 55.006557 0.000000 1.798514 1.347746 2.297543 4.335900 8.869978 0.127843
45 64.232048 55.088955 0.000000 2.104236 1.349744 2.340825 4.564432 9.801926 0.145999
46 64.403206 55.004017 0.000000 1.989690 1.297090 2.133570 3.875623 7.625786 0.125307
47 64.116585 55.178055 0.000000 2.056850 1.326356 2.239783 4.216253 8.685267 0.142626
48 64.397232 54.979145 0.000000 1.890018 1.278227 2.068049 3.691530 7.141097 0.125080
49 64.212738 55.172348 0.000000 1.944138 1.319186 2.240563 4.277948 9.010848 0.125019
50 64.157700 55.094894 0.000000 2.026269 1.339839 2.313918 4.496971 9.635380 0.125066
51 64.251556 55.117905 0.000000 2.047234 1.344381 2.334985 4.575099 9.900591 0.112276
52 64.095009 55.108276 0.000000 2.448020 1.368985 2.394040 4.696503 10.119155 0.104391
53 64.073174 55.160324 0.000000 2.435911 1.397614 2.492908 4.988061 10.945972 0.113531
54 64.167686 55.164585 0.000000 2.284053 1.306371 2.173711 4.022885 8.136770 0.142857
55 64.014153 55.210941 0.000000 2.234804 1.380238 2.448673 4.894672 10.774388 0.125116
56 64.094116 55.180016 0.000000 2.327017 1.318077 2.239747 4.276878 9.005124 0.126180
57 64.231384 55.097179 0.000000 2.360836 1.360599 2.379074 4.672270 10.087873 0.125009
58 64.054161 55.208630 0.000000 2.562627 1.341642 2.318101 4.518620 9.734641 0.227053
60 63.936440 55.333916 0.000000 2.305243 1.422419 2.617926 5.456060 12.522233 0.199698
61 63.970917 55.149414 0.000000 2.349883 1.402979 2.531499 5.142239 11.476508 0.125136
62 64.126030 55.194641 0.000000 2.608734 1.343643 2.336795 4.583228 9.922526 0.125000
63 64.129456 55.119156 0.000000 2.924238 1.352847 2.347470 4.572763 9.794847 0.125123
64 64.053963 55.201897 0.000000 2.932720 1.358134 2.384788 4.733663 10.386223 0.128020
65 63.915936 55.205727 0.000000 2.557844 1.471599 2.766198 5.848869 13.532290 0.134117
66 63.971699 55.202007 0.000000 2.911114 1.424774 2.607514 5.375297 12.166842 0.183997
67 63.943390 55.210014 0.000000 3.072194 1.435434 2.646073 5.499722 12.554440 0.238499
68 63.919857 55.146187 0.000000 3.222514 1.425996 2.595879 5.305064 11.879033 0.129344
70 64.075081 55.092617 0.000000 2.961146 1.387201 2.468894 4.919400 10.700661 0.179739
71 64.214882 55.087395 0.000000 3.481556 1.354384 2.335643 4.496356 9.471938 0.166957
72 63.945240 55.148808 0.000000 2.861347 1.432329 2.626413 5.414993 12.239537 0.246604
73 64.043411 55.163673 0.000000 3.061679 1.420686 2.588341 5.304683 11.929422 0.180360
74 64.154579 55.159958 0.000000 3.040469 1.383135 2.448209 4.864708 10.614253 0.175356
75 64.368614 54.974339 0.000000 3.212925 1.293444 2.147086 3.970464 8.019135 0.166667
76 64.447624 54.903637 0.000000 3.169845 1.299000 2.142835 3.909415 7.738491 0.200001
77 64.241203 54.890812 0.000000 2.578528 1.315670 2.224801 4.215821 8.770215 0.258869
78 64.044281 54.758934 0.000000 2.692138 1.328961 2.284218 4.428796 9.473223 0.200425
79 64.184731 54.493839 0.000000 3.113420 1.330289 2.257321 4.280756 8.895415 0.200000
80 64.121605 54.141850 0.000000 2.864206 1.323469 2.238049 4.210443 8.642075 0.200012
81 64.010422 54.167057 0.000000 2.600318 1.364256 2.375603 4.615057 9.780427 0.339660
82 64.157562 53.906441 0.000000 2.343251 1.308824 2.188455 4.070115 8.250555 0.172222
83 63.747032 53.694057 0.000000 2.728969 1.339617 2.300871 4.437208 9.402452 0.200000
84 63.452251 53.954437 0.000000 2.511441 1.362221 2.387629 4.697216 10.114618 0.200001
85 63.533230 53.929451 0.000000 1.915654 1.407313 2.578415 5.338913 12.118909 0.200000
86 63.425488 53.781578 0.000000 1.864797 1.389918 2.531516 5.235820 11.922950 0.216406
