%% Trajectory 31
%% frame x (pixel)     y (pixel)    z (pixel)      m0         m1           m2           m3           m4           s 
45 43.503510 79.296188 0.000000 0.403389 1.322517 2.217378 4.140977 8.461774 0.224949
47 42.997417 79.047379 0.000000 0.370204 1.434467 2.614233 5.339296 11.918709 0.458945
50 43.225876 79.056320 0.000000 0.494951 1.393334 2.454799 4.811927 10.263251 0.292803
51 43.371567 79.040230 0.000000 0.634140 1.297423 2.128473 3.862021 7.618760 0.200000
52 42.884579 78.746048 0.000000 0.633673 1.403306 2.446318 4.685390 9.654636 0.166671
53 42.956074 79.132637 0.000000 0.699682 1.377137 2.382087 4.559482 9.459565 0.166829
54 43.397198 78.796364 0.000000 0.582851 1.415379 2.504880 4.912930 10.449337 0.167586
55 42.998192 79.159561 0.000000 0.678701 1.405833 2.479882 4.864574 10.387204 0.281146
56 43.130909 79.331474 0.000000 0.680016 1.348667 2.290631 4.307565 8.797845 0.181888
57 43.147232 78.999329 0.000000 0.861564 1.377020 2.383204 4.559272 9.440818 0.169181
58 42.945522 79.212685 0.000000 0.861440 1.385210 2.429871 4.740943 10.071415 0.253250
59 42.884377 78.966415 0.000000 1.015687 1.410223 2.477574 4.785143 9.937222 0.200003
60 42.975739 78.894096 0.000000 1.021433 1.421926 2.537107 5.014156 10.730469 0.166673
61 42.994648 79.103920 0.000000 1.098827 1.390334 2.434942 4.727634 9.960326 0.166667
62 43.138924 79.103668 0.000000 1.097554 1.308301 2.169361 3.986294 7.975057 0.200292
63 43.053410 79.079636 0.000000 1.036789 1.349057 2.283510 4.261975 8.593469 0.153791
64 43.138481 78.942833 0.000000 1.205711 1.409143 2.486329 4.858250 10.288319 0.237802
65 43.196705 78.954407 0.000000 1.364581 1.354259 2.307255 4.345783 8.867229 0.212225
66 43.132912 78.937027 0.000000 1.244313 1.343151 2.281283 4.288424 8.738492 0.236861
67 43.310719 79.012802 0.000000 1.335522 1.351071 2.293020 4.292136 8.679510 0.370718
68 43.328369 78.988678 0.000000 1.316413 1.349756 2.286699 4.276129 8.652065 0.313177
69 43.541962 79.028809 0.000000 1.309368 1.339105 2.241648 4.121975 8.166174 0.172714
70 43.589691 78.637352 0.000000 1.383945 1.302586 2.117260 3.754095 7.119025 0.200002
71 43.379349 78.619682 0.000000 1.503385 1.312814 2.148510 3.835294 7.319106 0.200025
72 43.438839 78.320717 0.000000 1.175472 1.275681 2.041913 3.571797 6.701917 0.142857
73 43.489483 78.122292 0.000000 1.153095 1.311237 2.160979 3.921875 7.697691 0.142857
74 43.479996 77.919838 0.000000 1.045036 1.368831 2.339939 4.410023 8.983897 0.200000
75 43.404732 77.699844 0.000000 1.091399 1.302756 2.123263 3.786978 7.252703 0.142857
76 43.452305 77.753593 0.000000 1.034239 1.267102 2.039398 3.622384 6.987122 0.142857
77 43.591583 77.686615 0.000000 0.986986 1.284165 2.070516 3.668170 7.012622 0.142857
78 43.716747 77.480591 0.000000 1.152683 1.352633 2.275242 4.199559 8.342740 0.200000
79 44.174736 77.306625 0.000000 0.941723 1.347721 2.322595 4.480834 9.481913 0.166667
80 44.931747 77.267471 0.000000 0.950443 1.420295 2.577439 5.260954 11.790852 0.166672
81 44.728401 77.292252 0.000000 0.713833 1.439483 2.646888 5.482547 12.470286 0.326236
