%% Trajectory 5
%% frame x (pixel)     y (pixel)    z (pixel)      m0         m1           m2           m3           m4           s 
0 15.854774 29.544670 0.000000 1.277609 1.280954 2.069279 3.691172 7.156082 0.287642
1 16.249777 29.761419 0.000000 1.115024 1.316148 2.188146 4.024151 8.040369 0.142891
2 15.980128 29.755095 0.000000 1.324768 1.298820 2.146139 3.959009 8.015557 0.286581
3 16.047600 29.531359 0.000000 1.569534 1.274185 2.056703 3.664340 7.087215 0.141522
4 16.202145 29.520111 0.000000 2.107435 1.259867 2.002149 3.493886 6.584121 0.142858
5 16.122965 29.530546 0.000000 2.220194 1.288482 2.099420 3.784961 7.427733 0.143105
6 15.984437 29.497879 0.000000 2.269352 1.300271 2.149052 3.939916 7.871876 0.266616
7 16.014906 29.400646 0.000000 2.561452 1.303977 2.156192 3.962642 7.956895 0.157941
8 15.982221 29.408817 0.000000 2.497754 1.296060 2.142396 3.942231 7.935638 0.323484
9 16.051254 29.522514 0.000000 2.779426 1.290477 2.099785 3.766614 7.319551 0.142898
10 15.864367 29.411106 0.000000 3.276254 1.310483 2.165875 3.958868 7.866036 0.142885
11 15.965798 29.535295 0.000000 3.460161 1.275019 2.053549 3.646682 7.025201 0.142857
12 15.905062 29.412445 0.000000 3.661771 1.293100 2.105655 3.773728 7.313826 0.166667
13 16.019045 29.397148 0.000000 3.886267 1.327494 2.224226 4.128070 8.330219 0.166667
14 16.034985 29.490673 0.000000 4.087098 1.310345 2.177062 4.017083 8.090184 0.166667
15 16.003723 29.397388 0.000000 4.320732 1.310013 2.173356 3.995019 7.989751 0.166671
16 16.040020 29.415958 0.000000 4.360087 1.311306 2.173205 3.987991 7.958450 0.172483
17 16.025774 29.452995 0.000000 4.499683 1.291257 2.110426 3.818835 7.524227 0.143508
18 16.046633 29.430759 0.000000 4.584338 1.305532 2.154356 3.933369 7.807665 0.142859
19 16.037577 29.387083 0.000000 4.841252 1.297017 2.129820 3.871835 7.659150 0.142857
20 16.001795 29.294527 0.000000 5.561066 1.343304 2.275342 4.269219 8.701433 0.142857
21 16.064587 29.276394 0.000000 5.661450 1.340111 2.259181 4.207897 8.492852 0.125000
22 16.082802 29.349874 0.000000 5.683211 1.311075 2.166729 3.952743 7.817097 0.166667
23 16.141365 29.320429 0.000000 5.794037 1.320348 2.189277 3.995462 7.876523 0.166667
24 16.128038 29.326387 0.000000 5.735017 1.316908 2.180296 3.975878 7.840211 0.166667
25 16.099428 29.272604 0.000000 5.936739 1.324942 2.207262 4.053450 8.052726 0.166667
26 16.103086 29.270586 0.000000 6.633784 1.318274 2.188056 4.005352 7.936536 0.166667
27 16.159790 29.265842 0.000000 6.780787 1.333686 2.227469 4.088784 8.090448 0.166667
28 16.157288 29.278193 0.000000 7.005758 1.328573 2.218528 4.086179 8.147502 0.166667
29 16.186674 29.249046 0.000000 6.989301 1.335465 2.237079 4.127047 8.224886 0.166667
30 16.170605 29.270445 0.000000 7.081203 1.316872 2.179786 3.973017 7.826295 0.166667
31 16.143915 29.233717 0.000000 7.409683 1.341726 2.259710 4.196197 8.426476 0.166667
32 16.144436 29.318501 0.000000 7.656664 1.330808 2.224658 4.100303 8.177563 0.200000
33 16.156284 29.316019 0.000000 7.224144 1.324076 2.202336 4.036146 7.998928 0.200000
34 16.156630 29.337358 0.000000 7.457731 1.322019 2.191836 3.995663 7.860418 0.200000
35 16.196644 29.359928 0.000000 7.295631 1.314911 2.163577 3.903333 7.575007 0.200000
36 16.126596 29.292364 0.000000 7.349622 1.329579 2.217123 4.070609 8.073665 0.200000
37 16.145308 29.328821 0.000000 7.740293 1.327143 2.206512 4.031650 7.942904 0.200000
38 16.193790 29.364422 0.000000 8.080806 1.316487 2.171043 3.930233 7.666336 0.200000
39 16.219765 29.296036 0.000000 7.994643 1.326777 2.204296 4.023997 7.919127 0.200000
40 16.273348 29.280113 0.000000 8.239476 1.316260 2.167256 3.911330 7.591120 0.200000
41 16.182775 29.267694 0.000000 8.341908 1.320840 2.191008 4.000909 7.892831 0.200000
42 16.265345 29.217289 0.000000 7.882544 1.326388 2.196612 3.984006 7.758825 0.200000
43 16.288591 29.214140 0.000000 8.073718 1.328315 2.201579 3.994558 7.777864 0.200000
44 16.298340 29.145601 0.000000 7.917007 1.345015 2.258398 4.161695 8.252459 0.200000
45 16.443113 29.118187 0.000000 8.027618 1.327045 2.198418 3.988599 7.772081 0.200000
46 16.562685 29.277315 0.000000 7.696493 1.310605 2.137563 3.800006 7.217116 0.200000
47 16.569107 29.304670 0.000000 7.666654 1.324780 2.182716 3.922228 7.533544 0.200000
48 16.806587 29.347305 0.000000 7.291432 1.330679 2.207974 4.013515 7.839124 0.166667
49 16.947182 29.263948 0.000000 7.272446 1.370126 2.349119 4.439383 9.061538 0.166667
50 17.133970 29.286966 0.000000 6.515103 1.350731 2.282848 4.243480 8.503856 0.166667
51 17.237644 29.145685 0.000000 6.336417 1.347607 2.277478 4.240471 8.526442 0.166667
52 17.389654 29.243834 0.000000 6.112141 1.318215 2.167949 3.896409 7.501880 0.166667
53 17.536938 29.190453 0.000000 5.362058 1.312696 2.149501 3.843973 7.360485 0.166667
54 17.817663 29.119413 0.000000 5.363516 1.356344 2.308154 4.332801 8.795421 0.166667
56 18.298676 28.898785 0.000000 4.335038 1.331307 2.215846 4.045558 7.946578 0.166667
57 18.457399 28.706219 0.000000 4.260203 1.331974 2.202583 3.968248 7.630294 0.166667
58 18.510195 28.390198 0.000000 3.489556 1.293143 2.094550 3.715589 7.087146 0.168794
59 18.769863 28.403292 0.000000 3.319060 1.290425 2.095509 3.736110 7.182876 0.169834
