%% Trajectory 23
%% frame x (pixel)     y (pixel)    z (pixel)      m0         m1           m2           m3           m4           s 
56 40.177128 44.919361 0.000000 1.473377 1.341650 2.288961 4.362996 9.116492 0.166667
57 40.333530 44.569706 0.000000 1.239483 1.282082 2.062585 3.641412 6.932968 0.142858
59 40.237846 44.681850 0.000000 1.414089 1.363514 2.334169 4.426033 9.120923 0.168938
60 40.597599 44.732033 0.000000 1.088046 1.462217 2.651233 5.297780 11.396914 0.340929
62 40.006649 44.616081 0.000000 1.807887 1.387486 2.445642 4.811623 10.335567 0.250000
63 40.156803 44.508888 0.000000 2.363702 1.399889 2.459926 4.794548 10.152856 0.166667
64 40.244701 44.417892 0.000000 1.529939 1.441817 2.590808 5.161232 11.149637 0.166667
66 39.730923 44.713432 0.000000 2.193897 1.486942 2.759317 5.680932 12.671392 0.166667
67 39.519859 44.367947 0.000000 2.304433 1.538179 2.922241 6.128725 13.845769 0.166667
69 39.832474 44.370190 0.000000 2.694539 1.459242 2.650189 5.314059 11.499739 0.166667
70 39.839844 44.711250 0.000000 2.511852 1.433442 2.553270 5.022951 10.681425 0.200000
72 40.296989 44.526646 0.000000 2.629121 1.498058 2.768176 5.639625 12.375729 0.166667
73 40.105984 44.766872 0.000000 2.868649 1.425643 2.531466 4.963298 10.516694 0.166667
74 39.726074 44.340706 0.000000 2.995877 1.504951 2.780180 5.637936 12.268952 0.166667
76 39.811741 44.501781 0.000000 3.259334 1.488416 2.718491 5.448669 11.720802 0.142857
77 39.690758 44.559494 0.000000 3.084396 1.501498 2.759905 5.564965 12.042963 0.166667
78 40.447205 44.454075 0.000000 3.117783 1.486193 2.718637 5.463804 11.795789 0.200000
79 40.127029 44.494957 0.000000 3.485307 1.558509 2.994915 6.348730 14.478779 0.200000
80 39.755733 44.549686 0.000000 3.265160 1.563272 3.008302 6.396240 14.649837 0.200016
81 39.581711 44.605789 0.000000 3.301329 1.412113 2.455821 4.669936 9.511615 0.200191
82 40.126041 44.510338 0.000000 3.705472 1.493265 2.740972 5.530215 11.993222 0.200000
83 39.680107 44.579323 0.000000 3.866421 1.531818 2.891699 6.022139 13.509101 0.166667
84 39.704956 44.407940 0.000000 3.911113 1.537368 2.947365 6.282166 14.502535 0.200000
85 40.101940 44.353729 0.000000 3.720855 1.465992 2.675747 5.404355 11.809284 0.239902
86 40.071613 44.418583 0.000000 3.492419 1.469957 2.668308 5.342427 11.544186 0.143054
87 40.147507 44.155537 0.000000 2.655443 1.541085 2.969578 6.345827 14.641440 0.125000
88 39.787685 44.204845 0.000000 2.884167 1.518578 2.838629 5.846531 12.958899 0.287584
89 40.150482 44.479752 0.000000 3.397664 1.465265 2.673236 5.407074 11.851496 0.200973
90 39.834263 44.467461 0.000000 2.924802 1.532068 2.885448 5.977595 13.304873 0.178413
91 39.816093 44.512936 0.000000 2.865324 1.610403 3.169798 6.874293 16.019619 0.166667
92 40.171196 44.433956 0.000000 2.939156 1.551832 2.980977 6.329969 14.487250 0.237777
94 39.304718 44.305714 0.000000 3.283112 1.544379 2.930862 6.130798 13.799881 0.200000
95 39.549335 44.371269 0.000000 3.338262 1.443099 2.601764 5.201263 11.271339 0.200009
97 38.909294 44.173660 0.000000 2.405040 1.443938 2.616790 5.256029 11.438795 0.142936
98 38.994816 44.168049 0.000000 3.084846 1.439878 2.598887 5.206835 11.315361 0.200019
99 38.694817 44.220768 0.000000 2.710215 1.528306 2.907212 6.144242 14.065157 0.279708
101 38.266018 43.853733 0.000000 3.475167 1.722333 3.600387 8.254591 20.205853 0.250000
102 38.522430 43.720638 0.000000 3.271278 1.580989 3.073686 6.589765 15.191539 0.166667
104 38.120430 42.521988 0.000000 2.850615 1.587623 3.125777 6.811681 15.990680 0.142857
106 37.597324 42.536491 0.000000 3.587769 1.558545 2.974133 6.231845 14.000957 0.200000
107 37.678715 42.527393 0.000000 3.323204 1.586047 3.067767 6.512949 14.815576 0.166667
109 37.595009 41.629635 0.000000 2.952023 1.558407 2.969743 6.229796 14.053435 0.166667
110 37.417103 41.852798 0.000000 3.247315 1.536615 2.901429 6.028636 13.471505 0.166667
111 37.674908 41.402428 0.000000 3.476286 1.454299 2.625731 5.243407 11.332724 0.166667
112 37.039005 41.388111 0.000000 3.139274 1.489546 2.751320 5.618180 12.393249 0.166667
114 37.394825 41.679451 0.000000 2.922742 1.544212 2.911523 6.019118 13.334815 0.142865
115 37.211109 41.392658 0.000000 2.737513 1.522986 2.888028 6.085939 13.902023 0.152172
116 37.251560 40.903336 0.000000 2.429070 1.464525 2.637753 5.225209 11.142120 0.142880
118 37.340023 41.638485 0.000000 2.756496 1.475836 2.681896 5.380085 11.664870 0.143856
