%% Trajectory 7
%% frame x (pixel)     y (pixel)    z (pixel)      m0         m1           m2           m3           m4           s 
7 63.155346 35.923191 0.000000 1.327878 1.410797 2.522528 5.029261 10.923332 0.166667
9 63.152855 35.750446 0.000000 1.027576 1.350719 2.331507 4.502885 9.539584 0.166667
10 62.717808 35.678757 0.000000 1.162147 1.391235 2.475004 4.937277 10.802784 0.143483
11 62.740257 35.560741 0.000000 1.514710 1.466899 2.699548 5.530778 12.322112 0.142996
12 62.459465 36.003460 0.000000 1.656834 1.481439 2.739587 5.620960 12.487869 0.143235
13 62.930466 35.789200 0.000000 1.643785 1.370251 2.405660 4.749677 10.319072 0.173389
14 62.677998 36.026592 0.000000 2.048737 1.465184 2.669373 5.369981 11.654193 0.243889
15 62.562359 35.816017 0.000000 2.147801 1.416626 2.532861 5.043303 10.945557 0.125003
16 63.016754 36.150398 0.000000 2.450353 1.393991 2.436376 4.705001 9.824598 0.166685
17 63.048603 35.889534 0.000000 2.442021 1.393327 2.461817 4.861025 10.498162 0.200005
18 63.120968 35.932323 0.000000 2.467415 1.477956 2.738991 5.644582 12.623702 0.250000
19 63.056282 36.067646 0.000000 2.812551 1.440397 2.603721 5.213767 11.295501 0.250000
20 62.682529 35.910892 0.000000 2.782390 1.450732 2.614653 5.204597 11.196434 0.200002
21 62.974663 36.191891 0.000000 3.045449 1.390052 2.452210 4.821885 10.331842 0.250673
22 63.083149 35.779480 0.000000 2.679008 1.415878 2.527810 5.022113 10.863927 0.200000
23 62.818771 36.228794 0.000000 3.187452 1.444992 2.591605 5.114002 10.860379 0.200000
24 62.794754 36.143337 0.000000 3.284974 1.407496 2.453863 4.686637 9.596133 0.200124
25 63.046608 36.091053 0.000000 2.876009 1.455635 2.654504 5.359930 11.698646 0.166667
26 63.264549 36.032600 0.000000 3.399366 1.405861 2.486506 4.883232 10.415228 0.166785
27 62.939003 36.056282 0.000000 3.314774 1.436229 2.595358 5.206886 11.324594 0.168631
28 63.178329 35.844883 0.000000 3.986629 1.414069 2.524730 5.020293 10.874765 0.200114
29 63.195278 36.015999 0.000000 4.190831 1.405234 2.480304 4.843833 10.236331 0.200109
30 63.123352 35.848053 0.000000 4.137290 1.415735 2.511409 4.933341 10.500146 0.200000
31 63.045250 35.873226 0.000000 3.738029 1.438849 2.592395 5.178473 11.212917 0.255600
32 62.994400 36.216209 0.000000 4.374589 1.468079 2.686926 5.437828 11.887239 0.200000
33 63.104317 35.866158 0.000000 4.307527 1.452887 2.641922 5.326413 11.636213 0.200020
34 63.241890 36.265942 0.000000 4.414149 1.444760 2.600483 5.176604 11.143421 0.200001
35 63.144581 35.880428 0.000000 4.025830 1.445528 2.616216 5.246882 11.399467 0.200005
36 63.240746 36.172802 0.000000 4.713167 1.427358 2.557130 5.078794 10.935843 0.201173
37 63.108597 36.248238 0.000000 4.330045 1.405189 2.477906 4.838679 10.235865 0.204751
38 63.183201 36.231815 0.000000 4.862031 1.426663 2.540810 5.003071 10.652065 0.200132
39 63.235191 36.064667 0.000000 5.388719 1.403713 2.458472 4.747844 9.894313 0.201957
40 63.087917 36.215408 0.000000 4.850326 1.434180 2.574979 5.112481 10.972673 0.166676
41 63.166607 36.108723 0.000000 5.235705 1.416396 2.502846 4.884343 10.300467 0.166667
42 63.386269 36.099724 0.000000 5.496174 1.376246 2.363376 4.472078 9.136887 0.166667
43 63.347385 36.118061 0.000000 5.502357 1.365843 2.334115 4.394829 8.931162 0.166667
44 63.273529 36.089188 0.000000 4.991012 1.374959 2.361593 4.461555 9.080088 0.166667
45 63.386951 36.265999 0.000000 5.300758 1.349594 2.278273 4.226641 8.448212 0.166667
46 63.430519 36.265049 0.000000 4.688028 1.332653 2.226306 4.086632 8.083343 0.166684
47 63.296974 36.250870 0.000000 4.961869 1.343618 2.249824 4.126199 8.122566 0.167032
48 63.473778 36.453609 0.000000 4.285724 1.318208 2.172610 3.929452 7.655155 0.166706
49 63.556442 36.841663 0.000000 3.779023 1.309400 2.155524 3.899454 7.610597 0.316160
50 63.578884 36.833870 0.000000 3.574425 1.348778 2.283789 4.272734 8.669089 0.150585
51 63.220531 37.014172 0.000000 3.831379 1.335994 2.261629 4.248884 8.688399 0.142857
52 63.285530 37.292316 0.000000 3.914853 1.306657 2.138646 3.836389 7.401273 0.142890
53 62.944031 37.723217 0.000000 3.552112 1.371399 2.346977 4.412175 8.919134 0.173469
54 62.377811 38.097099 0.000000 3.459006 1.360973 2.334528 4.440104 9.178043 0.210931
55 62.810539 38.332977 0.000000 2.819955 1.319961 2.198356 4.040068 8.037303 0.144633
56 62.938313 38.301899 0.000000 2.255209 1.345407 2.307010 4.405563 9.177244 0.166667
57 62.731266 38.438004 0.000000 1.795159 1.296405 2.112777 3.771140 7.228817 0.221036
59 62.487537 38.510845 0.000000 1.544194 1.281817 2.145125 4.078481 8.654729 0.144857
