%% Trajectory 12
%% frame x (pixel)     y (pixel)    z (pixel)      m0         m1           m2           m3           m4           s 
38 60.755360 29.311005 0.000000 0.865339 1.260963 1.999091 3.466729 6.458787 0.200898
39 61.324738 29.335987 0.000000 1.016323 1.264268 2.007596 3.485603 6.498778 0.166667
40 60.907604 29.208782 0.000000 1.044976 1.282691 2.083933 3.741079 7.288866 0.166667
41 60.977211 29.195448 0.000000 1.073323 1.357606 2.302197 4.286169 8.577165 0.166667
42 61.031773 29.220774 0.000000 1.227370 1.307420 2.149019 3.873412 7.502680 0.166667
43 60.906593 29.430532 0.000000 1.236728 1.264262 2.015296 3.529940 6.682552 0.166667
44 60.864655 29.408365 0.000000 1.445322 1.329986 2.216548 4.070444 8.085116 0.261508
45 60.951878 29.481625 0.000000 1.230881 1.330470 2.224128 4.093779 8.133709 0.166667
46 60.769875 29.508726 0.000000 1.523688 1.281453 2.061194 3.621725 6.818027 0.166667
47 60.876701 29.651033 0.000000 1.537239 1.296021 2.111537 3.792468 7.380208 0.166800
48 60.736748 29.376974 0.000000 1.775211 1.267196 2.013005 3.497540 6.527896 0.166667
49 60.665775 29.455269 0.000000 1.555007 1.263362 2.003382 3.471482 6.456111 0.200000
50 60.795864 29.489466 0.000000 2.184644 1.284344 2.064693 3.623375 6.809733 0.200133
51 61.044666 29.402992 0.000000 1.582181 1.365543 2.374426 4.633707 9.944934 0.232565
52 60.900055 29.433090 0.000000 1.972699 1.316364 2.182986 3.991099 7.899763 0.203957
53 60.654610 29.429087 0.000000 1.690196 1.258553 1.988999 3.437776 6.384292 0.166667
54 60.682293 29.541481 0.000000 2.011196 1.295331 2.099010 3.728510 7.131041 0.200000
55 60.852783 29.307463 0.000000 2.132949 1.284014 2.082912 3.737032 7.297501 0.200000
56 60.742336 29.665430 0.000000 2.076936 1.286264 2.071295 3.655795 6.948677 0.250000
57 60.813347 29.506273 0.000000 1.830322 1.280522 2.083839 3.762405 7.418557 0.200000
58 60.606506 29.535709 0.000000 1.846028 1.272321 2.027963 3.529627 6.585773 0.200000
59 60.657909 29.681276 0.000000 1.855339 1.313731 2.162813 3.906373 7.597208 0.200000
60 60.493694 29.943373 0.000000 1.701955 1.314474 2.177523 3.982676 7.895746 0.200000
61 60.496563 30.278051 0.000000 1.926417 1.232006 1.918869 3.275082 6.030245 0.200000
62 60.524025 30.318417 0.000000 1.732169 1.284084 2.070255 3.659790 6.969091 0.200000
63 60.736629 30.542959 0.000000 1.839267 1.264193 2.005952 3.486928 6.527358 0.200000
64 60.536591 30.522858 0.000000 2.048204 1.279466 2.047219 3.577891 6.703691 0.200000
65 60.559231 30.548613 0.000000 1.996228 1.316954 2.184798 4.002331 7.953197 0.200000
66 60.592705 30.920195 0.000000 1.596385 1.333832 2.253306 4.236850 8.706916 0.200000
67 60.594471 30.829405 0.000000 1.610257 1.328003 2.212935 4.068346 8.103392 0.200000
68 60.229435 31.127443 0.000000 1.237246 1.352909 2.291844 4.282014 8.652029 0.200000
69 60.171272 31.480160 0.000000 1.240903 1.305682 2.160362 3.967761 7.953717 0.200000
