%% Trajectory 12
%% frame x (pixel)     y (pixel)    z (pixel)      m0         m1           m2           m3           m4           s 
20 55.388271 91.467957 0.000000 1.174916 1.336035 2.217553 4.034492 7.894465 0.143260
21 55.322781 91.334282 0.000000 1.096482 1.293420 2.131719 3.899913 7.785317 0.166667
22 55.366390 91.474098 0.000000 1.423066 1.286390 2.099164 3.788135 7.434552 0.151543
23 55.443012 91.503113 0.000000 1.250850 1.347661 2.325521 4.512685 9.655207 0.243236
24 55.406879 91.562538 0.000000 1.615044 1.297990 2.114611 3.783394 7.302083 0.166667
25 55.287075 91.530212 0.000000 1.697385 1.290681 2.095602 3.758776 7.328762 0.200000
26 55.357914 91.438095 0.000000 1.732911 1.291932 2.108786 3.816186 7.536210 0.166667
27 55.343884 91.373016 0.000000 1.383680 1.283597 2.102998 3.844666 7.724914 0.200000
28 55.245766 91.507805 0.000000 1.747401 1.317226 2.200301 4.086128 8.289148 0.200000
29 55.325668 91.465294 0.000000 1.740676 1.283006 2.098333 3.816847 7.600430 0.167503
30 55.230541 91.539948 0.000000 1.705931 1.320597 2.210653 4.116212 8.377030 0.200000
31 55.321751 91.371765 0.000000 1.781185 1.295156 2.115771 3.819834 7.494077 0.200001
32 55.281029 91.261612 0.000000 1.913095 1.268931 2.036103 3.613252 6.984529 0.200000
33 55.092319 91.299164 0.000000 2.041318 1.375713 2.375708 4.540495 9.412157 0.200000
34 55.308266 91.063599 0.000000 2.085694 1.313641 2.163752 3.922625 7.683190 0.200126
35 55.255520 90.977600 0.000000 2.188251 1.292032 2.125271 3.886288 7.764425 0.223736
36 55.241215 91.064606 0.000000 2.115964 1.367532 2.368084 4.566462 9.600833 0.301931
37 55.434601 90.797333 0.000000 1.928323 1.286198 2.098916 3.800965 7.519300 0.167085
38 55.273201 90.564354 0.000000 2.050924 1.274658 2.042048 3.585608 6.780052 0.200000
39 55.554028 90.546516 0.000000 2.129304 1.288020 2.090639 3.730231 7.189504 0.250000
40 55.588425 90.202850 0.000000 2.362419 1.295288 2.093174 3.690984 6.965273 0.250022
41 55.693966 90.078873 0.000000 2.362745 1.343079 2.282275 4.289652 8.735369 0.250000
42 55.652607 90.142441 0.000000 1.941489 1.320448 2.171151 3.904795 7.533227 0.200014
43 55.611084 89.887848 0.000000 2.069856 1.355272 2.313254 4.384290 9.052909 0.238726
44 56.056385 89.536407 0.000000 1.934236 1.325384 2.199962 4.008794 7.862797 0.200002
45 56.301273 89.552254 0.000000 1.899823 1.332752 2.225937 4.092891 8.133320 0.200000
46 56.203144 89.529869 0.000000 1.471491 1.326740 2.213812 4.070250 8.087310 0.200000
