%% Trajectory 12
%% frame x (pixel)     y (pixel)    z (pixel)      m0         m1           m2           m3           m4           s 
21 55.087460 71.448296 0.000000 1.289218 1.289291 2.124495 3.903248 7.864054 0.203614
23 54.813156 71.177025 0.000000 1.380570 1.485976 2.753549 5.655944 12.582095 0.132521
24 55.050522 71.216408 0.000000 1.216631 1.361388 2.376978 4.665493 10.070452 0.142858
25 55.106922 71.292702 0.000000 1.705117 1.377449 2.393855 4.615744 9.662739 0.166053
26 55.168076 71.441628 0.000000 1.582766 1.319747 2.187428 3.987793 7.845022 0.142857
27 55.423969 71.308968 0.000000 2.002080 1.316572 2.159562 3.865987 7.405118 0.209820
28 55.430019 71.305649 0.000000 1.690768 1.362635 2.338545 4.454027 9.236388 0.166669
30 55.397621 71.135857 0.000000 2.987473 1.429791 2.562062 5.088993 10.954716 0.167597
31 55.268780 71.095039 0.000000 3.261703 1.434484 2.571506 5.108071 10.999246 0.166667
32 55.165642 70.916779 0.000000 3.376754 1.394714 2.441786 4.736509 9.966187 0.166667
33 55.025433 70.950691 0.000000 3.301552 1.395043 2.472977 4.888604 10.530441 0.171672
34 55.137341 70.985985 0.000000 3.904736 1.413867 2.510055 4.934300 10.502855 0.253066
35 55.111862 70.986969 0.000000 4.134745 1.379880 2.401731 4.632812 9.690889 0.166680
36 55.186310 71.131912 0.000000 4.354867 1.359765 2.307762 4.299743 8.615394 0.166667
37 55.174053 71.054573 0.000000 4.363856 1.360573 2.316919 4.350387 8.824027 0.200000
38 55.246967 70.939606 0.000000 4.529105 1.365592 2.329333 4.365686 8.804580 0.166667
39 55.245052 70.873344 0.000000 4.848005 1.349133 2.278220 4.230039 8.463900 0.200000
40 55.154751 70.748154 0.000000 4.419436 1.333113 2.214661 4.027559 7.858446 0.200000
41 55.176525 70.472954 0.000000 4.689023 1.329125 2.197946 3.976626 7.720029 0.250000
42 55.433182 70.253708 0.000000 4.668160 1.334992 2.224364 4.065662 7.997930 0.200000
43 55.309750 70.113609 0.000000 5.504777 1.355673 2.293980 4.264061 8.535301 0.250000
44 55.523731 70.097557 0.000000 5.453910 1.394333 2.413414 4.590726 9.400992 0.250000
45 55.449635 69.595055 0.000000 5.192766 1.364066 2.314562 4.302578 8.584404 0.200000
47 55.999294 69.675751 0.000000 3.705161 1.418378 2.518131 4.946186 10.513970 0.202381
48 55.916634 70.373001 0.000000 3.640701 1.380201 2.369292 4.463202 9.036166 0.200000
49 56.048557 70.601677 0.000000 3.279902 1.379698 2.385178 4.551064 9.386247 0.168096
50 56.086548 70.312744 0.000000 2.445584 1.331258 2.244645 4.222103 8.706299 0.166670
51 56.168011 70.094986 0.000000 1.560659 1.375664 2.432238 4.813106 10.412755 0.166748
