%% Trajectory 22
%% frame x (pixel)     y (pixel)    z (pixel)      m0         m1           m2           m3           m4           s 
80 90.128128 60.344749 0.000000 1.005543 1.282199 2.066919 3.648338 6.919028 0.200000
81 90.109016 60.240967 0.000000 1.063589 1.323942 2.187543 3.953193 7.657490 0.183463
82 90.089813 60.525326 0.000000 1.139330 1.294416 2.115206 3.820324 7.499868 0.143089
83 90.216270 60.263329 0.000000 1.197597 1.315329 2.154864 3.855197 7.384267 0.212262
85 90.126778 60.386345 0.000000 1.156705 1.304528 2.131172 3.820879 7.380853 0.200000
86 90.203011 60.266819 0.000000 1.404508 1.316133 2.178234 3.968769 7.813221 0.166667
87 89.987663 60.431175 0.000000 1.309534 1.317844 2.185325 3.992189 7.884580 0.166669
88 90.301765 60.218689 0.000000 1.432397 1.287553 2.070618 3.635421 6.836755 0.166667
89 90.070068 60.212070 0.000000 1.345317 1.309633 2.154904 3.895970 7.590503 0.166667
90 90.022141 60.321121 0.000000 1.397886 1.362828 2.338458 4.444566 9.168900 0.142957
93 90.119240 60.206650 0.000000 1.595337 1.337608 2.239638 4.116125 8.138069 0.147613
94 89.969246 60.316254 0.000000 1.694367 1.351887 2.304044 4.360368 8.989190 0.129017
95 89.919670 60.329132 0.000000 1.731772 1.305221 2.147686 3.894357 7.638315 0.149944
96 89.937637 60.318119 0.000000 1.573263 1.335228 2.241241 4.159807 8.377888 0.272691
97 89.967026 60.278362 0.000000 1.592242 1.317491 2.187779 4.010156 7.964155 0.129108
98 89.954338 60.381485 0.000000 1.740041 1.330402 2.240874 4.192438 8.552378 0.166911
99 89.978333 60.361588 0.000000 1.658301 1.335248 2.254725 4.219476 8.586937 0.170944
100 89.912567 60.363026 0.000000 1.576233 1.346284 2.283783 4.294617 8.783090 0.111129
101 90.048309 60.204350 0.000000 1.670169 1.337776 2.250181 4.167346 8.326965 0.117786
102 89.996460 60.120979 0.000000 1.687460 1.371435 2.372650 4.555910 9.506808 0.111318
103 90.081139 60.014446 0.000000 1.601300 1.374360 2.384025 4.586038 9.574197 0.111124
104 89.908798 59.991478 0.000000 1.621418 1.376928 2.389087 4.596414 9.601204 0.112164
106 90.106216 59.837406 0.000000 1.887834 1.358733 2.328604 4.426861 9.148112 0.130978
107 89.929344 59.821743 0.000000 1.703286 1.353342 2.308328 4.368491 8.993935 0.214493
108 89.837288 59.570370 0.000000 1.676596 1.311704 2.151637 3.866717 7.471230 0.125008
109 89.672127 59.328548 0.000000 1.573573 1.310548 2.157436 3.911454 7.672217 0.125008
110 89.798607 59.198959 0.000000 1.590684 1.323452 2.198721 4.021411 7.945760 0.229607
111 89.689423 59.180138 0.000000 1.445327 1.313109 2.159770 3.904345 7.618626 0.221351
