%% Trajectory 29
%% frame x (pixel)     y (pixel)    z (pixel)      m0         m1           m2           m3           m4           s 
86 63.815796 43.330666 0.000000 1.120030 1.484146 2.752284 5.665802 12.642062 0.142869
87 64.066826 43.360275 0.000000 1.007771 1.418078 2.512679 4.936117 10.530331 0.131488
88 63.582230 43.527935 0.000000 1.210611 1.456051 2.629087 5.249459 11.335840 0.167822
89 63.526699 43.740074 0.000000 1.191176 1.385008 2.381579 4.491709 9.106068 0.166667
90 63.461826 43.187267 0.000000 1.066241 1.336465 2.225663 4.056566 7.931673 0.166667
91 63.486794 43.271011 0.000000 1.432119 1.402445 2.433857 4.636726 9.500127 0.200005
92 63.718338 43.291210 0.000000 1.587716 1.406514 2.460138 4.740095 9.855075 0.200000
93 63.899609 43.631149 0.000000 1.657632 1.444910 2.619365 5.276786 11.546679 0.261988
94 63.787266 43.531498 0.000000 1.813245 1.359225 2.303236 4.290697 8.614048 0.200002
95 63.960522 43.687084 0.000000 1.877915 1.460786 2.646843 5.288724 11.394645 0.200000
96 64.360565 43.629871 0.000000 1.773364 1.392136 2.419258 4.633484 9.583015 0.167152
97 63.936127 43.512684 0.000000 1.864954 1.435860 2.567672 5.072300 10.832569 0.237166
98 64.104065 43.561058 0.000000 1.915693 1.438120 2.555732 4.997301 10.525417 0.166667
99 63.889347 43.509731 0.000000 2.203663 1.459701 2.644656 5.292619 11.441549 0.200000
100 63.971428 43.441528 0.000000 1.984482 1.420460 2.509712 4.895524 10.318059 0.200000
101 64.167900 43.477371 0.000000 2.311844 1.427467 2.534510 4.964777 10.502394 0.166670
102 63.811272 43.594257 0.000000 2.737040 1.379079 2.372277 4.497411 9.214097 0.207593
103 63.760529 43.601925 0.000000 2.499517 1.402820 2.435863 4.631003 9.439206 0.200036
104 63.573032 43.854431 0.000000 2.536561 1.416407 2.483405 4.779322 9.885000 0.169349
105 63.472679 43.837891 0.000000 2.658503 1.431540 2.536415 4.937945 10.339887 0.166790
106 63.008518 43.850571 0.000000 2.198420 1.512263 2.830545 5.850361 13.035610 0.166667
107 62.825420 44.088631 0.000000 2.348293 1.406022 2.485644 4.873693 10.366887 0.170178
108 62.685402 43.518871 0.000000 2.562630 1.374532 2.357394 4.453500 9.083311 0.143258
109 62.474503 43.180279 0.000000 2.802252 1.368702 2.343477 4.422359 9.019014 0.200000
110 62.506466 43.148003 0.000000 2.952682 1.381861 2.371263 4.466950 9.051158 0.166667
111 62.543350 43.153221 0.000000 2.497412 1.357652 2.286590 4.211798 8.311728 0.207250
112 62.143253 42.716827 0.000000 2.106685 1.375582 2.358127 4.459045 9.121958 0.200000
113 62.672356 43.086201 0.000000 1.668621 1.358831 2.303066 4.288145 8.590855 0.166668
114 62.906155 43.511322 0.000000 1.822814 1.327447 2.214523 4.081827 8.161368 0.166667
115 63.050007 43.700642 0.000000 1.416078 1.417900 2.510498 4.926444 10.481094 0.167190
