%% Trajectory 8
%% frame x (pixel)     y (pixel)    z (pixel)      m0         m1           m2           m3           m4           s 
6 57.468693 66.116173 0.000000 1.009902 1.222114 1.894653 3.239737 6.031734 0.142857
8 57.054794 66.509171 0.000000 0.922704 1.235595 1.974417 3.508805 6.826692 0.142857
9 57.027863 66.162094 0.000000 1.152853 1.367490 2.394268 4.707170 10.173103 0.142857
10 56.876026 66.230194 0.000000 1.525417 1.340292 2.253336 4.178459 8.384213 0.125595
11 57.213955 66.563103 0.000000 0.906940 1.264897 2.052658 3.721318 7.409867 0.259459
13 56.905785 66.049706 0.000000 1.493474 1.374331 2.373651 4.525200 9.323017 0.113421
14 57.021114 65.931221 0.000000 1.556684 1.374257 2.388537 4.612137 9.688287 0.111555
15 57.309734 66.029861 0.000000 1.784712 1.398673 2.452397 4.759701 10.011935 0.140109
16 57.127258 66.153679 0.000000 1.974995 1.468386 2.657903 5.279252 11.247798 0.184192
17 57.068695 65.907372 0.000000 1.889698 1.423761 2.521081 4.921335 10.358648 0.115399
18 57.186375 65.717834 0.000000 1.770040 1.390839 2.416014 4.619031 9.515836 0.154811
19 57.172482 65.887840 0.000000 1.977214 1.408648 2.466361 4.747675 9.833298 0.138078
20 57.123299 65.748726 0.000000 2.309529 1.364788 2.328370 4.376122 8.879580 0.166667
21 57.107777 65.433891 0.000000 2.416762 1.459391 2.654296 5.339739 11.610611 0.238042
22 57.163361 65.612343 0.000000 2.191138 1.359269 2.302851 4.288909 8.602745 0.175474
23 57.319508 65.683708 0.000000 2.389179 1.385657 2.391817 4.541864 9.296568 0.169125
24 57.343128 65.396370 0.000000 2.968971 1.422723 2.507880 4.866810 10.183640 0.142889
26 57.017754 65.471893 0.000000 2.030422 1.461293 2.639655 5.230911 11.115283 0.166667
27 57.135063 65.635063 0.000000 2.077712 1.389576 2.406200 4.592933 9.470263 0.166668
28 57.094433 65.429794 0.000000 1.941292 1.406541 2.459969 4.732598 9.802185 0.166667
29 56.979485 65.309380 0.000000 2.084819 1.357813 2.312488 4.338672 8.786633 0.167342
30 56.641212 64.981522 0.000000 1.908456 1.396935 2.455689 4.802360 10.220031 0.238807
31 56.642853 64.496254 0.000000 2.385434 1.364878 2.325677 4.354814 8.784218 0.168469
32 56.736065 64.608604 0.000000 2.214561 1.437214 2.577837 5.108335 10.936110 0.166918
33 56.671738 64.362061 0.000000 2.013350 1.444207 2.589144 5.126374 10.965270 0.166667
34 56.586254 64.291069 0.000000 2.169167 1.452926 2.623902 5.230240 11.250343 0.145402
35 56.604275 63.940830 0.000000 2.681330 1.445480 2.598191 5.160198 11.077593 0.166677
36 56.609985 64.601311 0.000000 2.773095 1.424795 2.524533 4.927318 10.372108 0.166699
37 56.787704 64.253357 0.000000 2.635243 1.422232 2.523021 4.942213 10.461393 0.166667
