%% Trajectory 27
%% frame x (pixel)     y (pixel)    z (pixel)      m0         m1           m2           m3           m4           s 
85 58.269787 39.391403 0.000000 1.071675 1.363222 2.331117 4.399492 8.984190 0.202475
86 58.031223 39.717087 0.000000 1.548098 1.337372 2.260538 4.236400 8.633636 0.265863
87 58.110535 39.592461 0.000000 1.452752 1.343288 2.264458 4.212260 8.474201 0.172796
88 57.847523 39.714035 0.000000 1.707293 1.335023 2.226271 4.081950 8.077655 0.191257
89 58.067200 39.519073 0.000000 1.504160 1.351866 2.300483 4.319564 8.768749 0.191572
90 58.162556 39.687519 0.000000 1.805165 1.317613 2.183702 3.988727 7.879471 0.172671
91 57.989506 39.602623 0.000000 2.040497 1.383112 2.405079 4.623795 9.627222 0.166671
92 57.923149 39.535851 0.000000 2.162129 1.363913 2.330891 4.392408 8.947495 0.169992
93 58.091167 39.657356 0.000000 2.461861 1.355948 2.298158 4.282531 8.599913 0.200387
94 58.185722 39.742268 0.000000 2.493350 1.375950 2.356838 4.432266 8.963336 0.200000
95 58.285641 39.736740 0.000000 2.322018 1.310337 2.149076 3.861938 7.457836 0.200002
96 58.516605 40.023491 0.000000 2.642807 1.335959 2.228797 4.072690 7.988551 0.250000
97 58.329945 40.017193 0.000000 2.070845 1.362195 2.327048 4.376818 8.879204 0.166668
98 58.130680 40.275154 0.000000 2.453003 1.354925 2.285398 4.221485 8.368772 0.250000
99 58.121017 40.488831 0.000000 2.707336 1.320848 2.180648 3.948507 7.694412 0.200000
100 57.753563 40.575832 0.000000 2.803405 1.276350 2.040816 3.563390 6.668491 0.166667
101 57.624580 40.759304 0.000000 2.808770 1.307985 2.141250 3.831198 7.345974 0.166667
102 57.528393 40.839184 0.000000 2.835816 1.297688 2.106296 3.732329 7.079763 0.166667
103 57.594093 41.093597 0.000000 2.699873 1.288181 2.082108 3.679584 6.972480 0.167122
104 57.461452 41.500996 0.000000 2.485648 1.295673 2.097874 3.707457 7.012141 0.166667
105 57.057194 41.572170 0.000000 1.968163 1.292982 2.111572 3.795966 7.369446 0.166667
