%% Trajectory 8
%% frame x (pixel)     y (pixel)    z (pixel)      m0         m1           m2           m3           m4           s 
4 46.107075 34.967369 0.000000 1.563138 1.340139 2.277371 4.275423 8.681809 0.131508
5 46.125671 34.850670 0.000000 1.570656 1.328556 2.223090 4.117913 8.292056 0.227547
6 45.918930 34.735687 0.000000 1.588836 1.264389 2.032403 3.617908 7.020031 0.222357
7 46.006210 34.586033 0.000000 1.432253 1.322725 2.232908 4.201405 8.646402 0.144215
8 46.160828 34.668442 0.000000 1.931122 1.305687 2.148669 3.902970 7.689825 0.156424
9 45.947880 34.822918 0.000000 2.005502 1.301437 2.155087 3.967769 7.977499 0.090909
10 46.010681 34.647881 0.000000 2.394280 1.322538 2.217557 4.130965 8.391984 0.125000
11 45.911015 34.717117 0.000000 2.125737 1.307913 2.163865 3.959507 7.870350 0.125000
12 45.934345 34.689659 0.000000 2.790559 1.325016 2.218874 4.113471 8.283169 0.142857
13 45.833271 34.732979 0.000000 2.953026 1.316094 2.177291 3.966607 7.809062 0.142857
14 45.842617 34.701767 0.000000 3.246548 1.342547 2.258850 4.188137 8.391427 0.166667
15 45.858612 34.796230 0.000000 2.996631 1.338269 2.262720 4.241859 8.648208 0.250000
16 45.833618 34.718452 0.000000 3.118509 1.344967 2.271117 4.237490 8.571505 0.250000
17 45.837292 34.676380 0.000000 3.081122 1.326497 2.216153 4.085021 8.152238 0.200000
18 45.819115 34.690006 0.000000 3.554114 1.315214 2.175005 3.960478 7.790707 0.250000
19 45.733776 34.602016 0.000000 3.701773 1.322501 2.194882 4.012565 7.932827 0.200000
20 45.866543 34.666401 0.000000 3.697571 1.344475 2.267498 4.215962 8.472856 0.200000
21 45.844604 34.743645 0.000000 3.619622 1.331146 2.221545 4.081216 8.095812 0.200000
22 45.781815 34.596291 0.000000 3.666665 1.322110 2.190991 3.990817 7.840066 0.200000
23 45.880821 34.534084 0.000000 3.615062 1.320999 2.196455 4.028664 8.002277 0.200000
24 45.807388 34.403152 0.000000 3.770211 1.318819 2.181324 3.968530 7.796030 0.200001
25 45.727711 34.443352 0.000000 3.991722 1.319022 2.180178 3.958926 7.752506 0.250001
26 45.612602 34.440090 0.000000 3.952154 1.316452 2.168057 3.914605 7.604454 0.166667
27 45.593666 34.403339 0.000000 4.046044 1.295053 2.098842 3.719262 7.071412 0.142857
28 45.605835 34.389957 0.000000 3.584785 1.305558 2.130919 3.806627 7.303239 0.166667
29 45.478722 34.498806 0.000000 3.424366 1.312993 2.156319 3.875597 7.477701 0.166667
30 45.480896 34.414219 0.000000 3.278626 1.324699 2.199110 4.014602 7.911462 0.200000
31 45.523369 34.315159 0.000000 3.353838 1.345425 2.266813 4.201719 8.404331 0.166667
32 45.361076 34.339561 0.000000 3.441022 1.312992 2.159100 3.890264 7.534909 0.200008
33 45.480721 34.317730 0.000000 3.251185 1.336397 2.233791 4.103512 8.129728 0.166667
34 45.434875 34.386692 0.000000 3.242301 1.310486 2.160055 3.919628 7.690608 0.167350
35 45.633083 34.436478 0.000000 3.221545 1.322070 2.191917 3.995520 7.860581 0.166961
36 45.498627 34.617245 0.000000 2.978216 1.304756 2.138637 3.850426 7.476783 0.145784
37 45.658707 34.617737 0.000000 2.677614 1.278907 2.080263 3.752773 7.390593 0.145607
38 45.709370 34.377251 0.000000 2.796708 1.291147 2.131137 3.923856 7.929433 0.145229
39 45.807911 34.261772 0.000000 2.388381 1.301812 2.175580 4.078028 8.428369 0.142861
40 45.728455 34.202702 0.000000 2.574174 1.351224 2.347684 4.587113 9.869471 0.195825
41 45.772667 34.035084 0.000000 2.727139 1.367039 2.398533 4.726790 10.234633 0.126984
42 45.639267 34.125645 0.000000 2.879291 1.337967 2.292883 4.403480 9.292694 0.125171
43 45.812641 34.173824 0.000000 2.842389 1.345279 2.320259 4.494225 9.582164 0.125143
44 45.784557 34.125858 0.000000 2.826872 1.309358 2.203179 4.160084 8.659207 0.111111
45 45.719578 33.984520 0.000000 2.712116 1.364751 2.386187 4.685650 10.115098 0.112805
46 45.862816 34.036091 0.000000 2.825363 1.372254 2.421138 4.807380 10.504160 0.100450
47 45.755566 34.115005 0.000000 2.864759 1.320539 2.235867 4.248456 8.894315 0.090909
48 45.753574 34.060162 0.000000 2.784636 1.326113 2.278874 4.420177 9.482486 0.090909
49 45.866024 34.032261 0.000000 2.576367 1.351057 2.363786 4.669879 10.187626 0.094412
50 45.803890 34.119957 0.000000 2.686137 1.335746 2.301491 4.466442 9.565878 0.101192
51 45.789352 34.189861 0.000000 2.588094 1.348130 2.356572 4.659407 10.190436 0.171221
52 45.571430 34.130764 0.000000 2.756067 1.361002 2.386712 4.719687 10.291154 0.202938
53 45.590664 34.147816 0.000000 2.406154 1.350903 2.361039 4.671387 10.229104 0.198003
54 45.405144 33.901665 0.000000 2.300274 1.442401 2.690055 5.679862 13.183341 0.100911
55 45.183552 34.058773 0.000000 2.337535 1.446937 2.688893 5.638185 12.965175 0.103005
56 44.993637 34.157314 0.000000 2.237391 1.507785 2.897433 6.243412 14.644701 0.098923
57 44.784634 34.097454 0.000000 2.315186 1.466175 2.763178 5.891585 13.806806 0.148472
