%% Trajectory 10
%% frame x (pixel)     y (pixel)    z (pixel)      m0         m1           m2           m3           m4           s 
10 90.184196 54.779057 0.000000 0.845727 1.297059 2.116257 3.809446 7.435999 0.200000
11 89.893585 54.859283 0.000000 0.987915 1.331999 2.234100 4.122990 8.205186 0.200000
13 89.843796 54.933121 0.000000 1.070769 1.298148 2.125849 3.842086 7.527242 0.200000
14 89.716301 54.970097 0.000000 1.210259 1.331723 2.222031 4.085169 8.119194 0.200006
15 89.673225 54.983330 0.000000 1.279492 1.354538 2.347767 4.546598 9.633267 0.200000
16 89.614250 54.589699 0.000000 1.197557 1.293570 2.107190 3.772744 7.291528 0.166667
17 89.680122 54.684856 0.000000 1.354703 1.341115 2.244103 4.121116 8.141261 0.168824
18 89.856377 54.885429 0.000000 1.559171 1.329199 2.234978 4.175052 8.505733 0.254087
19 89.711998 54.676277 0.000000 1.797148 1.331698 2.210436 4.021881 7.864738 0.297739
20 89.836533 55.020813 0.000000 1.739029 1.412536 2.513501 4.953533 10.570786 0.166667
21 89.453522 54.638573 0.000000 1.972979 1.305740 2.123147 3.765300 7.140162 0.211288
22 89.805725 54.817459 0.000000 2.615914 1.276689 2.053409 3.638884 6.987637 0.166668
23 89.640114 54.812366 0.000000 2.937540 1.285355 2.074239 3.670620 6.993546 0.175852
24 89.772408 54.983154 0.000000 2.266097 1.362475 2.326609 4.380825 8.906318 0.424814
25 89.558479 54.663055 0.000000 2.956959 1.274580 2.038282 3.560961 6.669799 0.171918
26 89.661575 54.766197 0.000000 2.752175 1.314340 2.181574 3.991900 7.899601 0.210899
27 89.491371 54.698296 0.000000 2.474051 1.327167 2.197461 3.982875 7.747192 0.200000
28 89.600861 54.703037 0.000000 3.335012 1.329952 2.217428 4.074783 8.101275 0.173221
29 89.595543 54.836014 0.000000 3.181445 1.298203 2.112599 3.765062 7.209817 0.200075
30 89.536591 54.752026 0.000000 3.769630 1.294619 2.103956 3.748563 7.185868 0.166667
31 89.641190 54.694313 0.000000 3.583276 1.271453 2.029605 3.546798 6.664704 0.200000
32 89.715416 54.871952 0.000000 3.344790 1.319054 2.189572 4.003261 7.910585 0.201588
33 89.550537 54.763905 0.000000 4.060973 1.296957 2.102912 3.723977 7.063999 0.200000
34 89.410637 54.949108 0.000000 3.696888 1.322589 2.200387 4.028132 7.957745 0.200000
35 89.236382 54.711002 0.000000 4.096277 1.307123 2.130312 3.785076 7.185540 0.200000
36 89.097534 54.582142 0.000000 3.723907 1.299331 2.121701 3.804196 7.353091 0.166672
37 88.904991 54.408150 0.000000 3.492650 1.329629 2.218716 4.077228 8.096374 0.166667
38 88.708008 54.515343 0.000000 3.607642 1.286258 2.076757 3.682481 7.047895 0.166864
39 88.608551 54.310249 0.000000 3.585050 1.314662 2.168571 3.931690 7.692659 0.142910
40 88.575996 54.229183 0.000000 3.561280 1.311332 2.147748 3.846244 7.387084 0.142857
41 88.365364 54.158112 0.000000 4.039524 1.365360 2.324447 4.352923 8.790913 0.166667
43 88.673492 53.306881 0.000000 2.919317 1.371072 2.358223 4.487442 9.261602 0.142857
44 88.508156 53.414459 0.000000 2.248880 1.437248 2.586304 5.162193 11.173153 0.340242
45 88.277969 53.199596 0.000000 2.098236 1.404465 2.493863 4.959286 10.809475 0.250000
46 88.317223 53.785126 0.000000 1.786877 1.354816 2.282829 4.225308 8.422594 0.200001
