%% Trajectory 5
%% frame x (pixel)     y (pixel)    z (pixel)      m0         m1           m2           m3           m4           s 
2 50.689217 34.667469 0.000000 1.516211 1.547371 2.955571 6.234117 14.156731 0.344275
3 50.647915 34.005100 0.000000 1.301605 1.552913 3.023058 6.546365 15.335449 0.166667
4 50.736843 34.565563 0.000000 1.580019 1.553775 2.960932 6.219009 14.054066 0.200008
5 50.682209 34.573322 0.000000 1.677100 1.471768 2.684209 5.401711 11.724060 0.201209
7 51.050632 34.599335 0.000000 1.967210 1.561951 3.003140 6.360876 14.476138 0.200000
8 50.871819 34.814960 0.000000 2.099866 1.545962 2.960353 6.266614 14.298311 0.166667
9 50.719910 34.581963 0.000000 2.031422 1.539393 2.919536 6.109731 13.766853 0.200782
10 50.844780 34.558510 0.000000 2.117943 1.517254 2.841227 5.878232 13.122163 0.250000
11 50.895042 34.651638 0.000000 2.168278 1.513537 2.842440 5.906841 13.262485 0.250000
12 50.623074 34.690701 0.000000 2.272541 1.545572 2.951635 6.229981 14.171362 0.200000
13 50.754120 34.617542 0.000000 2.328006 1.552633 2.973563 6.282825 14.286166 0.200000
14 50.784748 34.726845 0.000000 2.391775 1.510808 2.813507 5.775072 12.761357 0.200000
15 50.692066 34.505875 0.000000 2.293171 1.518218 2.846815 5.889858 13.124967 0.200000
16 50.832935 34.738838 0.000000 2.369465 1.446523 2.599350 5.162137 11.083705 0.167317
17 50.717869 34.546959 0.000000 2.500356 1.457455 2.638079 5.267637 11.343331 0.167898
18 50.732323 34.794678 0.000000 2.828494 1.479870 2.714915 5.502398 12.037359 0.167987
19 51.011936 35.184189 0.000000 2.522976 1.507657 2.811717 5.781482 12.795150 0.172282
20 51.106350 35.174061 0.000000 2.875617 1.456173 2.625335 5.214733 11.157344 0.148418
21 51.088806 35.227715 0.000000 2.886893 1.434765 2.562721 5.046394 10.712860 0.184207
22 51.181194 35.270859 0.000000 3.231131 1.409977 2.471074 4.767624 9.913550 0.166667
23 51.146130 35.594185 0.000000 2.933887 1.389046 2.393059 4.521336 9.174886 0.201408
24 51.317142 35.441048 0.000000 3.111672 1.341980 2.235291 4.065072 7.907453 0.203828
26 50.789188 36.200848 0.000000 3.815342 1.380652 2.377736 4.516068 9.274634 0.227777
28 50.526886 36.500587 0.000000 2.567570 1.453003 2.599955 5.104303 10.761932 0.126725
30 51.257339 36.607117 0.000000 1.824770 1.540981 2.921343 6.095703 13.663507 0.179098
31 50.804489 36.247150 0.000000 1.635323 1.488156 2.729603 5.508011 11.954050 0.173313
33 50.465069 36.337193 0.000000 1.458544 1.482287 2.729464 5.557329 12.228675 0.112032
34 50.604443 36.462791 0.000000 1.539256 1.372972 2.336118 4.352045 8.700519 0.202700
36 50.322403 36.014046 0.000000 1.506739 1.398515 2.440116 4.690675 9.727655 0.125390
