%% Trajectory 39
%% frame x (pixel)     y (pixel)    z (pixel)      m0         m1           m2           m3           m4           s 
60 18.339001 57.309422 0.000000 1.185521 1.457844 2.702780 5.615317 12.748185 0.142938
62 18.473700 57.249046 0.000000 1.315373 1.369792 2.372337 4.583264 9.684978 0.202339
63 18.408243 56.616673 0.000000 1.259765 1.348649 2.265471 4.185650 8.343091 0.166669
65 19.453918 57.378025 0.000000 1.424827 1.364344 2.348661 4.508028 9.461474 0.145607
67 18.709423 57.418861 0.000000 1.672337 1.459304 2.640022 5.283018 11.441483 0.208261
68 18.430841 57.105736 0.000000 2.246297 1.454955 2.651511 5.369038 11.799741 0.166842
69 18.389568 56.997574 0.000000 2.810229 1.375233 2.363864 4.477331 9.157429 0.143617
70 18.509634 57.297245 0.000000 2.580060 1.385401 2.388457 4.520833 9.207309 0.142857
71 18.225044 56.929890 0.000000 2.949728 1.376688 2.366866 4.490667 9.209221 0.142857
72 18.286638 57.195049 0.000000 2.491597 1.321979 2.199142 4.025434 7.953744 0.142857
73 18.513391 57.198765 0.000000 3.308822 1.372010 2.357091 4.472913 9.193350 0.142857
74 18.485188 57.008282 0.000000 2.538094 1.366109 2.343030 4.441236 9.119574 0.200000
75 18.421316 57.084843 0.000000 3.382298 1.378164 2.387521 4.576127 9.509551 0.166667
76 18.251219 57.196758 0.000000 3.707142 1.396269 2.427689 4.650919 9.621024 0.200000
77 18.290039 57.196503 0.000000 3.713653 1.415876 2.517529 4.968902 10.654315 0.166667
78 18.469137 57.246185 0.000000 3.779676 1.340407 2.229679 4.068643 7.993193 0.125000
80 18.317770 57.163544 0.000000 5.326985 1.351945 2.291004 4.286768 8.689034 0.166667
81 18.384083 57.205788 0.000000 4.808516 1.354662 2.295181 4.288472 8.671497 0.200000
82 18.470657 57.318394 0.000000 4.343341 1.324352 2.188451 3.967373 7.744796 0.142857
83 18.501453 57.367851 0.000000 4.805889 1.315106 2.154005 3.844418 7.325344 0.166667
84 18.624855 57.418110 0.000000 5.295641 1.341957 2.228204 4.031877 7.788482 0.200000
85 18.861490 57.513035 0.000000 4.455736 1.354752 2.291298 4.265211 8.570166 0.201891
86 18.911486 57.578789 0.000000 5.128094 1.345816 2.251334 4.117842 8.069133 0.200000
87 19.053604 57.414467 0.000000 5.795460 1.335520 2.245173 4.167739 8.379991 0.168001
88 19.372911 57.425171 0.000000 5.494316 1.348055 2.264371 4.168014 8.243307 0.250008
89 19.476273 57.364517 0.000000 4.781125 1.305660 2.127854 3.780560 7.176640 0.200000
90 19.610813 57.053108 0.000000 5.027709 1.353999 2.299128 4.307024 8.730562 0.200051
91 19.532913 57.055992 0.000000 5.020726 1.361299 2.314054 4.325797 8.718345 0.200000
93 19.590097 56.842106 0.000000 3.387625 1.320465 2.194200 4.026185 8.012620 0.200011
94 19.658432 56.787357 0.000000 3.635736 1.341718 2.266821 4.233250 8.572661 0.166668
95 19.448376 56.591682 0.000000 3.018594 1.330888 2.197554 3.949503 7.567075 0.200000
97 19.765724 56.590885 0.000000 1.792953 1.365174 2.348307 4.462345 9.184875 0.200000
98 19.693510 56.838299 0.000000 1.707808 1.446688 2.608806 5.219970 11.326543 0.200000
101 19.748209 55.516918 0.000000 1.495426 1.369220 2.369497 4.548570 9.496478 0.167048
