%% Trajectory 12
%% frame x (pixel)     y (pixel)    z (pixel)      m0         m1           m2           m3           m4           s 
33 42.582806 14.810282 0.000000 0.943301 1.321627 2.203141 4.058969 8.115720 0.250000
35 42.545307 15.226937 0.000000 0.929503 1.257232 2.025116 3.631100 7.139401 0.268059
37 42.386768 16.183331 0.000000 1.217829 1.439285 2.619341 5.337284 11.888825 0.200053
39 42.358604 15.102704 0.000000 1.557765 1.371614 2.354551 4.461453 9.144056 0.250000
40 42.019344 15.214114 0.000000 1.828962 1.469820 2.690555 5.438398 11.852283 0.200000
42 42.318501 15.290009 0.000000 1.708684 1.472100 2.676308 5.346003 11.478409 0.166667
43 41.820797 15.610037 0.000000 1.684455 1.390713 2.410566 4.623848 9.618208 0.142857
44 41.744179 15.492682 0.000000 1.846037 1.395995 2.434596 4.681752 9.723359 0.250000
45 41.751511 15.183652 0.000000 2.089284 1.500350 2.818125 5.873225 13.234305 0.200000
46 41.801830 14.729631 0.000000 2.036344 1.487746 2.735301 5.546731 12.126928 0.125000
48 41.844776 15.191931 0.000000 1.963175 1.376868 2.376368 4.537791 9.390123 0.142857
49 41.933826 15.289028 0.000000 2.334204 1.392898 2.468576 4.893371 10.611188 0.166667
50 41.852932 15.216138 0.000000 2.196693 1.462507 2.686126 5.495836 12.222930 0.123320
51 41.735756 15.273444 0.000000 2.837864 1.406680 2.477965 4.840705 10.269799 0.166667
52 41.789284 15.338532 0.000000 2.129575 1.411487 2.483852 4.828832 10.150264 0.125000
53 41.703178 15.309630 0.000000 2.402322 1.438983 2.609649 5.273077 11.596474 0.250264
55 41.850605 15.306536 0.000000 3.414835 1.449082 2.616213 5.220089 11.255010 0.250000
56 41.926796 15.213515 0.000000 3.180930 1.463378 2.658180 5.330486 11.532884 0.200002
57 41.783867 15.633463 0.000000 3.650940 1.434649 2.561234 5.046531 10.738987 0.200000
58 42.108173 15.461881 0.000000 3.279650 1.448244 2.592428 5.104521 10.817340 0.333336
59 41.858585 15.647630 0.000000 3.635812 1.468816 2.685854 5.433937 11.886129 0.203763
60 41.827435 15.910835 0.000000 3.610162 1.440807 2.588670 5.151814 11.113672 0.396892
61 41.488556 16.078516 0.000000 4.136025 1.422657 2.528039 4.979067 10.637543 0.250000
62 41.483963 16.223618 0.000000 3.390898 1.386990 2.405740 4.601894 9.511598 0.405949
63 41.664001 15.929411 0.000000 3.246422 1.488773 2.760414 5.664185 12.558951 0.313530
64 41.509430 16.385380 0.000000 3.472545 1.403764 2.437706 4.636723 9.459560 0.250000
65 41.290810 16.434328 0.000000 3.481320 1.406468 2.450316 4.681674 9.605168 0.200000
66 41.365433 16.391787 0.000000 3.003564 1.371895 2.343849 4.412961 8.977658 0.250000
67 41.221966 16.587275 0.000000 2.846016 1.468135 2.678705 5.392828 11.707407 0.250001
69 41.403496 16.519999 0.000000 1.019957 1.711356 3.565971 8.147202 19.863060 0.125000
