%% Trajectory 4
%% frame x (pixel)     y (pixel)    z (pixel)      m0         m1           m2           m3           m4           s 
0 37.720005 64.297707 0.000000 2.390558 1.338765 2.247829 4.176955 8.439445 0.200001
1 37.680836 64.214790 0.000000 2.711653 1.256634 1.980317 3.410475 6.308183 0.203166
2 37.779900 64.102974 0.000000 2.724013 1.330363 2.224751 4.107924 8.220462 0.200004
3 37.941059 64.221466 0.000000 2.792946 1.364949 2.368819 4.589927 9.731838 0.200004
4 37.734035 64.213699 0.000000 2.835829 1.313021 2.161609 3.913562 7.652837 0.200004
5 37.665058 64.217529 0.000000 3.141128 1.312564 2.170694 3.966832 7.872006 0.200002
6 37.816010 64.242989 0.000000 3.733214 1.344214 2.278055 4.284983 8.783120 0.200000
7 37.787380 64.262947 0.000000 3.619257 1.339218 2.247519 4.160456 8.341081 0.166667
8 37.901924 64.374702 0.000000 3.688208 1.355037 2.305139 4.338296 8.862432 0.166667
9 37.882908 64.277428 0.000000 4.063822 1.382377 2.386877 4.554453 9.417979 0.200000
10 37.964050 64.240974 0.000000 4.111168 1.398508 2.453769 4.779790 10.124920 0.166667
11 37.958237 64.347382 0.000000 4.570994 1.419324 2.514867 4.932341 10.484825 0.200000
12 37.961830 64.408257 0.000000 4.541615 1.433627 2.577439 5.153764 11.212193 0.200000
13 37.947868 64.415154 0.000000 4.356614 1.407073 2.486874 4.888105 10.463104 0.166667
14 37.914845 64.219612 0.000000 4.795820 1.417877 2.514657 4.944071 10.553761 0.200000
15 37.867413 64.231178 0.000000 5.191201 1.413314 2.493538 4.865420 10.284946 0.200000
16 37.891552 64.225929 0.000000 4.850746 1.438201 2.575714 5.101336 10.936925 0.166667
17 38.171700 64.354912 0.000000 5.247855 1.467755 2.681971 5.423900 11.864799 0.200000
18 38.168526 64.317047 0.000000 5.525904 1.465968 2.668681 5.373070 11.699980 0.200000
19 38.252937 64.368004 0.000000 6.450747 1.484087 2.732074 5.561767 12.237504 0.200000
20 37.892342 64.228081 0.000000 6.201066 1.443542 2.598486 5.179707 11.187318 0.200000
21 38.200249 64.318123 0.000000 6.387680 1.479201 2.730894 5.597168 12.436904 0.200000
22 38.284874 64.369438 0.000000 5.922254 1.468066 2.682258 5.431972 11.918425 0.200000
23 37.940182 64.317574 0.000000 5.576471 1.439938 2.586138 5.147194 11.108766 0.200000
24 38.188587 64.240875 0.000000 5.991920 1.460578 2.657869 5.359663 11.705949 0.200000
25 38.257374 64.336243 0.000000 5.757971 1.473941 2.700916 5.480004 12.032491 0.200000
26 38.170567 64.272461 0.000000 6.538141 1.469118 2.688831 5.456822 11.999644 0.200000
27 38.088665 64.352486 0.000000 6.484226 1.426493 2.538496 4.994695 10.633668 0.200000
28 38.220711 64.304817 0.000000 6.568945 1.452029 2.621033 5.230242 11.285364 0.200000
29 38.153759 64.199371 0.000000 6.425795 1.438208 2.575738 5.096467 10.896989 0.200000
30 38.267994 64.290932 0.000000 6.681338 1.407826 2.455098 4.702025 9.684424 0.200000
31 38.382324 64.182251 0.000000 6.707240 1.421663 2.500678 4.828695 10.017491 0.200000
32 38.335838 64.042679 0.000000 6.316339 1.441249 2.577323 5.078117 10.780128 0.200000
33 38.350471 64.137306 0.000000 6.482801 1.432877 2.537197 4.936588 10.331101 0.166667
34 38.331692 64.070099 0.000000 6.320786 1.443221 2.578628 5.070136 10.733263 0.200000
35 38.268227 63.938671 0.000000 5.880413 1.475721 2.702988 5.473863 11.985035 0.166667
36 38.319542 63.803516 0.000000 6.057887 1.440033 2.572704 5.073831 10.817605 0.200000
37 38.359501 63.778507 0.000000 6.124461 1.474012 2.683891 5.381414 11.624065 0.200000
38 38.430340 63.717533 0.000000 5.845506 1.478105 2.696724 5.420764 11.744763 0.243387
39 38.470074 63.840744 0.000000 5.409623 1.495459 2.763123 5.632927 12.385201 0.200000
40 38.463840 63.822048 0.000000 5.249949 1.492569 2.755104 5.612949 12.337384 0.200000
41 38.418949 63.797607 0.000000 5.251024 1.497621 2.776599 5.686872 12.572142 0.200000
43 38.558434 64.176987 0.000000 4.153414 1.427086 2.546643 5.037868 10.812406 0.204685
44 38.558540 64.259224 0.000000 4.220179 1.384981 2.394949 4.566731 9.410687 0.200093
45 38.648067 64.112541 0.000000 3.988655 1.346872 2.260604 4.163695 8.252562 0.200000
46 38.797367 63.947311 0.000000 4.057529 1.392376 2.423285 4.661045 9.705565 0.200001
47 38.755798 64.035728 0.000000 4.096544 1.351817 2.285592 4.250905 8.523621 0.200000
48 38.799911 63.741993 0.000000 3.780580 1.321026 2.186550 3.977559 7.805474 0.200000
49 38.740162 63.651100 0.000000 3.421480 1.312099 2.144208 3.826490 7.312717 0.166667
50 39.160477 63.563068 0.000000 3.075326 1.339259 2.251667 4.177399 8.388431 0.167770
51 39.813259 63.309933 0.000000 2.816049 1.381909 2.371911 4.467217 9.041894 0.166793
52 39.376175 63.267136 0.000000 2.273832 1.401875 2.448629 4.713108 9.789923 0.326954
53 39.193649 63.324982 0.000000 1.939260 1.391403 2.411297 4.599495 9.460737 0.166790
54 38.801388 63.338100 0.000000 1.895077 1.386320 2.404146 4.604218 9.540429 0.166667
