%% Trajectory 22
%% frame x (pixel)     y (pixel)    z (pixel)      m0         m1           m2           m3           m4           s 
80 32.445606 33.255840 0.000000 0.759647 1.301167 2.181955 4.101819 8.484584 0.203712
83 32.263622 33.094688 0.000000 0.911370 1.278136 2.059416 3.646143 6.967009 0.166671
84 32.491760 33.017590 0.000000 1.167750 1.305280 2.146918 3.888432 7.615538 0.200063
85 32.452744 33.279205 0.000000 1.108457 1.260681 2.001236 3.490185 6.580256 0.200000
86 32.563232 33.312405 0.000000 1.103672 1.211697 1.853959 3.104360 5.607885 0.166671
87 32.632122 33.339344 0.000000 1.336093 1.272706 2.024601 3.517127 6.552920 0.200000
88 32.574749 33.286015 0.000000 1.392858 1.243536 1.940494 3.311763 6.081899 0.200000
89 32.514576 33.228954 0.000000 1.522554 1.328194 2.229225 4.147819 8.402715 0.339044
90 32.339870 33.038727 0.000000 1.491141 1.298109 2.129934 3.863333 7.610229 0.201227
91 32.555828 33.285187 0.000000 1.830247 1.290774 2.092639 3.723413 7.143059 0.166683
92 32.451839 33.147648 0.000000 1.616128 1.300258 2.129494 3.848187 7.543437 0.239595
93 32.553493 33.283566 0.000000 1.655175 1.283803 2.060084 3.611390 6.787997 0.185293
94 32.624031 33.142342 0.000000 1.729102 1.269892 2.022041 3.519251 6.574135 0.166671
95 32.522194 33.262405 0.000000 1.852438 1.258166 1.995529 3.471175 6.511675 0.204968
96 32.751808 33.255589 0.000000 1.838528 1.280288 2.059032 3.625004 6.857494 0.166667
97 32.620598 33.299088 0.000000 1.838113 1.284072 2.073549 3.678631 7.046626 0.166667
98 32.617825 33.175190 0.000000 2.214041 1.255896 1.981034 3.417266 6.334836 0.200730
99 32.546810 33.241695 0.000000 2.554297 1.272380 2.033875 3.559573 6.700586 0.200000
100 32.802193 33.147549 0.000000 2.160335 1.281304 2.065118 3.658706 7.001573 0.301622
101 32.584106 33.221737 0.000000 2.504145 1.248487 1.957480 3.355947 6.186187 0.200000
102 32.702347 33.276585 0.000000 2.405287 1.283069 2.067784 3.659890 6.993189 0.200000
103 32.788391 33.124798 0.000000 2.760621 1.323117 2.200074 4.036790 8.023849 0.200000
104 32.738304 33.165977 0.000000 2.797400 1.290585 2.088606 3.708012 7.092096 0.250000
105 32.580772 33.094910 0.000000 2.662564 1.274106 2.031784 3.542559 6.632017 0.200000
106 32.663948 33.177135 0.000000 3.295531 1.280328 2.058915 3.623549 6.852517 0.250000
107 32.568649 33.262959 0.000000 2.948781 1.261584 1.998566 3.459543 6.427519 0.250000
108 32.648800 33.483650 0.000000 2.832300 1.275958 2.036920 3.552051 6.642600 0.250000
109 32.673004 33.335274 0.000000 2.310723 1.246327 1.950572 3.336643 6.135273 0.200000
110 32.560066 33.631489 0.000000 2.408090 1.278601 2.049736 3.587718 6.727734 0.250000
111 32.599743 33.812420 0.000000 2.606114 1.301857 2.137255 3.866004 7.570074 0.166667
112 32.644157 33.868671 0.000000 2.710423 1.286639 2.072644 3.647428 6.878558 0.205516
114 32.439877 34.560894 0.000000 1.898701 1.339647 2.268831 4.283484 8.854622 0.135050
115 32.831913 34.261898 0.000000 1.503845 1.434579 2.588053 5.190732 11.312291 0.179722
