%% Trajectory 11
%% frame x (pixel)     y (pixel)    z (pixel)      m0         m1           m2           m3           m4           s 
14 36.103413 39.714680 0.000000 1.006743 1.234181 1.936482 3.346367 6.272974 0.125000
15 36.250111 39.779228 0.000000 1.256346 1.334849 2.220260 4.047998 7.934897 0.125000
16 36.499496 39.774143 0.000000 1.115207 1.306528 2.158251 3.939152 7.800710 0.125000
17 36.257812 39.791981 0.000000 1.345056 1.259893 2.001028 3.482587 6.524872 0.125000
18 36.279095 39.896824 0.000000 1.368522 1.283468 2.082829 3.711000 7.123726 0.125000
19 36.160011 39.517540 0.000000 1.496562 1.282580 2.059709 3.617577 6.821235 0.125000
20 36.322903 39.472668 0.000000 1.380786 1.243841 1.944501 3.323809 6.110650 0.166667
21 36.256191 39.787052 0.000000 1.378951 1.275297 2.041260 3.571928 6.705224 0.142857
22 36.189816 39.732288 0.000000 1.527206 1.285230 2.069304 3.645093 6.893810 0.142864
23 36.268696 39.600449 0.000000 1.602481 1.246668 1.959289 3.367808 6.222396 0.142857
24 36.216286 39.816555 0.000000 1.977358 1.315443 2.182094 3.993415 7.908816 0.166757
25 36.281746 39.571796 0.000000 1.917902 1.294795 2.092268 3.688746 6.958774 0.168560
26 36.291225 39.707405 0.000000 2.108090 1.296404 2.100303 3.720570 7.071709 0.171089
27 36.378311 39.701355 0.000000 2.231765 1.276902 2.039089 3.556456 6.650887 0.200005
28 36.341431 39.709175 0.000000 2.330215 1.290165 2.079990 3.659992 6.894838 0.202301
29 36.340561 39.657330 0.000000 2.418541 1.284886 2.063376 3.617596 6.794672 0.166703
30 36.334328 39.605057 0.000000 2.844770 1.314033 2.159059 3.883341 7.496959 0.166667
31 36.400810 39.750946 0.000000 3.041713 1.294836 2.093626 3.693623 6.972761 0.166667
32 36.276012 39.751667 0.000000 2.612979 1.277458 2.051518 3.608021 6.821954 0.166724
33 36.395424 39.790382 0.000000 2.949918 1.308282 2.137127 3.814058 7.291452 0.166667
34 36.414112 39.798370 0.000000 3.220811 1.327258 2.200179 3.993984 7.782123 0.142863
35 36.409706 39.729881 0.000000 2.977092 1.318975 2.180858 3.957741 7.729422 0.166880
36 36.434349 39.675606 0.000000 3.224116 1.270246 2.023657 3.522228 6.575873 0.142857
37 36.416157 39.683704 0.000000 3.669358 1.316753 2.162320 3.879822 7.458179 0.142857
38 36.525627 39.688412 0.000000 3.794538 1.287294 2.071309 3.638026 6.842857 0.142857
39 36.444447 39.741890 0.000000 3.949546 1.305500 2.127807 3.788247 7.223993 0.166667
40 36.484177 39.636578 0.000000 4.063439 1.304472 2.119553 3.755960 7.116443 0.166667
41 36.536877 39.626297 0.000000 4.546209 1.300402 2.110633 3.736521 7.073424 0.166667
42 36.520905 39.687607 0.000000 4.583198 1.321400 2.172060 3.893848 7.460231 0.200000
43 36.530495 39.649853 0.000000 4.475197 1.296652 2.101296 3.714441 7.022014 0.166667
44 36.534752 39.651035 0.000000 4.981021 1.307285 2.131077 3.787019 7.190031 0.200000
45 36.452568 39.561829 0.000000 4.809427 1.311877 2.141114 3.808669 7.237289 0.200000
46 36.486607 39.606319 0.000000 4.958556 1.320822 2.167540 3.874189 7.389368 0.200000
47 36.606968 39.711105 0.000000 5.362589 1.337092 2.222228 4.036536 7.856736 0.250000
48 36.513420 39.784561 0.000000 5.869115 1.364186 2.311879 4.294601 8.573606 0.250000
49 36.570278 39.691666 0.000000 5.827620 1.328631 2.198692 3.976625 7.706694 0.250000
50 36.541656 39.691200 0.000000 5.664635 1.318034 2.161023 3.859800 7.357967 0.250000
51 36.555904 39.726650 0.000000 5.833764 1.337948 2.224007 4.033416 7.820684 0.250000
52 36.466835 39.862591 0.000000 5.752993 1.354514 2.286829 4.235859 8.438214 0.250000
53 36.377552 39.944653 0.000000 5.930048 1.370010 2.340082 4.394757 8.892869 0.250000
54 36.401939 39.904575 0.000000 5.963574 1.358272 2.303834 4.298213 8.649037 0.200000
55 36.430542 39.900822 0.000000 5.878034 1.373911 2.348808 4.407193 8.893396 0.250000
56 36.599754 39.966442 0.000000 5.896498 1.380054 2.370674 4.475446 9.097972 0.200000
57 36.754017 40.185486 0.000000 5.524877 1.358800 2.307591 4.313088 8.698335 0.200000
58 36.830994 40.288815 0.000000 5.525932 1.375505 2.361023 4.462851 9.104239 0.166667
59 36.978992 40.454517 0.000000 5.182821 1.392140 2.423334 4.659037 9.689923 0.166667
60 37.056992 40.469410 0.000000 5.201415 1.408234 2.467973 4.767518 9.941456 0.200000
61 37.059261 40.673820 0.000000 5.061901 1.415138 2.487447 4.812365 10.032158 0.166667
62 37.245010 40.871498 0.000000 4.667518 1.475488 2.685660 5.373721 11.557709 0.142857
64 38.077457 40.590549 0.000000 3.039322 1.540080 2.913022 6.063754 13.565106 0.169169
65 38.261044 41.188805 0.000000 3.091146 1.508088 2.810567 5.778827 12.803498 0.166669
66 38.362785 40.814175 0.000000 3.184286 1.466902 2.659104 5.311723 11.436919 0.312259
67 38.442638 40.629356 0.000000 3.675965 1.455154 2.611167 5.152171 10.945285 0.200000
68 38.601112 40.526695 0.000000 3.055791 1.427782 2.511261 4.838224 10.001842 0.200071
69 38.617062 40.398853 0.000000 2.704496 1.475015 2.688614 5.404174 11.715573 0.200000
70 38.473648 40.645618 0.000000 2.561162 1.421506 2.516503 4.916482 10.378291 0.200051
72 39.832623 39.505741 0.000000 2.181511 1.382723 2.392017 4.570260 9.455938 0.202925
73 40.574585 39.871700 0.000000 2.325840 1.389622 2.419240 4.655229 9.699841 0.206660
74 40.542271 40.432175 0.000000 2.069464 1.351990 2.277972 4.203119 8.318346 0.250095
