%% Trajectory 18
%% frame x (pixel)     y (pixel)    z (pixel)      m0         m1           m2           m3           m4           s 
58 61.369061 34.170662 0.000000 2.248388 1.318144 2.197322 4.050870 8.111969 0.166667
59 61.278751 34.160725 0.000000 2.418161 1.410620 2.497461 4.892808 10.375118 0.166667
60 61.095280 33.907822 0.000000 2.342952 1.391230 2.433637 4.706828 9.847969 0.166667
61 61.211029 33.854874 0.000000 2.505742 1.316741 2.188860 4.002289 7.889222 0.166667
63 61.457302 33.971535 0.000000 2.997931 1.353519 2.294406 4.279631 8.609467 0.166667
64 61.228115 34.073952 0.000000 3.720173 1.338328 2.250549 4.171850 8.358744 0.166667
65 61.411373 33.848530 0.000000 3.518461 1.319916 2.188864 3.988989 7.834940 0.166753
66 61.797638 33.843918 0.000000 3.772108 1.382943 2.391472 4.575164 9.495706 0.166855
67 61.624153 33.854488 0.000000 3.387670 1.385742 2.399068 4.586031 9.486071 0.186216
68 61.683956 34.144382 0.000000 3.336981 1.340274 2.255771 4.189002 8.417103 0.182218
69 61.878838 34.053082 0.000000 3.560583 1.436432 2.581979 5.149055 11.139954 0.186567
70 62.143867 34.005733 0.000000 3.779478 1.422735 2.523035 4.932646 10.398209 0.274299
71 62.127445 34.198574 0.000000 2.898549 1.394356 2.426750 4.657625 9.653482 0.143270
72 62.450081 34.269947 0.000000 3.022698 1.367678 2.331219 4.376472 8.876884 0.186610
74 62.684128 33.452705 0.000000 2.686397 1.398593 2.427231 4.636880 9.559723 0.151838
75 63.183449 33.349289 0.000000 2.575705 1.406492 2.487375 4.875479 10.362779 0.158151
76 63.271908 33.669060 0.000000 2.396524 1.456977 2.638988 5.299509 11.544024 0.170044
