%% Trajectory 10
%% frame x (pixel)     y (pixel)    z (pixel)      m0         m1           m2           m3           m4           s 
32 53.219280 65.061691 0.000000 1.852698 1.276886 2.066031 3.694599 7.180355 0.250000
33 53.318069 65.140259 0.000000 1.709147 1.261093 2.009441 3.525417 6.701873 0.250000
34 53.374752 65.551254 0.000000 1.558231 1.289812 2.106653 3.809114 7.499415 0.277623
35 53.339703 65.098503 0.000000 1.704160 1.280225 2.074516 3.713228 7.222941 0.250000
36 53.556580 65.385475 0.000000 1.842366 1.274979 2.043637 3.588562 6.782092 0.250000
37 53.194172 65.009521 0.000000 1.754649 1.316200 2.183836 3.977831 7.792297 0.250000
38 53.392517 65.174309 0.000000 2.039878 1.273889 2.032674 3.540945 6.611163 0.218729
39 53.160366 65.067261 0.000000 2.308107 1.326033 2.231339 4.154986 8.389078 0.200000
40 53.361156 65.097198 0.000000 2.178482 1.273844 2.049895 3.639669 7.014405 0.200450
41 53.231617 65.046417 0.000000 2.085279 1.338742 2.249583 4.160538 8.299291 0.377631
42 53.366722 64.968269 0.000000 2.440981 1.313758 2.181522 3.991895 7.896418 0.386199
43 53.312366 64.960533 0.000000 2.244697 1.330780 2.224571 4.096006 8.145404 0.371934
44 53.340115 65.047760 0.000000 2.398239 1.342110 2.285156 4.322546 8.907683 0.235066
45 53.390221 65.053703 0.000000 2.389956 1.276591 2.060555 3.662897 7.046987 0.207601
46 53.241486 65.045845 0.000000 3.028538 1.318388 2.187402 4.002207 7.924030 0.200001
47 53.216381 64.892105 0.000000 2.614245 1.333491 2.238797 4.149699 8.330609 0.324575
48 53.112038 65.028084 0.000000 2.797713 1.347423 2.284070 4.279381 8.683065 0.330781
49 52.991543 64.977852 0.000000 3.136387 1.349924 2.312865 4.395113 9.066658 0.200017
50 53.111183 64.789330 0.000000 3.224701 1.312919 2.174783 3.978034 7.888831 0.200517
51 53.102070 64.742134 0.000000 3.255906 1.289641 2.089659 3.713644 7.103181 0.218100
52 53.275017 64.486938 0.000000 3.159004 1.285461 2.066037 3.624984 6.812682 0.200179
53 52.989037 64.315109 0.000000 2.930349 1.291254 2.100253 3.746807 7.190721 0.205230
54 52.952084 64.200958 0.000000 2.583267 1.291148 2.102186 3.757916 7.234658 0.166667
55 53.001427 64.244659 0.000000 2.546135 1.287100 2.087478 3.712765 7.103490 0.142857
56 52.565109 63.734211 0.000000 2.206536 1.285391 2.082557 3.711916 7.146859 0.200004
57 52.545818 63.817284 0.000000 2.143952 1.234569 1.927369 3.294971 6.066258 0.166667
58 52.316029 63.664909 0.000000 1.951737 1.266241 2.027534 3.564357 6.754261 0.200001
59 52.251228 63.828758 0.000000 1.688050 1.287195 2.115507 3.864185 7.698949 0.183462
60 52.687626 63.878670 0.000000 1.111621 1.256669 2.048722 3.707934 7.305285 0.166667
