%% Trajectory 7
%% frame x (pixel)     y (pixel)    z (pixel)      m0         m1           m2           m3           m4           s 
2 63.590790 26.677996 0.000000 0.594943 1.255957 2.035788 3.698256 7.419570 0.217508
3 63.695034 26.410786 0.000000 0.855692 1.243776 1.966938 3.457394 6.672052 0.142885
4 63.557358 26.493410 0.000000 0.839134 1.322442 2.198077 4.028805 7.991327 0.144005
5 63.584564 26.244455 0.000000 1.022313 1.324635 2.212530 4.086864 8.194110 0.115977
6 63.726418 26.287514 0.000000 1.048265 1.263917 2.024886 3.575285 6.843930 0.169924
7 63.763329 26.362457 0.000000 1.404111 1.318958 2.194190 4.032449 8.036471 0.126098
8 63.719429 26.442650 0.000000 1.547545 1.261940 2.004812 3.498310 6.596699 0.166829
9 63.646271 26.321842 0.000000 1.561844 1.244662 1.953717 3.369895 6.292165 0.142858
10 63.529827 26.384489 0.000000 1.985189 1.260507 2.000866 3.484699 6.549231 0.200000
11 63.659225 26.278231 0.000000 1.926946 1.277905 2.051735 3.612317 6.851315 0.166686
12 63.704182 26.462692 0.000000 1.649548 1.297386 2.100319 3.723286 7.094702 0.166667
13 63.647854 26.569729 0.000000 1.723954 1.279227 2.050568 3.589781 6.734615 0.200000
14 63.195377 26.755499 0.000000 1.776821 1.347480 2.302946 4.371099 9.027495 0.200074
15 63.428345 26.618196 0.000000 1.861275 1.276545 2.045488 3.585204 6.747932 0.166667
16 63.228897 26.875261 0.000000 2.000119 1.338974 2.266623 4.236496 8.566580 0.166668
17 63.119137 27.043180 0.000000 2.117155 1.401237 2.454556 4.735287 9.847297 0.167671
18 63.058788 26.981955 0.000000 2.118054 1.370994 2.373679 4.557335 9.495719 0.166667
19 62.764248 27.139860 0.000000 2.147209 1.383714 2.382888 4.510531 9.189200 0.166667
20 62.729259 27.177338 0.000000 2.096660 1.350933 2.284157 4.259582 8.592818 0.166667
21 62.763050 27.550213 0.000000 1.633868 1.373571 2.367656 4.511554 9.307044 0.200000
22 63.198326 27.686953 0.000000 1.976667 1.382625 2.408987 4.667707 9.850833 0.200000
23 63.182728 27.449047 0.000000 1.726898 1.355129 2.283566 4.210346 8.318771 0.250000
24 63.040405 27.491329 0.000000 1.330278 1.381792 2.395753 4.592380 9.532850 0.200259
