%% Trajectory 13
%% frame x (pixel)     y (pixel)    z (pixel)      m0         m1           m2           m3           m4           s 
34 13.803571 66.817093 0.000000 1.527365 1.346483 2.284418 4.273869 8.634087 0.111165
35 13.579184 67.155487 0.000000 1.393899 1.244339 1.962103 3.404683 6.395346 0.111111
36 13.738565 66.813248 0.000000 1.544332 1.266775 2.015304 3.507390 6.556956 0.111111
37 13.451321 67.114418 0.000000 1.700073 1.260174 1.998973 3.470531 6.476063 0.139545
38 13.609374 66.857918 0.000000 1.792751 1.250488 1.975191 3.416094 6.353598 0.125873
39 13.523259 66.960480 0.000000 2.400424 1.280851 2.061291 3.630654 6.867019 0.125005
40 13.553875 66.914978 0.000000 2.161418 1.267644 2.019325 3.516294 6.570647 0.125011
41 13.542282 67.000755 0.000000 2.184724 1.316135 2.171319 3.923806 7.612205 0.142857
42 13.753236 67.025208 0.000000 2.547665 1.310877 2.163350 3.928396 7.697282 0.142857
43 13.650595 66.965614 0.000000 2.512756 1.292455 2.100740 3.743932 7.177233 0.142857
44 13.641432 66.901703 0.000000 3.114887 1.297423 2.107543 3.748415 7.162374 0.371835
45 13.522975 67.029892 0.000000 3.067901 1.271680 2.032549 3.554906 6.678177 0.145190
46 13.609799 67.049103 0.000000 3.005521 1.289265 2.083990 3.680730 6.964275 0.142859
47 13.713568 66.938171 0.000000 3.477667 1.289523 2.088570 3.701898 7.042040 0.163126
48 13.562524 66.988251 0.000000 3.607761 1.305977 2.141862 3.847656 7.420935 0.147405
49 13.622516 67.032509 0.000000 3.743806 1.283288 2.065185 3.633078 6.853618 0.166908
50 13.625539 67.001007 0.000000 3.668475 1.303177 2.135966 3.847398 7.474950 0.166667
51 13.842181 66.939735 0.000000 4.422760 1.351155 2.294965 4.304457 8.738338 0.186138
52 13.769949 67.048325 0.000000 4.205624 1.303252 2.129637 3.817631 7.364100 0.166668
53 13.777124 66.992981 0.000000 4.625260 1.326706 2.213199 4.062826 8.044821 0.166900
54 13.811495 66.803856 0.000000 4.756795 1.305189 2.147279 3.895026 7.650569 0.166670
55 13.754799 66.781433 0.000000 4.473756 1.261964 2.014037 3.533509 6.700787 0.166667
56 13.792515 66.712845 0.000000 5.070836 1.260982 2.000641 3.474602 6.490173 0.166667
57 13.876154 66.611656 0.000000 5.085169 1.306756 2.149981 3.901175 7.670762 0.142857
58 13.924879 66.655182 0.000000 4.852913 1.279349 2.065316 3.667897 7.042489 0.166667
59 13.898141 66.556931 0.000000 4.911463 1.286206 2.077346 3.679892 7.022944 0.166667
60 14.048441 66.524292 0.000000 4.760073 1.301745 2.134268 3.856810 7.547703 0.166667
61 14.189246 66.621269 0.000000 4.905540 1.297463 2.113903 3.778486 7.271806 0.166667
62 14.447865 66.793182 0.000000 4.275795 1.265093 2.011801 3.500367 6.545095 0.166667
63 14.479664 66.599281 0.000000 4.197242 1.269157 2.022968 3.522547 6.577668 0.166667
64 14.540768 66.831589 0.000000 4.199069 1.260959 1.999746 3.466844 6.451807 0.166667
66 14.658546 66.837608 0.000000 2.733658 1.277038 2.072474 3.724449 7.286953 0.125610
67 14.685429 66.614975 0.000000 2.195615 1.298124 2.130554 3.848198 7.502975 0.166667
