%% Trajectory 13
%% frame x (pixel)     y (pixel)    z (pixel)      m0         m1           m2           m3           m4           s 
38 53.474144 30.164751 0.000000 1.405266 1.415310 2.506553 4.898221 10.319137 0.168750
39 53.438004 30.277109 0.000000 1.756948 1.473385 2.681414 5.364004 11.525115 0.166717
40 53.485332 30.366142 0.000000 1.868330 1.459809 2.632773 5.231291 11.194136 0.166667
41 53.611435 30.289867 0.000000 2.496156 1.417513 2.505805 4.896651 10.344661 0.167903
42 53.722191 30.160563 0.000000 2.522523 1.409941 2.473501 4.774220 9.917733 0.169839
43 53.526112 30.160583 0.000000 2.363225 1.391546 2.412545 4.601268 9.449605 0.166721
44 53.480373 30.371153 0.000000 2.674552 1.431792 2.548808 5.005287 10.606224 0.167106
45 53.569485 30.538416 0.000000 3.143971 1.389088 2.390207 4.502613 9.094877 0.273101
46 53.613552 30.334558 0.000000 3.194674 1.419458 2.509913 4.892354 10.281729 0.168236
47 53.468269 30.384571 0.000000 2.948027 1.450747 2.621329 5.235314 11.295930 0.142857
48 53.511917 30.297941 0.000000 3.212600 1.464384 2.654852 5.300813 11.392857 0.142861
49 53.685814 30.391766 0.000000 3.453703 1.430033 2.529287 4.913599 10.256951 0.142858
50 53.821674 30.226515 0.000000 3.770121 1.444412 2.580769 5.068018 10.695002 0.142873
51 53.649338 30.265911 0.000000 3.333296 1.442285 2.574007 5.052232 10.669737 0.142857
52 53.803074 30.343218 0.000000 4.272262 1.407705 2.469281 4.777289 9.976817 0.219016
53 53.963474 30.318987 0.000000 3.710332 1.416765 2.516017 4.955026 10.585995 0.147393
54 54.127419 30.258064 0.000000 3.923846 1.433591 2.552357 5.013307 10.628285 0.142858
55 54.406399 30.270750 0.000000 4.086154 1.436803 2.576083 5.111143 10.974257 0.142857
56 54.373550 30.203148 0.000000 3.969043 1.458684 2.654130 5.344301 11.634225 0.142857
57 54.541306 30.096739 0.000000 3.975294 1.423019 2.529595 4.975320 10.595325 0.142863
58 54.638535 30.038275 0.000000 4.602497 1.431316 2.563354 5.087736 10.942964 0.182440
59 54.707012 29.926271 0.000000 4.365811 1.443812 2.606133 5.213457 11.301126 0.142921
60 54.871811 29.720434 0.000000 4.086927 1.438314 2.589972 5.170032 11.184696 0.166895
61 54.480534 29.790133 0.000000 3.896867 1.364386 2.335846 4.414665 9.029712 0.169102
62 54.450779 29.700268 0.000000 3.379500 1.379947 2.381110 4.538711 9.369272 0.166843
63 54.465607 29.610620 0.000000 3.071582 1.375948 2.380235 4.562260 9.497525 0.166667
64 54.168518 29.560362 0.000000 2.797305 1.388165 2.411600 4.626749 9.605154 0.166667
