%% Trajectory 35
%% frame x (pixel)     y (pixel)    z (pixel)      m0         m1           m2           m3           m4           s 
75 43.690639 41.056343 0.000000 1.302632 1.366272 2.413728 4.805171 10.526079 0.262103
76 43.771183 41.110954 0.000000 1.397201 1.270056 2.084535 3.831744 7.761661 0.149347
77 43.777206 41.066338 0.000000 1.507035 1.308671 2.198178 4.127071 8.482922 0.254319
78 43.729675 41.299362 0.000000 2.297300 1.297312 2.136526 3.903696 7.780438 0.176294
79 43.936798 41.132435 0.000000 1.719440 1.304204 2.192927 4.129970 8.551498 0.200000
80 43.818130 41.046642 0.000000 2.070483 1.274219 2.050431 3.625692 6.918853 0.391219
81 43.771927 41.139969 0.000000 2.068960 1.351675 2.304206 4.368131 9.036518 0.166678
82 43.752026 41.075966 0.000000 2.747691 1.282660 2.078077 3.700400 7.110769 0.170703
83 43.888500 41.203857 0.000000 2.487283 1.341315 2.288145 4.355989 9.080479 0.175304
84 43.844635 41.261238 0.000000 2.810696 1.307880 2.154316 3.914692 7.707764 0.292126
85 43.866093 41.084229 0.000000 2.747921 1.364505 2.346907 4.465981 9.214780 0.166667
86 43.871132 41.110481 0.000000 2.825409 1.310961 2.161820 3.912233 7.614645 0.166667
87 43.724033 41.195972 0.000000 3.114218 1.289026 2.084538 3.687807 7.000638 0.166667
88 43.702900 41.130413 0.000000 2.721930 1.323727 2.191935 3.979011 7.763567 0.338117
89 43.649551 41.244564 0.000000 3.322618 1.310940 2.143655 3.827948 7.315991 0.191095
90 43.794704 41.377510 0.000000 3.414613 1.345422 2.276513 4.253211 8.608837 0.167898
91 43.592800 41.166206 0.000000 3.955285 1.298510 2.109625 3.755276 7.190537 0.166667
92 43.786495 41.465919 0.000000 3.754402 1.301528 2.132814 3.848342 7.510926 0.200000
93 43.755173 41.326466 0.000000 3.641809 1.278942 2.047804 3.582386 6.719316 0.166667
94 43.760784 41.636993 0.000000 3.528232 1.380739 2.379174 4.504554 9.177657 0.166668
95 43.357487 41.775921 0.000000 3.359199 1.381771 2.387275 4.546720 9.355824 0.148820
96 43.734062 42.080540 0.000000 3.644215 1.412283 2.497649 4.887836 10.359901 0.167437
97 43.584721 42.451077 0.000000 3.899993 1.334488 2.224360 4.065443 7.992076 0.166667
99 43.092991 42.363739 0.000000 2.463123 1.503855 2.786604 5.688556 12.502609 0.200011
101 43.343002 42.466564 0.000000 1.596136 1.555798 2.964498 6.239397 14.153548 0.200002
102 43.348949 42.491322 0.000000 1.942182 1.497721 2.748117 5.525849 11.907743 0.166667
103 43.592098 42.647388 0.000000 1.895425 1.485139 2.742711 5.595073 12.310357 0.250000
