%% Trajectory 5
%% frame x (pixel)     y (pixel)    z (pixel)      m0         m1           m2           m3           m4           s 
7 64.977173 63.473186 0.000000 0.866933 1.320414 2.192420 3.993118 7.814073 0.206789
9 65.074989 63.652679 0.000000 1.020950 1.391267 2.423573 4.655063 9.650389 0.200869
10 64.659035 63.612370 0.000000 1.277593 1.341882 2.258967 4.196088 8.440141 0.200160
11 64.648697 63.391838 0.000000 1.336517 1.375514 2.387136 4.602950 9.657828 0.200924
12 64.713821 63.511990 0.000000 1.374283 1.315325 2.178329 3.976188 7.852512 0.200000
13 64.651283 63.408638 0.000000 1.978216 1.320584 2.177108 3.924079 7.582196 0.237188
14 64.812996 63.479984 0.000000 1.849952 1.278484 2.046612 3.586976 6.761590 0.201103
15 64.739830 63.185383 0.000000 2.021082 1.369080 2.349822 4.439890 9.043997 0.200028
16 64.833710 63.135590 0.000000 1.931741 1.329959 2.230533 4.121981 8.229346 0.320542
17 64.793655 63.155769 0.000000 2.499820 1.331885 2.221086 4.073330 8.057617 0.200658
18 64.569633 63.283512 0.000000 2.639654 1.359114 2.297656 4.260859 8.495993 0.200063
19 64.546532 63.208904 0.000000 3.107791 1.325837 2.184785 3.930446 7.567170 0.200000
20 64.832008 62.990032 0.000000 2.854430 1.389201 2.420461 4.661388 9.714220 0.200000
21 64.729958 63.048409 0.000000 3.306134 1.372251 2.351940 4.436360 9.021969 0.200000
22 64.751892 63.221130 0.000000 3.034032 1.364685 2.317562 4.311003 8.604111 0.200000
23 64.680023 63.121044 0.000000 3.356733 1.397642 2.429704 4.643370 9.550955 0.250000
24 64.668945 63.213169 0.000000 3.282420 1.349489 2.282541 4.254562 8.571325 0.250000
25 64.581413 63.292065 0.000000 3.815824 1.305425 2.123418 3.766320 7.140898 0.250000
26 64.564278 63.322441 0.000000 3.672015 1.319817 2.166202 3.873564 7.393367 0.250000
27 64.438354 63.302517 0.000000 3.598991 1.339734 2.232361 4.068370 7.950135 0.250000
28 64.406952 63.443127 0.000000 4.355791 1.310543 2.139706 3.808738 7.243993 0.250000
29 64.302299 63.317913 0.000000 3.855591 1.308322 2.136959 3.814794 7.297960 0.250000
30 63.996990 63.259903 0.000000 3.662021 1.360980 2.335850 4.443917 9.184968 0.200000
31 63.963226 63.260101 0.000000 3.926671 1.355338 2.304319 4.318245 8.745475 0.250000
32 63.901630 63.427937 0.000000 3.819015 1.308821 2.145742 3.863081 7.499627 0.200000
33 63.774654 63.330585 0.000000 3.818193 1.342746 2.247825 4.120089 8.105945 0.250000
34 63.664639 62.968788 0.000000 3.667940 1.355166 2.315642 4.388380 9.043391 0.250000
35 63.541233 62.764477 0.000000 3.367507 1.368935 2.345669 4.432256 9.053025 0.200000
36 63.536976 63.228573 0.000000 3.186444 1.423261 2.505900 4.842027 10.052962 0.250000
37 63.922508 62.625912 0.000000 3.249962 1.438498 2.584297 5.144738 11.101315 0.250000
38 63.841938 62.360104 0.000000 2.647764 1.460915 2.654322 5.335826 11.605700 0.200000
40 63.692379 60.981819 0.000000 1.429420 1.443563 2.682838 5.624131 12.935580 0.200015
