%% Trajectory 18
%% frame x (pixel)     y (pixel)    z (pixel)      m0         m1           m2           m3           m4           s 
48 33.602848 55.896431 0.000000 0.876182 1.438815 2.611714 5.279481 11.605052 0.247230
51 33.227753 55.808586 0.000000 0.998133 1.446279 2.656441 5.434573 12.078996 0.143228
52 33.094589 56.384506 0.000000 0.913501 1.400185 2.525880 5.138846 11.500232 0.248362
54 32.835590 56.181557 0.000000 0.806056 1.430186 2.582392 5.167632 11.179622 0.158783
56 32.271896 56.288887 0.000000 0.829021 1.395262 2.456221 4.816914 10.289241 0.175815
57 32.448475 55.840343 0.000000 1.031793 1.555837 2.993889 6.359659 14.553555 0.318896
59 32.456470 56.211441 0.000000 1.286013 1.437577 2.592933 5.179018 11.202929 0.146299
60 32.444553 56.415977 0.000000 1.351823 1.256299 1.979142 3.408291 6.306595 0.250000
62 32.244793 55.870884 0.000000 1.606058 1.346476 2.292262 4.327322 8.881266 0.200000
63 32.246109 55.988308 0.000000 1.871177 1.333035 2.234695 4.120248 8.187095 0.166667
64 32.243244 55.792107 0.000000 2.114365 1.314027 2.177459 3.992556 7.957602 0.142857
65 32.416859 55.879543 0.000000 2.038581 1.360851 2.349192 4.503047 9.393852 0.142858
66 32.404408 55.858181 0.000000 2.164659 1.265313 2.018561 3.546514 6.751257 0.142857
67 32.288948 55.855484 0.000000 2.068319 1.271523 2.036825 3.580488 6.785946 0.142857
68 32.356106 55.717884 0.000000 2.592797 1.299827 2.129685 3.850605 7.550704 0.142857
69 32.329849 55.743172 0.000000 2.556451 1.293110 2.108487 3.792171 7.394775 0.166667
70 32.184071 55.674931 0.000000 2.826499 1.270715 2.045677 3.644191 7.074402 0.166667
71 32.156063 55.643272 0.000000 2.727325 1.265006 2.018668 3.541103 6.716491 0.166733
72 32.271374 55.540443 0.000000 3.100919 1.237363 1.944035 3.376951 6.401658 0.142857
73 32.204063 55.557053 0.000000 2.755896 1.262249 2.023253 3.584250 6.910165 0.142857
74 32.261311 55.665527 0.000000 2.886987 1.237841 1.931438 3.299782 6.074362 0.144208
75 32.445358 55.708332 0.000000 3.487653 1.278187 2.053362 3.616614 6.862216 0.142860
76 32.155384 55.618931 0.000000 3.229229 1.250696 1.972374 3.417017 6.402991 0.142859
77 32.314850 55.732086 0.000000 3.255206 1.229921 1.909270 3.243457 5.933289 0.142862
78 32.336136 55.673744 0.000000 3.016734 1.263545 2.025591 3.590983 6.934734 0.227265
79 32.427528 55.590050 0.000000 3.749987 1.261781 2.000546 3.471086 6.477107 0.125001
80 32.354641 55.489365 0.000000 3.533758 1.247844 1.958419 3.360527 6.198368 0.143017
81 32.388145 55.436436 0.000000 3.230119 1.271893 2.039512 3.608812 6.937811 0.170036
82 32.512951 55.696712 0.000000 3.306366 1.268002 2.045693 3.661505 7.163744 0.150607
83 32.810707 55.604633 0.000000 3.121469 1.281404 2.088674 3.781324 7.485594 0.166668
84 32.892632 55.632614 0.000000 3.218354 1.279990 2.094677 3.825535 7.675785 0.125000
85 33.186546 55.602890 0.000000 2.972641 1.364424 2.360030 4.563501 9.674120 0.142857
86 33.189278 55.818539 0.000000 3.219252 1.373041 2.415625 4.798417 10.528923 0.166667
87 33.444893 55.658482 0.000000 2.912180 1.328905 2.290424 4.493503 9.829185 0.166691
88 33.500065 55.725933 0.000000 2.199441 1.353060 2.399523 4.886588 11.133496 0.148491
89 33.513916 55.772232 0.000000 2.242640 1.456704 2.727083 5.792274 13.558168 0.275004
91 33.432617 55.773113 0.000000 2.032965 1.419123 2.643355 5.644637 13.381454 0.166668
92 33.775532 55.595551 0.000000 1.755841 1.536363 3.026271 6.732096 16.359772 0.142857
