%% Trajectory 11
%% frame x (pixel)     y (pixel)    z (pixel)      m0         m1           m2           m3           m4           s 
49 53.731529 34.483936 0.000000 2.058743 1.389439 2.397144 4.545379 9.284716 0.166733
50 53.794571 34.540794 0.000000 2.014712 1.399452 2.435246 4.659680 9.604520 0.166678
51 53.809906 34.568630 0.000000 2.146727 1.416793 2.514632 4.942929 10.534334 0.167084
52 54.028397 34.553623 0.000000 2.249339 1.406449 2.483341 4.859041 10.310760 0.337313
53 53.945812 34.526558 0.000000 2.490223 1.442908 2.593954 5.156455 11.089677 0.178859
54 53.918243 34.460491 0.000000 2.463925 1.425307 2.542751 5.022809 10.750051 0.228618
55 53.893822 34.687923 0.000000 2.788931 1.431633 2.551848 5.030873 10.740162 0.307394
56 53.885738 34.348782 0.000000 2.708278 1.388839 2.423615 4.696745 9.908267 0.240177
57 53.735577 34.371361 0.000000 2.919327 1.417368 2.505537 4.898074 10.373204 0.222538
58 53.814240 34.430645 0.000000 3.577429 1.414206 2.484882 4.811433 10.057148 0.250000
59 53.877541 34.404114 0.000000 3.605116 1.422816 2.525738 4.955124 10.517533 0.250000
60 53.851082 34.537212 0.000000 3.775185 1.435827 2.580466 5.146223 11.143069 0.250117
61 53.871101 34.461056 0.000000 4.154298 1.423269 2.521148 4.928903 10.414184 0.250000
62 53.807091 34.457783 0.000000 4.100608 1.381132 2.377947 4.507459 9.221098 0.250000
63 53.950512 34.484386 0.000000 4.494847 1.417161 2.508148 4.911068 10.415651 0.250000
64 53.865528 34.508793 0.000000 4.784041 1.425757 2.530909 4.958165 10.496230 0.250000
65 54.115841 34.507141 0.000000 4.899621 1.421842 2.512177 4.893349 10.289161 0.250000
66 53.869152 34.547066 0.000000 5.060166 1.455319 2.633250 5.272277 11.427761 0.250000
67 54.038593 34.458187 0.000000 5.356029 1.413472 2.495744 4.873320 10.302105 0.250000
68 54.136726 34.447021 0.000000 5.233964 1.406387 2.471259 4.806664 10.138411 0.200000
69 54.097637 34.478691 0.000000 5.627889 1.432927 2.550245 5.002753 10.586002 0.250000
70 54.101006 34.503983 0.000000 5.756474 1.420217 2.515552 4.921512 10.408791 0.250000
71 54.145435 34.446453 0.000000 6.259963 1.435231 2.552355 4.992615 10.511968 0.250000
72 54.127087 34.572941 0.000000 6.447982 1.428820 2.539965 4.983402 10.562124 0.250000
73 54.205841 34.552307 0.000000 6.279680 1.430562 2.540955 4.978793 10.537788 0.250053
74 54.147766 34.684082 0.000000 6.422135 1.456341 2.634624 5.268181 11.389165 0.251957
75 54.165134 34.535957 0.000000 6.542324 1.456737 2.627132 5.219097 11.173410 0.201999
76 54.182674 34.593723 0.000000 6.578779 1.440818 2.579059 5.094772 10.869641 0.200000
77 53.935879 34.502926 0.000000 6.241811 1.426829 2.527833 4.935931 10.401220 0.200000
78 54.120346 34.522327 0.000000 6.622694 1.413166 2.478046 4.782195 9.946873 0.200000
79 54.255432 34.470806 0.000000 6.131004 1.395519 2.425415 4.646801 9.619119 0.200000
80 54.179222 34.427223 0.000000 6.473395 1.430291 2.539502 4.970520 10.500838 0.166667
81 54.233696 34.484520 0.000000 6.459775 1.392932 2.412202 4.589113 9.394776 0.200000
82 54.235321 34.421936 0.000000 6.439983 1.380588 2.368316 4.461953 9.049010 0.166667
83 54.156120 34.363529 0.000000 6.485571 1.412977 2.493061 4.860471 10.250710 0.166667
84 54.342106 34.393898 0.000000 6.764721 1.390229 2.404345 4.575088 9.387455 0.166667
85 54.352188 34.474003 0.000000 6.478851 1.367559 2.321951 4.321115 8.641843 0.166667
86 54.336597 34.530640 0.000000 6.946199 1.381640 2.371318 4.467079 9.053889 0.166667
87 54.292183 34.428204 0.000000 6.614400 1.388673 2.397414 4.550685 9.307120 0.166667
88 54.228062 34.396282 0.000000 7.108960 1.391293 2.403723 4.562892 9.324463 0.200000
89 54.296036 34.409950 0.000000 7.499006 1.383435 2.377524 4.488190 9.122838 0.250000
90 54.228107 34.426079 0.000000 6.914296 1.405878 2.454054 4.711642 9.747910 0.250000
91 54.210548 34.464962 0.000000 7.610417 1.385938 2.386381 4.518102 9.218619 0.166667
92 54.313980 34.544556 0.000000 6.863456 1.374543 2.348760 4.405258 8.889781 0.166667
93 54.295677 34.550606 0.000000 7.383792 1.381467 2.378925 4.513436 9.249874 0.200000
94 54.228958 34.686832 0.000000 7.681707 1.390329 2.403322 4.567226 9.351334 0.166667
95 54.188801 34.698364 0.000000 7.602786 1.403814 2.448357 4.696216 9.702106 0.166667
96 54.159492 34.741421 0.000000 7.084152 1.413648 2.482523 4.797698 9.991870 0.200000
97 53.972862 34.684742 0.000000 7.290680 1.418712 2.515391 4.932122 10.461956 0.200000
98 54.206917 34.749622 0.000000 6.740439 1.448845 2.600472 5.144427 10.975973 0.166667
99 54.092896 34.658688 0.000000 6.610168 1.465492 2.666229 5.357277 11.624837 0.166667
100 53.743763 34.649990 0.000000 6.030232 1.408589 2.466281 4.757226 9.898656 0.200000
101 53.707657 34.441383 0.000000 6.507425 1.358807 2.291380 4.224814 8.345462 0.250000
102 53.752026 34.486485 0.000000 5.809907 1.348849 2.264435 4.162337 8.210078 0.200000
103 53.633892 34.583561 0.000000 6.162219 1.365769 2.320095 4.321199 8.649067 0.200000
104 53.495991 34.527168 0.000000 6.118673 1.368041 2.330052 4.357152 8.770503 0.200000
105 53.423214 34.520813 0.000000 5.588316 1.367235 2.333901 4.389833 8.924909 0.377285
106 53.455032 34.722080 0.000000 5.684721 1.404991 2.464705 4.779480 10.039645 0.200000
107 53.485619 34.757301 0.000000 6.014243 1.375410 2.363885 4.486196 9.219783 0.333333
108 53.409428 34.901386 0.000000 5.529905 1.384441 2.399198 4.594404 9.528915 0.333333
109 53.425243 34.894585 0.000000 5.210081 1.396280 2.438021 4.703772 9.822639 0.253216
110 53.326645 34.948372 0.000000 5.141778 1.442815 2.609529 5.239058 11.413386 0.200280
111 53.398010 35.105667 0.000000 5.223211 1.427159 2.551544 5.060547 10.894053 0.166694
112 53.797825 35.427067 0.000000 4.995441 1.349896 2.274336 4.209988 8.395667 0.166667
113 53.885792 35.358276 0.000000 4.589886 1.376300 2.378537 4.550166 9.441125 0.200000
114 53.775959 35.211723 0.000000 4.069860 1.408324 2.504950 4.968155 10.745052 0.264392
115 53.901421 35.517895 0.000000 3.796419 1.399055 2.464794 4.832055 10.319567 0.167664
117 53.647713 35.611912 0.000000 3.157588 1.387472 2.445279 4.814890 10.370770 0.142857
118 53.652134 35.574104 0.000000 2.394134 1.397882 2.473484 4.883651 10.527613 0.143796
119 53.309151 36.061367 0.000000 2.232837 1.356472 2.346847 4.543301 9.635822 0.143377
