%% Trajectory 1
%% frame x (pixel)     y (pixel)    z (pixel)      m0         m1           m2           m3           m4           s 
0 51.474552 33.430611 0.000000 1.914534 1.525946 2.907021 6.135357 13.967568 0.166672
1 51.483845 33.287895 0.000000 2.193394 1.426168 2.544688 5.014511 10.663948 0.166667
2 51.237888 33.182259 0.000000 2.149595 1.393349 2.450419 4.789597 10.173806 0.331903
3 51.225109 33.129894 0.000000 2.034481 1.363369 2.343793 4.459932 9.194691 0.166677
4 51.179718 33.309860 0.000000 2.351679 1.411243 2.496526 4.893560 10.392128 0.166671
5 51.186634 33.166885 0.000000 2.803754 1.380845 2.402159 4.634941 9.700713 0.173710
6 51.050274 33.161873 0.000000 2.687450 1.395501 2.443913 4.737417 9.947543 0.200002
7 50.871506 33.007542 0.000000 2.428826 1.375993 2.380269 4.548249 9.400281 0.188730
8 50.941154 33.123844 0.000000 2.749913 1.394009 2.431726 4.672800 9.675304 0.367369
9 50.944340 33.107903 0.000000 3.506205 1.379905 2.378622 4.513034 9.229629 0.166677
10 51.001736 33.146599 0.000000 3.847019 1.376920 2.383821 4.575902 9.536502 0.166668
11 50.914841 33.074955 0.000000 3.677243 1.397602 2.433505 4.653898 9.566168 0.327831
12 50.877541 33.182098 0.000000 4.086996 1.367932 2.334394 4.379839 8.851628 0.203620
13 50.867119 33.257015 0.000000 4.575345 1.363050 2.311619 4.294167 8.559145 0.256741
14 50.827576 33.241978 0.000000 4.132868 1.356544 2.282988 4.197443 8.257193 0.200000
15 50.803036 33.188953 0.000000 4.373380 1.350790 2.276937 4.219114 8.423955 0.250024
16 50.678394 33.319542 0.000000 4.835791 1.335486 2.219914 4.037544 7.879258 0.200000
17 50.511265 33.244179 0.000000 4.615370 1.321546 2.179091 3.930199 7.602757 0.200000
18 50.521702 33.473076 0.000000 5.001815 1.374472 2.344901 4.385082 8.809446 0.200000
19 50.463181 33.742863 0.000000 5.178356 1.381977 2.380910 4.513208 9.223315 0.200004
20 50.442375 33.674862 0.000000 5.458953 1.374664 2.349478 4.412155 8.925097 0.200443
21 50.332478 33.749146 0.000000 5.584131 1.389359 2.397456 4.543295 9.260875 0.215033
22 50.344757 33.870247 0.000000 5.667225 1.416830 2.498497 4.861153 10.216827 0.275950
24 50.553879 34.219929 0.000000 4.256247 1.431563 2.540255 4.962498 10.445833 0.329166
25 50.262699 34.003746 0.000000 4.521409 1.427244 2.552710 5.065779 10.903611 0.203095
26 49.784416 33.898994 0.000000 5.036908 1.465444 2.647136 5.246069 11.155186 0.200001
27 49.649376 33.857124 0.000000 4.701420 1.390232 2.404088 4.566550 9.328444 0.250000
28 49.629738 33.644184 0.000000 4.786025 1.378757 2.360197 4.423237 8.886258 0.250000
29 49.430115 33.632084 0.000000 4.373644 1.426257 2.523677 4.905725 10.252031 0.250000
30 49.410889 33.552773 0.000000 4.818808 1.369938 2.327641 4.326657 8.619910 0.285402
31 49.175468 33.507626 0.000000 4.251944 1.364902 2.318941 4.321749 8.658392 0.167973
32 49.033016 33.493210 0.000000 4.147334 1.393954 2.423642 4.647167 9.625960 0.196582
33 49.051380 33.582840 0.000000 4.221077 1.388030 2.403065 4.579284 9.406575 0.158116
34 49.102951 33.400497 0.000000 4.300825 1.360416 2.307163 4.294478 8.598233 0.181581
35 49.077930 33.552349 0.000000 4.319990 1.404369 2.455645 4.728798 9.820046 0.143397
36 49.099182 33.629108 0.000000 4.556920 1.385603 2.394263 4.552892 9.333608 0.142857
37 49.101246 33.665928 0.000000 4.916649 1.397620 2.430983 4.649403 9.575720 0.125000
38 49.148685 33.598892 0.000000 4.697388 1.385638 2.389926 4.528363 9.232783 0.125000
39 49.202934 33.611137 0.000000 4.975121 1.355425 2.289562 4.243257 8.459694 0.125000
40 49.001789 33.618889 0.000000 4.547588 1.390865 2.426412 4.685505 9.808387 0.125009
41 49.145443 33.623844 0.000000 5.133805 1.402563 2.449049 4.708610 9.763514 0.111111
42 49.240303 33.707878 0.000000 5.110860 1.378567 2.362269 4.441890 8.983335 0.125000
43 49.112396 33.621063 0.000000 4.964339 1.383640 2.387853 4.537892 9.306851 0.111111
44 49.144585 33.707977 0.000000 4.812017 1.393738 2.420517 4.629293 9.553882 0.111111
45 49.182533 33.820599 0.000000 4.349450 1.426980 2.536525 4.974851 10.535527 0.111111
46 49.313942 33.928474 0.000000 4.858403 1.421626 2.508467 4.867702 10.167831 0.111111
47 49.262791 33.802925 0.000000 5.487675 1.418756 2.503815 4.863934 10.178869 0.111111
48 49.237225 33.717770 0.000000 5.033622 1.370568 2.338233 4.381856 8.843657 0.111112
49 49.369194 33.823948 0.000000 4.493927 1.388955 2.395912 4.529229 9.185679 0.151013
50 49.253208 34.027737 0.000000 4.303811 1.402111 2.462705 4.790784 10.101954 0.125345
51 49.340229 34.205097 0.000000 4.060403 1.362741 2.317233 4.336373 8.756975 0.232729
52 49.551384 34.455162 0.000000 3.906652 1.305728 2.123708 3.766444 7.140329 0.126925
53 49.443775 34.453861 0.000000 3.331381 1.329560 2.192460 3.935682 7.533312 0.130778
54 49.625404 34.895512 0.000000 3.203862 1.384792 2.390171 4.542352 9.312824 0.112639
55 49.932945 35.109135 0.000000 3.074762 1.433891 2.579720 5.148022 11.132158 0.143161
56 49.887703 35.078583 0.000000 2.539074 1.422939 2.533116 4.997829 10.695897 0.142857
