%% Trajectory 18
%% frame x (pixel)     y (pixel)    z (pixel)      m0         m1           m2           m3           m4           s 
79 46.886715 57.273739 0.000000 1.730763 1.483519 2.760553 5.725771 12.918994 0.115457
80 46.609768 57.003502 0.000000 1.773667 1.359862 2.353007 4.535764 9.538127 0.166812
81 46.693317 57.396496 0.000000 1.694335 1.358598 2.306151 4.298407 8.617970 0.125015
82 46.415493 56.976307 0.000000 2.178480 1.450527 2.632618 5.302746 11.578800 0.143506
83 46.484421 56.953472 0.000000 2.209574 1.385308 2.407481 4.629938 9.650830 0.148001
84 46.551964 57.186428 0.000000 2.496665 1.362420 2.299630 4.238983 8.360385 0.142936
85 46.729931 57.067482 0.000000 1.805134 1.403358 2.479493 4.848079 10.259510 0.143203
87 46.795250 57.298431 0.000000 2.977856 1.394933 2.408136 4.563173 9.299985 0.173688
88 46.918484 57.086514 0.000000 3.411361 1.386500 2.407382 4.615349 9.565578 0.442682
89 46.919724 57.171707 0.000000 3.494112 1.343780 2.268030 4.220641 8.489697 0.276053
90 47.102474 57.061085 0.000000 3.646293 1.403541 2.465500 4.783220 10.033162 0.201729
91 47.028172 57.430412 0.000000 3.501961 1.355747 2.289407 4.236780 8.421430 0.240932
92 47.105644 57.317139 0.000000 3.791773 1.382116 2.379210 4.506039 9.200919 0.166667
93 47.167110 57.227718 0.000000 4.210104 1.361602 2.316460 4.337973 8.765804 0.199841
94 47.214813 57.330055 0.000000 4.280896 1.314330 2.147620 3.824203 7.273014 0.125000
95 47.184380 57.196701 0.000000 4.065238 1.360591 2.295735 4.228692 8.328205 0.142857
96 47.137466 57.283520 0.000000 4.446898 1.323750 2.184757 3.940914 7.615418 0.125000
97 47.168739 57.264057 0.000000 3.719576 1.335946 2.228808 4.071249 7.980987 0.125002
98 47.264488 57.136108 0.000000 3.979275 1.325052 2.187144 3.951010 7.658803 0.166668
99 47.254387 57.044231 0.000000 3.366474 1.339605 2.273391 4.272647 8.708263 0.142911
100 47.388893 57.004013 0.000000 3.989075 1.335605 2.259013 4.251589 8.739611 0.166667
101 47.317310 56.905834 0.000000 4.031011 1.285154 2.088838 3.750237 7.312643 0.166667
102 47.524006 56.690762 0.000000 3.648087 1.233026 1.921128 3.275644 6.011234 0.167664
103 47.483349 56.528126 0.000000 3.443345 1.239328 1.955032 3.414353 6.517023 0.247876
104 47.735401 56.472744 0.000000 3.175760 1.229144 1.907818 3.241034 5.929839 0.166667
105 47.808750 56.435711 0.000000 3.381227 1.295407 2.140505 3.944774 7.978784 0.166667
106 47.994591 56.468369 0.000000 3.202845 1.328118 2.246622 4.235255 8.728502 0.257777
107 47.822186 56.220062 0.000000 2.732080 1.230302 1.947619 3.426134 6.599129 0.169774
108 48.108917 56.018951 0.000000 2.634105 1.320588 2.224870 4.171892 8.531910 0.221038
109 48.053665 56.115673 0.000000 2.310920 1.309088 2.206340 4.162625 8.608808 0.169101
111 49.657421 56.586067 0.000000 1.982791 1.287721 2.123110 3.912282 7.908554 0.142858
112 49.857273 57.130211 0.000000 1.886261 1.319454 2.200738 4.069868 8.187016 0.143425
113 50.277634 57.204205 0.000000 1.789522 1.286636 2.104527 3.809052 7.497931 0.167079
