%% Trajectory 25
%% frame x (pixel)     y (pixel)    z (pixel)      m0         m1           m2           m3           m4           s 
64 41.735470 35.008373 0.000000 1.779947 1.378580 2.395700 4.621615 9.693656 0.143450
65 41.265690 34.988991 0.000000 1.703921 1.308863 2.175448 4.005097 8.016180 0.111111
66 41.765507 35.127731 0.000000 1.887957 1.370968 2.369556 4.539753 9.448820 0.207236
67 41.646912 34.981956 0.000000 1.907875 1.312018 2.180718 4.002585 7.957445 0.125004
68 41.759346 34.881176 0.000000 1.711393 1.347391 2.265510 4.177034 8.273744 0.090909
69 41.575050 35.086323 0.000000 2.050605 1.355901 2.304304 4.329901 8.824489 0.107010
70 41.463905 34.814865 0.000000 2.442088 1.277926 2.057505 3.625690 6.864011 0.151754
71 41.634979 34.961674 0.000000 2.437935 1.391022 2.414729 4.621058 9.546496 0.104131
72 41.498005 34.886684 0.000000 2.596976 1.357165 2.309848 4.344399 8.857308 0.100009
73 41.548576 35.045322 0.000000 2.929770 1.337555 2.232606 4.085814 8.038592 0.111130
74 41.628185 35.230595 0.000000 2.831235 1.379364 2.360165 4.430643 8.942266 0.127366
75 41.605358 34.953350 0.000000 2.994546 1.376086 2.374492 4.528144 9.345932 0.111111
76 41.834003 35.480343 0.000000 2.966693 1.363569 2.329517 4.387275 8.920778 0.259531
77 41.740395 35.031498 0.000000 3.294129 1.339848 2.258140 4.200511 8.458432 0.156493
78 41.575260 35.214378 0.000000 3.223758 1.292583 2.085567 3.672774 6.924450 0.125167
79 41.817066 35.119316 0.000000 3.143320 1.407733 2.476025 4.798468 10.023306 0.100691
80 41.854507 35.148411 0.000000 3.162341 1.363518 2.342784 4.459552 9.221862 0.100001
81 41.737255 35.021614 0.000000 3.201344 1.348802 2.285999 4.275324 8.648403 0.154836
82 41.798431 35.076618 0.000000 3.461587 1.333111 2.246095 4.198650 8.545156 0.125103
83 41.557995 35.220024 0.000000 2.781955 1.241717 1.944536 3.329220 6.126235 0.111111
84 41.603584 35.287827 0.000000 3.053299 1.329697 2.212475 4.048393 7.996494 0.142857
85 41.708031 35.127838 0.000000 3.362831 1.295091 2.106135 3.751745 7.180362 0.125080
86 41.550167 35.211422 0.000000 3.417132 1.284769 2.067970 3.634541 6.841196 0.125000
87 41.695278 35.222073 0.000000 3.192928 1.277632 2.053664 3.608549 6.799504 0.111114
88 41.596462 35.140862 0.000000 3.144947 1.293696 2.099467 3.735106 7.151458 0.125000
89 41.651310 35.192673 0.000000 3.265154 1.330792 2.202978 3.980033 7.688902 0.111658
90 41.594791 35.191643 0.000000 3.543521 1.273769 2.038756 3.579544 6.776378 0.117953
91 41.485638 35.253273 0.000000 3.286474 1.276253 2.044325 3.576537 6.705931 0.125000
92 41.503002 35.446342 0.000000 3.589883 1.298317 2.104806 3.723294 7.047390 0.114396
93 41.475140 35.208492 0.000000 3.656624 1.247775 1.962287 3.377940 6.258384 0.100003
94 41.627514 35.349449 0.000000 3.368175 1.303056 2.125485 3.802380 7.325408 0.111120
95 41.862286 35.641392 0.000000 3.568406 1.339501 2.248809 4.156260 8.292866 0.102355
96 41.869892 35.587044 0.000000 3.346885 1.292400 2.092494 3.714685 7.101761 0.141620
97 41.929211 35.635815 0.000000 3.197835 1.339013 2.245165 4.134527 8.194909 0.125036
98 42.210697 35.846733 0.000000 2.940695 1.322804 2.190549 3.973839 7.739140 0.128176
99 42.464302 35.863834 0.000000 3.091069 1.295712 2.098640 3.711810 7.031049 0.091074
100 42.423500 36.034004 0.000000 3.431295 1.309622 2.159156 3.914652 7.656575 0.100098
101 42.641090 36.037426 0.000000 2.992969 1.341458 2.266593 4.228317 8.541093 0.101155
102 42.955498 36.235886 0.000000 2.794169 1.313994 2.167114 3.923718 7.645904 0.138890
104 44.239559 36.621746 0.000000 3.163476 1.287819 2.080518 3.677890 6.983883 0.090968
