%% Trajectory 8
%% frame x (pixel)     y (pixel)    z (pixel)      m0         m1           m2           m3           m4           s 
14 17.806614 22.630060 0.000000 1.159288 1.339831 2.276829 4.313412 8.945185 0.173899
17 17.647465 22.339777 0.000000 1.309742 1.287739 2.094940 3.759457 7.315900 0.168417
18 17.909485 22.333988 0.000000 1.527010 1.298333 2.141867 3.933037 7.908579 0.142861
19 17.786226 22.181519 0.000000 1.388550 1.312151 2.160179 3.916679 7.678825 0.142857
20 17.797836 22.248585 0.000000 1.608031 1.299857 2.130677 3.856203 7.573339 0.142990
21 17.886845 22.146669 0.000000 1.682648 1.283714 2.076560 3.686084 7.047923 0.149868
22 17.608484 22.045290 0.000000 1.382217 1.258019 1.995141 3.461561 6.450428 0.166670
23 17.651699 21.955666 0.000000 1.283728 1.292829 2.091742 3.696499 6.997164 0.166767
24 17.615244 22.054178 0.000000 1.450699 1.281279 2.077008 3.704575 7.142027 0.200763
25 17.673340 22.138227 0.000000 1.546232 1.255646 1.984760 3.432817 6.381237 0.200000
26 17.843899 22.277252 0.000000 1.784689 1.289549 2.093990 3.737662 7.202784 0.200000
27 17.711500 22.061462 0.000000 1.984774 1.320428 2.189165 3.988721 7.830257 0.200000
28 17.760990 22.041590 0.000000 1.953216 1.326015 2.208035 4.046669 8.002452 0.200000
29 17.691780 22.162672 0.000000 1.782536 1.268629 2.019099 3.512931 6.560233 0.200000
30 17.827404 22.184614 0.000000 2.086698 1.305603 2.140288 3.856677 7.496215 0.200000
31 17.717005 22.154593 0.000000 2.193927 1.277255 2.048437 3.593438 6.767209 0.166879
32 17.789831 21.971323 0.000000 2.171231 1.358484 2.311301 4.335582 8.788883 0.166667
33 17.579851 22.149624 0.000000 2.125130 1.273293 2.034272 3.550980 6.646517 0.178107
34 17.573599 22.128839 0.000000 2.274725 1.270195 2.032079 3.560033 6.704429 0.166667
35 17.807318 22.232512 0.000000 2.628853 1.280501 2.059618 3.630811 6.888025 0.200000
36 17.711430 22.213551 0.000000 2.609161 1.278688 2.049896 3.592459 6.754996 0.200000
37 17.757624 22.060991 0.000000 2.716186 1.352524 2.284990 4.236508 8.442850 0.200000
38 17.728460 21.951731 0.000000 2.958712 1.322118 2.196908 4.014998 7.912579 0.200026
39 17.705147 22.098185 0.000000 3.049010 1.334178 2.229826 4.096729 8.114208 0.200000
40 17.759041 22.137699 0.000000 3.199759 1.326777 2.203418 4.006354 7.815066 0.204524
41 17.760485 22.092251 0.000000 3.281043 1.353544 2.287546 4.242886 8.463952 0.200449
42 17.750477 22.100779 0.000000 3.630430 1.335054 2.222675 4.046310 7.891946 0.387743
43 17.665018 22.136684 0.000000 3.907574 1.331754 2.215841 4.034746 7.878695 0.290313
44 17.727278 22.221901 0.000000 4.137331 1.308901 2.139866 3.826468 7.339391 0.298738
45 17.681690 22.109055 0.000000 4.157576 1.328140 2.207285 4.025841 7.903861 0.312393
46 17.769739 22.126801 0.000000 4.130263 1.323331 2.188982 3.965429 7.711081 0.311425
47 17.742258 22.165705 0.000000 3.966283 1.326774 2.195755 3.974455 7.712201 0.211995
48 17.773901 22.064798 0.000000 4.188276 1.355556 2.297968 4.280602 8.584830 0.200000
49 17.737480 21.989681 0.000000 4.413591 1.351545 2.293118 4.293446 8.694860 0.200000
50 17.839031 22.154858 0.000000 4.339787 1.340266 2.249320 4.150538 8.255722 0.166667
51 17.789034 22.149405 0.000000 4.113899 1.325277 2.199918 4.005528 7.842113 0.166667
52 17.763878 22.050941 0.000000 4.416036 1.361004 2.317767 4.342331 8.768946 0.166667
53 17.840149 22.067493 0.000000 4.667820 1.361971 2.321663 4.353852 8.799298 0.166667
54 17.855600 22.054138 0.000000 4.399574 1.373472 2.360438 4.470966 9.141191 0.166667
55 17.907000 22.176353 0.000000 4.996083 1.353520 2.296811 4.295220 8.676018 0.166667
56 17.978119 22.341663 0.000000 4.643526 1.353933 2.304771 4.336043 8.838041 0.166667
57 18.201984 22.464045 0.000000 4.656545 1.320478 2.182332 3.956181 7.718959 0.142857
58 18.394184 22.599058 0.000000 4.950055 1.286323 2.069063 3.633286 6.833140 0.166667
59 18.696234 22.445389 0.000000 5.019776 1.295493 2.095384 3.698359 6.985309 0.200000
60 18.901922 22.580877 0.000000 4.979574 1.331411 2.218190 4.062213 8.021443 0.200000
61 19.051384 22.563400 0.000000 4.859514 1.315286 2.166186 3.914585 7.617943 0.200000
62 19.096523 22.396708 0.000000 5.028810 1.312707 2.166499 3.939539 7.750856 0.200000
63 19.261642 22.409897 0.000000 4.775822 1.304844 2.127133 3.792429 7.254491 0.166667
64 19.435364 22.262440 0.000000 4.694952 1.296905 2.101062 3.713677 7.021652 0.166667
65 19.445930 21.647429 0.000000 4.838583 1.298056 2.103926 3.723146 7.055108 0.166667
66 19.514008 21.825191 0.000000 4.417015 1.302469 2.119957 3.771910 7.195161 0.166667
67 19.407667 21.759201 0.000000 4.054539 1.311417 2.146803 3.846288 7.398068 0.166667
68 19.434183 21.685797 0.000000 3.884982 1.317498 2.165229 3.888081 7.478585 0.142857
70 19.624752 21.727455 0.000000 2.710326 1.314748 2.159115 3.883760 7.506163 0.215027
72 19.967730 22.261553 0.000000 1.955410 1.346074 2.272417 4.222139 8.460327 0.166667
74 20.260092 22.590250 0.000000 1.311936 1.362337 2.325330 4.385667 8.959230 0.217449
