%% Trajectory 25
%% frame x (pixel)     y (pixel)    z (pixel)      m0         m1           m2           m3           m4           s 
26 31.527344 54.417885 0.000000 1.165835 1.262318 2.051456 3.718891 7.403150 0.152711
28 30.540331 54.379177 0.000000 1.409484 1.296438 2.118645 3.807444 7.382881 0.144896
29 30.936710 53.956997 0.000000 1.158891 1.319092 2.220878 4.140055 8.375034 0.166667
30 31.334799 53.910778 0.000000 1.645999 1.421862 2.543546 5.057323 10.927696 0.142896
32 31.057337 54.479195 0.000000 2.438272 1.384988 2.421983 4.713416 9.996269 0.166667
33 31.143869 54.423592 0.000000 1.983604 1.297437 2.114883 3.792586 7.345328 0.142860
34 31.054266 54.476906 0.000000 2.809446 1.290527 2.109948 3.811491 7.476932 0.250000
35 31.020357 54.381939 0.000000 2.046102 1.339124 2.273999 4.288541 8.802897 0.125000
36 30.919258 54.405071 0.000000 2.417042 1.388800 2.402308 4.566915 9.345512 0.142914
37 31.030544 54.652336 0.000000 2.535064 1.322977 2.211040 4.102162 8.290744 0.247010
38 31.129843 54.567623 0.000000 3.192939 1.326095 2.210591 4.069571 8.120982 0.169679
39 31.210947 54.485035 0.000000 3.116266 1.271734 2.021466 3.511194 6.546034 0.168319
40 31.083607 54.613747 0.000000 3.316522 1.299795 2.133272 3.870464 7.625769 0.166667
41 31.190283 54.683395 0.000000 3.269193 1.276943 2.059148 3.657744 7.033660 0.166667
42 31.081806 54.695320 0.000000 2.527998 1.304656 2.188730 4.111505 8.486178 0.166667
43 31.236433 54.586636 0.000000 3.359347 1.314575 2.175820 3.979250 7.900973 0.166667
44 31.124796 54.614796 0.000000 3.025049 1.316028 2.192913 4.048252 8.127108 0.250000
45 31.093039 54.726658 0.000000 3.865171 1.325056 2.214175 4.092820 8.211443 0.250000
46 31.192135 54.497883 0.000000 3.673491 1.308684 2.159365 3.924996 7.709100 0.250000
48 31.170395 54.572521 0.000000 3.780577 1.297976 2.127019 3.859139 7.622858 0.250000
49 31.086298 54.508774 0.000000 4.485712 1.284131 2.094825 3.797301 7.528913 0.200000
50 31.198742 54.570648 0.000000 4.207244 1.284685 2.084059 3.732637 7.261067 0.250000
51 31.125214 54.252071 0.000000 4.153047 1.318081 2.202527 4.082908 8.243470 0.200001
52 31.246143 54.149765 0.000000 4.360630 1.317446 2.184742 3.990658 7.874241 0.200000
53 31.498962 54.080162 0.000000 3.564417 1.308505 2.167682 3.965070 7.861491 0.166667
54 31.486242 54.019291 0.000000 4.158388 1.331505 2.227341 4.091027 8.082706 0.166667
55 31.714699 54.169876 0.000000 4.175816 1.297465 2.116446 3.796902 7.357201 0.166667
56 32.026123 53.691929 0.000000 4.677894 1.348875 2.296547 4.328541 8.852872 0.200000
57 32.388557 54.052444 0.000000 4.440416 1.352672 2.304489 4.341626 8.864594 0.200000
58 32.570915 54.068336 0.000000 4.055602 1.319982 2.193926 4.006086 7.880257 0.250000
59 32.424370 53.743233 0.000000 3.606967 1.291289 2.115170 3.851195 7.671805 0.200000
60 32.349983 53.716415 0.000000 3.738545 1.336832 2.244812 4.160724 8.354448 0.250000
62 32.308979 53.123314 0.000000 2.904241 1.345941 2.317471 4.461689 9.409734 0.166685
63 32.110744 53.198788 0.000000 2.563498 1.379819 2.400166 4.631521 9.702085 0.201295
64 31.529768 52.789986 0.000000 2.309421 1.352576 2.277805 4.191941 8.255526 0.141585
66 30.654068 52.052208 0.000000 1.708673 1.399902 2.486151 4.897309 10.448956 0.137912
67 30.568512 52.735565 0.000000 1.710815 1.395472 2.456539 4.814780 10.282957 0.187224
69 29.857990 51.533478 0.000000 1.006023 1.486657 2.746208 5.621563 12.464823 0.210835
71 29.347353 51.844242 0.000000 0.809179 1.349021 2.390005 4.800864 10.653578 0.206962
72 29.162300 51.939793 0.000000 0.903770 1.434187 2.620132 5.342960 11.879253 0.163323
