%% Trajectory 16
%% frame x (pixel)     y (pixel)    z (pixel)      m0         m1           m2           m3           m4           s 
22 62.881546 48.260033 0.000000 1.395916 1.384074 2.392754 4.557882 9.372245 0.200000
23 62.899883 48.132038 0.000000 1.406028 1.386208 2.435426 4.760445 10.123501 0.200000
24 62.976002 48.491196 0.000000 1.425489 1.413760 2.513371 4.963590 10.656793 0.379330
25 62.716793 47.917027 0.000000 1.408768 1.490153 2.786721 5.775985 12.937617 0.207668
26 63.185013 48.105534 0.000000 1.400963 1.388631 2.444465 4.788951 10.221100 0.241059
28 62.636677 48.136574 0.000000 1.628016 1.497861 2.787246 5.735958 12.753801 0.168947
29 62.593601 48.723465 0.000000 1.853302 1.513121 2.824130 5.811350 12.869310 0.200000
30 62.248184 48.224262 0.000000 1.701995 1.564947 3.006592 6.351468 14.387894 0.166667
32 63.159286 48.385235 0.000000 1.446855 1.390964 2.412322 4.614789 9.528098 0.249415
33 63.356937 48.114449 0.000000 1.530591 1.381669 2.390752 4.560175 9.385051 0.166667
34 62.729332 48.419811 0.000000 1.629173 1.394320 2.476490 4.939326 10.810053 0.200000
35 63.115334 48.181343 0.000000 1.451974 1.408760 2.516661 5.025699 10.964799 0.166667
37 63.283142 48.286377 0.000000 1.469739 1.306190 2.196212 4.162276 8.729071 0.142857
38 63.560352 48.558086 0.000000 1.575049 1.332168 2.268690 4.335532 9.125467 0.200075
39 63.562176 48.181446 0.000000 1.671918 1.353936 2.300174 4.318976 8.792788 0.200001
40 63.508560 47.967072 0.000000 1.084878 1.366081 2.392566 4.681669 10.011265 0.212436
41 63.205242 47.861076 0.000000 1.538735 1.359785 2.395236 4.745596 10.333541 0.128003
42 63.111416 48.074684 0.000000 1.654917 1.319514 2.214755 4.135854 8.428458 0.247782
43 63.400208 48.300068 0.000000 1.934477 1.306417 2.184474 4.084635 8.388438 0.201561
44 63.142250 48.111813 0.000000 1.851568 1.414670 2.518446 4.987036 10.741860 0.125002
45 63.248028 48.239872 0.000000 1.882351 1.323131 2.230937 4.192807 8.623156 0.212089
47 63.310150 48.359856 0.000000 2.095330 1.361326 2.359860 4.574210 9.712564 0.125000
49 62.479736 48.088833 0.000000 2.255032 1.310253 2.175545 4.008406 8.056446 0.166667
50 62.381989 48.087627 0.000000 2.466465 1.330067 2.265935 4.345809 9.207529 0.200000
51 62.241600 48.303581 0.000000 2.532657 1.209238 1.875512 3.222032 6.057463 0.142857
52 62.092880 48.314899 0.000000 2.007122 1.302343 2.244412 4.439458 9.846118 0.203346
53 62.006641 48.094536 0.000000 1.768167 1.374381 2.468656 5.052157 11.474936 0.200119
54 61.728252 48.488358 0.000000 1.939503 1.249339 2.025224 3.699913 7.514678 0.250000
55 61.659565 48.368656 0.000000 2.048769 1.202476 1.887544 3.358936 6.723883 0.250000
