%% Trajectory 26
%% frame x (pixel)     y (pixel)    z (pixel)      m0         m1           m2           m3           m4           s 
84 28.460043 58.051285 0.000000 0.688557 1.374717 2.400508 4.676550 9.959365 0.176650
85 28.368153 58.191486 0.000000 0.606746 1.257964 2.016230 3.576291 6.913616 0.142857
86 28.215225 58.134483 0.000000 0.721361 1.290517 2.099424 3.739905 7.151214 0.142857
87 28.255037 58.294342 0.000000 0.883160 1.307130 2.135182 3.810595 7.284510 0.142858
88 28.447666 58.305889 0.000000 1.028830 1.321300 2.191553 3.999398 7.879243 0.150406
89 28.646513 58.188892 0.000000 1.272054 1.300133 2.123296 3.802963 7.332909 0.156172
90 28.402632 57.998886 0.000000 1.240355 1.310007 2.164027 3.939265 7.756836 0.209896
91 28.370436 58.433521 0.000000 1.476889 1.286766 2.070597 3.636814 6.840005 0.197003
92 28.503847 58.382324 0.000000 1.731966 1.298828 2.106429 3.726394 7.050172 0.317427
93 28.466055 58.337681 0.000000 1.855918 1.311134 2.155068 3.885064 7.538983 0.269788
94 28.529943 58.384346 0.000000 1.834834 1.303123 2.119570 3.759249 7.126712 0.166954
95 28.466345 58.432652 0.000000 1.673081 1.306280 2.130347 3.797774 7.259291 0.198024
96 28.461691 58.447861 0.000000 1.632735 1.286506 2.070826 3.638473 6.845180 0.146632
97 28.486187 58.526695 0.000000 1.897787 1.256950 1.988323 3.441269 6.403565 0.125000
98 28.497343 58.385277 0.000000 2.120014 1.282928 2.062203 3.620749 6.813736 0.142857
99 28.495928 58.363297 0.000000 2.081179 1.279482 2.047675 3.578643 6.703502 0.125000
100 28.735098 58.449154 0.000000 1.816700 1.293654 2.089983 3.683982 6.948854 0.142888
101 28.615944 58.286812 0.000000 2.056456 1.279363 2.050850 3.589908 6.733083 0.166702
102 28.779982 58.193993 0.000000 2.105896 1.321989 2.179669 3.933367 7.617831 0.200057
103 29.061522 58.122185 0.000000 1.828671 1.359772 2.330181 4.421780 9.103822 0.258618
104 29.127790 58.136856 0.000000 1.936628 1.318613 2.192403 4.021236 7.979052 0.273773
105 29.205160 58.174702 0.000000 1.992302 1.338703 2.251026 4.173649 8.369424 0.200252
106 29.234428 58.186226 0.000000 1.810850 1.320226 2.191074 4.010118 7.942887 0.204830
107 29.456652 58.171307 0.000000 1.827504 1.288053 2.074476 3.647627 6.868778 0.200001
108 29.783871 58.522701 0.000000 2.063464 1.313522 2.152917 3.859808 7.424801 0.250000
109 29.750626 59.003559 0.000000 1.834736 1.388004 2.421454 4.674309 9.776356 0.200023
111 29.444128 59.538246 0.000000 1.899100 1.285526 2.065323 3.622358 6.805181 0.250443
112 29.524294 58.930584 0.000000 1.649911 1.336523 2.242110 4.137659 8.235332 0.251649
113 29.905329 58.953167 0.000000 1.638327 1.356332 2.308905 4.344070 8.852723 0.270794
115 29.621559 58.361961 0.000000 1.282027 1.285492 2.062905 3.613666 6.780725 0.200666
116 29.351791 58.429852 0.000000 1.078269 1.254906 1.979951 3.415890 6.332508 0.250000
