%% Trajectory 7
%% frame x (pixel)     y (pixel)    z (pixel)      m0         m1           m2           m3           m4           s 
10 30.329124 53.067188 0.000000 1.640711 1.370983 2.364749 4.519070 9.370034 0.278069
13 30.559494 53.487865 0.000000 1.764277 1.354979 2.315320 4.393775 9.071999 0.284898
15 30.106819 53.605450 0.000000 1.485122 1.231816 1.923355 3.303446 6.144480 0.200000
16 30.264362 53.821922 0.000000 1.524271 1.230372 1.911332 3.251992 5.963244 0.166667
17 30.322260 53.823437 0.000000 2.221091 1.261462 2.003884 3.499865 6.614434 0.200001
18 30.315216 53.805164 0.000000 2.062281 1.284597 2.062365 3.628065 6.868210 0.200000
19 30.385489 53.905495 0.000000 2.284266 1.320320 2.223781 4.148193 8.397749 0.200000
20 30.572435 53.791893 0.000000 2.555894 1.253338 1.968871 3.382891 6.251204 0.200000
21 30.361301 53.861523 0.000000 2.283165 1.277765 2.045127 3.578871 6.721949 0.200000
22 30.334379 54.025261 0.000000 2.475429 1.293851 2.131338 3.892195 7.738322 0.200000
23 30.362823 54.068489 0.000000 2.829626 1.262712 2.017410 3.539806 6.698946 0.200000
24 30.495987 54.182362 0.000000 2.602418 1.207133 1.848689 3.102144 5.619995 0.200000
25 30.506516 54.148197 0.000000 2.732415 1.215874 1.879510 3.184087 5.817726 0.200000
26 30.443216 54.130550 0.000000 2.730705 1.259286 2.004065 3.499194 6.584342 0.200000
27 30.523703 54.147640 0.000000 3.407917 1.251995 1.980850 3.445041 6.481409 0.200058
28 30.529989 54.147247 0.000000 2.999793 1.255252 1.987075 3.446383 6.436167 0.200000
29 30.529053 54.186138 0.000000 3.062649 1.234185 1.932407 3.323643 6.181757 0.200000
30 30.434872 54.371025 0.000000 3.548451 1.253010 1.982667 3.443843 6.459720 0.328652
31 30.496861 54.339909 0.000000 3.600538 1.254327 1.984214 3.432255 6.376129 0.202661
32 30.469097 54.288616 0.000000 3.880409 1.285697 2.069940 3.639126 6.852739 0.200016
33 30.598331 54.511032 0.000000 3.892526 1.295952 2.115658 3.800655 7.374004 0.166675
34 30.502140 54.498596 0.000000 4.211353 1.308229 2.140280 3.828538 7.343383 0.200013
35 30.509151 54.600315 0.000000 4.536784 1.392864 2.435523 4.716722 9.904563 0.166679
36 30.660702 54.595600 0.000000 5.193195 1.380517 2.381353 4.521565 9.255946 0.200479
37 30.687355 54.639977 0.000000 5.438745 1.423270 2.524005 4.938755 10.433476 0.200000
38 30.651890 54.816364 0.000000 5.799098 1.420324 2.528173 4.987780 10.666274 0.243387
39 30.628948 54.874432 0.000000 6.363195 1.425632 2.542917 5.023812 10.753365 0.200000
40 30.618975 54.836361 0.000000 6.703536 1.419862 2.510223 4.898432 10.330033 0.200000
41 30.662794 54.798462 0.000000 6.453001 1.429056 2.533509 4.947908 10.420897 0.200000
42 30.720181 54.834564 0.000000 6.822651 1.441611 2.586081 5.125296 10.978232 0.200000
43 30.745920 54.782257 0.000000 7.016846 1.471603 2.691566 5.440331 11.878360 0.200000
44 30.727587 54.920845 0.000000 6.613771 1.485046 2.729707 5.538479 12.123578 0.200000
45 30.730419 54.900616 0.000000 6.709816 1.462871 2.663331 5.363138 11.676533 0.200000
46 30.783123 54.909760 0.000000 7.112953 1.480605 2.720289 5.525027 12.123743 0.200000
47 30.774294 55.162128 0.000000 7.309653 1.458747 2.644831 5.299194 11.476089 0.200000
48 30.746935 55.143475 0.000000 8.145363 1.479534 2.706087 5.459239 11.880269 0.200000
49 30.880253 55.243759 0.000000 8.342738 1.497809 2.770728 5.652119 12.427038 0.166667
50 30.820509 55.228443 0.000000 7.974423 1.483286 2.714987 5.472907 11.883105 0.166667
51 30.855114 55.191086 0.000000 7.943284 1.491372 2.747060 5.580132 12.220872 0.166667
52 30.841846 55.212826 0.000000 7.723270 1.499638 2.777519 5.674031 12.495975 0.166667
53 30.932198 55.239304 0.000000 7.839669 1.504173 2.786216 5.683709 12.480857 0.166667
54 31.060778 55.271523 0.000000 8.240099 1.488778 2.746560 5.595172 12.299592 0.166667
55 31.152647 55.231876 0.000000 9.141676 1.488236 2.734113 5.533036 12.058590 0.200000
56 31.208630 55.378407 0.000000 9.482124 1.499167 2.764861 5.611177 12.253175 0.200000
57 31.273092 55.219807 0.000000 9.743642 1.497264 2.763440 5.616735 12.289934 0.200000
58 31.284935 55.306671 0.000000 8.978488 1.521178 2.843089 5.847257 12.933971 0.250000
59 31.387732 55.344376 0.000000 8.829365 1.526150 2.861176 5.902788 13.095879 0.250000
60 31.410650 55.416534 0.000000 8.241585 1.535435 2.896173 6.009856 13.402771 0.250000
61 31.384535 55.382633 0.000000 8.077312 1.532187 2.879631 5.954258 13.235935 0.250000
62 31.310514 55.443214 0.000000 8.152936 1.522036 2.845871 5.852746 12.939345 0.250000
63 31.322195 55.577415 0.000000 8.112397 1.468193 2.661337 5.307821 11.395273 0.250000
64 31.258863 55.593761 0.000000 7.474111 1.515141 2.825903 5.806400 12.847836 0.250000
65 31.335415 55.746811 0.000000 7.696775 1.481598 2.705785 5.433525 11.734908 0.250000
66 31.381130 55.873753 0.000000 7.590576 1.517237 2.831399 5.816881 12.857409 0.250000
67 31.493702 56.130959 0.000000 7.932871 1.436577 2.551936 4.980341 10.451300 0.250000
68 31.589417 56.179028 0.000000 7.552892 1.459120 2.630413 5.212302 11.105807 0.200000
69 31.703472 56.040890 0.000000 7.724370 1.471478 2.686491 5.416020 11.786700 0.250000
70 31.729010 55.958485 0.000000 7.717304 1.503018 2.785588 5.686602 12.495826 0.250000
71 31.848093 55.806633 0.000000 7.510397 1.489746 2.746191 5.587539 12.264344 0.250000
72 32.084057 55.883183 0.000000 6.937688 1.482735 2.730731 5.562389 12.244781 0.250000
73 32.116047 55.787518 0.000000 6.552270 1.518468 2.848783 5.899184 13.170126 0.250053
74 32.178627 56.037712 0.000000 6.452314 1.543975 2.944614 6.202552 14.077859 0.251957
75 32.362507 55.609447 0.000000 6.438052 1.541242 2.912151 6.054349 13.533122 0.201999
77 31.932842 55.222622 0.000000 4.943064 1.597513 3.129549 6.744281 15.591346 0.200000
78 31.846285 55.032097 0.000000 4.426884 1.606521 3.167082 6.882931 16.072943 0.200000
79 31.893969 55.393448 0.000000 4.778708 1.607015 3.159810 6.832907 15.845682 0.200000
80 32.350105 55.440758 0.000000 4.402883 1.595214 3.118128 6.708384 15.496046 0.166667
81 32.370049 55.560177 0.000000 4.006377 1.647422 3.287430 7.192194 16.834663 0.200080
82 32.445599 55.801178 0.000000 3.637614 1.674141 3.397768 7.564239 18.006689 0.166667
84 31.615559 55.048412 0.000000 2.213445 1.605297 3.187851 7.003118 16.558992 0.166667
85 32.349316 54.820835 0.000000 2.431163 1.610736 3.199373 7.027788 16.629013 0.166875
