%% Trajectory 19
%% frame x (pixel)     y (pixel)    z (pixel)      m0         m1           m2           m3           m4           s 
50 45.557697 43.777660 0.000000 1.644758 1.311200 2.175563 4.016539 8.113125 0.125001
53 44.478889 42.429386 0.000000 2.319360 1.552312 2.965899 6.232551 14.053444 0.125899
55 45.529072 43.540794 0.000000 1.847812 1.402057 2.446919 4.716073 9.840219 0.213335
56 45.264149 43.551575 0.000000 2.270392 1.377563 2.371250 4.494714 9.190348 0.158107
57 45.249153 43.563568 0.000000 2.427284 1.414229 2.480028 4.794386 10.012147 0.125000
58 44.848015 43.500042 0.000000 2.841621 1.407015 2.466841 4.769384 9.962403 0.199379
59 45.194107 43.443176 0.000000 2.269079 1.414596 2.506478 4.910721 10.407050 0.200000
60 45.124844 43.749344 0.000000 2.209933 1.434976 2.561021 5.049552 10.769598 0.166667
61 45.151619 43.560810 0.000000 2.509274 1.406219 2.482699 4.855817 10.296233 0.166667
62 44.989758 43.699482 0.000000 2.643039 1.496410 2.783990 5.722213 12.684775 0.200000
63 45.298225 43.610653 0.000000 2.652548 1.431919 2.532153 4.923652 10.309484 0.166667
64 44.826805 43.451843 0.000000 2.840828 1.463983 2.661374 5.350184 11.631225 0.166667
65 44.845715 43.491295 0.000000 2.821624 1.579897 3.049137 6.460431 14.674212 0.166667
66 44.549976 43.743782 0.000000 2.696355 1.423257 2.497698 4.802342 9.905560 0.166670
67 44.302933 43.424526 0.000000 2.753423 1.449199 2.586065 5.065875 10.660862 0.166676
68 44.299351 43.168552 0.000000 2.680171 1.471496 2.685943 5.403005 11.711371 0.166667
69 43.917099 42.936672 0.000000 3.313779 1.511479 2.828294 5.841303 13.003160 0.166667
70 44.313221 42.991051 0.000000 2.862834 1.417390 2.510528 4.911768 10.381664 0.166667
71 44.151409 43.175598 0.000000 2.732420 1.499099 2.767828 5.631524 12.345634 0.200000
72 43.733810 42.897217 0.000000 2.631207 1.444185 2.615311 5.251694 11.426771 0.166809
73 43.713722 42.736656 0.000000 2.148472 1.426117 2.527972 4.955495 10.517671 0.170061
