%% Trajectory 8
%% frame x (pixel)     y (pixel)    z (pixel)      m0         m1           m2           m3           m4           s 
4 32.469505 38.488663 0.000000 0.889228 1.368205 2.316403 4.295608 8.555102 0.203263
6 32.216175 38.357517 0.000000 0.924237 1.417019 2.512948 4.928862 10.461959 0.147478
7 32.309792 38.151615 0.000000 0.838923 1.396208 2.460904 4.837427 10.381496 0.174480
8 32.440262 38.312443 0.000000 1.155188 1.356017 2.281495 4.190994 8.232429 0.133778
9 32.362732 38.500988 0.000000 1.278140 1.348929 2.270712 4.196759 8.349748 0.166742
10 32.345909 38.265717 0.000000 0.972966 1.359203 2.293682 4.233772 8.372343 0.313870
11 32.266880 38.530533 0.000000 1.012479 1.332409 2.216351 4.032307 7.864228 0.164656
12 32.202259 38.504612 0.000000 1.219225 1.375771 2.347538 4.386735 8.790703 0.142857
13 32.496750 38.314137 0.000000 1.252617 1.351056 2.274770 4.208808 8.392562 0.143931
14 32.273304 38.405647 0.000000 1.346218 1.326812 2.196931 3.981188 7.741243 0.191987
15 32.149323 38.413994 0.000000 1.002622 1.366459 2.350846 4.460238 9.141770 0.142860
16 32.210674 38.233612 0.000000 1.281492 1.344390 2.264925 4.202393 8.421212 0.198394
17 32.189693 38.378357 0.000000 1.328771 1.341650 2.238532 4.094683 8.051333 0.166789
18 32.343510 38.502560 0.000000 1.240751 1.332248 2.214803 4.042955 7.952009 0.166667
19 32.119667 38.437656 0.000000 1.181797 1.384341 2.405659 4.622910 9.624992 0.166667
20 32.209007 38.363106 0.000000 1.101225 1.348095 2.266003 4.177804 8.279336 0.187132
21 32.443077 38.542599 0.000000 1.443561 1.324587 2.183387 3.931328 7.580141 0.125000
22 32.222832 38.407608 0.000000 1.320079 1.358006 2.301842 4.279589 8.548071 0.148502
23 32.376133 38.523453 0.000000 1.450257 1.336891 2.217774 4.010122 7.743297 0.143244
24 32.429699 38.412388 0.000000 1.633219 1.349338 2.280792 4.240173 8.501000 0.166667
25 32.168968 38.583958 0.000000 1.621265 1.349040 2.267807 4.181106 8.285851 0.157368
26 32.388115 38.277569 0.000000 1.467699 1.322407 2.187552 3.966870 7.735451 0.142872
27 32.174141 38.254063 0.000000 1.513191 1.358175 2.305648 4.308586 8.687222 0.142943
28 32.237339 38.069359 0.000000 1.726018 1.369683 2.349472 4.445537 9.091083 0.150948
29 32.318398 38.005390 0.000000 1.649681 1.400124 2.460309 4.787682 10.096739 0.142925
31 32.608269 38.140656 0.000000 1.952649 1.363139 2.316848 4.331316 8.735428 0.142961
33 33.156227 38.337223 0.000000 1.874751 1.359922 2.338614 4.472763 9.330594 0.165281
34 33.178421 38.519913 0.000000 1.733868 1.379821 2.405704 4.662788 9.844901 0.166667
