%% Trajectory 18
%% frame x (pixel)     y (pixel)    z (pixel)      m0         m1           m2           m3           m4           s 
58 28.229889 63.420357 0.000000 0.749759 1.586118 3.153041 6.980919 16.708838 0.166668
60 28.826361 64.348000 0.000000 1.057549 1.366276 2.357520 4.507602 9.358909 0.250690
61 28.526220 64.051895 0.000000 1.128917 1.389944 2.451535 4.826937 10.382918 0.250000
62 28.984764 64.156067 0.000000 1.626050 1.394097 2.461357 4.828135 10.283107 0.250000
63 28.832882 64.392319 0.000000 1.616047 1.346244 2.283600 4.286538 8.737774 0.200000
64 29.111071 63.987251 0.000000 2.179918 1.408512 2.484224 4.837858 10.177423 0.343443
65 29.147827 64.124008 0.000000 2.033324 1.383200 2.404218 4.622011 9.620915 0.250000
66 29.104380 64.406929 0.000000 2.048166 1.303910 2.130089 3.818165 7.371906 0.250000
67 29.196068 64.106392 0.000000 2.284497 1.373386 2.349539 4.416362 8.933361 0.200000
68 29.207861 64.048798 0.000000 2.106444 1.343215 2.274223 4.251235 8.598310 0.166667
69 29.280518 63.941719 0.000000 2.149332 1.327875 2.219024 4.084862 8.120683 0.166667
70 29.422596 63.827099 0.000000 1.953501 1.308088 2.141620 3.834591 7.363285 0.167313
71 29.665537 63.845303 0.000000 2.157943 1.338195 2.237346 4.103732 8.097364 0.142969
72 29.753078 63.745152 0.000000 2.051293 1.354496 2.300888 4.311372 8.742917 0.142859
73 30.115854 63.678772 0.000000 2.076182 1.381702 2.406713 4.658237 9.815715 0.166804
74 30.043802 63.871067 0.000000 1.689478 1.410309 2.509896 4.965219 10.672912 0.166736
75 30.409254 63.849155 0.000000 1.813953 1.349453 2.294833 4.320313 8.829581 0.190228
76 30.637016 63.894188 0.000000 1.672533 1.335780 2.242141 4.149361 8.306097 0.213871
77 30.479391 63.847313 0.000000 1.381129 1.309169 2.155651 3.913450 7.686059 0.146569
