%% Trajectory 20
%% frame x (pixel)     y (pixel)    z (pixel)      m0         m1           m2           m3           m4           s 
63 30.767193 48.574989 0.000000 0.900305 1.268373 2.065167 3.760897 7.553086 0.333333
64 30.433100 48.847034 0.000000 0.758592 1.314552 2.167626 3.942634 7.769732 0.333334
66 30.837465 48.713188 0.000000 1.133089 1.293556 2.107817 3.780381 7.333286 0.200000
68 30.287758 48.465958 0.000000 1.012330 1.274087 2.030803 3.539256 6.622701 0.196378
69 30.098995 48.672813 0.000000 1.159525 1.260343 2.017856 3.571193 6.878181 0.195567
70 30.363787 49.094955 0.000000 1.151725 1.323130 2.228338 4.192619 8.653728 0.201464
71 30.481058 48.919041 0.000000 1.573321 1.340106 2.269090 4.264264 8.732775 0.381944
72 30.447922 48.707546 0.000000 1.261451 1.296707 2.150349 3.975838 8.060792 0.203498
73 30.422523 48.752182 0.000000 1.491214 1.294404 2.102079 3.753098 7.240983 0.166667
74 30.548124 48.603699 0.000000 1.612146 1.290948 2.087742 3.704075 7.084043 0.250000
75 30.274063 48.499916 0.000000 1.769997 1.307349 2.149450 3.887895 7.594750 0.250725
76 30.445030 48.512096 0.000000 1.740302 1.278820 2.095431 3.839053 7.745566 0.200008
77 30.378632 48.732368 0.000000 1.655757 1.361197 2.290615 4.201711 8.226921 0.200000
78 30.630270 48.522915 0.000000 2.210122 1.353318 2.293741 4.291393 8.698559 0.250000
79 30.645086 48.588360 0.000000 1.911644 1.295630 2.109691 3.758157 7.183893 0.166667
80 30.508883 48.392902 0.000000 2.408654 1.345900 2.258782 4.157834 8.228062 0.250000
81 30.249908 48.681683 0.000000 2.035173 1.302312 2.122323 3.777364 7.197555 0.250000
82 30.618940 48.599884 0.000000 2.495472 1.283400 2.069544 3.660849 6.980029 0.200000
83 30.510698 48.228134 0.000000 2.426347 1.344839 2.251843 4.123260 8.089717 0.200000
84 30.684134 48.484806 0.000000 1.980357 1.342902 2.236091 4.068692 7.931255 0.261898
85 31.099646 48.392864 0.000000 2.400649 1.311517 2.179694 4.013988 8.047050 0.250000
86 31.548887 48.263657 0.000000 2.889820 1.370561 2.341929 4.404791 8.943376 0.250000
87 31.541384 48.152744 0.000000 2.317159 1.341507 2.252811 4.168266 8.338562 0.259641
88 31.426500 48.004108 0.000000 2.152214 1.325390 2.212204 4.070257 8.098648 0.263380
89 32.023651 47.853085 0.000000 2.267438 1.349832 2.301545 4.356096 8.969785 0.200000
90 31.576735 47.795197 0.000000 1.974778 1.369686 2.331625 4.371457 8.857456 0.250000
91 32.039700 47.836391 0.000000 1.689590 1.455768 2.639863 5.287176 11.434535 0.250000
92 32.363525 48.384701 0.000000 1.845928 1.348097 2.265085 4.176508 8.288945 0.250000
94 31.851393 49.411098 0.000000 1.040530 1.310233 2.190479 4.106141 8.487810 0.166667
