%% Trajectory 7
%% frame x (pixel)     y (pixel)    z (pixel)      m0         m1           m2           m3           m4           s 
13 27.042633 26.134586 0.000000 1.624429 1.212924 1.903377 3.311354 6.285166 0.166667
14 27.072372 26.078884 0.000000 1.713241 1.266709 2.057256 3.707909 7.281086 0.166667
15 27.249994 25.990465 0.000000 1.857801 1.293737 2.141117 3.921533 7.787043 0.166667
16 27.086679 25.873934 0.000000 1.702167 1.321484 2.234675 4.201507 8.593940 0.166667
17 27.072742 26.050980 0.000000 2.323421 1.285337 2.114392 3.867419 7.715803 0.142857
18 27.020748 25.971052 0.000000 2.487370 1.370500 2.382347 4.607522 9.699565 0.166668
19 26.875858 26.112549 0.000000 2.304792 1.287625 2.104712 3.790429 7.382085 0.166667
20 26.948353 25.958797 0.000000 2.198136 1.323912 2.227242 4.150739 8.393634 0.142859
21 26.899477 26.023613 0.000000 2.710607 1.335762 2.258343 4.220938 8.548972 0.255803
22 26.939278 26.023441 0.000000 2.647108 1.346250 2.294442 4.317475 8.779761 0.143466
23 26.890959 26.020622 0.000000 2.309893 1.312385 2.192963 4.065516 8.199684 0.166667
24 26.832520 25.985142 0.000000 2.878771 1.348445 2.310188 4.396944 9.107995 0.168982
25 26.907211 26.146179 0.000000 3.064617 1.340779 2.263562 4.214143 8.482061 0.168302
26 26.800322 26.167593 0.000000 3.199565 1.264210 2.024175 3.560691 6.758883 0.166674
27 27.047884 26.046938 0.000000 3.177414 1.360696 2.350714 4.514503 9.432344 0.166667
28 27.068048 26.225849 0.000000 3.452293 1.306361 2.162841 3.964255 7.896828 0.166668
29 26.896536 26.190807 0.000000 3.515941 1.333239 2.240785 4.156556 8.344320 0.166667
30 27.130224 26.008028 0.000000 3.331583 1.372646 2.387056 4.610832 9.681671 0.200000
31 27.031994 25.979618 0.000000 3.777482 1.400008 2.468436 4.827242 10.240390 0.202855
32 27.017370 26.100374 0.000000 3.343565 1.415042 2.512222 4.943656 10.544868 0.166667
33 27.063572 26.101919 0.000000 3.670452 1.367131 2.346937 4.457649 9.176373 0.200000
34 27.263660 26.104361 0.000000 3.904168 1.340181 2.261950 4.221401 8.545287 0.200000
35 27.230705 26.001366 0.000000 3.998158 1.378131 2.382550 4.555298 9.440280 0.200000
36 27.425980 26.014345 0.000000 3.971560 1.354020 2.298343 4.302518 8.706764 0.250000
37 27.483973 26.031622 0.000000 3.968335 1.333831 2.237550 4.146969 8.332435 0.166667
38 27.496716 26.124937 0.000000 4.278271 1.314724 2.166498 3.916987 7.621809 0.250000
39 27.769318 26.214012 0.000000 3.840251 1.365934 2.332863 4.384434 8.883765 0.252060
40 27.586164 26.171797 0.000000 3.665058 1.353464 2.285368 4.236017 8.446270 0.250020
41 27.898420 26.436905 0.000000 3.657184 1.367720 2.359306 4.512597 9.377073 0.390078
42 27.895739 26.429773 0.000000 3.678308 1.389066 2.421791 4.674118 9.775716 0.250022
43 27.961933 26.520697 0.000000 3.660241 1.389196 2.428224 4.701632 9.867148 0.250000
44 28.139114 26.619347 0.000000 3.325684 1.376070 2.369447 4.510473 9.307739 0.250000
45 28.357258 27.136642 0.000000 3.367786 1.412811 2.492452 4.867816 10.301266 0.250000
46 28.394693 26.881029 0.000000 3.012927 1.446266 2.608928 5.197078 11.178627 0.250000
47 28.254992 27.357445 0.000000 2.741258 1.496294 2.767331 5.639153 12.371826 0.250000
48 28.288780 27.435949 0.000000 2.388616 1.535582 2.909108 6.083468 13.702519 0.250000
49 28.649458 27.078724 0.000000 2.180379 1.575235 3.060214 6.550682 15.059924 0.250000
50 28.540991 26.889559 0.000000 2.237667 1.565390 3.048316 6.588835 15.389193 0.250000
51 28.701393 26.938385 0.000000 1.835279 1.516279 2.857502 5.966376 13.463029 0.250000
52 28.998928 27.363520 0.000000 1.568591 1.523800 2.918859 6.237617 14.470899 0.250000
53 29.499439 27.481415 0.000000 1.664875 1.529025 2.909612 6.117646 13.850495 0.200000
