%% Trajectory 25
%% frame x (pixel)     y (pixel)    z (pixel)      m0         m1           m2           m3           m4           s 
87 62.642666 49.432926 0.000000 1.408273 1.344678 2.267828 4.230052 8.563345 0.166667
88 62.479546 49.744808 0.000000 1.682577 1.281015 2.074829 3.712104 7.217836 0.166667
89 62.575211 49.629459 0.000000 1.442189 1.310103 2.175989 4.004452 8.020235 0.168173
90 62.558861 49.474838 0.000000 1.825577 1.242146 1.944689 3.328390 6.122941 0.166667
91 62.476696 49.371059 0.000000 2.009249 1.276365 2.054941 3.636043 6.950175 0.166667
92 62.460152 49.421726 0.000000 2.079354 1.254283 1.980034 3.418806 6.343636 0.142857
94 62.579082 49.172180 0.000000 2.655377 1.368160 2.346678 4.444466 9.102891 0.144430
95 62.502563 49.346466 0.000000 2.573267 1.299639 2.124989 3.818551 7.403405 0.143811
96 62.490509 49.180000 0.000000 3.283523 1.302913 2.130165 3.825911 7.413381 0.168630
97 62.501289 49.298058 0.000000 3.012700 1.283949 2.069243 3.655340 6.952690 0.195811
98 62.332497 49.226986 0.000000 2.992199 1.330765 2.214003 4.047415 7.979057 0.187011
99 62.528278 49.155209 0.000000 3.310724 1.320512 2.199452 4.062578 8.180010 0.166681
100 62.410522 49.114082 0.000000 2.806746 1.336088 2.258802 4.247825 8.726562 0.211998
101 62.479275 48.948082 0.000000 3.366269 1.319490 2.203032 4.079092 8.230098 0.143150
102 62.410885 49.178696 0.000000 3.698311 1.349774 2.278323 4.234513 8.503740 0.159315
103 62.487408 48.991879 0.000000 4.037464 1.341018 2.266395 4.239736 8.614957 0.145160
104 62.386200 48.831493 0.000000 3.685889 1.331928 2.222243 4.083830 8.112993 0.266274
105 62.586620 48.859592 0.000000 3.403455 1.312593 2.169958 3.957305 7.820271 0.164215
106 62.534286 48.487099 0.000000 3.802388 1.302212 2.112336 3.736998 7.070139 0.325273
107 62.524410 48.394974 0.000000 4.033697 1.292739 2.089159 3.685989 6.964154 0.258869
108 62.480167 48.283913 0.000000 3.690610 1.275378 2.036995 3.554022 6.649153 0.200843
109 62.631622 48.190460 0.000000 3.136749 1.350021 2.289649 4.289155 8.701387 0.200000
110 62.468502 48.086437 0.000000 2.551443 1.323749 2.199961 4.026172 7.967278 0.200000
111 62.717918 47.709347 0.000000 2.751322 1.312171 2.148715 3.844870 7.372496 0.200000
112 63.060532 47.501095 0.000000 2.819770 1.315622 2.168196 3.929069 7.684730 0.200000
114 62.863770 47.303265 0.000000 1.817823 1.405467 2.458688 4.741436 9.875817 0.150123
116 63.726238 47.435211 0.000000 1.833658 1.391890 2.427350 4.668488 9.702205 0.166667
