%% Trajectory 27
%% frame x (pixel)     y (pixel)    z (pixel)      m0         m1           m2           m3           m4           s 
51 60.760609 68.410881 0.000000 1.360292 1.533770 2.901265 6.058083 13.612712 0.112643
54 60.778969 68.800613 0.000000 1.322574 1.494540 2.773515 5.703699 12.689970 0.132707
55 61.454350 68.987450 0.000000 1.613314 1.535773 2.940328 6.222030 14.189275 0.244690
58 61.152920 69.217911 0.000000 1.133433 1.506236 2.819228 5.819962 12.925730 0.150641
59 61.172508 68.728767 0.000000 1.268811 1.576159 3.081907 6.643167 15.379543 0.213585
61 61.077114 70.170235 0.000000 1.112100 1.457068 2.674110 5.503742 12.401630 0.200000
63 61.310085 69.330894 0.000000 1.360807 1.353368 2.303300 4.316097 8.732226 0.166667
64 60.993416 69.518532 0.000000 1.355055 1.467063 2.686295 5.438735 11.885118 0.143928
65 61.227772 69.484009 0.000000 1.796148 1.303120 2.146100 3.886142 7.586186 0.125000
66 61.291374 69.099709 0.000000 1.527487 1.495095 2.797913 5.808338 13.042947 0.166667
67 61.102352 69.291313 0.000000 1.967937 1.385148 2.394635 4.566988 9.418930 0.200000
68 60.858006 69.645050 0.000000 1.555724 1.538176 2.944369 6.229846 14.202190 0.167673
70 61.419624 68.948158 0.000000 1.870147 1.368096 2.352391 4.452667 9.075082 0.142857
71 61.564636 69.145073 0.000000 1.409880 1.358646 2.336301 4.454879 9.231805 0.111111
72 61.553410 68.984711 0.000000 1.715899 1.439588 2.593270 5.176474 11.200197 0.125000
74 61.281517 67.946526 0.000000 1.372174 1.389321 2.471390 4.942189 10.860785 0.129586
75 61.873280 67.682503 0.000000 1.735765 1.428840 2.600433 5.291949 11.754706 0.166754
77 61.768711 67.752357 0.000000 1.359260 1.500630 2.791620 5.749697 12.790379 0.163013
78 61.799400 67.165154 0.000000 1.592220 1.450829 2.598451 5.121147 10.857698 0.125003
79 62.326046 66.848701 0.000000 1.446509 1.516820 2.883618 6.111035 14.065171 0.178348
81 61.480385 66.301804 0.000000 1.330672 1.444861 2.612985 5.256987 11.497792 0.112131
82 61.054035 66.425880 0.000000 0.843973 1.327296 2.255492 4.279239 8.880758 0.142858
83 61.579975 66.141365 0.000000 0.967055 1.459676 2.671781 5.433237 11.984229 0.165286
85 61.452438 66.512405 0.000000 1.263063 1.417497 2.532706 5.081574 11.199874 0.280283
