%% Trajectory 16
%% frame x (pixel)     y (pixel)    z (pixel)      m0         m1           m2           m3           m4           s 
52 62.661770 66.550018 0.000000 1.166913 1.274277 2.033377 3.545612 6.632189 0.250000
53 62.920612 66.212799 0.000000 1.084738 1.391598 2.450029 4.810004 10.297410 0.200030
54 62.489517 66.684898 0.000000 1.305800 1.381155 2.406184 4.663107 9.853204 0.250000
56 62.549576 65.932709 0.000000 1.588913 1.438289 2.598934 5.219681 11.382679 0.200364
57 62.859474 66.566246 0.000000 1.809763 1.377310 2.378188 4.533275 9.349121 0.250000
58 62.634163 66.707550 0.000000 1.807097 1.278357 2.049075 3.591552 6.759444 0.200230
59 62.771927 66.695808 0.000000 1.995819 1.341346 2.258858 4.189102 8.393219 0.200006
60 62.772049 66.476509 0.000000 2.053251 1.369957 2.345392 4.425930 9.024020 0.211108
61 62.655991 66.451416 0.000000 1.897674 1.345706 2.259067 4.159849 8.240836 0.166667
62 62.928310 66.601379 0.000000 2.046926 1.334056 2.257328 4.250359 8.743400 0.166744
63 62.815857 66.448517 0.000000 2.162539 1.371225 2.352673 4.458122 9.149905 0.142859
64 62.613136 66.422424 0.000000 2.244645 1.318401 2.161863 3.863446 7.372941 0.142857
65 62.740967 66.523270 0.000000 2.017304 1.358444 2.331025 4.450675 9.276999 0.168158
66 62.915012 66.393280 0.000000 2.645404 1.363972 2.336151 4.431363 9.128005 0.166667
67 62.807045 66.309807 0.000000 1.900970 1.454357 2.647643 5.348568 11.716173 0.347787
68 62.763206 66.402390 0.000000 2.362140 1.322047 2.181710 3.942290 7.647596 0.166691
69 62.891357 66.452484 0.000000 2.150308 1.343850 2.274572 4.257568 8.646986 0.172901
70 63.153130 66.063087 0.000000 2.089442 1.393891 2.431580 4.684328 9.756115 0.167893
71 62.655437 66.166077 0.000000 2.101584 1.308980 2.137670 3.817189 7.309059 0.166667
72 62.327011 65.816597 0.000000 2.456963 1.347536 2.259392 4.149671 8.184779 0.166667
73 62.327896 65.934120 0.000000 2.063131 1.441746 2.590330 5.149189 11.076610 0.350973
74 62.250145 65.451958 0.000000 1.978030 1.420930 2.515744 4.910432 10.344878 0.324252
75 62.658649 65.531441 0.000000 1.951545 1.355850 2.294335 4.275034 8.604485 0.152316
77 62.538918 65.216255 0.000000 1.967193 1.321378 2.190344 4.014945 8.001328 0.142857
78 62.312843 65.223885 0.000000 1.872052 1.321444 2.172919 3.908058 7.541306 0.125000
79 62.224903 64.965721 0.000000 1.770491 1.403602 2.463028 4.790233 10.108294 0.154813
80 62.253254 65.249138 0.000000 1.748334 1.316300 2.159307 3.867630 7.415522 0.133302
81 61.949368 65.005699 0.000000 2.222589 1.417172 2.523372 4.972095 10.595548 0.173449
83 62.594723 63.895969 0.000000 1.190750 1.324688 2.194285 3.996698 7.852751 0.167163
