%% Trajectory 11
%% frame x (pixel)     y (pixel)    z (pixel)      m0         m1           m2           m3           m4           s 
17 61.810276 32.161911 0.000000 1.311462 1.294516 2.135221 3.911234 7.820601 0.119509
18 61.948608 32.132725 0.000000 1.091098 1.303226 2.157386 3.962734 7.928344 0.142858
19 61.982418 31.762939 0.000000 1.399454 1.273159 2.042983 3.589708 6.777337 0.144409
21 61.979118 32.120716 0.000000 1.757688 1.334963 2.277270 4.313978 8.884761 0.149348
22 61.986015 32.213146 0.000000 1.805163 1.363929 2.358599 4.536501 9.500950 0.147884
23 62.009274 32.266758 0.000000 2.166637 1.322933 2.205168 4.052585 8.049810 0.169250
24 61.929382 32.183071 0.000000 2.533962 1.297949 2.138705 3.888738 7.653497 0.142857
25 61.946335 32.056641 0.000000 2.492308 1.306998 2.172380 3.984934 7.904970 0.143002
26 61.967567 31.880041 0.000000 2.918091 1.365267 2.332386 4.378810 8.845153 0.290418
27 61.943333 32.001179 0.000000 2.561755 1.349656 2.324850 4.466282 9.366199 0.166730
28 62.044258 32.187511 0.000000 3.294178 1.349145 2.283234 4.259118 8.582057 0.191905
29 61.947918 31.911751 0.000000 3.046249 1.327822 2.232690 4.148728 8.351399 0.197062
30 61.807961 32.168316 0.000000 3.428631 1.298019 2.129339 3.862529 7.612814 0.178207
31 61.810303 31.988508 0.000000 3.472150 1.326554 2.231238 4.157677 8.412364 0.167480
33 61.848042 32.084854 0.000000 4.398004 1.329731 2.234704 4.155554 8.384918 0.166667
34 61.846016 31.936697 0.000000 4.300228 1.311119 2.160596 3.908885 7.612076 0.142857
35 61.745235 32.055317 0.000000 5.058663 1.322675 2.204403 4.062527 8.128016 0.166667
36 61.828953 31.968203 0.000000 4.511275 1.343992 2.268084 4.214909 8.454283 0.193290
37 61.699825 31.880226 0.000000 4.828779 1.308933 2.142410 3.833326 7.350200 0.166671
38 61.833427 32.091351 0.000000 5.376230 1.334674 2.239379 4.148204 8.319882 0.166667
39 61.702145 32.106102 0.000000 5.595427 1.337244 2.244160 4.147400 8.274895 0.200000
40 61.556957 31.969986 0.000000 5.468650 1.342415 2.265243 4.219307 8.511102 0.200000
41 61.685299 31.907568 0.000000 5.173090 1.320432 2.179752 3.940364 7.646659 0.200132
42 61.756405 31.931311 0.000000 5.584485 1.332639 2.236903 4.145019 8.317180 0.200004
43 61.585274 32.088684 0.000000 5.646223 1.329076 2.221482 4.095195 8.173151 0.200382
44 61.663647 31.866034 0.000000 5.966129 1.330611 2.206736 4.005846 7.805456 0.200025
45 61.761265 32.125652 0.000000 6.443533 1.339677 2.250666 4.168644 8.349162 0.200000
46 61.707027 31.919645 0.000000 5.861195 1.352052 2.284607 4.241833 8.483495 0.377514
47 61.820480 32.060902 0.000000 5.998598 1.324559 2.216468 4.106724 8.268950 0.200655
48 61.841209 32.093300 0.000000 5.683281 1.355952 2.312773 4.369462 8.966648 0.200011
49 61.829266 32.066982 0.000000 5.514656 1.338188 2.265072 4.252191 8.683899 0.200001
50 61.795357 32.162212 0.000000 5.427110 1.319885 2.196556 4.040080 8.062972 0.200146
51 61.559872 32.323265 0.000000 5.333849 1.356065 2.300404 4.298720 8.678207 0.200602
52 61.558815 32.338638 0.000000 4.893458 1.257252 1.985104 3.428126 6.363519 0.200318
53 61.434109 32.611027 0.000000 4.873764 1.285193 2.069206 3.640367 6.867694 0.253334
54 61.338116 32.757900 0.000000 4.983568 1.301343 2.133825 3.851906 7.515791 0.200166
55 61.318111 32.899658 0.000000 4.243190 1.308239 2.159882 3.941828 7.810365 0.236453
56 61.380856 33.047340 0.000000 4.123554 1.327482 2.217077 4.078883 8.112917 0.200000
57 61.275963 33.237507 0.000000 4.349919 1.305329 2.142292 3.867015 7.538264 0.216493
58 61.148548 33.320938 0.000000 3.417233 1.335573 2.227513 4.071346 7.989507 0.167186
59 60.538692 33.329567 0.000000 3.730198 1.312096 2.149349 3.847543 7.378107 0.189476
60 60.457932 32.865055 0.000000 3.207803 1.303075 2.147727 3.914533 7.753027 0.166667
62 60.517967 32.486446 0.000000 2.539777 1.452059 2.621100 5.230819 11.274777 0.169940
64 61.312836 32.300163 0.000000 1.507089 1.259337 2.048469 3.717005 7.399220 0.166667
