%% Trajectory 6
%% frame x (pixel)     y (pixel)    z (pixel)      m0         m1           m2           m3           m4           s 
3 65.547340 34.302776 0.000000 0.590052 1.214543 1.873613 3.198148 5.973421 0.127457
4 65.696106 34.554394 0.000000 0.569891 1.411443 2.548292 5.162875 11.467686 0.166683
5 65.620979 34.799339 0.000000 0.563645 1.334060 2.291971 4.454125 9.599920 0.242336
6 65.927818 34.275906 0.000000 1.045469 1.340191 2.283992 4.339692 9.015575 0.166742
7 66.206177 34.285809 0.000000 0.784703 1.340995 2.265230 4.224558 8.529159 0.117004
9 66.266434 34.511471 0.000000 0.896048 1.303739 2.222259 4.293143 9.208898 0.166671
10 65.927505 34.517517 0.000000 1.048675 1.295592 2.138413 3.940506 7.978873 0.166688
11 66.258934 34.522324 0.000000 0.974557 1.382556 2.395747 4.570271 9.393497 0.143025
12 66.189178 34.399700 0.000000 1.336444 1.373333 2.376724 4.569671 9.570587 0.166683
13 66.044243 34.628525 0.000000 1.078148 1.363559 2.339873 4.415868 8.973904 0.200000
14 65.742546 34.718609 0.000000 1.670707 1.286930 2.078797 3.691765 7.081751 0.166667
15 65.838654 34.554527 0.000000 1.226788 1.310314 2.163943 3.942890 7.787111 0.175265
16 65.404854 34.663940 0.000000 1.340013 1.271812 2.044851 3.627935 6.991498 0.166667
17 65.709526 34.189091 0.000000 1.647053 1.352869 2.293733 4.283731 8.637442 0.166670
18 65.677223 34.396656 0.000000 1.743548 1.282708 2.083505 3.741077 7.304287 0.166889
19 66.145966 34.454178 0.000000 1.350900 1.305433 2.175416 4.045675 8.255110 0.166668
20 66.051132 34.562111 0.000000 1.475504 1.313409 2.170940 3.951712 7.771709 0.166677
21 65.941818 34.820728 0.000000 2.017649 1.326998 2.205925 4.026139 7.906616 0.220487
22 66.000374 34.902348 0.000000 1.927434 1.399542 2.466338 4.826007 10.260121 0.170926
23 65.897949 34.974621 0.000000 1.472090 1.410556 2.509233 4.953311 10.602239 0.167334
24 66.349068 34.696289 0.000000 1.244180 1.361507 2.313800 4.333658 8.763478 0.209808
25 66.278381 35.061218 0.000000 1.298463 1.319569 2.188082 3.981251 7.785851 0.166811
26 66.257164 35.497025 0.000000 1.577611 1.350338 2.308417 4.395636 9.145885 0.200000
27 66.653091 34.846523 0.000000 1.566043 1.301976 2.119702 3.767078 7.164086 0.250000
