%% Trajectory 11
%% frame x (pixel)     y (pixel)    z (pixel)      m0         m1           m2           m3           m4           s 
21 66.004623 15.408104 0.000000 1.426427 1.342583 2.321571 4.540750 9.844657 0.166667
23 66.308380 15.672416 0.000000 2.064341 1.369792 2.416959 4.806942 10.538535 0.142866
25 65.503113 15.563602 0.000000 2.231234 1.590801 3.145729 6.912586 16.418489 0.126867
27 66.020821 16.233782 0.000000 2.497618 1.489073 2.797538 5.864561 13.355144 0.145559
28 66.590736 16.214111 0.000000 2.051522 1.416543 2.537979 5.077371 11.089483 0.142857
29 66.707306 15.939477 0.000000 2.556986 1.416172 2.519198 4.969260 10.622481 0.142857
30 66.495476 15.963660 0.000000 2.657152 1.426739 2.553689 5.068600 10.905860 0.166667
32 66.342262 15.698874 0.000000 4.441339 1.411643 2.476763 4.784047 9.960172 0.173757
33 66.255074 15.898658 0.000000 3.911493 1.445758 2.600531 5.166565 11.079088 0.166669
34 66.313484 15.956902 0.000000 4.638084 1.446259 2.597875 5.154453 11.044349 0.182052
35 65.855759 15.962431 0.000000 4.139627 1.431072 2.564536 5.094507 10.972684 0.200000
36 65.820953 15.745008 0.000000 4.425773 1.443903 2.611224 5.252783 11.488368 0.200000
37 65.569237 15.872685 0.000000 4.644809 1.443498 2.597783 5.180048 11.197512 0.250000
38 65.407539 15.823769 0.000000 4.979274 1.464043 2.674082 5.405638 11.824236 0.399273
40 64.410347 15.594193 0.000000 6.923855 1.472958 2.691963 5.440809 11.891658 0.250078
41 64.545265 15.919961 0.000000 6.998441 1.493302 2.750605 5.584085 12.213288 0.360247
42 64.334534 15.932776 0.000000 7.112388 1.459340 2.648791 5.318105 11.549745 0.391467
43 64.137207 16.111414 0.000000 7.289546 1.437187 2.569376 5.066301 10.780581 0.292945
45 64.320053 16.811705 0.000000 5.359451 1.461892 2.655294 5.329669 11.553709 0.250000
47 64.425072 17.431644 0.000000 3.865540 1.594626 3.106780 6.659068 15.321824 0.323535
49 63.874069 16.682659 0.000000 1.815025 1.420167 2.546902 5.094217 11.103207 0.309011
