%% Trajectory 6
%% frame x (pixel)     y (pixel)    z (pixel)      m0         m1           m2           m3           m4           s 
20 29.401802 54.661362 0.000000 1.479246 1.271375 2.027980 3.533369 6.600982 0.200000
22 29.309805 54.556221 0.000000 1.538864 1.289083 2.097053 3.753503 7.264928 0.200000
23 29.165640 54.683422 0.000000 1.450520 1.270589 2.033754 3.566407 6.728255 0.232403
24 29.150698 54.649563 0.000000 2.014954 1.328619 2.216429 4.073050 8.091412 0.250000
25 29.521929 54.829521 0.000000 1.804073 1.269033 2.024136 3.534815 6.638149 0.250000
26 29.082663 54.766125 0.000000 2.024362 1.358397 2.314856 4.349242 8.829515 0.200000
27 29.204327 54.860527 0.000000 1.742126 1.439840 2.582140 5.110058 10.918759 0.200000
28 29.445257 54.662586 0.000000 2.138765 1.340914 2.233329 4.060703 7.899213 0.218068
29 29.220016 54.835545 0.000000 1.949920 1.331221 2.217070 4.044858 7.922779 0.238825
30 29.369671 54.766468 0.000000 2.391411 1.345034 2.266193 4.211570 8.472739 0.293015
31 29.106050 54.893349 0.000000 2.590739 1.356674 2.311282 4.349274 8.859347 0.202779
32 29.129972 54.871223 0.000000 2.926423 1.379294 2.379662 4.526452 9.294970 0.200000
33 29.173326 54.832123 0.000000 2.918038 1.348221 2.280786 4.248382 8.538473 0.200000
34 29.173689 54.623158 0.000000 2.821260 1.311387 2.172731 3.981319 7.928351 0.166672
35 29.216431 54.770622 0.000000 2.624024 1.355426 2.329967 4.457638 9.307479 0.166667
36 29.043156 54.639732 0.000000 2.908008 1.338933 2.248342 4.155477 8.288250 0.309252
37 29.021599 54.694233 0.000000 3.105287 1.353487 2.308846 4.348073 8.857660 0.166667
38 29.203545 54.685196 0.000000 2.989566 1.297719 2.115335 3.788888 7.320326 0.146690
39 29.221981 54.693386 0.000000 3.136383 1.332708 2.220853 4.062295 7.997929 0.187512
40 29.092201 54.656197 0.000000 3.275671 1.324099 2.198444 4.013730 7.906265 0.125000
41 29.080351 54.510620 0.000000 3.555572 1.301029 2.136296 3.874512 7.629151 0.142857
42 29.075497 54.542248 0.000000 3.482232 1.301078 2.132344 3.850587 7.524499 0.166897
43 29.171673 54.527718 0.000000 3.722295 1.319844 2.185777 3.986580 7.863488 0.144830
44 29.046934 54.419239 0.000000 3.423443 1.323941 2.210043 4.081899 8.188804 0.143506
45 29.149277 54.571808 0.000000 3.585187 1.276311 2.048616 3.608133 6.853302 0.142857
46 29.045044 54.473145 0.000000 3.734775 1.313925 2.176178 3.978675 7.886861 0.181921
47 29.011206 54.514816 0.000000 3.514338 1.313739 2.179859 4.000523 7.976594 0.143183
48 28.996075 54.513191 0.000000 3.708290 1.294407 2.119079 3.829236 7.505033 0.170734
49 29.206724 54.475792 0.000000 3.437269 1.275550 2.058493 3.669383 7.110199 0.167353
50 28.883833 54.574680 0.000000 3.102306 1.323174 2.201975 4.049634 8.087281 0.168332
51 29.069246 54.429466 0.000000 2.904782 1.286753 2.094051 3.759916 7.320651 0.291135
52 28.942215 54.424633 0.000000 3.226300 1.292756 2.108981 3.795737 7.409897 0.142990
53 29.160734 54.449661 0.000000 3.735229 1.276115 2.051263 3.618471 6.882773 0.166805
54 29.060127 54.327221 0.000000 3.659035 1.308222 2.162611 3.951413 7.836088 0.142857
55 29.050531 54.402813 0.000000 3.654580 1.290291 2.097454 3.755175 7.275709 0.168223
56 29.035028 54.167141 0.000000 3.792834 1.344288 2.273678 4.248412 8.597710 0.200196
57 29.085552 54.153286 0.000000 4.232942 1.309705 2.164332 3.947178 7.795445 0.203472
58 29.187098 54.084087 0.000000 3.891289 1.334465 2.240192 4.141693 8.264290 0.218552
59 29.316824 54.099659 0.000000 3.933298 1.322231 2.191865 3.992578 7.839210 0.219897
60 29.554705 54.017975 0.000000 3.379109 1.331868 2.220152 4.059427 7.978600 0.219076
61 29.919184 54.023354 0.000000 3.492154 1.382064 2.391412 4.562945 9.398293 0.205766
62 30.029127 53.879597 0.000000 3.874825 1.383478 2.417832 4.698577 9.933866 0.269409
63 30.189484 53.702980 0.000000 3.594458 1.348696 2.283269 4.264554 8.619690 0.200024
64 30.130131 53.664944 0.000000 2.932093 1.333758 2.232093 4.119536 8.227545 0.200000
65 30.193922 53.862766 0.000000 2.939831 1.356763 2.318344 4.397484 9.076258 0.200000
66 30.749382 53.585762 0.000000 2.531511 1.331002 2.228027 4.125576 8.299612 0.200000
67 30.678570 53.092396 0.000000 2.044389 1.350543 2.301925 4.345553 8.903337 0.254345
68 30.983883 52.834892 0.000000 1.599809 1.374537 2.399544 4.682010 9.993521 0.142859
