%% Trajectory 11
%% frame x (pixel)     y (pixel)    z (pixel)      m0         m1           m2           m3           m4           s 
27 23.273588 46.067139 0.000000 1.011515 1.223748 1.901057 3.239859 5.958256 0.200000
28 23.306932 45.902481 0.000000 1.078742 1.230540 1.930970 3.332616 6.222475 0.200000
29 23.232338 46.127991 0.000000 1.213887 1.295645 2.129833 3.882249 7.714106 0.200000
31 23.159845 45.588615 0.000000 1.329081 1.217375 1.868113 3.138030 5.686316 0.166793
32 23.552092 45.701088 0.000000 1.511164 1.206253 1.838466 3.073436 5.567374 0.200000
33 23.464193 45.664371 0.000000 2.066772 1.274747 2.034926 3.548419 6.634721 0.200000
34 23.459429 45.779701 0.000000 2.156800 1.234578 1.919144 3.263876 5.976116 0.200001
35 23.419886 45.877857 0.000000 2.450899 1.272362 2.037530 3.578324 6.769650 0.200000
36 23.492361 45.727962 0.000000 2.449851 1.278194 2.042959 3.566224 6.674188 0.200026
37 23.500992 45.654591 0.000000 2.396726 1.230406 1.920536 3.307032 6.198049 0.174183
38 23.538502 45.813751 0.000000 2.636660 1.267202 2.023903 3.547392 6.708110 0.200000
39 23.607477 45.840240 0.000000 2.968865 1.281567 2.058661 3.611508 6.787679 0.200000
40 23.735342 45.779530 0.000000 3.307938 1.329109 2.207595 4.014580 7.837484 0.200034
41 23.505949 45.611958 0.000000 3.255621 1.297012 2.102787 3.718818 7.033536 0.250000
42 23.415543 45.438259 0.000000 3.365793 1.259158 1.993279 3.448900 6.406785 0.250000
43 23.262957 45.333031 0.000000 3.138072 1.320537 2.177818 3.934384 7.638307 0.200000
44 23.334877 45.268147 0.000000 3.564286 1.347724 2.264386 4.175570 8.289882 0.200000
45 23.310350 45.071136 0.000000 3.279553 1.364528 2.345224 4.454228 9.156954 0.200000
46 23.299961 44.974640 0.000000 3.880387 1.400884 2.454801 4.757600 9.983654 0.166667
47 23.396219 45.050716 0.000000 3.353440 1.393077 2.409809 4.577200 9.346140 0.166667
48 23.480570 44.841274 0.000000 3.369767 1.411764 2.501489 4.924588 10.539641 0.200000
49 23.448025 44.733654 0.000000 3.193847 1.373852 2.343554 4.388702 8.842732 0.250001
50 23.604786 44.501488 0.000000 3.323025 1.359484 2.297672 4.254130 8.456897 0.250000
51 23.713245 44.406731 0.000000 3.660445 1.428941 2.535072 4.949978 10.403995 0.250000
53 24.192221 44.829102 0.000000 2.789238 1.426986 2.536008 4.988583 10.625472 0.250000
54 24.029795 44.757618 0.000000 2.415720 1.450325 2.605913 5.156944 10.987198 0.250662
55 23.663460 44.366192 0.000000 2.343059 1.514351 2.849127 5.930778 13.321844 0.280208
57 24.347424 45.165661 0.000000 1.886304 1.483999 2.728435 5.545686 12.176607 0.250000
60 24.640167 44.784790 0.000000 1.299691 1.448944 2.619103 5.226875 11.263255 0.200000
