%% Trajectory 14
%% frame x (pixel)     y (pixel)    z (pixel)      m0         m1           m2           m3           m4           s 
46 29.522823 78.602623 0.000000 1.942176 1.406659 2.483521 4.881820 10.465517 0.152972
47 29.670969 78.253845 0.000000 2.248196 1.445565 2.613492 5.231741 11.337875 0.312408
48 29.885029 77.751038 0.000000 1.955173 1.489248 2.753148 5.617293 12.353826 0.208059
49 30.204176 77.706749 0.000000 2.309945 1.461752 2.671863 5.422093 11.934484 0.229989
50 30.218773 77.890846 0.000000 1.901477 1.471533 2.695498 5.468383 12.001932 0.167100
51 30.384701 77.823837 0.000000 2.420821 1.537300 2.901402 6.032872 13.498796 0.142857
52 29.878317 78.308151 0.000000 2.518685 1.459762 2.645528 5.306925 11.517732 0.252924
54 30.406588 78.360085 0.000000 2.072411 1.617627 3.222147 7.080655 16.703503 0.200000
55 30.467434 78.362953 0.000000 2.368059 1.497910 2.773640 5.691357 12.648765 0.250002
57 30.700048 77.600410 0.000000 3.389560 1.505660 2.833153 5.916294 13.365076 0.200000
58 30.144867 77.800743 0.000000 3.650112 1.486269 2.751412 5.635438 12.463066 0.200000
61 28.922316 79.037819 0.000000 1.962903 1.309964 2.165584 3.948272 7.786353 0.281202
62 29.078520 79.354576 0.000000 1.794907 1.251350 1.979072 3.443768 6.488042 0.166706
63 28.880938 79.261681 0.000000 1.755666 1.250218 1.972296 3.403447 6.310825 0.172025
64 28.908134 78.992989 0.000000 2.076914 1.385317 2.407986 4.612637 9.522672 0.200016
65 29.103214 79.064667 0.000000 2.474634 1.363336 2.338701 4.446974 9.181538 0.250000
66 29.025343 78.914505 0.000000 2.028358 1.312319 2.189441 4.048609 8.132144 0.200403
67 28.931738 79.065346 0.000000 2.362162 1.336983 2.247088 4.158984 8.306451 0.348931
68 29.104416 79.196686 0.000000 2.399288 1.304562 2.135229 3.842304 7.462310 0.200001
69 29.024302 79.133286 0.000000 2.310482 1.349999 2.295773 4.318309 8.801081 0.261544
70 29.065483 78.964424 0.000000 2.531901 1.391529 2.424746 4.667151 9.709046 0.169330
71 29.032557 78.983681 0.000000 3.005514 1.352976 2.324566 4.439955 9.232931 0.292461
72 28.786804 78.951981 0.000000 2.726228 1.327424 2.200870 3.995883 7.784627 0.166667
73 29.056683 78.989777 0.000000 2.823168 1.379848 2.397694 4.616118 9.637767 0.200000
74 29.121527 79.011063 0.000000 2.817354 1.329974 2.231194 4.130157 8.267488 0.250000
75 29.252897 79.039276 0.000000 2.986692 1.337786 2.247597 4.156204 8.289429 0.166681
76 29.089495 79.220551 0.000000 3.126425 1.319956 2.195085 4.026544 7.994589 0.250007
77 29.192915 79.110352 0.000000 3.833571 1.348750 2.282755 4.251288 8.537151 0.200002
78 29.054930 79.121552 0.000000 3.588656 1.331213 2.231498 4.123817 8.236770 0.250028
79 29.084087 79.175438 0.000000 3.512326 1.331326 2.233010 4.138523 8.316615 0.200001
80 29.199814 78.943710 0.000000 3.956979 1.344203 2.274320 4.253179 8.619046 0.398871
81 29.104664 79.135963 0.000000 3.899929 1.337812 2.248945 4.162847 8.314760 0.200667
82 29.132969 78.882423 0.000000 3.877918 1.339252 2.257086 4.202419 8.476454 0.203984
83 29.171040 78.989265 0.000000 3.324539 1.353647 2.304619 4.331556 8.803576 0.201879
84 29.115877 79.051453 0.000000 3.564937 1.352126 2.295084 4.290547 8.652047 0.200000
85 29.156765 79.083054 0.000000 3.805748 1.357199 2.317254 4.364726 8.886469 0.200000
86 29.376450 79.208099 0.000000 4.394704 1.287851 2.076576 3.655478 6.889853 0.142857
87 29.478323 79.120537 0.000000 4.234134 1.328294 2.199166 3.981976 7.727489 0.260052
88 29.417788 79.208344 0.000000 4.245735 1.273606 2.033872 3.550952 6.655839 0.262292
89 29.524624 79.312462 0.000000 4.521656 1.282277 2.054391 3.593545 6.735840 0.301145
90 29.523438 79.212334 0.000000 4.562036 1.268636 2.017962 3.506611 6.536753 0.290080
91 29.647684 79.016907 0.000000 4.058373 1.344914 2.265732 4.203238 8.422257 0.166709
92 29.718029 78.982597 0.000000 4.482494 1.301622 2.133281 3.847248 7.493314 0.166667
93 29.733574 78.829689 0.000000 3.926358 1.300144 2.113396 3.760143 7.187132 0.166788
94 29.908310 78.962463 0.000000 3.702296 1.355669 2.310848 4.345922 8.834109 0.142857
95 29.833807 78.724098 0.000000 3.201581 1.304135 2.127167 3.799146 7.291376 0.166667
96 29.956213 78.634361 0.000000 3.295040 1.304723 2.136153 3.832339 7.391941 0.166667
97 30.399420 78.529419 0.000000 2.666313 1.283158 2.055645 3.596361 6.744025 0.142857
98 30.599552 78.894798 0.000000 2.168676 1.323753 2.197543 4.022465 7.964326 0.142857
