%% Trajectory 19
%% frame x (pixel)     y (pixel)    z (pixel)      m0         m1           m2           m3           m4           s 
17 36.115749 24.310795 0.000000 1.329374 1.301568 2.152838 3.978103 8.083422 0.200185
18 36.245461 24.100260 0.000000 1.454777 1.255724 2.000078 3.490675 6.549164 0.167635
19 36.127430 24.344212 0.000000 1.761840 1.260401 2.022196 3.618701 7.129405 0.350650
20 35.997456 24.469477 0.000000 1.981012 1.278120 2.084000 3.801821 7.648703 0.200000
21 36.761349 24.182262 0.000000 2.124374 1.302871 2.149460 3.933985 7.847322 0.250000
22 36.572475 24.254063 0.000000 2.496198 1.318833 2.191377 4.015886 7.968886 0.250104
23 36.486965 24.351919 0.000000 2.636551 1.261797 2.006469 3.504569 6.613046 0.333333
24 36.580875 24.582596 0.000000 2.909969 1.234353 1.924140 3.280585 6.017370 0.333333
25 36.653099 24.512842 0.000000 3.538090 1.303011 2.116747 3.754992 7.135080 0.333333
26 36.723427 24.186989 0.000000 3.818556 1.320869 2.203510 4.066204 8.142410 0.333333
27 36.627018 24.393883 0.000000 4.385473 1.268042 2.016549 3.505023 6.538902 0.333333
28 36.589199 24.466206 0.000000 4.790448 1.284987 2.063831 3.618178 6.793778 0.333333
30 36.708755 24.610830 0.000000 4.176532 1.358227 2.323071 4.396109 9.024831 0.333333
31 36.487751 24.315388 0.000000 4.506080 1.301095 2.112935 3.747389 7.118873 0.333333
32 36.509617 24.474543 0.000000 4.616256 1.279705 2.051208 3.593810 6.756654 0.333333
33 36.246197 24.778070 0.000000 5.360605 1.302007 2.121230 3.780541 7.229639 0.333333
34 36.407284 24.501886 0.000000 5.032592 1.275759 2.051139 3.621709 6.902617 0.333333
35 36.703911 24.501862 0.000000 4.999810 1.289720 2.083771 3.684524 6.999093 0.250000
36 36.611095 24.504375 0.000000 5.524938 1.318143 2.164928 3.874233 7.400706 0.333333
37 36.618019 24.426847 0.000000 5.518221 1.287029 2.069464 3.632524 6.829254 0.591125
38 36.706974 24.588518 0.000000 5.755246 1.330192 2.206676 4.007667 7.811224 0.333333
39 36.749153 24.584536 0.000000 5.485291 1.321878 2.193886 4.009199 7.920490 0.333335
40 37.085484 24.579803 0.000000 4.848312 1.331946 2.237469 4.166713 8.449082 0.333333
41 37.035530 24.669086 0.000000 5.142793 1.361568 2.337297 4.449847 9.210437 0.333333
43 37.438614 24.748278 0.000000 3.388884 1.437800 2.560503 5.028364 10.654219 0.200000
44 37.649590 24.757771 0.000000 4.035601 1.362023 2.305939 4.285717 8.572157 0.250000
45 37.662941 24.963867 0.000000 3.562206 1.365626 2.361555 4.551118 9.579019 0.333333
46 37.575596 25.096291 0.000000 2.707407 1.321844 2.191239 4.009100 7.949756 0.250000
48 38.499699 25.037796 0.000000 1.962477 1.384305 2.426019 4.741481 10.118751 0.200000
49 38.412949 24.688818 0.000000 2.019792 1.419331 2.522347 4.962173 10.569770 0.200074
51 38.619919 24.089167 0.000000 2.068843 1.539882 2.950388 6.294259 14.565841 0.200000
