%% Trajectory 2
%% frame x (pixel)     y (pixel)    z (pixel)      m0         m1           m2           m3           m4           s 
0 33.558453 34.543522 0.000000 0.850296 1.528584 2.867808 5.941167 13.280126 0.200000
3 33.828892 33.642670 0.000000 1.163853 1.426057 2.571246 5.171347 11.334492 0.202374
4 33.925385 33.447865 0.000000 0.989029 1.529886 2.916248 6.158111 14.040113 0.142857
5 33.610874 33.182384 0.000000 1.076048 1.469653 2.698518 5.506187 12.196608 0.144635
6 33.475883 33.645458 0.000000 1.028427 1.427189 2.523239 4.905898 10.265951 0.269139
8 33.611221 32.996555 0.000000 1.078421 1.449231 2.614395 5.218274 11.274283 0.166669
9 33.678646 33.305061 0.000000 1.414489 1.489977 2.753496 5.604304 12.264263 0.143245
10 33.405746 33.332146 0.000000 1.370759 1.538652 2.917324 6.107766 13.777031 0.274368
11 33.632248 33.479694 0.000000 1.473403 1.373140 2.316863 4.251934 8.310310 0.166707
12 33.515179 33.487938 0.000000 1.673598 1.534405 2.886536 5.973802 13.282022 0.191708
13 33.792820 33.230488 0.000000 1.962402 1.456232 2.634618 5.263903 11.364892 0.200029
14 33.642643 33.337746 0.000000 1.984564 1.524370 2.845973 5.840072 12.877459 0.213843
15 33.712536 33.293377 0.000000 2.287707 1.460274 2.642891 5.276796 11.367743 0.167486
16 33.720020 33.415352 0.000000 2.570217 1.430384 2.526462 4.895923 10.191121 0.166702
17 33.533634 33.587318 0.000000 2.432511 1.423539 2.510284 4.872977 10.199291 0.167751
18 33.710979 33.344971 0.000000 2.694765 1.429734 2.527305 4.911854 10.281219 0.166667
19 33.809242 33.308823 0.000000 2.709994 1.459452 2.630757 5.211960 11.101899 0.166667
20 33.771339 33.221558 0.000000 2.786705 1.437230 2.563244 5.039865 10.695724 0.166677
21 33.752571 33.435619 0.000000 3.167035 1.437848 2.560675 5.017113 10.584126 0.200324
22 33.663330 33.520458 0.000000 3.628873 1.421312 2.494328 4.797254 9.904667 0.200000
23 33.722385 33.452946 0.000000 3.398454 1.472765 2.666151 5.298617 11.315924 0.250000
24 34.121349 33.478634 0.000000 3.954932 1.427478 2.537276 4.979032 10.559560 0.200000
25 34.166775 33.696606 0.000000 3.956133 1.455681 2.629300 5.241432 11.279579 0.200703
26 34.283009 33.847347 0.000000 4.163274 1.520432 2.841035 5.840417 12.908604 0.250000
27 34.304150 34.006939 0.000000 3.800939 1.514811 2.837024 5.861739 13.046443 0.250000
28 34.281487 34.055386 0.000000 3.781298 1.494794 2.762284 5.631267 12.378534 0.250000
29 34.351852 34.071926 0.000000 3.317682 1.464950 2.663989 5.351017 11.606734 0.333333
30 34.753361 34.059658 0.000000 3.173724 1.511767 2.821007 5.800733 12.840057 0.250000
31 34.882076 34.426781 0.000000 3.085651 1.505829 2.800581 5.732586 12.616147 0.333333
32 34.919476 34.519691 0.000000 2.791337 1.493222 2.771245 5.694718 12.657681 0.333333
33 34.815510 34.330502 0.000000 2.972366 1.485946 2.727325 5.502739 11.929672 0.333333
34 35.102295 34.273232 0.000000 2.873263 1.515252 2.844239 5.899942 13.205267 0.333333
35 34.774906 34.585018 0.000000 2.414169 1.482354 2.716976 5.499895 12.028732 0.333354
36 35.113361 34.659161 0.000000 2.500560 1.490423 2.740913 5.547687 12.079200 0.250000
37 35.246441 34.465431 0.000000 2.055562 1.484628 2.708601 5.423928 11.658243 0.333333
38 35.127789 34.343918 0.000000 1.847311 1.477681 2.701122 5.433516 11.757532 0.258677
40 35.403534 34.283127 0.000000 1.422409 1.509783 2.837137 5.906794 13.300379 0.250000
41 35.930733 34.658356 0.000000 1.497126 1.505131 2.794864 5.727568 12.658167 0.333333
42 35.288353 34.603104 0.000000 1.546891 1.374436 2.356119 4.443221 9.033560 0.250000
43 35.042103 34.779202 0.000000 1.270658 1.457198 2.641843 5.286257 11.404649 0.250023
44 34.681320 34.467064 0.000000 1.019211 1.418722 2.512209 4.930253 10.508381 0.333333
45 34.837425 35.025341 0.000000 0.985366 1.458663 2.649881 5.318378 11.518271 0.217696