%% Trajectory 18
%% frame x (pixel)     y (pixel)    z (pixel)      m0         m1           m2           m3           m4           s 
73 66.519646 46.065292 0.000000 1.942658 1.299456 2.128426 3.826234 7.400117 0.166667
74 66.380829 46.464794 0.000000 2.062298 1.281492 2.081727 3.725266 7.209956 0.146444
75 66.300934 46.516792 0.000000 2.550895 1.335738 2.237248 4.124476 8.203130 0.200000
76 66.158569 46.413258 0.000000 2.028994 1.356387 2.330758 4.437943 9.162622 0.166905
77 66.365303 46.192013 0.000000 1.890786 1.326798 2.207027 4.028126 7.905973 0.152038
78 66.528275 46.132004 0.000000 2.189626 1.318268 2.181776 3.965820 7.762615 0.247418
79 66.457436 46.199036 0.000000 2.165568 1.310003 2.151727 3.869038 7.464383 0.166667
80 66.560745 46.128075 0.000000 2.364001 1.271104 2.032943 3.556713 6.680710 0.166668
81 66.340622 46.428013 0.000000 2.118778 1.288972 2.115129 3.844196 7.596088 0.166667
82 66.358887 46.448685 0.000000 2.496330 1.325116 2.209157 4.059669 8.062271 0.166667
83 66.577621 46.294514 0.000000 2.323711 1.246105 1.963729 3.385151 6.270326 0.144198
84 66.350052 46.355576 0.000000 2.277496 1.316522 2.193505 4.043676 8.085983 0.155766
85 66.370499 46.378098 0.000000 2.286386 1.291709 2.109097 3.787154 7.335758 0.166667
86 66.425468 46.246849 0.000000 2.419099 1.251057 1.979846 3.439181 6.443944 0.142857
87 66.418251 46.335651 0.000000 2.497512 1.257926 2.004387 3.509309 6.634060 0.125001
88 66.553963 46.224056 0.000000 2.623297 1.242190 1.945451 3.335410 6.154882 0.166667
89 66.445015 46.213505 0.000000 2.665646 1.265075 2.019528 3.535582 6.665380 0.142857
90 66.594894 45.975521 0.000000 2.791707 1.306602 2.149743 3.880496 7.533899 0.142857
91 66.491257 46.026314 0.000000 2.398233 1.266992 2.029952 3.564236 6.729054 0.143789
92 66.502899 46.036518 0.000000 2.475775 1.293993 2.110847 3.783786 7.310794 0.207619
93 66.599503 46.199951 0.000000 2.662033 1.219855 1.883433 3.185460 5.809962 0.143338
94 66.523079 46.043304 0.000000 2.844769 1.272198 2.038542 3.580929 6.770222 0.144653
95 66.569794 45.929485 0.000000 2.236283 1.302693 2.153302 3.912332 7.654804 0.142864
96 66.206245 46.081856 0.000000 2.457608 1.328133 2.256830 4.271681 8.814122 0.144153
97 66.382866 46.001205 0.000000 2.917120 1.292796 2.119703 3.833556 7.502501 0.140222
98 66.498665 46.038792 0.000000 2.859797 1.318290 2.181426 3.963422 7.749714 0.148191
99 66.365761 46.177052 0.000000 3.376183 1.311545 2.166314 3.936781 7.715623 0.232904
100 66.163033 46.251583 0.000000 3.213681 1.341069 2.268723 4.229888 8.508284 0.168232
101 66.291405 46.058094 0.000000 3.141232 1.274293 2.042802 3.581945 6.738994 0.198482
102 66.380333 45.758099 0.000000 2.859447 1.214216 1.869120 3.159595 5.781029 0.142860
103 66.170319 45.842899 0.000000 2.668528 1.275340 2.079706 3.768748 7.454352 0.166667
104 66.106644 45.768932 0.000000 2.722623 1.283396 2.097930 3.807835 7.543091 0.142857
105 65.657326 45.864285 0.000000 2.228189 1.300631 2.158173 3.976425 7.986087 0.176959
106 65.612106 45.680706 0.000000 2.544125 1.202596 1.834500 3.065512 5.531767 0.142857
107 65.395523 45.721424 0.000000 2.476051 1.244916 1.958904 3.377802 6.276833 0.125158
108 65.232430 45.760563 0.000000 2.720688 1.263265 2.014246 3.528108 6.671720 0.129719
109 65.175385 45.906544 0.000000 2.655293 1.273866 2.058092 3.663805 7.057555 0.165346
110 64.497025 45.816566 0.000000 2.346167 1.275291 2.063755 3.692525 7.177816 0.142862
111 64.498924 45.245804 0.000000 1.989606 1.210090 1.854637 3.111693 5.631595 0.125000
112 64.315849 45.168602 0.000000 2.179970 1.225998 1.905791 3.246694 5.965978 0.125000
