%% Trajectory 10
%% frame x (pixel)     y (pixel)    z (pixel)      m0         m1           m2           m3           m4           s 
27 40.083454 53.280724 0.000000 0.488216 1.220408 2.017917 3.824620 8.151021 0.200000
29 40.793583 53.736336 0.000000 0.820853 1.183308 1.832403 3.191242 6.183825 0.167563
31 40.481827 53.771450 0.000000 0.807505 1.254787 2.038963 3.708581 7.420731 0.265350
32 40.744560 53.768700 0.000000 1.100516 1.246171 1.986031 3.521629 6.851367 0.200000
34 41.067192 54.380394 0.000000 1.523986 1.397077 2.532136 5.187480 11.682895 0.166816
35 41.001984 54.257595 0.000000 1.415476 1.387558 2.481769 4.984887 10.959971 0.200000
36 40.766773 54.204773 0.000000 1.468699 1.278953 2.094238 3.806158 7.536166 0.200000
37 40.736710 54.167274 0.000000 1.293047 1.226014 1.932661 3.378967 6.452693 0.200000
38 40.585289 54.159012 0.000000 1.328131 1.201590 1.843804 3.103042 5.640493 0.166667
39 40.756977 54.234344 0.000000 1.414770 1.212656 1.878664 3.214063 5.994656 0.166667
40 40.746590 54.166649 0.000000 1.780432 1.233501 1.931474 3.320867 6.166212 0.200001
41 40.792267 54.207161 0.000000 1.872569 1.247274 1.962460 3.380749 6.266263 0.169077
42 40.807846 54.386875 0.000000 1.988022 1.260018 2.007282 3.518641 6.679037 0.166732
43 40.969646 54.369251 0.000000 2.257013 1.330818 2.255001 4.252944 8.756861 0.166692
44 41.024006 54.472534 0.000000 2.462784 1.345645 2.297722 4.365709 9.046439 0.167727
45 41.204762 54.588898 0.000000 2.516677 1.392924 2.438144 4.730707 9.958983 0.200074
46 41.184856 54.405483 0.000000 2.612094 1.331811 2.228178 4.106101 8.173075 0.250000
47 41.116123 54.392441 0.000000 2.682873 1.321036 2.194660 4.013304 7.923441 0.250000
48 41.413647 54.458900 0.000000 2.873411 1.388563 2.420426 4.676070 9.805227 0.200000
49 41.311829 54.402069 0.000000 2.876178 1.389137 2.410638 4.613194 9.537932 0.200000
50 41.446945 54.431736 0.000000 2.711872 1.352653 2.283097 4.234058 8.456532 0.250000
51 41.420876 54.274597 0.000000 3.085753 1.376370 2.365455 4.480228 9.164617 0.250000
52 41.437382 54.354893 0.000000 2.977528 1.353617 2.293228 4.280695 8.636134 0.250000
53 41.449715 54.424667 0.000000 2.845459 1.358342 2.305719 4.307106 8.682800 0.250000
54 41.352112 54.419765 0.000000 2.793690 1.344851 2.257059 4.156686 8.235536 0.250000
55 41.255379 54.309566 0.000000 2.803912 1.347243 2.265883 4.185727 8.325587 0.250000
56 41.330849 54.322060 0.000000 2.945751 1.361092 2.318675 4.355789 8.846110 0.250000
57 41.296280 54.470791 0.000000 2.874508 1.352812 2.283190 4.229865 8.432292 0.250000
58 41.264702 54.470360 0.000000 2.592217 1.306651 2.135355 3.817502 7.321894 0.250000
59 41.200401 54.298141 0.000000 2.768153 1.376342 2.370357 4.505812 9.262114 0.250000
60 41.097248 54.366722 0.000000 2.638496 1.320674 2.199732 4.047109 8.072900 0.250000
61 41.209332 54.450203 0.000000 2.910225 1.340834 2.245428 4.127670 8.166664 0.250000
62 41.263226 54.482285 0.000000 3.029074 1.313644 2.156232 3.871392 7.454751 0.250000
63 41.220051 54.462532 0.000000 3.003711 1.322038 2.183012 3.942995 7.636048 0.250000
64 41.398102 54.508766 0.000000 3.240482 1.336058 2.218932 4.024204 7.810209 0.250000
65 41.365383 54.532963 0.000000 3.333204 1.312449 2.152413 3.859148 7.417103 0.250000
66 41.361477 54.529205 0.000000 3.238179 1.335078 2.218582 4.029843 7.842989 0.250000
67 41.321079 54.450794 0.000000 2.945487 1.339464 2.234275 4.077410 7.977115 0.250000
68 41.588921 54.325939 0.000000 3.014883 1.324353 2.180301 3.912872 7.500082 0.250000
69 41.694649 54.243610 0.000000 2.846757 1.318378 2.170332 3.910315 7.563352 0.250000
70 41.859550 54.143181 0.000000 2.834172 1.382363 2.385013 4.530877 9.285395 0.333333
71 42.164890 54.267803 0.000000 2.955420 1.366370 2.341474 4.434021 9.090938 0.250000
72 42.189476 54.325802 0.000000 2.436664 1.356098 2.304141 4.314620 8.726293 0.200000
73 42.224739 54.313984 0.000000 2.443215 1.374608 2.364543 4.487185 9.200158 0.250000
74 42.658962 54.327942 0.000000 2.167006 1.346184 2.254557 4.132646 8.125266 0.250000
75 43.005959 54.710621 0.000000 2.050467 1.402733 2.477923 4.868968 10.416025 0.250440
76 42.792946 54.414524 0.000000 1.854265 1.409873 2.473083 4.782467 9.988101 0.290977
77 42.538288 54.490711 0.000000 1.596147 1.379247 2.353956 4.390898 8.765684 0.267734
78 42.321800 55.021706 0.000000 1.123637 1.429440 2.572597 5.156440 11.239208 0.200392
79 42.579731 55.178001 0.000000 1.242218 1.310478 2.159240 3.921876 7.709768 0.220460
80 42.881069 55.502945 0.000000 1.100421 1.329118 2.218337 4.077631 8.102714 0.200042
81 43.255642 54.983559 0.000000 0.977958 1.414443 2.515998 4.979596 10.718636 0.217111
82 43.343300 54.871498 0.000000 0.875304 1.406375 2.466436 4.779427 10.018620 0.176512
84 42.535992 56.025784 0.000000 0.770350 1.355472 2.346324 4.515290 9.443915 0.131202