%% Trajectory 12
%% frame x (pixel)     y (pixel)    z (pixel)      m0         m1           m2           m3           m4           s 
33 54.721458 36.242764 0.000000 1.112848 1.332420 2.237281 4.168761 8.461916 0.167861
34 54.822289 35.755142 0.000000 1.152778 1.277005 2.059258 3.636786 6.897556 0.166667
35 54.966351 35.955242 0.000000 0.910497 1.292002 2.156461 4.010560 8.135042 0.200007
36 54.613102 35.918102 0.000000 0.840590 1.265162 2.050905 3.680644 7.172104 0.166667
37 54.804264 35.977493 0.000000 0.681696 1.316706 2.263202 4.364780 9.220558 0.150034
38 55.036121 35.975895 0.000000 0.897742 1.257149 2.044327 3.699755 7.316450 0.200000
39 54.944721 36.054790 0.000000 0.860300 1.277959 2.117393 3.931093 8.023533 0.143168
40 54.855812 36.081512 0.000000 1.328906 1.220495 1.909201 3.303344 6.227790 0.202517
41 54.896587 36.031528 0.000000 1.207875 1.283541 2.103151 3.838833 7.664326 0.204203
42 55.014767 36.140198 0.000000 1.319002 1.275521 2.072268 3.707655 7.164324 0.238219
43 54.813450 36.070076 0.000000 1.535317 1.269936 2.054336 3.674742 7.143347 0.363762
44 54.845226 36.059559 0.000000 1.833568 1.274021 2.075803 3.757334 7.420891 0.217924
45 54.702267 36.070057 0.000000 2.151658 1.280378 2.076250 3.712760 7.190819 0.213515
46 54.681873 36.161423 0.000000 2.246178 1.222414 1.894781 3.224545 5.933764 0.200001
47 54.763767 36.142765 0.000000 2.189280 1.260718 2.018319 3.575982 6.899642 0.200000
48 54.759491 36.069416 0.000000 2.415388 1.286338 2.099577 3.792742 7.449551 0.200000
49 54.883263 36.242825 0.000000 2.552336 1.275972 2.064612 3.684714 7.125625 0.200000
50 54.916409 36.402912 0.000000 2.742675 1.236703 1.936342 3.320775 6.131927 0.200000
51 54.892921 36.203823 0.000000 2.938473 1.284081 2.082437 3.726479 7.230403 0.200000
52 54.731987 36.427399 0.000000 2.766273 1.287359 2.079196 3.684221 7.033379 0.200000
53 54.758217 36.394138 0.000000 3.235608 1.250227 1.969758 3.398193 6.311028 0.200627
54 54.751583 36.423504 0.000000 3.185654 1.269027 2.024200 3.534157 6.634392 0.200000
55 54.712574 36.342152 0.000000 3.230308 1.263353 2.006143 3.488441 6.528182 0.250017
56 54.700920 36.386589 0.000000 2.650562 1.220176 1.879855 3.167244 5.746990 0.250924
57 54.471828 36.817554 0.000000 3.003576 1.268510 2.022872 3.537941 6.673101 0.250000
58 54.435875 36.946449 0.000000 3.227726 1.312830 2.166194 3.937431 7.742616 0.250000
59 54.309341 36.968288 0.000000 2.985530 1.359593 2.328774 4.424858 9.142219 0.250000
60 54.327782 37.225029 0.000000 3.317690 1.270630 2.031630 3.551842 6.661655 0.250000
61 54.299919 37.317280 0.000000 2.970701 1.329186 2.207164 4.029297 7.938049 0.250000
62 54.235188 37.427200 0.000000 2.675637 1.306080 2.140424 3.849563 7.456826 0.200000
63 54.032578 37.876778 0.000000 2.255991 1.405295 2.485789 4.883541 10.420486 0.250000
64 54.428196 37.440998 0.000000 1.852850 1.331383 2.208150 4.000458 7.756610 0.142857
66 54.396950 37.608650 0.000000 1.302699 1.350736 2.297160 4.335774 8.913057 0.142857
68 54.510017 36.738155 0.000000 0.820533 1.462805 2.677590 5.430957 11.931625 0.217610
70 54.448002 38.195477 0.000000 0.807504 1.571365 3.080186 6.724986 15.891728 0.294338
71 54.183647 37.610191 0.000000 0.867567 1.498821 2.764256 5.602170 12.181303 0.175763
73 55.221783 37.543938 0.000000 0.395339 1.383423 2.553234 5.333194 12.208589 0.185698
