%% Trajectory 9
%% frame x (pixel)     y (pixel)    z (pixel)      m0         m1           m2           m3           m4           s 
9 44.432007 32.211952 0.000000 0.709130 1.195163 1.828402 3.074068 5.598822 0.258179
10 44.495155 32.038151 0.000000 1.249389 1.380944 2.395804 4.592789 9.527312 0.200000
11 44.429108 32.298477 0.000000 0.863643 1.279482 2.062791 3.631172 6.842532 0.166667
12 44.334892 32.153328 0.000000 1.074783 1.302497 2.126268 3.807075 7.338657 0.200000
13 44.293301 32.170155 0.000000 1.318678 1.265084 2.031093 3.596641 6.904817 0.166667
14 44.376354 32.231739 0.000000 1.157943 1.316862 2.163642 3.888979 7.499818 0.200000
15 44.265141 32.238693 0.000000 1.586411 1.300832 2.114378 3.762863 7.193114 0.201940
16 44.297180 32.167168 0.000000 1.723620 1.295384 2.101208 3.738804 7.166759 0.200000
17 44.093689 32.292286 0.000000 1.995168 1.311836 2.154788 3.872113 7.461287 0.200000
18 44.147202 32.418167 0.000000 1.904827 1.277318 2.052851 3.612383 6.832689 0.250000
19 44.276833 32.335484 0.000000 2.300896 1.292861 2.087447 3.678843 6.941769 0.250000
20 44.241745 32.254406 0.000000 2.220732 1.284555 2.073534 3.663089 6.948067 0.250000
21 44.290672 32.419888 0.000000 2.744832 1.269937 2.021981 3.517181 6.562493 0.250000
22 44.340942 32.380386 0.000000 2.843431 1.265697 2.010315 3.489136 6.498354 0.250003
23 44.279186 32.407196 0.000000 3.238031 1.300348 2.117395 3.776030 7.235742 0.251669
24 44.309792 32.327610 0.000000 3.000623 1.292778 2.093438 3.707165 7.043886 0.250001
25 44.180202 32.368782 0.000000 2.844356 1.309190 2.149854 3.876223 7.530672 0.251178
26 44.235409 32.440311 0.000000 3.149396 1.288548 2.076405 3.652294 6.878788 0.250000
27 44.290611 32.401890 0.000000 3.155522 1.299157 2.107477 3.731573 7.071848 0.250000
28 44.221104 32.385414 0.000000 3.078153 1.284847 2.069871 3.651929 6.929917 0.250000
29 44.320377 32.327381 0.000000 3.643064 1.301725 2.115726 3.750917 7.111001 0.250000
30 44.279572 32.452244 0.000000 3.556582 1.313597 2.156071 3.871117 7.454413 0.250000
31 44.300900 32.347534 0.000000 3.876514 1.290472 2.082686 3.670078 6.926295 0.250000
32 44.293148 32.280281 0.000000 3.995823 1.285622 2.070561 3.647310 6.896234 0.250000
33 44.391060 32.259136 0.000000 3.652818 1.285684 2.070472 3.644977 6.883937 0.166667
34 44.341667 32.386360 0.000000 4.308353 1.289239 2.077032 3.652160 6.875422 0.166667
35 44.408886 32.287529 0.000000 4.229504 1.265159 2.009481 3.487287 6.493203 0.200000
36 44.231564 32.429432 0.000000 4.317376 1.291264 2.092993 3.722432 7.135288 0.166667
37 44.306778 32.391148 0.000000 4.537854 1.293357 2.094753 3.713662 7.074218 0.142857
38 44.408768 32.469234 0.000000 4.742193 1.312559 2.143776 3.815547 7.252692 0.200000
39 44.336529 32.300690 0.000000 4.193549 1.287978 2.075016 3.649436 6.872770 0.142857
40 44.302124 32.443478 0.000000 4.260791 1.298944 2.105908 3.724132 7.043540 0.200000
41 44.374660 32.326679 0.000000 4.776613 1.290214 2.082646 3.668783 6.916897 0.200000
42 44.300018 32.480652 0.000000 4.819527 1.286920 2.072607 3.646551 6.877159 0.200000
43 44.333439 32.431240 0.000000 4.742607 1.296634 2.101787 3.723785 7.075243 0.200000
44 44.284088 32.289677 0.000000 4.487996 1.309348 2.141202 3.827558 7.333506 0.200000
45 44.281853 32.522095 0.000000 4.723178 1.293254 2.090813 3.688271 6.961623 0.200000
46 44.217152 32.386356 0.000000 4.338352 1.298753 2.107483 3.732352 7.073654 0.200000
47 44.192825 32.483810 0.000000 5.013643 1.316952 2.167167 3.906456 7.566804 0.200000
48 44.188446 32.552971 0.000000 4.612342 1.303332 2.133283 3.834691 7.433090 0.200000
49 44.199596 32.623951 0.000000 4.730577 1.303768 2.125001 3.792052 7.271724 0.200000
50 44.221386 32.820156 0.000000 4.147603 1.358148 2.308489 4.324215 8.753927 0.223089
51 44.173557 33.083206 0.000000 4.083222 1.371451 2.345747 4.409863 8.923947 0.205347
52 44.155914 33.268433 0.000000 3.887522 1.349067 2.278143 4.225630 8.436105 0.200000
53 44.248123 33.560936 0.000000 3.497675 1.325928 2.185658 3.934123 7.579223 0.200627
54 44.223412 33.566841 0.000000 4.018203 1.335345 2.220504 4.037143 7.867508 0.200000
56 43.306610 33.701817 0.000000 2.582280 1.332238 2.207529 3.997415 7.751841 0.251295
57 43.261250 34.133156 0.000000 2.546576 1.443028 2.591422 5.144535 11.044629 0.250000
60 44.276455 35.379673 0.000000 1.671732 1.335825 2.251739 4.207992 8.556562 0.250000
61 43.710812 35.008312 0.000000 1.328375 1.341204 2.277713 4.301466 8.856566 0.250000
63 42.870281 34.556740 0.000000 0.830827 1.432942 2.579789 5.157168 11.177923 0.250281
64 43.386997 34.011375 0.000000 0.985157 1.364576 2.367197 4.592592 9.760495 0.142905
65 44.003902 33.675716 0.000000 0.713632 1.415974 2.523920 4.977565 10.621735 0.200142
