%% Trajectory 16
%% frame x (pixel)     y (pixel)    z (pixel)      m0         m1           m2           m3           m4           s 
45 60.633713 56.368519 0.000000 1.525052 1.479244 2.815252 6.025195 14.069334 0.111770
47 60.728317 56.549320 0.000000 1.496324 1.566670 3.129113 7.000567 16.983688 0.125000
49 59.956249 56.663494 0.000000 1.510664 1.303371 2.205954 4.220399 8.959260 0.125949
50 59.929691 56.653263 0.000000 1.670180 1.292090 2.157372 4.062335 8.479555 0.126388
51 60.048531 56.692104 0.000000 1.745541 1.351166 2.346558 4.575593 9.805057 0.112741
53 60.778996 56.316856 0.000000 1.988200 1.516042 2.933277 6.370882 15.059607 0.111396
55 60.913147 56.400219 0.000000 1.838555 1.515380 2.944810 6.443303 15.371209 0.125042
57 60.568283 56.482616 0.000000 1.996245 1.481726 2.799710 5.933456 13.704728 0.167835
58 60.612061 56.378273 0.000000 2.244879 1.537509 3.001480 6.559610 15.568278 0.188214
59 60.696602 56.399071 0.000000 2.357239 1.544499 3.009775 6.537086 15.365458 0.145392
60 60.916290 56.567936 0.000000 2.439690 1.426864 2.636783 5.527571 12.771691 0.199698
61 60.603905 56.481346 0.000000 2.405889 1.512533 2.896714 6.204460 14.439668 0.125312
62 60.557732 56.534111 0.000000 2.385471 1.478541 2.801638 5.971362 13.901264 0.127888
63 60.629150 56.440620 0.000000 2.294461 1.486343 2.842759 6.132039 14.456761 0.125000
64 60.739582 56.401508 0.000000 2.505102 1.508163 2.905149 6.283272 14.800978 0.125000
65 60.797096 56.391014 0.000000 2.815689 1.442847 2.669879 5.564170 12.705309 0.126595
66 60.780495 56.382000 0.000000 2.912874 1.461825 2.740454 5.788578 13.385192 0.178157
67 60.825268 56.395649 0.000000 3.129594 1.453948 2.714848 5.715872 13.185912 0.238499
68 60.962433 56.206318 0.000000 2.591565 1.545353 3.043267 6.717804 16.094318 0.125000
69 60.960575 56.367584 0.000000 3.080801 1.482074 2.813988 6.018153 14.069734 0.125514
70 60.784973 56.335308 0.000000 2.951066 1.459890 2.741877 5.813381 13.503076 0.170716
71 60.674152 56.541111 0.000000 2.495761 1.491600 2.869875 6.229064 14.770830 0.166668
72 60.795769 56.429043 0.000000 2.794981 1.457660 2.727856 5.756383 13.303888 0.246604
73 60.809822 56.338058 0.000000 2.715944 1.463265 2.754616 5.845994 13.575862 0.169186
74 60.753193 56.501102 0.000000 2.451871 1.462633 2.756530 5.873013 13.724666 0.166688
75 60.573135 56.577919 0.000000 2.628429 1.419453 2.597045 5.363720 12.166367 0.166683
76 60.556355 56.565842 0.000000 2.292086 1.424464 2.625414 5.468286 12.504492 0.200000
77 60.667217 56.494667 0.000000 2.404054 1.415329 2.579126 5.308555 12.005071 0.200082
78 60.746536 56.482693 0.000000 2.727078 1.433795 2.633321 5.435980 12.273529 0.200425
79 60.703178 56.434128 0.000000 2.341957 1.413487 2.578399 5.295576 11.902612 0.200000
80 60.532398 56.585758 0.000000 2.553192 1.413115 2.550485 5.160147 11.397575 0.200012
81 60.532726 56.632626 0.000000 2.685033 1.362739 2.373259 4.619559 9.815180 0.339660
82 60.472729 56.778442 0.000000 2.580283 1.341710 2.301716 4.400095 9.166498 0.171954
83 60.464718 56.668324 0.000000 2.103825 1.453351 2.680285 5.520766 12.353916 0.200000
84 60.528381 56.520958 0.000000 2.883610 1.468685 2.713402 5.574568 12.404012 0.200001
85 60.485428 56.621635 0.000000 2.808963 1.388702 2.431544 4.728427 9.980457 0.200000
86 60.489296 56.649734 0.000000 2.638540 1.378908 2.416512 4.734359 10.130410 0.142857
87 60.238197 56.849052 0.000000 2.335010 1.334732 2.244769 4.174114 8.413031 0.166765
88 60.524223 56.881565 0.000000 2.138274 1.253006 1.986784 3.459383 6.502636 0.143301
90 60.659981 56.310150 0.000000 3.489624 1.413917 2.498477 4.886065 10.348035 0.200000
91 60.627968 56.554039 0.000000 3.515982 1.332541 2.221429 4.066394 8.014608 0.166667
92 60.578968 56.455418 0.000000 3.115867 1.322477 2.193552 3.999026 7.864058 0.111111
93 60.441635 56.517570 0.000000 2.737094 1.271027 2.024551 3.524070 6.582470 0.125015
94 60.369995 56.598957 0.000000 2.990679 1.267560 2.017949 3.509592 6.546460 0.152283
95 60.471706 56.493744 0.000000 3.163375 1.271980 2.027143 3.529690 6.592627 0.151919
96 60.361370 56.595432 0.000000 3.483620 1.252221 1.970528 3.390398 6.268829 0.128732
97 60.240879 56.217319 0.000000 2.745133 1.310008 2.144854 3.846835 7.413558 0.155636
98 60.310184 56.049541 0.000000 2.730793 1.310106 2.159614 3.927394 7.735012 0.156070
99 60.149544 55.883770 0.000000 2.955455 1.353374 2.299596 4.311503 8.743487 0.125002
100 60.084270 55.727543 0.000000 2.459782 1.343727 2.263283 4.189658 8.351543 0.126146
101 60.097641 55.769863 0.000000 2.773095 1.322443 2.206653 4.063824 8.104478 0.142214
102 59.901230 55.560349 0.000000 3.014508 1.356957 2.311561 4.350159 8.864583 0.125466
103 59.886253 55.375458 0.000000 2.843550 1.355397 2.293087 4.255360 8.484732 0.180104
104 60.228611 55.450642 0.000000 2.726689 1.304283 2.131392 3.817258 7.351355 0.111124
105 60.512257 55.321724 0.000000 2.678791 1.361355 2.326285 4.399868 9.035496 0.199250
106 60.600670 55.387447 0.000000 2.465974 1.312665 2.156666 3.878441 7.485078 0.202778
107 60.867405 55.533119 0.000000 2.174221 1.381569 2.395581 4.595018 9.548682 0.163277
