%% Trajectory 30
%% frame x (pixel)     y (pixel)    z (pixel)      m0         m1           m2           m3           m4           s 
65 58.586990 28.497656 0.000000 1.126060 1.433031 2.781524 6.250203 15.579599 0.200000
67 58.487560 28.871664 0.000000 1.402978 1.384086 2.511941 5.222499 12.083905 0.200000
68 58.722565 28.674929 0.000000 1.394685 1.408098 2.628535 5.621867 13.329054 0.200000
69 58.829281 28.663692 0.000000 1.631087 1.347773 2.386200 4.808801 10.756241 0.200000
70 58.858204 28.579845 0.000000 1.727474 1.360381 2.435119 4.974659 11.288430 0.200000
71 58.674995 28.508911 0.000000 1.775600 1.372422 2.467592 5.064740 11.551426 0.200036
72 58.772057 28.673870 0.000000 1.601111 1.403945 2.584225 5.428277 12.630154 0.200000
73 59.128448 28.681942 0.000000 1.922673 1.298956 2.115557 3.791601 7.351872 0.200000
74 58.970444 28.789301 0.000000 2.049104 1.324407 2.239751 4.231403 8.763515 0.200000
75 58.735481 28.455309 0.000000 2.069335 1.348694 2.360888 4.682832 10.293392 0.200000
76 58.816830 28.702444 0.000000 2.613834 1.348927 2.346120 4.593070 9.908263 0.200000
77 58.857738 28.732241 0.000000 3.371491 1.293917 2.120504 3.840013 7.550943 0.212201
78 58.953011 28.830791 0.000000 3.303387 1.373985 2.387721 4.614625 9.712721 0.212541
79 58.845688 28.900665 0.000000 3.872126 1.345027 2.281496 4.274002 8.664510 0.200012
80 58.726173 28.947083 0.000000 4.070356 1.334579 2.235008 4.114275 8.159637 0.200000
81 58.831730 28.866425 0.000000 4.116138 1.347857 2.291084 4.310080 8.795825 0.166667
82 58.832272 28.724436 0.000000 4.531682 1.320601 2.189234 3.988618 7.831848 0.200000
83 58.693913 28.803421 0.000000 5.167213 1.331689 2.225905 4.103258 8.190300 0.166667
84 58.637459 28.807724 0.000000 5.233118 1.316226 2.166814 3.903992 7.548388 0.193393
85 58.836052 28.773666 0.000000 4.609630 1.349737 2.277642 4.228427 8.468682 0.166700
86 58.820354 28.604095 0.000000 4.488063 1.324817 2.198315 4.004217 7.855963 0.205352
88 58.619072 28.986347 0.000000 6.378947 1.454523 2.637452 5.297011 11.519372 0.200000
89 58.737911 28.781147 0.000000 6.425919 1.373348 2.347249 4.410846 8.931851 0.166667
90 58.660664 28.783974 0.000000 6.978782 1.335989 2.228233 4.075089 8.014252 0.200000
91 58.540016 28.773722 0.000000 6.648229 1.347495 2.259054 4.145361 8.160714 0.200000
92 58.597454 28.722153 0.000000 6.623382 1.348759 2.269783 4.189657 8.316475 0.200000
93 58.338043 28.712694 0.000000 6.706951 1.345707 2.250533 4.115436 8.065657 0.200000
94 58.354530 28.778891 0.000000 6.995681 1.335658 2.219238 4.027767 7.825396 0.166667
95 58.386486 28.816198 0.000000 6.943484 1.346011 2.257880 4.150917 8.200129 0.200009
96 58.396866 28.943344 0.000000 6.694840 1.384945 2.388716 4.530775 9.258919 0.209617
97 58.419800 29.096960 0.000000 6.948269 1.379711 2.376727 4.507160 9.215576 0.243659
98 58.462845 29.210579 0.000000 6.255952 1.352853 2.282899 4.226476 8.412524 0.200089
99 58.388908 29.271091 0.000000 5.721694 1.369375 2.336286 4.380784 8.845618 0.166667
100 58.445301 29.521994 0.000000 6.147099 1.345266 2.238502 4.054454 7.827783 0.200000
102 58.325317 29.971981 0.000000 5.513933 1.434998 2.565583 5.063133 10.788164 0.166667
103 58.286125 30.224413 0.000000 5.356026 1.348345 2.266666 4.177632 8.272008 0.166667
104 58.260914 30.204605 0.000000 5.307607 1.408037 2.462462 4.741966 9.851398 0.166667
105 58.466568 30.597086 0.000000 4.628741 1.352093 2.265082 4.135194 8.056746 0.214893
107 59.179989 31.062035 0.000000 4.496798 1.440267 2.591291 5.161885 11.135030 0.166667
108 59.504879 31.180805 0.000000 3.899311 1.361351 2.322561 4.369225 8.882569 0.166667
109 59.410507 31.152420 0.000000 3.612621 1.423987 2.536183 5.002419 10.692513 0.166667
110 60.246529 31.186615 0.000000 3.596669 1.386240 2.402279 4.591420 9.480665 0.166667
111 59.912434 31.104895 0.000000 3.385615 1.381093 2.398145 4.610819 9.610590 0.166675
112 59.816875 31.099052 0.000000 2.888711 1.392697 2.435384 4.720055 9.922581 0.166667
113 59.877029 30.930893 0.000000 2.304565 1.409492 2.536769 5.113929 11.272315 0.166862
115 59.514259 30.907112 0.000000 2.072905 1.461435 2.686461 5.476860 12.081225 0.166685
