%% Trajectory 21
%% frame x (pixel)     y (pixel)    z (pixel)      m0         m1           m2           m3           m4           s 
74 44.140778 36.631184 0.000000 2.356248 1.530432 2.899554 6.065027 13.665035 0.142885
76 43.690784 36.196342 0.000000 2.664452 1.490485 2.740747 5.556037 12.145288 0.128175
77 43.788250 36.387852 0.000000 2.785223 1.537585 2.899796 6.013131 13.400764 0.149180
78 43.771343 36.246525 0.000000 2.654719 1.492332 2.745470 5.567494 12.174050 0.155331
79 43.841274 36.478355 0.000000 2.801698 1.522017 2.834158 5.800882 12.766845 0.125018
80 43.566635 36.569611 0.000000 3.261688 1.477972 2.712181 5.495273 12.020378 0.125000
81 43.708141 36.508747 0.000000 2.953773 1.529217 2.864996 5.896613 13.033109 0.125000
82 43.484413 36.564503 0.000000 2.866534 1.542799 2.920970 6.090564 13.663820 0.129070
83 43.482822 36.283745 0.000000 2.844747 1.585180 3.073565 6.560158 15.045487 0.142857
84 43.917671 36.000187 0.000000 2.741866 1.586664 3.115571 6.770769 15.853931 0.142857
85 43.849827 36.215393 0.000000 2.951245 1.484340 2.736963 5.586211 12.337498 0.142857
86 43.904026 36.236164 0.000000 2.702692 1.565749 3.000567 6.322232 14.302033 0.142857
87 43.889408 35.964314 0.000000 2.705668 1.519817 2.877219 6.048202 13.763431 0.142857
88 43.609657 35.893986 0.000000 3.365359 1.482159 2.747754 5.654604 12.604120 0.142857
89 43.836956 35.671425 0.000000 3.362683 1.453024 2.627247 5.262824 11.424537 0.166667
90 44.242874 35.932529 0.000000 3.842574 1.525089 2.885806 6.042853 13.658772 0.166667
91 43.783970 35.821476 0.000000 3.666298 1.470553 2.696924 5.488266 12.105356 0.166667
92 43.456623 35.803829 0.000000 3.607538 1.437015 2.560288 5.032273 10.679297 0.200002
93 43.791496 35.665508 0.000000 3.579894 1.413020 2.477763 4.782093 9.950724 0.166667
94 43.353153 35.433266 0.000000 3.175421 1.397115 2.437374 4.693810 9.773447 0.201206
95 43.280804 35.516247 0.000000 3.251378 1.393426 2.397843 4.521873 9.159175 0.166667
96 42.924091 35.516285 0.000000 3.217547 1.438098 2.578331 5.119293 11.014639 0.166667
97 42.969673 35.348003 0.000000 3.083323 1.400221 2.445411 4.715074 9.835093 0.166667
98 42.634319 35.435944 0.000000 3.292621 1.311613 2.156750 3.898002 7.604331 0.200000
100 43.277885 35.876339 0.000000 4.109577 1.339960 2.246859 4.140029 8.217720 0.200000
102 43.440071 35.536564 0.000000 2.272325 1.294590 2.113165 3.822748 7.544181 0.200000
104 43.909481 34.209969 0.000000 1.500767 1.500206 2.847320 6.046249 13.989322 0.142862
106 43.260048 35.384590 0.000000 1.134125 1.367671 2.389261 4.681080 10.072979 0.342150
108 42.437309 34.130928 0.000000 1.827274 1.449353 2.598388 5.139513 10.975578 0.166667
