%% Trajectory 13
%% frame x (pixel)     y (pixel)    z (pixel)      m0         m1           m2           m3           m4           s 
22 40.503162 54.481373 0.000000 0.948623 1.236283 1.924352 3.277961 6.012584 0.166667
23 40.524151 54.703247 0.000000 1.100062 1.223279 1.886156 3.182635 5.789303 0.166667
24 40.387402 54.324474 0.000000 1.145377 1.260670 1.994793 3.449091 6.401720 0.166667
25 40.548588 54.423660 0.000000 1.224065 1.275732 2.041116 3.570468 6.704893 0.171141
26 40.587624 54.377895 0.000000 1.284482 1.202952 1.828245 3.039060 5.450866 0.143009
27 40.430897 54.587349 0.000000 1.531420 1.238489 1.930956 3.291890 6.036977 0.125245
28 40.429237 54.636520 0.000000 1.430058 1.302096 2.121444 3.773613 7.185551 0.167518
29 40.578651 54.609623 0.000000 1.576025 1.248011 1.966942 3.387360 6.262157 0.142962
30 40.454685 54.628189 0.000000 1.798795 1.264580 2.003071 3.467276 6.443641 0.142857
31 40.288548 54.362972 0.000000 1.490781 1.268005 2.017039 3.505587 6.535768 0.196785
32 40.279900 54.482368 0.000000 1.623053 1.285249 2.062488 3.613384 6.782133 0.210410
33 40.384476 54.421856 0.000000 1.798879 1.290912 2.087886 3.703873 7.080191 0.236115
34 40.236797 54.395069 0.000000 1.768854 1.281461 2.056079 3.607040 6.793091 0.428919
35 40.514069 54.565159 0.000000 1.827633 1.254485 1.978943 3.412039 6.317593 0.176529
36 40.181072 54.328918 0.000000 1.938705 1.306137 2.136034 3.827901 7.373997 0.170398
37 40.148281 54.300404 0.000000 1.832525 1.319571 2.180679 3.955806 7.724309 0.166679
38 40.027802 54.314522 0.000000 2.103642 1.319072 2.190961 4.006389 7.910550 0.172587
39 40.181488 54.121876 0.000000 1.794952 1.342505 2.272552 4.267025 8.718655 0.150003
40 40.047081 53.785564 0.000000 1.864721 1.349735 2.288882 4.276215 8.624045 0.165598
41 40.177723 53.725700 0.000000 2.019908 1.358383 2.299232 4.280416 8.595230 0.146348
42 39.960701 53.432281 0.000000 1.820969 1.362824 2.317276 4.330482 8.717411 0.184428
43 40.130093 53.366272 0.000000 1.547276 1.306845 2.146425 3.885752 7.620400 0.188866
44 40.182076 53.089016 0.000000 1.657735 1.332030 2.230067 4.127497 8.291439 0.186976
45 40.754204 52.782848 0.000000 1.702433 1.356446 2.295374 4.265734 8.533281 0.166129
46 41.107300 52.905453 0.000000 1.419634 1.399171 2.462654 4.810627 10.207730 0.210779
47 40.682533 52.683601 0.000000 1.625478 1.298732 2.116879 3.774424 7.221598 0.232878
48 40.490845 52.473064 0.000000 1.717101 1.278411 2.050919 3.599467 6.786060 0.136024
49 40.345966 52.369751 0.000000 1.406684 1.343521 2.280329 4.300401 8.846633 0.227135
50 40.639633 52.362675 0.000000 1.333891 1.281893 2.076052 3.708378 7.187688 0.148995
51 40.549393 52.239113 0.000000 1.300750 1.393012 2.420567 4.629458 9.534243 0.125067
