%% Trajectory 8
%% frame x (pixel)     y (pixel)    z (pixel)      m0         m1           m2           m3           m4           s 
1 46.298573 72.778458 0.000000 1.740835 1.400605 2.494637 4.998497 11.017190 0.125045
4 46.374378 72.813629 0.000000 2.037126 1.404087 2.508307 5.035528 11.100643 0.125040
6 46.589298 72.722633 0.000000 2.056272 1.457543 2.674022 5.467115 12.157893 0.143729
7 46.562954 72.656181 0.000000 2.006276 1.420862 2.566872 5.199458 11.536139 0.154212
9 46.721630 73.163429 0.000000 2.003409 1.380591 2.419689 4.744169 10.186483 0.146374
10 46.694122 72.891830 0.000000 2.065576 1.461051 2.682232 5.479936 12.169298 0.146801
11 46.748657 72.615883 0.000000 2.138518 1.334497 2.269279 4.316704 9.014132 0.200000
12 46.672714 72.504654 0.000000 2.316436 1.395959 2.457417 4.819822 10.314203 0.200000
13 46.431244 72.437218 0.000000 2.139103 1.400124 2.499152 5.004808 10.988883 0.200000
14 46.473888 72.593285 0.000000 2.206676 1.338368 2.251428 4.181502 8.415721 0.200000
15 46.402367 72.533836 0.000000 2.166918 1.384614 2.438600 4.799908 10.326056 0.200000
16 46.618767 72.721001 0.000000 2.313505 1.390811 2.421346 4.667797 9.764318 0.200000
17 46.546185 72.592522 0.000000 2.595028 1.364923 2.349712 4.492853 9.355917 0.200000
18 46.552696 72.474846 0.000000 2.640200 1.333431 2.244774 4.190554 8.516005 0.200000
19 46.428383 72.498642 0.000000 2.989673 1.336522 2.254553 4.217672 8.586248 0.166667
20 46.721138 72.567177 0.000000 2.784697 1.415736 2.533938 5.063729 11.039682 0.168444
21 46.725212 72.694023 0.000000 2.532149 1.459668 2.682801 5.496358 12.250378 0.166743
23 46.568459 72.629356 0.000000 2.719674 1.373061 2.400446 4.696174 10.060172 0.226351
24 46.145679 72.308571 0.000000 3.284227 1.421095 2.557574 5.134530 11.219135 0.166667
25 46.395725 72.236816 0.000000 2.881991 1.421781 2.537710 5.025949 10.788790 0.166667
26 46.352390 71.765182 0.000000 3.024192 1.437404 2.638994 5.442687 12.298715 0.166667
27 46.251488 71.801674 0.000000 3.093656 1.411578 2.544163 5.160779 11.507491 0.166667
28 46.387241 71.598335 0.000000 3.790520 1.411840 2.524157 5.049366 11.052697 0.166795
29 46.590157 71.567055 0.000000 3.353493 1.392420 2.457540 4.852720 10.496889 0.166667
30 46.476028 71.385391 0.000000 3.675952 1.432491 2.605504 5.316118 11.878007 0.166888
32 47.361626 71.244087 0.000000 3.569432 1.399798 2.459379 4.787778 10.112817 0.203232
