%% Trajectory 16
%% frame x (pixel)     y (pixel)    z (pixel)      m0         m1           m2           m3           m4           s 
30 49.902710 72.420555 0.000000 1.097697 1.265701 2.019050 3.525881 6.618938 0.178449
31 49.994308 72.537796 0.000000 1.221292 1.301926 2.178331 4.083998 8.428789 0.186679
32 50.091331 72.759079 0.000000 1.395392 1.330826 2.254835 4.258955 8.795991 0.147917
33 50.108463 72.576439 0.000000 1.595890 1.296524 2.123852 3.838122 7.513971 0.309495
34 50.178310 72.442535 0.000000 1.956767 1.308763 2.183046 4.054021 8.235676 0.215733
35 50.064919 72.398193 0.000000 2.172837 1.312383 2.174757 3.970845 7.836926 0.100004
36 50.271492 72.299309 0.000000 2.434803 1.290037 2.097850 3.748319 7.224707 0.142857
37 50.334610 72.301277 0.000000 2.707526 1.304633 2.155175 3.933091 7.787307 0.142857
38 50.298531 72.426239 0.000000 2.973544 1.275341 2.045089 3.591581 6.785026 0.166671
39 50.260818 72.379669 0.000000 3.332753 1.307279 2.156672 3.924113 7.734676 0.166668
40 50.286987 72.351395 0.000000 3.314442 1.304636 2.136898 3.839590 7.426071 0.142857
41 50.398392 72.329712 0.000000 3.947813 1.296990 2.121055 3.824840 7.476427 0.142857
42 50.272480 72.201988 0.000000 3.893004 1.338214 2.248771 4.155122 8.277567 0.142857
43 50.244778 72.280716 0.000000 4.329880 1.313114 2.159607 3.889238 7.520629 0.210122
44 50.226753 72.358200 0.000000 4.364894 1.300233 2.125604 3.815984 7.385987 0.125235
45 50.300713 72.243263 0.000000 4.511459 1.357399 2.316159 4.361565 8.886939 0.142860
46 50.264599 72.334557 0.000000 4.606456 1.340753 2.262112 4.218269 8.531929 0.142857
47 50.248581 72.313957 0.000000 4.310134 1.314154 2.166506 3.914120 7.599272 0.142857
48 50.421806 72.219849 0.000000 4.559854 1.326016 2.211356 4.063331 8.074954 0.166975
49 50.296139 72.279800 0.000000 4.737821 1.337941 2.235651 4.094969 8.061222 0.166667
50 50.351353 72.309517 0.000000 4.779922 1.316008 2.177668 3.966389 7.807589 0.143274
51 50.280785 72.303955 0.000000 5.310640 1.342590 2.260196 4.190174 8.392011 0.191586
52 50.281113 72.320763 0.000000 5.784523 1.347165 2.263458 4.170890 8.265644 0.166848
53 50.275585 72.299149 0.000000 5.705264 1.322547 2.185168 3.951208 7.667153 0.142857
54 50.322559 72.250214 0.000000 6.388070 1.340840 2.232572 4.054252 7.865673 0.166667
55 50.236458 72.289474 0.000000 6.711185 1.327204 2.199886 3.989713 7.760500 0.200000
56 50.097111 72.240906 0.000000 6.907126 1.374348 2.359915 4.456573 9.065203 0.166667
57 50.131702 72.298920 0.000000 7.093964 1.348573 2.270362 4.195881 8.345585 0.200000
58 50.167652 72.222389 0.000000 7.289794 1.376142 2.360935 4.454494 9.056528 0.250000
59 50.208279 72.126419 0.000000 7.198478 1.382442 2.388140 4.543256 9.322342 0.200000
61 50.507576 71.986305 0.000000 8.292410 1.451276 2.626987 5.264598 11.422364 0.250000
62 50.343525 71.964470 0.000000 8.365433 1.429934 2.553155 5.043490 10.784370 0.250000
63 50.290173 71.895897 0.000000 7.983810 1.423042 2.531479 4.984752 10.632051 0.200000
64 50.304142 71.837128 0.000000 8.898640 1.430604 2.553624 5.040812 10.767627 0.250000
66 50.055653 71.612946 0.000000 8.193947 1.351564 2.289489 4.276182 8.635263 0.250000
67 50.153584 71.412575 0.000000 8.208888 1.340772 2.244738 4.124461 8.155608 0.250000
68 50.234180 71.290733 0.000000 7.621342 1.346539 2.253261 4.121288 8.073665 0.200000
69 50.145638 71.176720 0.000000 7.572325 1.379034 2.367768 4.465209 9.059644 0.346812
70 50.073456 71.193695 0.000000 6.695748 1.395937 2.421561 4.613190 9.449412 0.166667
71 50.114704 71.025200 0.000000 5.778986 1.406460 2.483733 4.855926 10.281135 0.166667
72 49.958038 70.923149 0.000000 6.350827 1.428355 2.555093 5.067096 10.894325 0.166667
73 49.847748 70.799568 0.000000 6.230839 1.351086 2.288197 4.272821 8.625553 0.166667
75 49.856205 70.800484 0.000000 4.471254 1.382042 2.381720 4.516994 9.235852 0.166667
76 49.440002 70.715240 0.000000 4.448684 1.337841 2.240589 4.127521 8.207096 0.166667
77 49.318115 70.482124 0.000000 4.276026 1.335826 2.214171 3.998659 7.707793 0.166667
79 49.870972 70.298233 0.000000 2.920057 1.388155 2.404302 4.589716 9.459949 0.166905
