%% Trajectory 18
%% frame x (pixel)     y (pixel)    z (pixel)      m0         m1           m2           m3           m4           s 
64 78.167297 41.758434 0.000000 1.085476 1.280227 2.046201 3.586837 6.780628 0.168365
65 78.127571 41.730316 0.000000 1.514230 1.321839 2.183528 3.958143 7.722231 0.200000
66 78.063034 41.735844 0.000000 1.085331 1.346347 2.271055 4.233657 8.559059 0.200635
67 78.028412 41.924198 0.000000 1.286483 1.382895 2.427176 4.730184 10.011625 0.200491
68 78.051765 41.817753 0.000000 0.825587 1.238327 1.949486 3.361058 6.232979 0.200000
69 78.146622 42.048183 0.000000 1.288579 1.372086 2.376961 4.573761 9.568510 0.200000
70 78.364746 42.443672 0.000000 1.583013 1.409212 2.479334 4.805871 10.047237 0.200000
71 78.362526 42.501598 0.000000 1.732927 1.297459 2.124274 3.829351 7.462359 0.200133
72 78.237854 42.006042 0.000000 1.505985 1.468145 2.715429 5.600205 12.566183 0.204164
73 78.306419 42.551491 0.000000 1.610351 1.375095 2.374782 4.547655 9.469779 0.200180
74 78.626724 42.795849 0.000000 1.832436 1.386209 2.413402 4.666789 9.821036 0.205849
75 78.412865 43.048607 0.000000 1.917317 1.393932 2.422413 4.641336 9.604799 0.352439
76 78.366241 43.291729 0.000000 2.059493 1.443965 2.581810 5.086998 10.806839 0.200000
77 78.267021 43.296768 0.000000 2.501268 1.418248 2.514235 4.935985 10.502464 0.250000
78 78.572418 43.537247 0.000000 2.295937 1.508149 2.810612 5.775037 12.783237 0.203096
79 77.954865 43.723392 0.000000 2.286834 1.468883 2.715817 5.610070 12.629973 0.166667
80 78.076393 43.464054 0.000000 2.845560 1.440281 2.609226 5.263765 11.554165 0.166667
81 78.384262 43.552849 0.000000 3.342855 1.495153 2.755804 5.596405 12.249216 0.200000
82 78.355553 43.120789 0.000000 3.042397 1.542270 2.926046 6.115990 13.759487 0.200000
83 78.715553 43.330235 0.000000 3.252072 1.506035 2.800702 5.738545 12.663660 0.200000
84 78.731789 43.442005 0.000000 2.963891 1.496227 2.762199 5.620410 12.325852 0.166667
86 78.891899 43.731464 0.000000 2.348073 1.541490 2.928897 6.133929 13.826318 0.200002
87 78.526749 43.860653 0.000000 2.735497 1.566689 3.008255 6.357617 14.438344 0.166667
88 78.505508 44.182587 0.000000 2.738743 1.489312 2.746350 5.604668 12.368299 0.166667
90 78.796524 44.624619 0.000000 2.708253 1.448344 2.601066 5.149343 10.996101 0.200000
91 78.843620 44.512257 0.000000 2.512731 1.465360 2.665779 5.353123 11.607375 0.200000
92 78.575012 44.454174 0.000000 2.684400 1.520751 2.847054 5.883255 13.113221 0.250006
93 78.440323 44.598148 0.000000 2.309584 1.509615 2.811042 5.765362 12.722445 0.250001
94 78.479843 44.430443 0.000000 2.587440 1.440435 2.563653 5.019011 10.580395 0.251108
95 78.631012 44.399971 0.000000 2.201623 1.507280 2.816370 5.814894 12.951097 0.250001
96 78.529991 43.885395 0.000000 1.754656 1.470100 2.695211 5.471998 12.017697 0.250000
97 78.268188 44.305660 0.000000 2.055219 1.488460 2.756957 5.657352 12.566835 0.250000
98 77.711845 44.690994 0.000000 1.743211 1.467711 2.671407 5.367610 11.642856 0.200000
99 77.469963 44.268139 0.000000 1.515904 1.496713 2.797793 5.826550 13.192700 0.200008
100 77.553558 44.384365 0.000000 1.458989 1.554306 2.982841 6.309623 14.361217 0.166667
102 76.750725 45.354134 0.000000 1.330841 1.348390 2.301923 4.370581 9.058795 0.172756
104 77.717880 45.494087 0.000000 0.902996 1.291672 2.103271 3.767943 7.297133 0.179800
105 77.578667 45.371632 0.000000 0.967757 1.359662 2.331505 4.446239 9.241993 0.144325
106 77.970642 45.511772 0.000000 0.815695 1.286414 2.110793 3.827600 7.536670 0.215680
