%% Trajectory 5
%% frame x (pixel)     y (pixel)    z (pixel)      m0         m1           m2           m3           m4           s 
0 51.831593 41.207516 0.000000 0.675680 1.424071 2.547198 5.035154 10.750658 0.156923
1 52.000244 40.818897 0.000000 0.898534 1.416060 2.543726 5.095741 11.112558 0.132760
2 52.228886 40.842915 0.000000 0.764056 1.353929 2.320202 4.433092 9.249479 0.126797
3 52.416100 40.696033 0.000000 0.843543 1.542399 3.000312 6.523634 15.415329 0.149698
5 52.308498 40.859173 0.000000 1.360189 1.342697 2.283640 4.327036 8.962489 0.262437
6 52.352840 40.957397 0.000000 1.783256 1.377046 2.421027 4.773266 10.323144 0.250207
7 52.219376 40.823387 0.000000 1.550621 1.344637 2.288317 4.329996 8.934713 0.209798
8 52.371094 41.192806 0.000000 1.853570 1.353589 2.342775 4.543677 9.677526 0.192128
9 52.741539 40.682041 0.000000 2.196209 1.312846 2.181716 4.009436 8.004525 0.166668
10 52.556431 41.161980 0.000000 2.576091 1.433690 2.562757 5.075761 10.902605 0.166667
11 52.576809 40.789288 0.000000 3.053038 1.341468 2.273289 4.279858 8.788877 0.166667
12 52.628052 40.732662 0.000000 2.579301 1.351941 2.289963 4.282344 8.676465 0.200000
13 52.521835 41.122433 0.000000 2.697487 1.338702 2.261565 4.237106 8.642539 0.200034
14 52.473721 40.766838 0.000000 3.347209 1.339999 2.253832 4.185799 8.427136 0.250000
15 52.494026 40.853630 0.000000 3.421023 1.350512 2.282851 4.257324 8.597302 0.200000
16 52.473038 40.783737 0.000000 3.582946 1.338467 2.260282 4.231108 8.620790 0.200000
17 52.413193 40.650585 0.000000 3.197243 1.328952 2.223614 4.112705 8.258049 0.125000
18 52.566628 40.831993 0.000000 3.719323 1.353562 2.292641 4.291630 8.715734 0.200000
19 52.614510 40.659950 0.000000 4.135892 1.344686 2.264182 4.194342 8.387212 0.200000
20 52.362637 40.759888 0.000000 4.420989 1.357682 2.319931 4.392220 9.037764 0.166667
21 52.495792 40.749500 0.000000 4.739669 1.363606 2.331494 4.403317 9.008998 0.166667
22 52.428593 40.746986 0.000000 4.350252 1.351529 2.288989 4.276338 8.647685 0.200000
23 52.544842 40.814167 0.000000 3.957570 1.392173 2.419014 4.643316 9.653299 0.200000
24 52.539814 40.597076 0.000000 4.238811 1.355737 2.288483 4.235644 8.428610 0.200000
25 52.483913 40.792656 0.000000 4.109645 1.374336 2.365396 4.500039 9.281478 0.200000
26 52.539028 40.695374 0.000000 4.050257 1.344548 2.269827 4.232165 8.554727 0.200000
27 52.412804 40.577385 0.000000 4.608765 1.353658 2.281678 4.221853 8.411084 0.200000
28 52.465961 40.647408 0.000000 4.689947 1.365445 2.332258 4.398645 8.986631 0.200000
29 52.365871 40.527237 0.000000 4.898656 1.367022 2.336473 4.402243 8.967799 0.200000
30 52.374195 40.628914 0.000000 4.868144 1.348222 2.268323 4.190884 8.338993 0.200000
31 52.472591 40.735909 0.000000 4.839555 1.349540 2.282156 4.254083 8.577085 0.166667
32 52.528576 40.682880 0.000000 5.210646 1.331009 2.215624 4.052125 7.990705 0.166667
33 52.575027 40.429878 0.000000 5.039419 1.321687 2.183061 3.951896 7.691797 0.200000
34 52.778332 40.305313 0.000000 5.082687 1.324345 2.185669 3.941695 7.612959 0.200000
35 52.669632 40.057419 0.000000 5.327288 1.336379 2.238324 4.123523 8.191832 0.200000
36 52.699200 39.790443 0.000000 5.006248 1.370187 2.345764 4.426978 9.031658 0.167374
37 52.584606 39.582130 0.000000 5.191634 1.324188 2.182200 3.928025 7.572438 0.226027
38 52.653179 39.635780 0.000000 4.983243 1.324766 2.185997 3.944100 7.630789 0.250004
39 52.520004 39.507740 0.000000 5.371745 1.309568 2.134977 3.794047 7.203898 0.251844
40 52.503311 39.424217 0.000000 4.769601 1.294684 2.093501 3.693356 6.971539 0.200000
41 52.383331 39.320229 0.000000 4.788074 1.325677 2.186234 3.937015 7.588442 0.318137
43 52.711895 38.929615 0.000000 4.031511 1.372207 2.365358 4.511487 9.332395 0.250003
44 52.793407 38.856792 0.000000 3.281415 1.378476 2.374856 4.512650 9.269776 0.250227
45 52.918201 38.716724 0.000000 3.473159 1.371250 2.350173 4.441381 9.071436 0.250980
47 53.649166 38.383766 0.000000 2.288663 1.574364 3.035163 6.431566 14.620830 0.200000
49 53.529488 38.352657 0.000000 1.260168 1.563539 3.027103 6.460657 14.818816 0.263638
52 53.307899 38.714661 0.000000 1.215670 1.474032 2.717464 5.558435 12.312064 0.200007
