%% Trajectory 25
%% frame x (pixel)     y (pixel)    z (pixel)      m0         m1           m2           m3           m4           s 
55 28.579004 48.179234 0.000000 1.095606 1.385225 2.368765 4.421955 8.823285 0.142947
56 28.659637 48.551514 0.000000 1.079384 1.395171 2.427153 4.650255 9.613722 0.142874
57 28.087240 48.526070 0.000000 1.546354 1.446890 2.610312 5.216957 11.295144 0.132566
58 28.323759 48.740246 0.000000 1.647883 1.363539 2.343042 4.476100 9.325829 0.143200
59 28.297512 48.774273 0.000000 1.639719 1.385898 2.408040 4.625236 9.622999 0.139128
60 28.289158 48.661381 0.000000 1.701882 1.374139 2.372738 4.539456 9.435572 0.129152
61 28.173223 48.562519 0.000000 1.648505 1.338811 2.251938 4.179241 8.396464 0.125986
62 28.342894 48.939102 0.000000 1.932663 1.353826 2.315838 4.415080 9.205635 0.147305
63 28.288904 48.706478 0.000000 2.021360 1.431917 2.556638 5.056080 10.839463 0.126574
64 28.381382 48.793526 0.000000 2.357115 1.330674 2.205618 4.001132 7.790216 0.150697
65 28.172495 48.757576 0.000000 2.782789 1.318236 2.187255 4.008315 7.966460 0.357677
66 28.368540 48.785923 0.000000 2.996240 1.371322 2.354598 4.474885 9.233372 0.223499
67 28.349648 48.741383 0.000000 3.083920 1.403654 2.458765 4.759318 9.974025 0.153594
68 28.225563 48.777817 0.000000 3.274245 1.389840 2.423865 4.680844 9.805730 0.146035
69 28.402060 48.761608 0.000000 3.394150 1.353773 2.289591 4.263997 8.580029 0.158055
70 28.384472 48.767277 0.000000 3.391295 1.365666 2.343957 4.455527 9.200594 0.167789
71 28.257233 48.674614 0.000000 3.735455 1.369487 2.342405 4.414243 8.986995 0.156198
72 28.370832 48.561504 0.000000 3.808250 1.353475 2.288957 4.265298 8.594420 0.153781
73 28.349951 48.465294 0.000000 3.654405 1.469716 2.685716 5.437996 11.929055 0.145901
74 28.154766 48.586716 0.000000 3.721719 1.405367 2.465145 4.778018 10.023661 0.215522
75 28.093262 48.564610 0.000000 3.847708 1.382525 2.382647 4.519504 9.244534 0.142878
76 27.822613 48.539516 0.000000 3.712231 1.392179 2.410143 4.589318 9.414316 0.167554
77 27.891594 48.474545 0.000000 3.418654 1.354036 2.297808 4.307135 8.749681 0.201013
78 27.603794 48.244617 0.000000 3.720012 1.392029 2.417972 4.631839 9.586663 0.200010
79 27.483709 48.202671 0.000000 3.681129 1.405422 2.470286 4.804252 10.126823 0.200003
80 27.543793 47.957539 0.000000 3.608389 1.384881 2.412779 4.664827 9.806199 0.200002
81 27.673460 47.744644 0.000000 4.253052 1.375286 2.352029 4.419555 8.941719 0.201017
82 27.787666 47.708046 0.000000 3.497953 1.361204 2.320040 4.363616 8.882199 0.200000
83 27.742405 47.293636 0.000000 3.659508 1.369233 2.328646 4.337454 8.668036 0.166697
84 27.536049 47.421593 0.000000 3.938065 1.330143 2.198128 3.964281 7.647712 0.167263
85 27.513229 47.658012 0.000000 3.866957 1.325861 2.184642 3.928861 7.559512 0.178263
86 27.865314 47.594749 0.000000 3.625181 1.336171 2.232906 4.101377 8.120614 0.166667
87 28.138397 47.796535 0.000000 3.539225 1.350702 2.287282 4.263005 8.569497 0.200029
88 27.981153 47.487888 0.000000 3.214513 1.394048 2.423505 4.641709 9.591374 0.205908
89 27.811037 47.417221 0.000000 2.479171 1.341182 2.235286 4.072710 7.950241 0.200000
90 28.003450 47.398548 0.000000 2.053190 1.388382 2.409195 4.607914 9.510396 0.200000
