%% Trajectory 23
%% frame x (pixel)     y (pixel)    z (pixel)      m0         m1           m2           m3           m4           s 
64 31.131548 48.696629 0.000000 1.488874 1.470831 2.684820 5.404572 11.726918 0.144138
65 31.887934 48.350925 0.000000 1.457982 1.490553 2.746058 5.586052 12.266513 0.187675
66 31.500566 48.286339 0.000000 1.969360 1.436250 2.568441 5.059805 10.739771 0.143757
67 31.522709 47.682411 0.000000 1.509349 1.471851 2.675071 5.335044 11.414132 0.159126
68 31.500919 48.322628 0.000000 1.908223 1.464416 2.674973 5.417902 11.896116 0.149387
69 31.608290 48.184090 0.000000 2.191822 1.501047 2.778307 5.662836 12.420459 0.166667
70 31.705183 47.980698 0.000000 2.219181 1.610720 3.168949 6.846753 15.850646 0.166667
71 31.598698 47.816978 0.000000 1.939206 1.537270 2.928148 6.179711 14.101048 0.166667
73 31.576216 48.085213 0.000000 2.191153 1.496805 2.765489 5.638535 12.395674 0.142867
74 31.799559 47.820999 0.000000 2.284361 1.539143 2.909378 6.046850 13.497666 0.142857
75 31.782698 47.555061 0.000000 2.833798 1.469952 2.678831 5.387393 11.695144 0.142858
76 31.508484 47.708569 0.000000 2.836235 1.438347 2.557639 5.001935 10.530834 0.154553
77 31.487394 48.146980 0.000000 3.223990 1.478813 2.697882 5.416047 11.703199 0.142870
78 31.695721 47.797203 0.000000 3.124415 1.434853 2.553799 5.007206 10.589884 0.144773
79 31.887032 47.726204 0.000000 3.037237 1.490039 2.758805 5.651977 12.515571 0.125000
80 31.758368 48.174702 0.000000 3.397619 1.486811 2.728356 5.521050 12.042281 0.142880
81 31.789114 47.695469 0.000000 3.430228 1.449068 2.601700 5.151748 11.012906 0.166686
82 31.608643 48.215858 0.000000 3.311918 1.495823 2.754827 5.581471 12.169065 0.145730
83 31.658365 47.797966 0.000000 3.493799 1.541422 2.934963 6.164050 13.937329 0.166675
84 31.821568 47.726906 0.000000 3.823419 1.531577 2.887805 6.004376 13.448714 0.144872
85 31.796556 47.715946 0.000000 4.189643 1.519407 2.842372 5.859620 13.008372 0.143477
86 31.906147 47.736961 0.000000 4.324133 1.539454 2.915339 6.086240 13.679517 0.166826
87 32.077728 47.791714 0.000000 4.042636 1.522217 2.860285 5.933181 13.263298 0.166667
88 32.087875 47.655403 0.000000 4.402534 1.545821 2.940000 6.162186 13.892290 0.142857
89 32.033691 47.501694 0.000000 4.705624 1.522304 2.857294 5.911189 13.163420 0.142857
90 32.200764 47.670235 0.000000 4.052291 1.556969 2.971169 6.240028 14.082258 0.166667
91 32.203686 47.703949 0.000000 4.337166 1.481779 2.718436 5.508539 12.052827 0.166667
92 32.245453 47.443535 0.000000 4.183906 1.453755 2.620934 5.203649 11.128723 0.142881
93 32.243538 47.522087 0.000000 4.449159 1.463477 2.673361 5.411483 11.864671 0.166674
94 32.173195 47.414894 0.000000 3.675809 1.478179 2.719070 5.531562 12.155199 0.166669
96 32.121811 46.966770 0.000000 3.519802 1.420812 2.578039 5.252293 11.723892 0.142871
97 32.145180 47.045979 0.000000 3.966654 1.444794 2.649037 5.442662 12.224058 0.169733
99 32.213428 47.414474 0.000000 4.692829 1.491400 2.770812 5.705720 12.717218 0.250000
100 32.283112 47.079811 0.000000 4.235916 1.431826 2.597518 5.270140 11.676808 0.166667
101 32.365089 47.006092 0.000000 4.487509 1.412359 2.524380 5.043863 11.013964 0.166667
102 32.385632 46.717476 0.000000 4.597485 1.344615 2.268947 4.225164 8.513732 0.200583
103 32.492565 46.760002 0.000000 4.764918 1.338381 2.253153 4.183775 8.399102 0.143339
104 32.375500 46.708549 0.000000 4.934969 1.289784 2.089085 3.706530 7.069585 0.166667
105 32.669891 46.761559 0.000000 5.184763 1.339195 2.253011 4.178968 8.378804 0.166667
106 32.859318 46.806870 0.000000 4.321602 1.315064 2.177962 3.980697 7.881065 0.166667
107 32.989471 46.657669 0.000000 4.467969 1.335530 2.239998 4.137499 8.252753 0.207136
108 33.144188 46.889614 0.000000 4.811466 1.369459 2.359421 4.502852 9.333579 0.142857
109 33.238598 47.114452 0.000000 4.512308 1.333783 2.217290 4.037829 7.896553 0.166667
110 33.515388 47.145760 0.000000 4.367539 1.303453 2.138043 3.848702 7.458644 0.142858
112 33.827473 46.107269 0.000000 4.104978 1.356476 2.301581 4.296255 8.642931 0.271961
114 34.607971 46.140709 0.000000 2.549764 1.365054 2.336170 4.422541 9.077227 0.200000
115 34.676941 46.711609 0.000000 2.653749 1.307037 2.161449 3.951664 7.846264 0.200000
