%% Trajectory 5
%% frame x (pixel)     y (pixel)    z (pixel)      m0         m1           m2           m3           m4           s 
3 70.671837 63.509426 0.000000 1.769975 1.277814 2.066929 3.689857 7.151309 0.200000
4 70.643829 63.636547 0.000000 1.734679 1.292249 2.107583 3.780677 7.324846 0.166667
5 70.703217 63.542130 0.000000 1.827030 1.315491 2.166866 3.912313 7.591677 0.166667
6 70.717995 63.494854 0.000000 2.090482 1.227797 1.902848 3.225782 5.887562 0.166667
7 71.039658 63.313408 0.000000 1.671912 1.323211 2.230655 4.166178 8.448122 0.166667
8 70.795486 63.376698 0.000000 2.284696 1.313082 2.163938 3.921959 7.673798 0.200000
9 70.750603 63.558479 0.000000 1.895788 1.359919 2.323861 4.387788 8.976089 0.166667
10 70.538109 63.256729 0.000000 2.514718 1.360765 2.302050 4.268545 8.502243 0.166667
11 70.934570 63.439289 0.000000 2.195562 1.371300 2.340498 4.387321 8.851104 0.142857
12 70.462158 63.328114 0.000000 2.669076 1.329217 2.210860 4.033463 7.915870 0.166667
13 70.681656 63.531620 0.000000 2.715855 1.326652 2.206367 4.041129 8.004594 0.166667
14 70.678833 63.324306 0.000000 2.379342 1.336673 2.268517 4.280916 8.817972 0.125001
15 70.712601 63.434826 0.000000 2.623234 1.308659 2.162313 3.940201 7.776288 0.143440
16 70.518883 63.241680 0.000000 3.245012 1.316763 2.180174 3.976129 7.844668 0.125006
17 70.428520 63.339905 0.000000 2.887569 1.293347 2.101974 3.750387 7.216236 0.125025
18 70.344330 63.405910 0.000000 3.270274 1.317200 2.164664 3.882882 7.452017 0.131209
19 70.253754 63.241760 0.000000 3.109184 1.330607 2.217245 4.061094 8.024591 0.111123
20 69.877274 63.265274 0.000000 2.784087 1.363090 2.340501 4.460387 9.244248 0.142857
21 69.430237 63.206295 0.000000 2.376128 1.353147 2.299851 4.316895 8.774982 0.166667
22 69.547203 63.210373 0.000000 2.459142 1.333002 2.234864 4.164045 8.472246 0.204801
23 69.519707 62.726490 0.000000 3.110684 1.382573 2.385145 4.523922 9.236486 0.298531
24 69.248711 63.053867 0.000000 2.650540 1.418034 2.499250 4.846349 10.115595 0.167030
25 68.935249 63.216194 0.000000 2.288048 1.359352 2.316674 4.350784 8.822297 0.192423
26 68.510643 63.334785 0.000000 1.943762 1.310062 2.172229 3.970267 7.847140 0.168460
27 68.441269 63.383587 0.000000 1.965477 1.303140 2.129881 3.826017 7.415821 0.212856
28 68.417969 63.017197 0.000000 1.605748 1.426212 2.570146 5.143785 11.152837 0.324327
29 68.518089 63.172543 0.000000 1.601843 1.410729 2.517219 5.017404 10.921134 0.136096
