%% Trajectory 11
%% frame x (pixel)     y (pixel)    z (pixel)      m0         m1           m2           m3           m4           s 
24 68.505569 24.506165 0.000000 1.133726 1.384114 2.396909 4.582800 9.486018 0.201150
25 68.713379 24.448784 0.000000 1.329426 1.387424 2.391606 4.533500 9.266736 0.278033
26 68.607780 24.714327 0.000000 1.361190 1.406983 2.460546 4.742015 9.869880 0.301633
27 68.716690 24.716930 0.000000 1.305385 1.377239 2.345255 4.363156 8.688285 0.316124
28 68.669807 24.833513 0.000000 1.491593 1.476366 2.722316 5.566963 12.336050 0.171138
29 68.812363 24.748032 0.000000 1.524012 1.430781 2.539008 4.960766 10.445392 0.166245
30 68.495499 24.702799 0.000000 1.613138 1.360363 2.311055 4.317910 8.702300 0.233200
31 68.493904 24.768887 0.000000 1.565951 1.413914 2.479762 4.784442 9.944612 0.245800
32 68.459465 24.757095 0.000000 1.546070 1.387354 2.390728 4.528319 9.239684 0.185463
33 68.454788 24.694279 0.000000 1.584973 1.394829 2.422059 4.628810 9.542380 0.326076
34 68.565460 24.730610 0.000000 1.939377 1.351463 2.270319 4.166857 8.185892 0.303781
35 68.331047 24.946396 0.000000 1.816209 1.382546 2.388112 4.549477 9.364239 0.410999
36 68.553787 25.168119 0.000000 1.985863 1.397732 2.424328 4.621954 9.488226 0.277626
37 68.473892 25.007469 0.000000 1.884678 1.404235 2.460267 4.752167 9.905177 0.174627
38 68.195679 24.966187 0.000000 2.039754 1.426282 2.555284 5.077168 10.940665 0.276925
39 68.365135 24.985443 0.000000 1.993030 1.440698 2.585967 5.125393 10.969535 0.390195
40 68.405602 25.107349 0.000000 1.854655 1.430753 2.555955 5.052533 10.812598 0.167303
41 68.450470 25.105396 0.000000 1.925965 1.390424 2.400260 4.549886 9.273476 0.300456
42 68.251175 25.076712 0.000000 1.739634 1.392236 2.443316 4.754463 10.034052 0.224070
43 68.294586 24.922215 0.000000 2.217918 1.429489 2.542031 4.979647 10.514350 0.362647
44 68.476494 25.081717 0.000000 1.853519 1.392271 2.420829 4.643570 9.621531 0.260992
45 68.409103 25.154846 0.000000 2.182437 1.386526 2.395885 4.555955 9.336940 0.303736
46 68.323151 25.492977 0.000000 1.971495 1.401428 2.462095 4.786405 10.076617 0.204078
47 68.307632 25.168629 0.000000 2.042354 1.369370 2.358603 4.500710 9.318994 0.200077
48 68.365639 25.283466 0.000000 1.937639 1.299247 2.131402 3.857699 7.563014 0.200064
49 68.316856 25.091490 0.000000 2.087358 1.392277 2.422909 4.651461 9.640831 0.349508
50 68.310371 25.040243 0.000000 2.123257 1.402036 2.470448 4.823049 10.201999 0.294512
51 68.483727 25.029879 0.000000 2.071442 1.384168 2.412663 4.660482 9.757076 0.250665
52 68.450264 25.108192 0.000000 1.915042 1.404849 2.473563 4.808531 10.094532 0.200000
53 68.466553 25.097683 0.000000 1.939196 1.373327 2.366662 4.511842 9.317214 0.258543
54 68.509163 25.058010 0.000000 1.821676 1.436602 2.588549 5.162943 11.132410 0.200079
55 68.443039 24.949451 0.000000 1.991197 1.451112 2.635448 5.294826 11.497093 0.200634
56 68.441681 25.091221 0.000000 2.053433 1.414358 2.502480 4.895073 10.353206 0.201099
57 68.353348 25.092613 0.000000 1.683562 1.410432 2.492882 4.883911 10.377173 0.250051
58 68.471550 24.862007 0.000000 1.742101 1.426411 2.556638 5.082654 10.950065 0.166676
59 68.335609 24.939747 0.000000 1.673643 1.437928 2.603776 5.234108 11.398984 0.200011
60 68.179779 25.160278 0.000000 1.651509 1.429371 2.578994 5.165763 11.217198 0.171214
61 68.375160 25.041138 0.000000 1.794284 1.452821 2.648840 5.357275 11.723887 0.166667
62 68.233749 25.214779 0.000000 1.815589 1.415909 2.513358 4.941288 10.521276 0.255344
63 68.156685 24.918772 0.000000 1.948740 1.445598 2.623896 5.290792 11.580700 0.166771
64 68.380173 25.071400 0.000000 2.007470 1.462415 2.661509 5.351505 11.608524 0.167323
65 68.289589 25.156170 0.000000 1.655240 1.420511 2.523091 4.948087 10.473187 0.166681
66 68.298592 25.082243 0.000000 2.052012 1.434374 2.592834 5.213596 11.384042 0.166667
67 68.176605 25.166527 0.000000 1.966552 1.433180 2.584215 5.179754 11.274044 0.200040
68 68.283394 25.050446 0.000000 2.223069 1.419627 2.541284 5.056406 10.924995 0.200000
69 68.392570 25.146107 0.000000 1.840515 1.372721 2.355245 4.448595 9.056977 0.236699
70 68.432289 25.207386 0.000000 2.158591 1.414666 2.501715 4.887850 10.319144 0.200000
71 68.340385 25.018141 0.000000 2.086722 1.410647 2.498127 4.899144 10.403932 0.166681
72 68.319176 25.235859 0.000000 2.082081 1.356081 2.300273 4.302537 8.699830 0.204341
73 68.300232 25.091124 0.000000 2.161524 1.331391 2.227396 4.106939 8.183710 0.252339
74 68.506973 25.133472 0.000000 2.420296 1.370865 2.343921 4.411325 8.956164 0.300203
75 68.627289 25.161646 0.000000 2.608218 1.447450 2.597664 5.131240 10.909610 0.200219
76 68.952881 25.169603 0.000000 3.192469 1.488268 2.751389 5.625659 12.424405 0.250000
77 68.866676 25.183254 0.000000 3.271581 1.437024 2.571924 5.085330 10.866118 0.200002
78 68.832146 25.075336 0.000000 3.337733 1.432216 2.563094 5.077049 10.887311 0.200001
79 68.644806 25.068996 0.000000 2.996102 1.435658 2.553987 4.998179 10.528864 0.200023
80 68.673325 25.081238 0.000000 3.175023 1.427722 2.532682 4.948080 10.414982 0.200001
81 68.523689 25.002136 0.000000 2.897078 1.388732 2.410181 4.617309 9.564582 0.166667
82 68.676918 24.929777 0.000000 3.057085 1.379100 2.371177 4.489877 9.172586 0.142864
83 68.611069 25.050829 0.000000 3.332321 1.373020 2.353858 4.445075 9.062003 0.200074
84 68.616020 25.003487 0.000000 2.844202 1.385333 2.399646 4.585965 9.468813 0.200000
85 68.585785 24.923401 0.000000 2.937117 1.386856 2.390233 4.524914 9.214622 0.200000
86 68.533913 24.957403 0.000000 2.902029 1.385626 2.390783 4.536389 9.269973 0.166667
87 68.678917 25.044628 0.000000 2.886996 1.364333 2.322233 4.347325 8.774673 0.166667
88 68.665413 25.107641 0.000000 3.113865 1.354676 2.291884 4.262868 8.546937 0.166667
89 68.634430 25.011320 0.000000 2.837504 1.369832 2.348082 4.440065 9.076750 0.166667
90 68.683868 25.039335 0.000000 2.886622 1.371754 2.347161 4.422342 8.992000 0.142857
91 68.582115 25.025797 0.000000 3.236284 1.338784 2.248634 4.164712 8.345523 0.142857
92 68.576065 25.186974 0.000000 2.950743 1.323560 2.191999 3.990755 7.840656 0.142857
93 68.612877 24.884588 0.000000 3.074343 1.359291 2.305626 4.299100 8.637127 0.142857
94 68.664337 25.037132 0.000000 3.278213 1.363200 2.320039 4.339956 8.744824 0.125000
95 68.754379 25.104862 0.000000 3.002058 1.375631 2.354933 4.428188 8.964036 0.125000
96 68.668022 25.078083 0.000000 3.051045 1.367882 2.335397 4.387079 8.886836 0.111195
97 68.676506 25.127247 0.000000 2.776891 1.374355 2.353150 4.426561 8.963017 0.111139
98 68.741547 25.226696 0.000000 2.930161 1.328189 2.207196 4.027657 7.919482 0.100000
99 68.877052 25.388367 0.000000 2.655685 1.336134 2.232926 4.100156 8.113072 0.112851
100 68.874771 25.553448 0.000000 2.652142 1.342365 2.245747 4.119831 8.122876 0.134550
101 69.209938 25.628334 0.000000 2.583640 1.334762 2.235076 4.117434 8.183165 0.212279
102 69.220306 25.766090 0.000000 2.202033 1.315158 2.177402 3.972420 7.837553 0.140936
103 69.302689 25.750200 0.000000 1.986971 1.327187 2.201969 4.012108 7.877435 0.121159
104 69.455505 25.839731 0.000000 1.725151 1.293083 2.101970 3.745590 7.174820 0.112241
105 69.577881 25.838531 0.000000 1.825305 1.340563 2.264844 4.241065 8.633513 0.128100
107 69.652435 25.837551 0.000000 1.713781 1.345944 2.271474 4.225986 8.494206 0.214798
