%% Trajectory 10
%% frame x (pixel)     y (pixel)    z (pixel)      m0         m1           m2           m3           m4           s 
39 40.383152 43.949753 0.000000 1.510310 1.263987 2.034059 3.629936 7.073848 0.166667
40 40.484898 44.082912 0.000000 1.575203 1.259353 2.005368 3.504690 6.604219 0.166667
41 40.582985 44.062714 0.000000 1.795771 1.269854 2.029594 3.547930 6.655303 0.148905
42 40.902245 44.074612 0.000000 1.488404 1.274329 2.050178 3.608421 6.810997 0.166667
43 40.603397 44.035229 0.000000 1.690984 1.342294 2.297982 4.386620 9.146068 0.147389
44 40.660061 44.068626 0.000000 1.914609 1.276352 2.086534 3.793873 7.539271 0.224503
45 40.704102 44.063881 0.000000 1.907959 1.283535 2.097748 3.803953 7.525933 0.259812
46 40.740978 44.171829 0.000000 2.095342 1.278524 2.055787 3.624763 6.883678 0.143295
47 40.573360 43.981697 0.000000 2.104708 1.298247 2.136397 3.890760 7.701943 0.224250
48 40.710945 44.178272 0.000000 2.411650 1.278324 2.054274 3.614671 6.835681 0.143126
49 40.763622 44.195583 0.000000 2.496484 1.269428 2.034877 3.579110 6.785769 0.142867
50 40.738281 44.192642 0.000000 2.097682 1.306910 2.131466 3.793933 7.222351 0.149565
51 40.525291 44.017929 0.000000 2.623506 1.302044 2.158583 3.972257 7.967648 0.125135
52 40.636757 44.149036 0.000000 2.708063 1.310939 2.152799 3.876661 7.506124 0.221566
53 40.592869 44.090557 0.000000 2.446957 1.269782 2.024576 3.529904 6.607062 0.112519
54 40.558987 44.108158 0.000000 2.191089 1.251142 1.970783 3.394686 6.283076 0.137853
55 40.513260 44.158825 0.000000 2.347184 1.300407 2.127651 3.840258 7.516659 0.166889
56 40.631931 44.177830 0.000000 2.502424 1.272690 2.031585 3.546476 6.645283 0.125664
57 40.570995 44.138584 0.000000 2.741623 1.324844 2.199642 4.017966 7.925303 0.111114
58 40.684006 44.054012 0.000000 2.734444 1.342830 2.283802 4.311602 8.858910 0.142857
59 40.708149 44.191544 0.000000 2.766248 1.318238 2.171452 3.916643 7.584291 0.111111
60 40.585312 44.096344 0.000000 3.054820 1.308799 2.150242 3.885085 7.582263 0.125000
61 40.582066 44.247101 0.000000 3.732337 1.297506 2.100883 3.711332 7.014552 0.284149
62 40.588158 44.276646 0.000000 3.119539 1.289485 2.077154 3.652173 6.875576 0.143956
63 40.565308 44.097965 0.000000 3.265589 1.305594 2.129319 3.797757 7.265064 0.142862
64 40.328144 44.191257 0.000000 3.237869 1.320923 2.180959 3.941319 7.641712 0.254667
65 40.201080 43.940525 0.000000 3.050854 1.326874 2.217736 4.085140 8.129990 0.172342
66 40.039139 44.037300 0.000000 3.044460 1.357865 2.311666 4.329047 8.730594 0.208891
67 39.968887 43.826981 0.000000 2.836540 1.331874 2.242219 4.184243 8.487358 0.219862
68 39.834984 43.753994 0.000000 2.816191 1.339738 2.250201 4.168788 8.357321 0.203877
69 39.681458 43.847942 0.000000 2.544683 1.350122 2.292758 4.301739 8.742021 0.200000
70 39.403053 44.060413 0.000000 2.537043 1.312405 2.161745 3.910370 7.621164 0.200001
71 39.349384 43.995190 0.000000 2.548028 1.356050 2.305758 4.321500 8.750355 0.200489
72 39.362045 44.038773 0.000000 2.567284 1.325268 2.197325 3.994960 7.808142 0.200095
73 39.380554 44.222675 0.000000 2.140727 1.309587 2.147294 3.860770 7.467193 0.200000
74 39.561794 43.852146 0.000000 1.998418 1.328224 2.213171 4.065643 8.077869 0.200955
75 39.783932 44.295818 0.000000 1.603369 1.320621 2.204277 4.073240 8.183976 0.200000
76 39.439301 44.519386 0.000000 1.463070 1.322412 2.227248 4.188054 8.638404 0.200012
77 39.009388 44.620152 0.000000 1.433526 1.356596 2.340927 4.509025 9.494938 0.200911
78 38.692265 44.653557 0.000000 1.270061 1.400675 2.484178 4.930664 10.719739 0.190803
