%% Trajectory 15
%% frame x (pixel)     y (pixel)    z (pixel)      m0         m1           m2           m3           m4           s 
37 57.860703 25.001822 0.000000 1.300476 1.467791 2.717297 5.596650 12.508603 0.200001
38 57.823368 25.179974 0.000000 1.083609 1.365429 2.341568 4.439680 9.123230 0.336567
39 58.009235 24.963745 0.000000 1.856776 1.400962 2.481448 4.877577 10.400979 0.166667
40 57.798992 24.920998 0.000000 2.336393 1.403335 2.455592 4.734437 9.847827 0.205726
41 58.044449 24.848736 0.000000 2.653161 1.385506 2.424704 4.718712 9.991599 0.308121
42 58.162624 24.907463 0.000000 2.825222 1.354164 2.299823 4.300963 8.677050 0.166667
43 57.848030 24.651278 0.000000 2.759080 1.318877 2.176907 3.941101 7.676536 0.142859
44 58.202557 24.859627 0.000000 3.424825 1.353381 2.286273 4.238732 8.449407 0.213390
45 58.181606 24.757313 0.000000 3.184933 1.351596 2.281690 4.225130 8.407546 0.166684
46 58.156303 24.869875 0.000000 3.546541 1.372111 2.342384 4.379867 8.782733 0.180792
47 57.950863 24.741314 0.000000 3.549440 1.361346 2.315665 4.328377 8.709468 0.261365
48 58.080032 24.793228 0.000000 3.569828 1.369948 2.351105 4.447918 9.084076 0.215906
50 58.104065 25.106754 0.000000 4.974004 1.388457 2.409627 4.610742 9.523962 0.200000
51 58.057388 25.028103 0.000000 5.255884 1.427599 2.546819 5.022265 10.705547 0.200000
52 58.057095 24.930702 0.000000 5.149903 1.419731 2.526908 4.988240 10.681912 0.142857
53 58.123108 24.869825 0.000000 5.118848 1.374245 2.365795 4.490547 9.201130 0.200000
54 58.175556 24.914341 0.000000 5.269119 1.371855 2.352963 4.446937 9.071362 0.250398
55 58.060127 24.984507 0.000000 5.413936 1.416696 2.513905 4.932186 10.463679 0.200007
56 58.126423 25.118401 0.000000 5.745347 1.395124 2.438069 4.710798 9.853420 0.200000
57 57.868053 25.041887 0.000000 5.612727 1.405900 2.469996 4.797559 10.083134 0.200000
58 58.133163 25.049831 0.000000 5.736900 1.399125 2.439954 4.683229 9.682946 0.200284
59 58.163940 24.974655 0.000000 5.358119 1.399922 2.445241 4.712229 9.807341 0.200000
61 58.110806 25.156118 0.000000 6.308590 1.374292 2.364800 4.491100 9.221137 0.200002
62 58.123760 25.219727 0.000000 6.707308 1.403705 2.452531 4.720666 9.802479 0.302435
63 58.202091 25.248688 0.000000 6.746761 1.372433 2.344252 4.393177 8.850080 0.250000
64 58.082714 25.144468 0.000000 7.205266 1.409355 2.475145 4.797125 10.044440 0.250001
66 58.176804 25.217123 0.000000 7.622641 1.365765 2.333155 4.392881 8.936864 0.333333
67 58.125031 25.222645 0.000000 8.253812 1.385829 2.400779 4.586889 9.467050 0.250000
68 58.103039 25.351248 0.000000 8.690751 1.385470 2.392536 4.548800 9.328888 0.333333
69 58.234985 25.487095 0.000000 8.652768 1.382552 2.370763 4.458188 9.008658 0.200000
70 58.148350 25.301302 0.000000 7.859338 1.371455 2.346805 4.419718 8.978623 0.250000
71 58.305279 25.502726 0.000000 8.205738 1.346216 2.249835 4.109013 8.038597 0.166667
72 58.599442 25.700073 0.000000 7.763616 1.390081 2.395531 4.522336 9.161690 0.200000
73 58.700264 25.702065 0.000000 8.321070 1.403745 2.440753 4.658112 9.557242 0.166667
74 58.906246 25.795109 0.000000 7.747107 1.412058 2.485679 4.830066 10.140536 0.166667
75 58.953892 25.790878 0.000000 8.202342 1.428444 2.555206 5.066244 10.889365 0.166667
76 59.286766 26.110615 0.000000 8.103905 1.447150 2.597256 5.133893 10.933910 0.166667
77 59.316795 26.302353 0.000000 7.377016 1.399361 2.427956 4.620550 9.446259 0.166667
79 59.827236 25.948355 0.000000 6.147427 1.503270 2.804608 5.792494 12.930110 0.166667
81 59.673157 26.087675 0.000000 4.545987 1.442702 2.582961 5.094794 10.832982 0.184853
82 59.736320 25.710888 0.000000 4.326984 1.434028 2.554152 5.024514 10.689109 0.166667
84 59.433121 27.283794 0.000000 2.747105 1.482277 2.714235 5.481449 11.942361 0.203307
