%% Trajectory 17
%% frame x (pixel)     y (pixel)    z (pixel)      m0         m1           m2           m3           m4           s 
57 23.619049 57.086197 0.000000 1.222204 1.328494 2.205266 4.008289 7.820107 0.177470
58 23.692980 57.215454 0.000000 1.189162 1.388654 2.413976 4.632450 9.613083 0.143078
59 23.877052 57.187714 0.000000 1.556145 1.349607 2.291741 4.293090 8.696207 0.200012
60 23.779545 57.105392 0.000000 1.298231 1.339821 2.258188 4.212234 8.530191 0.225807
61 23.757881 57.229073 0.000000 1.772522 1.329115 2.198375 3.977836 7.722775 0.142864
62 23.837900 57.190022 0.000000 1.393286 1.328813 2.216931 4.069829 8.060431 0.143410
63 24.062952 57.200573 0.000000 1.643702 1.323841 2.202341 4.032794 7.970294 0.210264
64 23.827007 57.139553 0.000000 1.730461 1.394598 2.434558 4.697905 9.815699 0.152339
65 23.691206 57.212257 0.000000 1.540087 1.300774 2.117465 3.771169 7.207968 0.166667
66 23.824018 57.396317 0.000000 2.036020 1.264564 2.005146 3.474829 6.464435 0.150993
67 23.702881 57.203133 0.000000 1.395110 1.297776 2.112550 3.766521 7.216210 0.143177
68 23.622372 57.042282 0.000000 1.714367 1.360068 2.330865 4.412842 9.039598 0.142870
69 23.881916 56.997501 0.000000 1.889979 1.405882 2.470554 4.784397 9.989545 0.259444
70 23.658754 57.027153 0.000000 1.511529 1.335163 2.245901 4.177363 8.428960 0.142857
71 23.641642 57.108845 0.000000 1.769719 1.276156 2.045442 3.583713 6.735155 0.125001
72 23.628136 57.323074 0.000000 1.705695 1.298465 2.106883 3.741885 7.141115 0.125000
73 23.691179 57.210392 0.000000 1.628466 1.268453 2.025357 3.534461 6.614954 0.125007
74 23.495512 57.177372 0.000000 1.711705 1.276538 2.043926 3.575837 6.708638 0.129043
75 23.652224 57.159935 0.000000 1.664322 1.353851 2.305475 4.341477 8.863153 0.111413
76 23.798344 57.237652 0.000000 1.796313 1.313002 2.173333 3.983491 7.945198 0.125000
77 23.754930 57.158859 0.000000 1.994694 1.309942 2.155896 3.898690 7.602588 0.166667
78 23.641071 57.000690 0.000000 2.125738 1.357105 2.305843 4.304584 8.645006 0.142857
79 23.734829 57.114590 0.000000 2.057543 1.383314 2.390752 4.549953 9.336864 0.125033
80 23.674454 57.255180 0.000000 2.005860 1.286098 2.066493 3.625332 6.814196 0.142857
81 23.758009 57.048569 0.000000 2.240593 1.376141 2.366019 4.476574 9.128573 0.166667
82 23.742785 57.114807 0.000000 2.312315 1.367507 2.337833 4.404999 8.968954 0.167435
83 23.773983 57.098442 0.000000 2.483538 1.351230 2.279994 4.221448 8.405017 0.176301
84 23.697838 57.042686 0.000000 2.413392 1.389794 2.409322 4.594728 9.437679 0.171068
85 23.768087 57.042915 0.000000 1.922109 1.359124 2.302368 4.278867 8.546634 0.142949
86 23.721844 56.877758 0.000000 2.014967 1.401645 2.456790 4.758310 9.970300 0.292103
87 24.112825 57.151936 0.000000 2.038499 1.322164 2.213363 4.110896 8.316163 0.244117
88 24.233690 56.830246 0.000000 1.884755 1.349155 2.300404 4.344578 8.907846 0.169117
89 24.166601 56.547245 0.000000 1.930522 1.302990 2.147575 3.918635 7.781955 0.200000
90 24.449614 56.414928 0.000000 2.078725 1.291146 2.107228 3.797138 7.428740 0.200000
91 24.365618 56.530128 0.000000 1.969463 1.299304 2.111208 3.757930 7.193548 0.200000
92 24.399704 56.469822 0.000000 2.034102 1.272136 2.034968 3.555267 6.655993 0.166667
94 25.367718 56.056553 0.000000 1.637297 1.330152 2.215809 4.062641 8.043671 0.200000
96 25.847681 57.148911 0.000000 1.357260 1.356718 2.306051 4.312882 8.689745 0.250000
