%% Trajectory 23
%% frame x (pixel)     y (pixel)    z (pixel)      m0         m1           m2           m3           m4           s 
59 73.309814 54.218094 0.000000 0.738818 1.516998 2.893073 6.123192 14.003126 0.252929
61 72.988235 54.232716 0.000000 0.966904 1.541028 2.973491 6.380754 14.831306 0.142863
63 71.870087 54.447201 0.000000 1.651524 1.586674 3.092728 6.652086 15.398825 0.333333
64 72.255608 54.451126 0.000000 1.483420 1.585127 3.064533 6.515604 14.864644 0.200000
65 72.379318 54.669399 0.000000 1.740975 1.526089 2.861702 5.922876 13.212369 0.142857
66 72.248001 54.870121 0.000000 1.471973 1.608617 3.156361 6.794039 15.647567 0.200000
67 71.890457 54.748154 0.000000 1.736792 1.620492 3.214785 7.005931 16.351624 0.200001
68 72.377777 55.090015 0.000000 1.553715 1.566672 3.027467 6.466346 14.885734 0.166667
69 72.350807 55.064190 0.000000 2.210527 1.555070 2.976067 6.281319 14.267447 0.142859
70 72.379929 55.181412 0.000000 2.046954 1.593584 3.085753 6.549392 14.879238 0.166667
71 72.004906 54.962414 0.000000 2.008251 1.546683 2.967550 6.300316 14.425294 0.166667
72 72.152718 55.169209 0.000000 1.815223 1.591244 3.103570 6.664286 15.364973 0.229080
73 71.877167 55.435059 0.000000 2.389356 1.472169 2.711651 5.550521 12.334600 0.143714
74 71.548424 55.513351 0.000000 2.108530 1.487270 2.738427 5.580739 12.311545 0.148184
75 71.487823 55.667580 0.000000 2.293357 1.466297 2.649647 5.262098 11.242577 0.195236
76 71.303581 55.389530 0.000000 2.444613 1.421324 2.502945 4.843500 10.085443 0.142858
77 71.230721 55.480705 0.000000 2.190392 1.391310 2.444682 4.791583 10.263118 0.173251
78 71.154869 55.373398 0.000000 2.112008 1.442456 2.605398 5.238511 11.469751 0.173541
80 70.250725 55.385166 0.000000 2.430966 1.404519 2.466955 4.792334 10.081203 0.200001
