%% Trajectory 26
%% frame x (pixel)     y (pixel)    z (pixel)      m0         m1           m2           m3           m4           s 
80 33.756733 53.290749 0.000000 1.180988 1.249256 1.953170 3.336140 6.124275 0.183908
81 33.561214 53.398216 0.000000 1.237670 1.345384 2.264714 4.242306 8.684959 0.200000
83 33.429398 53.314037 0.000000 1.757025 1.373679 2.344157 4.415434 9.003295 0.142864
84 33.726471 52.896770 0.000000 1.498381 1.262063 2.035772 3.629712 7.031003 0.128224
85 33.641426 52.920620 0.000000 1.808932 1.356515 2.322084 4.404897 9.074314 0.142867
86 33.566994 52.935532 0.000000 1.899986 1.329317 2.252365 4.242304 8.710780 0.166667
87 33.761948 53.168297 0.000000 1.831509 1.494230 2.755200 5.601635 12.274403 0.189285
88 33.704708 53.029202 0.000000 2.426019 1.391415 2.442164 4.746696 9.998169 0.125102
89 33.874794 52.847187 0.000000 2.339745 1.323735 2.212149 4.082694 8.164820 0.142857
90 34.003620 52.810131 0.000000 2.695988 1.338589 2.294921 4.410751 9.305571 0.125000
91 33.806202 52.761604 0.000000 2.116643 1.394359 2.409256 4.588841 9.442708 0.168104
92 33.650631 52.591423 0.000000 2.823255 1.312564 2.140515 3.813593 7.281349 0.248536
93 33.705639 52.850399 0.000000 2.430496 1.315324 2.176551 3.965980 7.803731 0.144402
94 33.470978 52.800316 0.000000 2.392725 1.299843 2.139611 3.897885 7.721282 0.146712
95 33.809307 52.799469 0.000000 2.530159 1.314911 2.166000 3.919040 7.640896 0.234911
97 33.774338 51.265388 0.000000 4.111591 1.597826 3.139992 6.815309 15.926188 0.200000
99 34.105579 52.091068 0.000000 3.033672 1.461716 2.683437 5.486387 12.197397 0.200246
100 33.804337 52.178207 0.000000 2.798592 1.457389 2.646316 5.316176 11.552557 0.233167
101 34.053036 52.095570 0.000000 2.809700 1.496111 2.796535 5.794701 12.990276 0.201460
102 34.370121 52.205276 0.000000 2.885434 1.415060 2.493114 4.850016 10.203701 0.258291
104 34.293598 51.941864 0.000000 3.490637 1.373973 2.372673 4.530723 9.368342 0.200000
105 34.733707 51.833698 0.000000 3.575587 1.395277 2.423681 4.628796 9.517996 0.200000
106 35.015057 52.216576 0.000000 3.795446 1.376360 2.383925 4.583822 9.587087 0.200000
107 34.920467 52.292591 0.000000 3.821607 1.368631 2.343704 4.423394 9.018586 0.200000
108 35.156239 52.464748 0.000000 3.444670 1.343843 2.265872 4.216283 8.493576 0.200000
109 35.308117 52.835339 0.000000 3.362001 1.382296 2.378889 4.510054 9.231565 0.200000
110 35.633186 53.380341 0.000000 3.155164 1.377450 2.348295 4.381886 8.772931 0.200001
112 34.890266 52.398865 0.000000 1.764522 1.371786 2.351608 4.450733 9.119467 0.200000
