%% Trajectory 22
%% frame x (pixel)     y (pixel)    z (pixel)      m0         m1           m2           m3           m4           s 
66 40.166809 79.188057 0.000000 1.409112 1.291898 2.090618 3.695663 6.997075 0.142858
69 40.471874 79.279343 0.000000 1.863399 1.314369 2.188240 4.027653 8.045326 0.125000
70 40.414104 79.090424 0.000000 1.909466 1.347381 2.274714 4.231355 8.503152 0.125000
71 40.417095 78.956284 0.000000 2.186800 1.330838 2.225689 4.101807 8.171535 0.135991
72 40.339478 79.051399 0.000000 2.599023 1.318635 2.208236 4.115649 8.387856 0.127494
73 40.194351 79.081192 0.000000 2.300370 1.320565 2.203990 4.071229 8.169657 0.125014
74 40.406944 79.021767 0.000000 2.950804 1.315019 2.194026 4.078273 8.299895 0.151227
75 40.432522 78.928154 0.000000 3.192616 1.311242 2.173036 3.995946 8.016202 0.128400
76 40.348366 78.998589 0.000000 3.522301 1.350243 2.311814 4.410253 9.195026 0.150880
77 40.491505 79.211403 0.000000 3.215779 1.304971 2.130322 3.806922 7.305362 0.149702
78 40.575649 79.066460 0.000000 3.214270 1.347535 2.273785 4.225599 8.485379 0.353257
79 40.295197 79.231224 0.000000 3.057873 1.336431 2.263123 4.262724 8.765569 0.142865
80 40.398579 78.916924 0.000000 3.309641 1.337957 2.243189 4.144149 8.279147 0.142860
81 40.227493 78.911919 0.000000 3.404202 1.348487 2.296526 4.342611 8.947474 0.142945
82 40.231506 78.981430 0.000000 3.212009 1.344318 2.276661 4.268665 8.689140 0.167201
83 40.209087 79.036140 0.000000 3.550136 1.348506 2.304714 4.384006 9.100071 0.166667
84 40.244431 79.106125 0.000000 3.792062 1.345532 2.256072 4.146759 8.186477 0.168834
85 40.433186 79.333717 0.000000 3.921423 1.332117 2.226120 4.096280 8.144997 0.328506
86 40.339542 78.857414 0.000000 3.431106 1.327274 2.206533 4.044097 8.025891 0.166667
87 40.485615 79.135574 0.000000 3.446037 1.299940 2.111136 3.750993 7.155911 0.166667
88 40.329376 78.983429 0.000000 3.580445 1.350303 2.293465 4.312458 8.807752 0.166667
89 40.325191 78.980133 0.000000 3.109464 1.337838 2.258631 4.217502 8.546298 0.172842
91 40.229477 79.187836 0.000000 3.434957 1.327509 2.227414 4.137647 8.348017 0.166667
92 40.220890 78.847191 0.000000 4.053130 1.356463 2.322847 4.424799 9.199227 0.142857
93 40.276726 79.078682 0.000000 3.972795 1.369984 2.374918 4.585659 9.665360 0.166667
94 40.478432 78.871330 0.000000 3.761637 1.367944 2.353806 4.486967 9.291043 0.166667
96 40.226681 78.995934 0.000000 4.423561 1.357445 2.346335 4.531646 9.578801 0.148859
97 40.199116 78.637428 0.000000 4.517693 1.327185 2.208515 4.046355 8.013047 0.218425
98 40.009258 78.432091 0.000000 4.197392 1.327475 2.210462 4.036736 7.920305 0.268283
99 40.113716 78.207748 0.000000 4.129595 1.316874 2.174756 3.949877 7.740528 0.142858
100 40.110153 78.055199 0.000000 3.654132 1.332285 2.248987 4.208663 8.559981 0.178309
101 40.143711 77.929581 0.000000 4.094444 1.379094 2.396835 4.603960 9.562354 0.166667
102 40.083668 77.591339 0.000000 4.146473 1.369750 2.352300 4.462407 9.167718 0.169570
103 39.953869 77.448174 0.000000 4.459474 1.337629 2.242711 4.133230 8.204969 0.215928
104 39.602524 77.398186 0.000000 4.004146 1.279466 2.065233 3.664950 7.023200 0.201423
105 38.873146 77.301727 0.000000 4.028608 1.329526 2.221788 4.087665 8.116220 0.200306
106 38.659252 77.221794 0.000000 3.155165 1.280024 2.075208 3.712386 7.199229 0.166667
107 38.350456 77.269394 0.000000 3.194880 1.281433 2.063992 3.652797 6.982936 0.166667
