%% Trajectory 11
%% frame x (pixel)     y (pixel)    z (pixel)      m0         m1           m2           m3           m4           s 
17 36.703808 41.677242 0.000000 2.067282 1.203881 1.833047 3.053150 5.485389 0.142857
18 36.724785 41.769508 0.000000 1.675155 1.202150 1.826185 3.037314 5.455847 0.125002
19 36.680084 41.731613 0.000000 2.145039 1.289776 2.102771 3.779598 7.355142 0.127586
20 36.558311 41.858578 0.000000 2.914353 1.270380 2.028523 3.538444 6.616808 0.143162
21 36.722591 41.966610 0.000000 3.310324 1.314644 2.171262 3.942838 7.720193 0.111111
22 36.593102 41.841644 0.000000 2.996295 1.235892 1.930579 3.300714 6.073094 0.125000
23 36.755001 41.984318 0.000000 3.350726 1.321918 2.198644 4.029744 7.979189 0.142868
24 36.683949 41.839890 0.000000 3.010144 1.300591 2.125309 3.823058 7.432680 0.142857
25 36.757900 41.804817 0.000000 3.441862 1.271743 2.034865 3.568099 6.734827 0.142892
26 36.827881 41.841579 0.000000 3.910331 1.288392 2.090405 3.728886 7.180319 0.142857
27 36.943207 41.906082 0.000000 3.455129 1.355402 2.310306 4.352098 8.878871 0.159493
28 36.985794 41.747646 0.000000 3.925997 1.322001 2.228182 4.196701 8.671300 0.143769
29 36.730106 41.889336 0.000000 3.655463 1.301107 2.131483 3.842577 7.482643 0.142862
30 36.724346 41.837299 0.000000 3.744839 1.285945 2.076053 3.674367 7.002080 0.166667
31 36.747063 41.928288 0.000000 3.895235 1.319645 2.186273 3.985193 7.839724 0.166979
32 36.724190 41.956146 0.000000 3.868166 1.319315 2.204132 4.082384 8.228046 0.187514
33 36.616199 41.985413 0.000000 3.749847 1.343246 2.258253 4.176251 8.329763 0.166671
34 36.644360 41.832394 0.000000 3.608227 1.265074 2.028067 3.582390 6.858873 0.166667
35 36.635311 41.931061 0.000000 4.366000 1.288195 2.088539 3.720285 7.148032 0.166667
36 36.783329 42.037384 0.000000 4.894299 1.358739 2.302682 4.281286 8.554923 0.179501
37 36.759403 41.978447 0.000000 5.199428 1.347385 2.276900 4.240086 8.528636 0.166668
38 36.832386 41.767418 0.000000 4.746348 1.301802 2.138322 3.879379 7.640855 0.143019
39 36.730686 42.005032 0.000000 4.464266 1.332345 2.231530 4.114731 8.185277 0.167092
40 36.615601 41.886974 0.000000 4.815816 1.295565 2.100871 3.725420 7.086845 0.167116
41 36.614372 41.960354 0.000000 4.947963 1.320482 2.185372 3.970378 7.765814 0.166667
42 36.753788 42.016319 0.000000 5.129628 1.351313 2.288927 4.266587 8.577499 0.166667
43 36.756882 42.141819 0.000000 5.133299 1.301386 2.125932 3.806579 7.329576 0.166667
44 36.819221 42.120922 0.000000 5.347594 1.336096 2.236864 4.117860 8.172619 0.166667
45 36.850128 41.944012 0.000000 4.959934 1.341647 2.265198 4.222926 8.522525 0.198677
46 37.156300 42.127003 0.000000 5.015518 1.339491 2.249552 4.157091 8.286442 0.150214
47 37.337448 42.231724 0.000000 4.528490 1.299965 2.116757 3.773954 7.227238 0.125000
48 37.431137 42.318676 0.000000 4.972348 1.296524 2.106750 3.745812 7.150434 0.142857
49 37.609566 42.390465 0.000000 5.503886 1.309649 2.140668 3.816286 7.272984 0.130199
50 37.671913 42.368645 0.000000 5.191490 1.294140 2.104653 3.755754 7.222065 0.125000
51 37.623058 42.449848 0.000000 4.769950 1.314910 2.161027 3.891100 7.532491 0.125000
52 37.727585 42.786823 0.000000 5.537655 1.369548 2.344785 4.424119 9.015052 0.147164
53 38.044659 43.247112 0.000000 5.333069 1.378725 2.388133 4.569678 9.454614 0.142857
54 38.175800 43.488949 0.000000 4.811863 1.359623 2.320520 4.375257 8.932862 0.142857
