%% Trajectory 15
%% frame x (pixel)     y (pixel)    z (pixel)      m0         m1           m2           m3           m4           s 
47 37.013577 57.550228 0.000000 1.661629 1.517821 2.862872 5.973620 13.451704 0.250000
48 37.318073 57.588078 0.000000 1.685679 1.461456 2.654065 5.322011 11.525197 0.200002
49 37.438522 58.020866 0.000000 1.699610 1.521213 2.886298 6.076866 13.839657 0.250000
52 37.276958 57.665310 0.000000 2.009211 1.463142 2.654745 5.314398 11.483371 0.259326
53 37.460308 57.755253 0.000000 1.701885 1.496806 2.790463 5.757717 12.831212 0.200000
54 37.151981 57.444016 0.000000 2.087961 1.521435 2.848415 5.875751 13.043589 0.250000
56 37.467541 57.376965 0.000000 1.914526 1.593217 3.110929 6.710732 15.588692 0.200000
57 37.262505 57.508492 0.000000 2.413774 1.504032 2.820908 5.867180 13.208399 0.200023
58 37.387814 57.798820 0.000000 2.301832 1.508438 2.813424 5.785298 12.805710 0.273377
59 36.986233 57.287033 0.000000 2.106431 1.597144 3.133960 6.772922 15.716805 0.250000
60 36.821415 56.811596 0.000000 1.894407 1.558680 3.002635 6.399834 14.710807 0.250000
61 36.574528 56.791882 0.000000 2.457970 1.547436 2.928597 6.097468 13.641914 0.250000
63 36.576874 56.511604 0.000000 2.286369 1.480244 2.686301 5.351665 11.451706 0.333333
64 36.625988 57.119022 0.000000 2.224726 1.557780 2.992842 6.343930 14.479642 0.333333
65 36.553844 56.573261 0.000000 2.094233 1.456306 2.628289 5.241957 11.303007 0.250000
66 36.471237 56.518028 0.000000 2.757790 1.401598 2.423932 4.583164 9.281169 0.333333
68 36.524998 55.449383 0.000000 2.311872 1.486009 2.718411 5.468183 11.827170 0.333333
69 36.527020 55.357487 0.000000 2.573643 1.476816 2.693543 5.404185 11.655996 0.252687
70 36.926064 55.474606 0.000000 2.921462 1.442757 2.577226 5.058601 10.667819 0.402464
71 36.454861 55.615860 0.000000 2.569430 1.352047 2.268651 4.155581 8.140745 0.250000
72 36.511814 55.513454 0.000000 2.205842 1.414298 2.474655 4.745897 9.771680 0.333333
