%% Trajectory 17
%% frame x (pixel)     y (pixel)    z (pixel)      m0         m1           m2           m3           m4           s 
51 70.530281 65.231262 0.000000 0.823349 1.438912 2.640138 5.387981 11.925117 0.166678
52 70.469162 65.022438 0.000000 0.988661 1.273944 2.067775 3.721201 7.295150 0.166667
53 70.103706 65.420593 0.000000 1.375651 1.388971 2.413119 4.637660 9.647655 0.150968
54 69.914963 65.111702 0.000000 1.500640 1.390548 2.438151 4.740908 10.004409 0.143270
55 69.976212 65.149261 0.000000 2.137098 1.402264 2.467295 4.807001 10.144136 0.125000
56 69.824875 65.347260 0.000000 2.456365 1.284994 2.100043 3.803546 7.505986 0.142857
57 69.943214 65.123230 0.000000 2.733559 1.375327 2.384912 4.592043 9.615110 0.142857
58 69.877831 65.223236 0.000000 3.233385 1.297940 2.127359 3.849505 7.557335 0.142857
59 69.693077 65.379463 0.000000 3.070922 1.311210 2.159209 3.908379 7.632872 0.166667
60 69.693199 65.297455 0.000000 3.403582 1.303146 2.124120 3.792119 7.276578 0.166667
61 69.752747 65.393997 0.000000 3.742236 1.305687 2.136479 3.833435 7.403143 0.142857
63 69.670273 65.306877 0.000000 4.624304 1.297810 2.100867 3.711349 7.016529 0.111111
64 69.637253 65.273972 0.000000 5.366072 1.293616 2.090561 3.687911 6.965299 0.166667
65 69.705925 65.369225 0.000000 5.786039 1.296840 2.109375 3.764436 7.238982 0.166667
66 69.630074 65.163147 0.000000 5.921786 1.326699 2.194280 3.964725 7.668233 0.200000
68 69.629974 65.131332 0.000000 5.521143 1.323932 2.188633 3.958422 7.676549 0.166667
69 69.790321 65.044029 0.000000 5.735979 1.355269 2.296407 4.273761 8.556441 0.166667
70 69.717476 65.080544 0.000000 6.268239 1.345438 2.252714 4.124788 8.089542 0.142857
71 69.757805 65.093971 0.000000 6.380037 1.372944 2.349488 4.417047 8.936596 0.142857
72 69.843269 65.099731 0.000000 6.268509 1.363231 2.321940 4.350719 8.786536 0.166667
73 69.813805 64.947792 0.000000 6.769056 1.391750 2.428068 4.685301 9.786767 0.166667
74 69.744827 64.910477 0.000000 7.000248 1.374174 2.368525 4.515583 9.329752 0.142857
75 69.671570 64.992897 0.000000 7.293547 1.368466 2.349441 4.453323 9.127892 0.125000
76 69.522102 64.800621 0.000000 7.427280 1.349895 2.274782 4.208343 8.376322 0.166667
78 69.576324 64.771820 0.000000 6.959394 1.330542 2.209733 4.024098 7.877889 0.142857
79 69.155861 64.608437 0.000000 7.179865 1.393833 2.429271 4.675877 9.736614 0.142857
80 68.764107 64.389534 0.000000 7.407976 1.371199 2.342544 4.399521 8.903991 0.166667
81 68.629074 64.323212 0.000000 7.257257 1.362046 2.307592 4.290124 8.582858 0.200000
82 68.504158 64.259254 0.000000 7.878041 1.400728 2.450464 4.737450 9.916041 0.200000
83 68.534927 64.188286 0.000000 7.067716 1.411446 2.498897 4.907415 10.468257 0.250000
85 68.124863 63.634605 0.000000 5.072426 1.383295 2.399008 4.610143 9.626621 0.125000
87 68.241402 62.268112 0.000000 3.861004 1.452219 2.633175 5.288918 11.505036 0.166667
88 68.658379 62.029804 0.000000 3.190775 1.439798 2.595463 5.182069 11.195260 0.166667
89 69.356056 62.394329 0.000000 3.226828 1.485905 2.729579 5.526596 12.053814 0.166667
