%% Trajectory 17
%% frame x (pixel)     y (pixel)    z (pixel)      m0         m1           m2           m3           m4           s 
62 52.068336 33.388020 0.000000 1.488259 1.215687 1.886921 3.232463 6.027801 0.200000
63 51.897678 33.624428 0.000000 1.515030 1.221293 1.927141 3.394268 6.588790 0.166959
65 51.923672 33.498550 0.000000 1.536172 1.263627 2.078087 3.863842 7.998187 0.166667
66 52.081085 33.516212 0.000000 1.603032 1.215886 1.910534 3.333962 6.371898 0.166667
67 51.832138 33.331112 0.000000 2.127625 1.257918 2.064185 3.854334 8.070995 0.180263
68 51.734962 33.478596 0.000000 2.037656 1.206974 1.886092 3.310532 6.472713 0.166667
69 52.002148 33.443851 0.000000 2.237477 1.241668 1.965319 3.428835 6.485116 0.166674
70 51.843552 33.311272 0.000000 2.322659 1.252430 2.072550 3.931593 8.411512 0.166993
71 52.139645 33.541389 0.000000 2.686886 1.218585 1.899667 3.268731 6.121177 0.166667
72 51.966412 33.634621 0.000000 2.376065 1.294797 2.152299 3.985555 8.064106 0.166667
73 52.131046 33.590145 0.000000 2.983049 1.227899 1.915622 3.292225 6.145008 0.166668
74 52.033298 33.455433 0.000000 2.499430 1.245561 1.995978 3.558218 6.951909 0.166667
75 52.303406 33.622692 0.000000 2.609797 1.181854 1.773378 2.911499 5.164942 0.166667
76 52.435883 33.417156 0.000000 2.597371 1.186476 1.778922 2.915578 5.161088 0.166667
77 52.839069 33.499935 0.000000 2.328813 1.252840 1.980860 3.435384 6.428309 0.166736
78 52.728600 33.546673 0.000000 2.196645 1.211935 1.861316 3.132877 5.697445 0.200126
79 52.809513 33.477001 0.000000 2.335736 1.224750 1.908847 3.280334 6.134454 0.200004
80 53.009422 33.548733 0.000000 2.504998 1.248226 2.003989 3.593734 7.098166 0.204602
81 53.092976 33.676327 0.000000 2.337713 1.254630 1.990713 3.479738 6.590669 0.200000
82 53.247490 33.648182 0.000000 2.376314 1.191887 1.808531 3.013263 5.445016 0.200023
83 53.334106 33.666920 0.000000 2.399220 1.236725 1.941811 3.358791 6.303514 0.200002
84 53.530853 33.307320 0.000000 2.631223 1.264699 2.041414 3.667713 7.232090 0.166706
86 53.934059 32.260178 0.000000 1.776021 1.424045 2.620579 5.420743 12.250738 0.148894
