%% Trajectory 23
%% frame x (pixel)     y (pixel)    z (pixel)      m0         m1           m2           m3           m4           s 
66 71.211182 9.645308 0.000000 1.074645 1.394743 2.452568 4.789612 10.177958 0.144161
68 71.053726 9.508286 0.000000 1.246219 1.498475 2.796643 5.787481 12.959266 0.142870
69 71.370171 9.795997 0.000000 1.381228 1.494145 2.761133 5.625584 12.341793 0.142961
71 71.178299 9.411256 0.000000 1.301901 1.514012 2.827137 5.826908 12.941359 0.166667
72 71.691467 9.335420 0.000000 1.238373 1.555066 2.977884 6.290015 14.297446 0.166667
73 71.468811 8.853132 0.000000 1.390105 1.433093 2.572395 5.113220 11.006071 0.148441
74 71.642029 9.400214 0.000000 1.226902 1.477093 2.719078 5.540851 12.200197 0.142857
76 71.221138 9.450819 0.000000 1.839673 1.548319 2.961941 6.264514 14.286963 0.166667
77 71.254036 9.521876 0.000000 1.437064 1.447055 2.636920 5.369155 11.929393 0.200000
78 71.243492 9.615965 0.000000 1.321531 1.557433 3.026301 6.542143 15.307391 0.200000
80 71.383820 9.282122 0.000000 1.752522 1.568387 3.047032 6.557022 15.223598 0.251070
81 71.393471 9.265100 0.000000 2.109876 1.440959 2.593455 5.170148 11.163208 0.261992
82 71.320137 9.417890 0.000000 2.107697 1.530563 2.927854 6.213324 14.249640 0.167037
84 71.499535 9.306645 0.000000 1.931627 1.530019 2.921048 6.198873 14.249197 0.166667
85 71.326721 9.626488 0.000000 2.204326 1.501283 2.810593 5.844100 13.169387 0.200000
87 71.430206 9.579341 0.000000 2.483348 1.514420 2.866816 6.034128 13.765875 0.350702
88 71.246330 9.584080 0.000000 2.512842 1.560049 3.013936 6.454544 14.941636 0.329215
89 71.256439 9.573130 0.000000 2.605892 1.561300 3.023873 6.490878 15.044930 0.309735
90 71.265404 9.824800 0.000000 2.678531 1.463859 2.659583 5.330829 11.523245 0.224810
91 70.865822 9.747172 0.000000 2.569544 1.423820 2.529339 4.963423 10.522264 0.100795
92 71.066437 9.750602 0.000000 2.982947 1.503326 2.806942 5.799816 12.953336 0.212513
93 70.974220 9.690456 0.000000 2.887788 1.449430 2.635492 5.317591 11.631726 0.143004
94 70.957817 10.081470 0.000000 3.030820 1.453912 2.643425 5.328723 11.634013 0.125000
95 70.885826 10.087296 0.000000 2.942101 1.376279 2.379225 4.544766 9.389728 0.125000
96 70.605911 10.441387 0.000000 3.398343 1.303919 2.130049 3.816091 7.360494 0.125000
97 70.467216 10.236807 0.000000 3.531742 1.317346 2.180524 3.978175 7.857442 0.142857
98 70.387497 10.534122 0.000000 3.226557 1.356261 2.306497 4.346208 8.908464 0.269022
99 70.325562 10.447239 0.000000 3.235032 1.350947 2.282627 4.257619 8.605377 0.169338
100 69.898506 10.606111 0.000000 3.226122 1.344856 2.270972 4.232905 8.536910 0.234258
102 69.436363 10.308583 0.000000 2.229091 1.303611 2.156764 3.977509 8.044430 0.169581
104 69.332626 11.535436 0.000000 2.361262 1.278156 2.066368 3.681054 7.104747 0.318734
106 68.830269 11.273077 0.000000 1.108608 1.383075 2.477462 5.009767 11.148376 0.166667
