%% Trajectory 16
%% frame x (pixel)     y (pixel)    z (pixel)      m0         m1           m2           m3           m4           s 
27 16.301075 21.590950 0.000000 1.796563 1.256971 2.002729 3.523015 6.740855 0.143115
29 16.374794 21.519005 0.000000 1.795958 1.239775 1.944268 3.350194 6.246527 0.166667
31 16.505283 21.710335 0.000000 1.771731 1.298302 2.130660 3.858315 7.573408 0.227072
34 16.542288 21.456375 0.000000 1.834944 1.238584 1.931234 3.293480 6.043553 0.166667
35 16.560829 21.509251 0.000000 1.926228 1.259765 1.993823 3.448771 6.404399 0.166667
36 16.726730 21.552761 0.000000 1.947619 1.301231 2.122121 3.788874 7.265918 0.142857
37 16.485401 21.513332 0.000000 2.202742 1.298283 2.110104 3.757258 7.195621 0.142859
38 16.461748 21.641165 0.000000 2.179879 1.266165 2.012054 3.494092 6.511505 0.125071
39 16.548405 21.403906 0.000000 1.967228 1.258304 1.993189 3.452291 6.421215 0.142861
40 16.624752 21.526775 0.000000 2.274840 1.287971 2.072853 3.641503 6.850653 0.125044
41 16.490885 21.498079 0.000000 2.229564 1.268762 2.020365 3.521678 6.602534 0.125472
42 16.558775 21.455849 0.000000 1.875968 1.282416 2.057827 3.605713 6.769626 0.219401
43 16.494448 21.451252 0.000000 2.245126 1.299006 2.118531 3.797169 7.348074 0.125013
44 16.505140 21.473570 0.000000 2.185808 1.280092 2.050494 3.587044 6.725634 0.143013
45 16.570074 21.636972 0.000000 2.447941 1.282823 2.059578 3.610340 6.780037 0.111752
46 16.538948 21.443232 0.000000 2.385351 1.289236 2.080170 3.674334 6.976350 0.103397
47 16.700123 21.510601 0.000000 2.180380 1.289543 2.084635 3.692806 7.039964 0.144472
48 16.710283 21.410458 0.000000 1.987072 1.293449 2.099397 3.736350 7.160285 0.205010
49 16.628714 21.388290 0.000000 2.256214 1.272760 2.030172 3.536890 6.606596 0.138685
50 16.718241 21.504887 0.000000 2.353788 1.316963 2.182633 3.987749 7.885157 0.121804
51 16.663254 21.563135 0.000000 2.402606 1.292980 2.089389 3.688208 6.977750 0.145878
52 16.538263 21.441742 0.000000 2.645274 1.313649 2.155671 3.872419 7.471155 0.108891
53 16.700161 21.491560 0.000000 2.616681 1.293798 2.094238 3.705336 7.030952 0.111515
54 16.702066 21.533678 0.000000 2.524210 1.298544 2.111613 3.759820 7.194871 0.100000
55 16.690477 21.557350 0.000000 2.607658 1.298892 2.109704 3.748041 7.146126 0.091072
56 16.692768 21.490734 0.000000 2.625148 1.297357 2.112452 3.777206 7.285348 0.117586
57 16.738649 21.437223 0.000000 2.527835 1.301970 2.135842 3.860920 7.556637 0.131757
58 16.759998 21.350994 0.000000 2.351026 1.322048 2.188207 3.972139 7.758422 0.190152
59 17.016016 21.421383 0.000000 2.550550 1.343992 2.273316 4.257554 8.664316 0.119286
60 17.175598 21.530903 0.000000 2.448144 1.303429 2.142862 3.887805 7.650051 0.182867
61 17.162090 21.764780 0.000000 2.713621 1.313339 2.170664 3.957552 7.818253 0.158659
62 17.376205 22.003885 0.000000 2.628132 1.359275 2.317715 4.363549 8.889022 0.128176
63 17.338972 22.020418 0.000000 2.092617 1.352707 2.297776 4.306383 8.731156 0.111373
64 17.528973 22.344503 0.000000 2.093999 1.326297 2.192209 3.964655 7.694398 0.100014
65 17.497566 22.301409 0.000000 2.243936 1.290173 2.090217 3.714292 7.110529 0.112476
66 17.542242 22.558018 0.000000 2.235606 1.277241 2.046556 3.581190 6.714941 0.111123
