%% Trajectory 7
%% frame x (pixel)     y (pixel)    z (pixel)      m0         m1           m2           m3           m4           s 
7 50.610466 67.717140 0.000000 0.854832 1.305301 2.161907 3.968319 7.916781 0.250000
10 51.403484 67.658554 0.000000 0.787706 1.413971 2.519829 5.006363 10.836165 0.170490
12 50.519432 67.522804 0.000000 0.793934 1.262591 2.044578 3.675326 7.219729 0.167012
14 50.903500 67.443039 0.000000 0.950222 1.365600 2.349330 4.471496 9.233418 0.166667
15 50.466640 67.918884 0.000000 1.154803 1.351083 2.293928 4.294840 8.691316 0.200000
16 51.109722 67.491516 0.000000 1.190146 1.360001 2.317458 4.359165 8.873206 0.166667
17 50.782230 67.994057 0.000000 1.514840 1.415128 2.495721 4.844077 10.120358 0.200042
18 51.289539 67.611137 0.000000 1.339140 1.409892 2.465291 4.735826 9.785282 0.250000
19 50.783180 67.771545 0.000000 1.338392 1.373668 2.351687 4.432771 9.008862 0.166667
20 51.324081 68.024231 0.000000 1.662964 1.385111 2.417990 4.688968 9.893250 0.250000
21 50.840210 68.226822 0.000000 1.450174 1.378023 2.377844 4.521662 9.282844 0.200000
22 51.051060 67.844063 0.000000 1.958996 1.375951 2.371416 4.508679 9.262685 0.250000
23 51.530380 67.929710 0.000000 1.563472 1.340654 2.241157 4.119118 8.165649 0.200000
25 50.810612 68.112862 0.000000 1.778817 1.404200 2.476252 4.839547 10.263947 0.250000
26 51.157146 67.801956 0.000000 2.066864 1.390176 2.433179 4.725743 9.967668 0.212486
27 51.113377 67.674637 0.000000 2.103580 1.406996 2.466798 4.772954 9.980608 0.255782
28 51.201889 67.838676 0.000000 2.001547 1.378469 2.373330 4.500959 9.210039 0.200000
29 51.252129 67.876175 0.000000 2.165943 1.391042 2.423686 4.653962 9.638124 0.200000
30 51.250885 67.878059 0.000000 1.937880 1.375229 2.385453 4.595425 9.633476 0.250000
31 51.236237 67.975906 0.000000 2.507118 1.376265 2.368251 4.492973 9.204108 0.200000
32 51.086281 68.012474 0.000000 2.220408 1.403802 2.475390 4.834044 10.222796 0.250000
33 50.994137 67.944466 0.000000 2.225593 1.455048 2.662624 5.415650 11.950534 0.250000
34 51.075924 67.831665 0.000000 2.488880 1.437955 2.584487 5.141585 11.074904 0.250000
35 51.024456 67.645645 0.000000 2.322038 1.427329 2.533545 4.947124 10.394958 0.200000
36 50.788166 67.733276 0.000000 2.549504 1.443637 2.568415 5.012193 10.500123 0.200000
37 50.867188 67.618805 0.000000 2.432311 1.436241 2.569842 5.069323 10.783542 0.250000
38 50.797916 67.397881 0.000000 2.503731 1.464457 2.660369 5.330621 11.518554 0.250000
39 50.855633 67.431816 0.000000 2.363552 1.454626 2.626015 5.218317 11.165081 0.200000
40 50.489380 67.094360 0.000000 2.653225 1.449036 2.600159 5.139060 10.946319 0.250000
41 50.871368 66.990623 0.000000 2.277825 1.522003 2.881464 6.047551 13.722135 0.200000
42 51.504734 66.527161 0.000000 2.215754 1.496009 2.755982 5.589628 12.193166 0.250000
43 51.754063 66.482071 0.000000 2.491557 1.514089 2.830409 5.842766 13.008199 0.333333
44 51.756111 66.542412 0.000000 2.714027 1.474624 2.690240 5.409441 11.723762 0.500000
45 51.503517 66.285027 0.000000 2.116100 1.536510 2.919178 6.120697 13.809000 0.250000
46 51.756218 66.474846 0.000000 1.802699 1.528577 2.889973 6.027475 13.534065 0.250000
47 51.523163 66.547043 0.000000 1.884349 1.386396 2.409863 4.624787 9.592705 0.166667
48 51.381191 66.716721 0.000000 1.497583 1.419333 2.534961 5.045177 10.939808 0.200000
49 51.148949 67.115929 0.000000 1.255542 1.433803 2.596810 5.226336 11.422524 0.250000
51 52.359482 66.383652 0.000000 0.692989 1.564651 3.078820 6.738332 15.935778 0.200188
53 52.098137 65.854713 0.000000 0.849896 1.386799 2.446960 4.806055 10.257073 0.142862
56 52.702728 66.108498 0.000000 0.589244 1.348078 2.402432 4.888318 11.056005 0.149461
