%% Trajectory 18
%% frame x (pixel)     y (pixel)    z (pixel)      m0         m1           m2           m3           m4           s 
55 43.686249 32.612320 0.000000 1.551182 1.334723 2.236292 4.134068 8.264688 0.166667
56 43.307758 32.571709 0.000000 1.276620 1.270841 2.029976 3.553037 6.695700 0.125000
57 43.509781 32.739544 0.000000 1.767786 1.294127 2.095557 3.714278 7.073750 0.269107
58 43.198540 32.874580 0.000000 1.776570 1.339328 2.272357 4.270493 8.717046 0.163183
59 43.475403 32.783772 0.000000 1.850391 1.278419 2.058578 3.652506 7.025926 0.166667
60 43.695488 32.637405 0.000000 1.700121 1.217667 1.872472 3.154117 5.735266 0.142874
61 43.645050 32.649796 0.000000 1.721947 1.308510 2.136760 3.804666 7.238152 0.281846
62 43.257565 32.945038 0.000000 1.680469 1.289695 2.097607 3.755152 7.266960 0.125024
63 43.410755 32.775085 0.000000 1.734605 1.298352 2.108461 3.742988 7.126599 0.128465
64 43.628586 32.504120 0.000000 1.656942 1.272950 2.031156 3.541724 6.625036 0.167984
65 43.448864 32.782948 0.000000 2.230992 1.272895 2.036694 3.569346 6.730735 0.153582
66 43.469059 32.942020 0.000000 2.212006 1.248857 1.963509 3.379568 6.259450 0.205118
67 43.295712 32.691673 0.000000 2.401349 1.268287 2.020307 3.518234 6.575455 0.234274
68 43.348339 32.718620 0.000000 2.222034 1.335303 2.228266 4.086520 8.080953 0.169190
69 43.480709 32.683670 0.000000 2.652596 1.306020 2.141439 3.859927 7.511880 0.172997
70 43.509380 32.842636 0.000000 2.668401 1.309549 2.135658 3.796826 7.212226 0.233390
71 43.489532 32.770412 0.000000 3.020340 1.286518 2.072046 3.643065 6.858027 0.160858
72 43.374294 32.884132 0.000000 2.542265 1.301227 2.108534 3.728498 7.055258 0.240113
73 43.426323 32.842716 0.000000 3.095346 1.319671 2.192232 4.014809 7.958477 0.166679
74 43.592739 32.885319 0.000000 3.751725 1.308128 2.132463 3.795179 7.230991 0.170692
75 43.350685 32.989254 0.000000 3.543688 1.332693 2.234323 4.133326 8.275462 0.178364
76 43.504704 32.987900 0.000000 3.969270 1.315669 2.176777 3.963654 7.793931 0.171086
78 43.408199 32.969852 0.000000 3.741671 1.335143 2.236761 4.135794 8.284619 0.142857
79 43.187519 32.950287 0.000000 3.516432 1.333934 2.236681 4.131824 8.243655 0.166723
80 43.368382 32.872280 0.000000 4.004720 1.297603 2.109164 3.750081 7.153942 0.142857
81 43.307125 32.942513 0.000000 4.288368 1.325155 2.194109 3.980119 7.753105 0.142857
82 43.456318 33.040817 0.000000 4.033716 1.328636 2.211136 4.042673 7.963177 0.250000
83 43.316143 33.081764 0.000000 4.054246 1.302635 2.134099 3.843611 7.468119 0.166667
84 43.428982 33.200245 0.000000 4.194023 1.296548 2.104095 3.730454 7.086846 0.250017
85 43.497646 33.494492 0.000000 4.137502 1.300838 2.111017 3.737357 7.077830 0.250000
86 43.633247 33.720592 0.000000 3.922012 1.282383 2.057606 3.604044 6.761848 0.250000
87 43.751514 33.669891 0.000000 3.817569 1.284355 2.074288 3.667765 6.967646 0.250001
88 43.750980 33.816738 0.000000 3.664286 1.374043 2.355606 4.448335 9.068233 0.250016
89 43.709305 33.972458 0.000000 3.400102 1.332211 2.231973 4.117159 8.195041 0.250000
90 43.862961 34.309303 0.000000 3.910359 1.329083 2.215116 4.054796 7.995910 0.316744
91 43.677910 34.846100 0.000000 3.524107 1.314186 2.163044 3.910325 7.621278 0.250000
92 43.200157 35.118004 0.000000 2.995669 1.349501 2.313919 4.422650 9.233996 0.248466
93 43.290066 35.013325 0.000000 2.742648 1.395576 2.460739 4.826820 10.307308 0.200000
94 43.436733 35.285469 0.000000 2.363552 1.294967 2.095446 3.700280 6.992511 0.200000
96 44.309349 33.955166 0.000000 1.548098 1.326353 2.224812 4.126376 8.303899 0.200004
97 44.310787 34.056622 0.000000 1.828685 1.431194 2.592565 5.201191 11.268542 0.166667
