%% Trajectory 8
%% frame x (pixel)     y (pixel)    z (pixel)      m0         m1           m2           m3           m4           s 
11 87.891151 67.301956 0.000000 0.916011 1.531273 2.980280 6.483589 15.279061 0.204856
14 87.646927 67.202599 0.000000 1.141828 1.500546 2.837945 5.952737 13.462459 0.171604
16 87.624588 67.039474 0.000000 1.385877 1.587711 3.099710 6.660938 15.333603 0.166674
18 87.043716 68.138733 0.000000 1.321767 1.353628 2.350583 4.558370 9.639106 0.218878
20 87.451813 67.301422 0.000000 1.524643 1.471872 2.712285 5.548588 12.272372 0.220818
22 86.825607 67.650574 0.000000 1.624951 1.322682 2.233762 4.209544 8.673266 0.213848
23 87.084381 67.485054 0.000000 1.799161 1.421550 2.568236 5.163918 11.257728 0.167332
24 86.886826 67.823639 0.000000 1.906827 1.284907 2.116559 3.873680 7.727905 0.166667
25 86.925415 67.845833 0.000000 2.349532 1.364189 2.340501 4.434474 9.078086 0.166667
26 86.720741 67.814919 0.000000 2.233387 1.252531 2.000265 3.523943 6.731483 0.200000
27 86.694145 67.714005 0.000000 2.288436 1.268548 2.038393 3.615815 6.963270 0.250000
28 86.507370 68.032639 0.000000 2.154830 1.276775 2.060424 3.660612 7.037656 0.166667
29 86.462234 67.908669 0.000000 1.938151 1.236733 1.939592 3.332752 6.164953 0.166667
30 86.692764 67.877586 0.000000 2.639300 1.276157 2.059135 3.647676 6.966433 0.200000
31 86.497269 67.972137 0.000000 2.625761 1.323440 2.223724 4.155592 8.479388 0.250000
32 86.820923 67.997147 0.000000 2.672925 1.327681 2.224911 4.117268 8.246321 0.250000
33 86.753098 68.058189 0.000000 1.977207 1.340452 2.310079 4.451991 9.399362 0.200000
34 86.582947 67.741493 0.000000 2.717346 1.327561 2.234223 4.186974 8.583522 0.200000
35 86.821053 67.830986 0.000000 3.273434 1.354861 2.291430 4.258879 8.524286 0.200000
36 86.808502 67.650505 0.000000 2.972081 1.293809 2.103959 3.763506 7.276827 0.166667
37 86.735199 67.635277 0.000000 2.792193 1.256240 1.996399 3.483755 6.564583 0.250000
38 86.537956 67.731369 0.000000 3.160518 1.265059 2.007365 3.483615 6.496012 0.200000
39 86.752182 67.831947 0.000000 3.492152 1.321419 2.191183 3.997374 7.868422 0.200000
40 86.567299 67.669746 0.000000 3.306959 1.277469 2.053189 3.628523 6.933982 0.166667
41 86.465431 67.573753 0.000000 3.492479 1.267692 2.016745 3.505132 6.534359 0.166672
42 86.407120 67.313423 0.000000 3.675615 1.288073 2.074172 3.645605 6.860729 0.207378
43 86.244125 67.254837 0.000000 3.538064 1.327425 2.200374 3.997254 7.802532 0.240469
44 86.239822 67.154694 0.000000 3.516097 1.349360 2.277343 4.227777 8.459630 0.217681
45 86.104103 66.883606 0.000000 3.830501 1.368302 2.350011 4.453248 9.121192 0.250135
46 85.816414 66.974060 0.000000 3.441325 1.343837 2.280363 4.289943 8.768375 0.200000
47 85.397934 66.729095 0.000000 3.119026 1.335415 2.221496 4.047965 7.924868 0.200006
49 85.642815 66.447533 0.000000 1.884486 1.313516 2.166331 3.939850 7.763415 0.210821
50 86.203979 65.971146 0.000000 1.686418 1.340181 2.285883 4.344597 9.023191 0.200000
51 86.226860 66.407715 0.000000 2.209698 1.267212 2.009395 3.484797 6.495925 0.250000
53 87.037003 66.603226 0.000000 1.505766 1.307505 2.179399 4.044669 8.210274 0.250000
