%% Trajectory 5
%% frame x (pixel)     y (pixel)    z (pixel)      m0         m1           m2           m3           m4           s 
14 34.674438 40.036644 0.000000 0.613680 1.350559 2.337615 4.561546 9.835198 0.250000
16 35.086098 40.879700 0.000000 0.798546 1.552275 3.009161 6.443477 14.830523 0.250000
18 35.249866 40.592583 0.000000 1.053090 1.384329 2.419765 4.685650 9.837104 0.204080
20 34.768742 39.944328 0.000000 1.363172 1.444703 2.634914 5.367354 11.912827 0.250018
21 34.663025 40.218128 0.000000 1.565327 1.397905 2.449030 4.746372 9.965791 0.200000
22 34.936512 40.069420 0.000000 1.354053 1.438674 2.602908 5.235447 11.442434 0.221882
23 34.880566 40.443825 0.000000 1.842756 1.475521 2.705714 5.487317 12.025055 0.166667
24 35.041016 40.475677 0.000000 2.026252 1.480472 2.722546 5.533074 12.136971 0.166700
25 34.757965 40.226936 0.000000 2.007761 1.429425 2.530264 4.929542 10.350633 0.200537
26 35.189510 40.309185 0.000000 2.510072 1.440195 2.583628 5.129356 11.016288 0.200000
27 34.703724 39.750858 0.000000 2.347527 1.459985 2.652285 5.325206 11.547039 0.125000
28 34.821579 40.096596 0.000000 2.548848 1.441944 2.588118 5.128933 10.978487 0.200000
29 35.087418 40.256161 0.000000 2.355633 1.429125 2.547561 5.021409 10.698646 0.200000
30 34.932228 40.082314 0.000000 2.651974 1.507100 2.829160 5.878281 13.190396 0.200000
31 34.875988 39.850243 0.000000 2.680504 1.491813 2.752905 5.606913 12.315379 0.200000
32 35.334854 40.169792 0.000000 2.734239 1.466282 2.656728 5.300055 11.379980 0.200000
33 35.371769 40.200748 0.000000 3.148387 1.425947 2.518248 4.889877 10.217030 0.200000
34 35.536819 40.359936 0.000000 3.322238 1.476406 2.689126 5.393139 11.647785 0.200000
35 35.934299 40.572147 0.000000 3.514744 1.429057 2.534217 4.952868 10.442447 0.200000
36 36.096951 40.547306 0.000000 3.611953 1.419370 2.498370 4.836475 10.075934 0.250000
37 36.075829 40.828972 0.000000 3.766283 1.431340 2.550456 5.005640 10.579330 0.250000
38 36.040028 40.850929 0.000000 3.720737 1.456982 2.629764 5.224787 11.169724 0.333340
39 35.915184 40.807320 0.000000 4.153430 1.398152 2.444380 4.720037 9.854456 0.250000
40 35.655495 40.480564 0.000000 4.220191 1.310374 2.137771 3.802249 7.226188 0.200000
41 35.313919 40.542896 0.000000 3.698831 1.348453 2.271831 4.205641 8.389252 0.250000
42 35.374657 40.432667 0.000000 3.943772 1.334206 2.215428 4.024625 7.839657 0.250000
43 35.303448 40.525883 0.000000 3.567067 1.319518 2.171929 3.907028 7.529430 0.200000
44 35.366810 40.456051 0.000000 3.024836 1.312686 2.153673 3.860085 7.409441 0.250000
45 35.007488 40.482906 0.000000 2.333628 1.343745 2.270386 4.235888 8.555897 0.250000
46 35.365211 40.355724 0.000000 2.263380 1.302466 2.124503 3.801938 7.326962 0.250000
47 35.440411 40.218472 0.000000 1.713461 1.311561 2.181530 4.027988 8.105608 0.250672
48 35.378651 40.377251 0.000000 1.414935 1.270805 2.054922 3.675393 7.154394 0.250000
49 35.394356 40.440289 0.000000 1.091110 1.312355 2.158383 3.898158 7.584345 0.250000
50 35.187119 40.150482 0.000000 1.052976 1.337089 2.257692 4.218278 8.550176 0.250000
