%% Trajectory 26
%% frame x (pixel)     y (pixel)    z (pixel)      m0         m1           m2           m3           m4           s 
26 24.451019 65.576782 0.000000 1.044495 1.392937 2.514375 5.154135 11.694609 0.276504
28 24.797472 65.568352 0.000000 1.171888 1.319655 2.257933 4.330115 9.126141 0.251722
29 25.179684 66.096039 0.000000 1.142030 1.363567 2.391923 4.690702 10.048605 0.168778
30 25.061401 66.256233 0.000000 1.463419 1.285749 2.112466 3.855033 7.679582 0.265009
31 24.825680 66.201614 0.000000 1.487187 1.285111 2.121311 3.896854 7.827924 0.229457
32 24.951357 66.259247 0.000000 1.487584 1.226847 1.899638 3.221597 5.890634 0.156246
33 24.843275 66.037117 0.000000 1.794782 1.368743 2.362700 4.491260 9.193580 0.200171
34 24.747263 66.002785 0.000000 2.222058 1.290974 2.115411 3.832452 7.535533 0.166799
35 24.866430 65.745857 0.000000 2.209879 1.364738 2.360025 4.550394 9.590176 0.200485
36 24.918543 66.096771 0.000000 2.376131 1.359109 2.309654 4.331563 8.790926 0.200009
37 25.252415 66.036858 0.000000 2.299882 1.373517 2.383885 4.585588 9.569042 0.166667
38 24.978613 66.135666 0.000000 2.363454 1.331106 2.229756 4.115388 8.200932 0.170724
39 24.944208 65.765114 0.000000 2.539684 1.357101 2.337490 4.477280 9.341973 0.250000
40 24.754761 66.066154 0.000000 2.517323 1.344866 2.274727 4.245241 8.568598 0.200000
41 24.878851 66.409042 0.000000 2.071070 1.278039 2.049770 3.596123 6.773668 0.166667
43 25.051207 66.062668 0.000000 2.830274 1.323928 2.209324 4.064756 8.084072 0.200000
44 24.902512 65.785904 0.000000 3.099505 1.324586 2.200513 4.025718 7.959841 0.200000
45 25.065386 65.757973 0.000000 3.029587 1.304861 2.153762 3.939708 7.849765 0.200000
46 24.690861 65.840950 0.000000 3.224356 1.297503 2.110786 3.751452 7.140389 0.142857
47 24.806416 65.971931 0.000000 3.453634 1.351919 2.290664 4.270273 8.583082 0.200008
48 24.634851 65.736618 0.000000 3.475368 1.283169 2.064826 3.635678 6.877747 0.200002
49 24.721067 65.684288 0.000000 3.590896 1.293195 2.086123 3.674001 6.929740 0.200000
50 24.652460 65.647369 0.000000 3.918200 1.281080 2.055850 3.602093 6.760811 0.250000
51 24.798611 65.885452 0.000000 3.281093 1.326883 2.214567 4.069148 8.070734 0.200000
52 24.720354 65.768738 0.000000 3.480533 1.309110 2.145201 3.851729 7.432264 0.200000
53 24.797621 65.591553 0.000000 3.986158 1.346248 2.270766 4.220288 8.476302 0.250003
54 24.880295 65.738342 0.000000 3.803780 1.356449 2.298236 4.278306 8.572250 0.200000
55 25.000908 65.912613 0.000000 3.773751 1.381685 2.404740 4.632896 9.670467 0.272179
56 24.883766 65.721886 0.000000 3.842454 1.360754 2.306692 4.286496 8.553276 0.200000
57 24.884890 65.706825 0.000000 3.998302 1.362303 2.329460 4.397785 8.984774 0.250496
58 24.943459 65.397881 0.000000 3.935138 1.382260 2.387400 4.542105 9.316915 0.200000
59 25.289953 65.287575 0.000000 3.815218 1.320796 2.181961 3.947310 7.667943 0.200000
60 25.356962 65.200775 0.000000 3.626676 1.371619 2.348596 4.432105 9.038843 0.142857
61 25.399647 64.874336 0.000000 4.118378 1.382207 2.390099 4.557398 9.387857 0.200000
62 25.632912 64.726929 0.000000 4.018175 1.384513 2.383455 4.512111 9.204873 0.200006
63 25.701540 64.854370 0.000000 4.325094 1.389739 2.399909 4.546904 9.255473 0.166667
64 26.138836 64.437973 0.000000 4.116541 1.396681 2.421609 4.624621 9.530286 0.166667
65 25.675100 63.953388 0.000000 3.876319 1.427454 2.546742 5.027964 10.747807 0.142857
66 25.713888 64.151581 0.000000 3.478255 1.394373 2.449831 4.787036 10.189410 0.166667
68 26.150791 63.934803 0.000000 3.096139 1.438656 2.593583 5.183079 11.222143 0.166667
69 26.533548 63.816315 0.000000 2.700359 1.454475 2.668273 5.455712 12.136269 0.143617
71 27.505426 62.647148 0.000000 1.883962 1.634630 3.224896 6.967633 16.101509 0.142857
73 27.471003 63.551968 0.000000 1.643189 1.638058 3.232743 6.964464 15.998060 0.147875
76 28.340378 63.255486 0.000000 1.225260 1.500704 2.812310 5.853385 13.198616 0.200271
