%% Trajectory 21
%% frame x (pixel)     y (pixel)    z (pixel)      m0         m1           m2           m3           m4           s 
62 51.426704 30.072914 0.000000 1.380278 1.286998 2.087415 3.723624 7.171649 0.166667
65 51.684109 30.011492 0.000000 2.209447 1.357565 2.325041 4.397919 8.993586 0.166667
66 51.862301 29.901299 0.000000 2.358011 1.351807 2.296393 4.312692 8.777932 0.221590
67 51.680733 30.033741 0.000000 2.444450 1.339519 2.263367 4.241216 8.651022 0.168262
68 51.889679 30.025724 0.000000 2.176347 1.357472 2.332275 4.449518 9.229071 0.283541
69 51.701748 30.161701 0.000000 2.732087 1.321607 2.179543 3.936257 7.634274 0.145516
70 51.845097 29.946152 0.000000 2.576646 1.400125 2.459627 4.782251 10.067105 0.143280
71 52.013866 30.032568 0.000000 2.463327 1.364121 2.350914 4.502052 9.378949 0.194732
73 51.610012 30.109560 0.000000 2.516848 1.305587 2.148942 3.903921 7.691372 0.263799
74 51.808208 29.910791 0.000000 2.916022 1.315487 2.186348 4.016988 8.008487 0.144320
75 51.791100 30.096882 0.000000 2.378593 1.335099 2.252774 4.211975 8.561158 0.143029
76 51.661705 30.084846 0.000000 2.678000 1.305647 2.148535 3.894689 7.633741 0.142983
77 51.787621 30.146217 0.000000 2.912313 1.313816 2.178711 3.987021 7.903410 0.166667
78 51.734776 30.305799 0.000000 3.067334 1.270907 2.024415 3.524575 6.585339 0.200000
79 51.825848 30.284122 0.000000 2.752591 1.290390 2.091709 3.723130 7.143668 0.200000
80 52.098682 30.618843 0.000000 2.452613 1.314305 2.150055 3.838827 7.333351 0.200000
81 52.056118 30.800528 0.000000 2.816700 1.377404 2.361249 4.443670 8.994718 0.200000
82 52.281151 30.888643 0.000000 3.517515 1.365066 2.338321 4.434695 9.131746 0.200000
83 52.364052 30.970089 0.000000 3.029587 1.403161 2.477605 4.846782 10.276513 0.200000
84 52.417271 30.851482 0.000000 2.983074 1.325954 2.197161 3.992566 7.806001 0.166667
85 52.503578 31.040876 0.000000 2.427388 1.365375 2.346212 4.468588 9.246747 0.200000
86 52.545643 31.077702 0.000000 2.300605 1.330554 2.225092 4.108835 8.223792 0.200000
87 53.087296 31.322983 0.000000 2.355675 1.370615 2.336399 4.373792 8.809546 0.250000
88 52.769386 30.859514 0.000000 2.583858 1.393152 2.427824 4.672690 9.724206 0.250000
90 52.623417 31.551123 0.000000 1.720546 1.362245 2.365415 4.581439 9.687974 0.166685
91 52.434937 31.352751 0.000000 1.479763 1.321092 2.206058 4.079811 8.196661 0.166667
