%% Trajectory 16
%% frame x (pixel)     y (pixel)    z (pixel)      m0         m1           m2           m3           m4           s 
63 32.574696 36.357124 0.000000 1.683936 1.249778 1.965528 3.387545 6.294843 0.166678
64 32.618031 36.131561 0.000000 1.796167 1.344913 2.300207 4.391329 9.174967 0.245527
65 32.610722 36.198135 0.000000 2.054588 1.357940 2.318551 4.379612 8.965319 0.167179
66 32.548527 36.147087 0.000000 2.372466 1.344865 2.281295 4.302758 8.856869 0.166669
67 32.399540 36.180626 0.000000 2.439522 1.338054 2.253356 4.192035 8.452578 0.166700
68 32.315510 36.280815 0.000000 2.648952 1.316190 2.177666 3.974011 7.855577 0.142858
69 32.317936 36.372917 0.000000 2.771280 1.288155 2.085724 3.709162 7.116279 0.200220
70 32.323872 36.252014 0.000000 2.504945 1.339294 2.257035 4.207245 8.511542 0.215027
71 32.394173 36.156273 0.000000 3.126895 1.346845 2.277773 4.253593 8.607536 0.166667
72 32.205826 36.304092 0.000000 3.252052 1.331722 2.230412 4.123659 8.260112 0.166667
73 32.240738 36.228210 0.000000 2.912228 1.349363 2.263817 4.158312 8.195712 0.166667
74 32.167171 36.205063 0.000000 2.847316 1.391233 2.421904 4.657886 9.696618 0.200000
75 32.129700 36.303009 0.000000 2.978184 1.349128 2.280576 4.239793 8.495166 0.250000
76 32.228062 35.937187 0.000000 3.029049 1.429364 2.565477 5.117870 11.091046 0.250000
77 32.137554 36.030502 0.000000 3.075703 1.414083 2.529480 5.042045 10.943111 0.333333
78 32.117901 36.096584 0.000000 3.240993 1.448389 2.618988 5.237509 11.319919 0.333333
79 32.214123 36.085873 0.000000 3.561078 1.396551 2.440564 4.703166 9.779464 0.250000
80 32.284409 36.103977 0.000000 2.942855 1.436739 2.582518 5.141468 11.085217 0.250000
81 32.159607 35.918800 0.000000 3.385158 1.403099 2.479118 4.866489 10.382539 0.250000
82 32.122887 35.791611 0.000000 4.096919 1.414390 2.501890 4.896469 10.376822 0.250000
83 32.133423 36.019394 0.000000 4.063685 1.423853 2.542703 5.031324 10.785225 0.250000
84 32.168831 35.902725 0.000000 4.018977 1.409146 2.488943 4.869815 10.327679 0.250000
85 31.954641 36.088387 0.000000 3.610492 1.427453 2.550543 5.050561 10.835107 0.250000
86 32.020943 35.767330 0.000000 3.799855 1.442892 2.595143 5.161348 11.096792 0.250000
87 31.980616 35.931709 0.000000 4.065162 1.459123 2.666351 5.410753 11.912512 0.333333
88 31.713984 35.886810 0.000000 4.154664 1.399569 2.441925 4.701622 9.787886 0.333333
89 31.643770 35.558609 0.000000 3.887067 1.373954 2.357196 4.456357 9.099784 0.333333
90 31.745693 35.448833 0.000000 4.159673 1.389207 2.402658 4.574102 9.387768 0.333333
91 31.592916 35.366863 0.000000 4.038094 1.353315 2.278704 4.202409 8.317624 0.333333
92 31.818344 35.147915 0.000000 4.121487 1.383476 2.388268 4.541283 9.314771 0.333333
93 31.876686 35.136627 0.000000 3.847424 1.387079 2.399527 4.572612 9.397581 0.333333
94 31.997313 35.076099 0.000000 3.820494 1.445750 2.603530 5.177833 11.114167 0.333333
95 32.073795 35.126385 0.000000 3.902933 1.437496 2.576908 5.111878 10.976751 0.333333
96 32.109013 34.762524 0.000000 3.482698 1.422405 2.531168 4.990333 10.662377 0.250000
97 32.283154 34.421776 0.000000 3.518834 1.466862 2.659348 5.312494 11.434829 0.333333
98 32.343014 34.775387 0.000000 2.916411 1.471079 2.684243 5.409629 11.767233 0.333333
99 32.048939 34.547985 0.000000 2.903378 1.494706 2.768281 5.660085 12.478575 0.333333
101 31.788700 34.771332 0.000000 2.348021 1.488512 2.748982 5.604853 12.332357 0.203771
102 31.730633 34.827599 0.000000 1.986853 1.476166 2.696939 5.430462 11.782619 0.300105
103 31.529844 34.711884 0.000000 1.679520 1.368113 2.326684 4.343234 8.720441 0.200000
