%% Trajectory 29
%% frame x (pixel)     y (pixel)    z (pixel)      m0         m1           m2           m3           m4           s 
59 81.553429 24.281256 0.000000 0.956165 1.402704 2.468450 4.805663 10.132995 0.200009
60 82.060074 24.379175 0.000000 0.944685 1.488772 2.797815 5.869111 13.396791 0.202041
62 81.506165 24.669294 0.000000 0.988401 1.569658 3.035216 6.454440 14.722073 0.332870
63 81.717674 24.098232 0.000000 1.143227 1.526300 2.871150 5.946599 13.237496 0.250000
64 81.688217 23.810688 0.000000 1.464494 1.473939 2.709762 5.513221 12.124527 0.209320
65 81.969276 24.325176 0.000000 1.583511 1.421815 2.545021 5.080369 11.065040 0.200000
66 82.108055 24.457598 0.000000 1.536296 1.429934 2.553124 5.051497 10.838999 0.168145
67 82.118454 23.923071 0.000000 1.258291 1.387961 2.422076 4.695338 9.905418 0.200176
68 81.691185 23.838814 0.000000 1.352187 1.494758 2.796458 5.816196 13.112781 0.166672
69 81.654938 24.231026 0.000000 1.497867 1.523418 2.852797 5.865703 12.939134 0.166667
70 81.768608 24.162537 0.000000 1.382497 1.492259 2.768131 5.678408 12.575019 0.212998
71 81.697258 24.178637 0.000000 1.757587 1.455073 2.639333 5.301196 11.531053 0.166667
72 82.261032 24.347109 0.000000 1.677089 1.436934 2.551357 4.972695 10.413876 0.200000
74 81.988503 24.157808 0.000000 2.008646 1.523871 2.880945 6.028216 13.621409 0.166667
75 81.711288 23.878170 0.000000 2.071312 1.418497 2.497894 4.843282 10.122613 0.200000
76 81.265182 24.023012 0.000000 1.845411 1.458278 2.648396 5.310214 11.493924 0.174909
77 81.202377 24.040277 0.000000 2.328791 1.426940 2.523644 4.908031 10.271523 0.167438
78 80.684151 24.151550 0.000000 2.765870 1.417061 2.491215 4.817618 10.035452 0.166667
80 80.551567 24.419510 0.000000 2.120899 1.409077 2.451921 4.676293 9.573071 0.253689
81 80.298546 24.478283 0.000000 2.092291 1.470888 2.678655 5.383850 11.683211 0.187488
82 80.207664 24.382130 0.000000 1.919497 1.431584 2.560865 5.060143 10.800868 0.200002
83 79.817101 24.882231 0.000000 1.849347 1.431809 2.580634 5.171771 11.265017 0.142976
84 79.931328 25.107029 0.000000 1.491804 1.462628 2.673241 5.405070 11.809411 0.275235
85 80.367966 25.463238 0.000000 1.432351 1.553437 2.982803 6.328707 14.470923 0.142901
86 80.302483 25.923330 0.000000 1.169789 1.539146 2.928482 6.158742 13.962351 0.166679
87 80.202744 25.959976 0.000000 1.011618 1.421903 2.547023 5.058967 10.880533 0.166679
