%% Trajectory 9
%% frame x (pixel)     y (pixel)    z (pixel)      m0         m1           m2           m3           m4           s 
19 72.324783 47.917095 0.000000 0.611898 1.206105 1.894156 3.288338 6.197134 0.166667
21 72.418648 48.211933 0.000000 0.919780 1.363845 2.346627 4.524923 9.604533 0.214851
22 72.390854 48.099411 0.000000 1.127449 1.377895 2.452264 4.866686 10.492579 0.236522
24 72.551926 47.851864 0.000000 1.180712 1.278349 2.093899 3.798330 7.476425 0.200000
25 72.976067 47.985119 0.000000 1.439941 1.422843 2.574858 5.154679 11.159977 0.200000
26 72.492065 48.091675 0.000000 1.181843 1.404482 2.534915 5.143047 11.438746 0.142861
27 72.226265 47.584843 0.000000 1.334592 1.340992 2.278346 4.295266 8.808322 0.200000
28 71.716766 47.561539 0.000000 1.925126 1.346121 2.280590 4.283980 8.762619 0.200000
29 72.198265 47.574802 0.000000 2.211680 1.330975 2.249270 4.219225 8.616875 0.166667
30 71.773994 47.615761 0.000000 1.921466 1.396818 2.495950 5.009781 11.029723 0.200000
31 71.688797 47.365292 0.000000 2.200497 1.314628 2.204963 4.136716 8.533821 0.142857
32 71.558487 47.294315 0.000000 2.478120 1.313614 2.168803 3.945793 7.771528 0.319880
33 71.341362 47.362301 0.000000 2.874110 1.278131 2.045744 3.576410 6.701771 0.166667
34 71.536362 46.982590 0.000000 3.357371 1.421696 2.529070 4.970506 10.552172 0.142857
35 71.414413 46.836185 0.000000 3.976295 1.339433 2.234736 4.077209 7.970436 0.142857
36 71.521515 46.935272 0.000000 3.498726 1.381580 2.382674 4.531181 9.308005 0.166667
38 71.267746 46.822742 0.000000 3.872095 1.369117 2.330314 4.348389 8.712800 0.142857
39 71.339058 46.758736 0.000000 4.057228 1.377899 2.348548 4.372871 8.709328 0.142857
40 71.103500 46.786316 0.000000 4.296085 1.377536 2.370281 4.486943 9.148800 0.166667
41 71.241409 46.552792 0.000000 4.647655 1.347677 2.254281 4.118628 8.053326 0.250000
42 71.140434 46.586666 0.000000 5.028118 1.392609 2.419788 4.633925 9.580233 0.142857
43 71.029564 46.603500 0.000000 5.310555 1.370268 2.341125 4.402554 8.930608 0.200000
44 70.967773 46.734249 0.000000 5.153948 1.352385 2.307836 4.368342 8.992289 0.250000
45 71.133423 46.637802 0.000000 4.845409 1.319792 2.175538 3.929665 7.628563 0.200000
46 70.908257 46.540314 0.000000 4.580283 1.331006 2.218958 4.065622 8.030594 0.142857
47 70.987617 46.295265 0.000000 4.892449 1.364148 2.334319 4.407673 8.998382 0.200039
48 70.732262 46.229774 0.000000 4.076186 1.353572 2.289254 4.249062 8.480077 0.252526
50 70.832207 45.611507 0.000000 4.779610 1.323694 2.190735 3.972526 7.740015 0.166667
51 70.740387 45.420666 0.000000 4.228159 1.311558 2.146017 3.833843 7.331326 0.200000
52 70.859070 45.365040 0.000000 3.466840 1.324179 2.192782 3.974552 7.728994 0.125000
54 71.096405 44.616219 0.000000 3.761041 1.348058 2.280385 4.259268 8.617352 0.200002
56 69.637558 44.391148 0.000000 3.839989 1.362931 2.310378 4.290386 8.549292 0.200004
58 69.364250 45.153248 0.000000 2.091862 1.398674 2.447685 4.707843 9.731553 0.166671
