%% Trajectory 27
%% frame x (pixel)     y (pixel)    z (pixel)      m0         m1           m2           m3           m4           s 
10 16.229439 54.290821 0.000000 0.619165 1.346762 2.321845 4.512366 9.691167 0.109421
12 16.431553 54.485191 0.000000 0.718627 1.295735 2.165683 4.105553 8.677972 0.098420
13 15.978284 54.239410 0.000000 0.832847 1.399194 2.444355 4.710786 9.816296 0.154492
14 16.069128 53.726795 0.000000 0.916817 1.247454 1.981835 3.450846 6.461743 0.112234
15 16.117649 54.079727 0.000000 1.070949 1.264997 2.044116 3.654464 7.099342 0.125000
16 15.946045 53.905029 0.000000 1.338796 1.357342 2.314106 4.358958 8.882063 0.142932
17 16.008085 53.755863 0.000000 1.592211 1.312209 2.173758 3.956791 7.757848 0.200003
18 16.228571 54.148335 0.000000 1.759499 1.332385 2.250984 4.229352 8.664554 0.142857
19 16.000416 53.933208 0.000000 2.146148 1.345767 2.296226 4.338320 8.880960 0.166667
20 16.145851 53.939503 0.000000 2.139415 1.306096 2.143827 3.859854 7.474654 0.111111
21 16.153505 54.107780 0.000000 1.830402 1.359174 2.321959 4.394644 9.030172 0.125000
22 16.124121 54.036423 0.000000 2.073615 1.361673 2.354820 4.538500 9.545794 0.142859
23 16.340897 53.797966 0.000000 2.159248 1.277372 2.045294 3.586886 6.768053 0.142857
24 16.440262 54.057888 0.000000 1.985310 1.313791 2.175364 3.966559 7.814712 0.166667
25 16.105032 53.918316 0.000000 2.483569 1.350327 2.292302 4.292373 8.690484 0.142857
26 16.359020 54.005795 0.000000 2.292269 1.368139 2.353125 4.475585 9.222289 0.200000
27 16.317915 53.849419 0.000000 2.502881 1.326647 2.195211 3.980320 7.756127 0.200000
28 16.256626 53.927235 0.000000 2.635909 1.339511 2.280499 4.318194 8.911587 0.142857
29 16.148035 53.885731 0.000000 2.413092 1.329103 2.231299 4.141543 8.337734 0.200000
30 16.143847 54.055187 0.000000 2.543460 1.378178 2.383029 4.554695 9.424440 0.166667
31 16.336401 54.285461 0.000000 2.675533 1.261511 2.002908 3.476923 6.480886 0.200000
33 15.674869 54.424828 0.000000 2.137613 1.296060 2.097598 3.703466 6.994925 0.158118
34 15.681745 54.542290 0.000000 2.315500 1.321071 2.193412 4.005348 7.895955 0.224700
36 16.322302 54.716469 0.000000 1.374344 1.345003 2.246510 4.103350 8.035110 0.176380
38 16.240879 54.841114 0.000000 1.343977 1.358527 2.322087 4.390706 9.006904 0.200014
39 16.320009 55.026749 0.000000 1.230982 1.410943 2.530112 5.071512 11.109804 0.113259
41 15.779606 55.391342 0.000000 0.963713 1.418950 2.515550 4.928236 10.435154 0.142857
