%% Trajectory 16
%% frame x (pixel)     y (pixel)    z (pixel)      m0         m1           m2           m3           m4           s 
60 15.676157 34.355591 0.000000 1.355701 1.141095 1.655487 2.624695 4.511906 0.133786
61 15.501695 34.248119 0.000000 1.316596 1.166530 1.742613 2.854147 5.063568 0.148494
62 15.513537 34.242771 0.000000 1.623504 1.216669 1.892308 3.238701 6.009671 0.142961
63 15.584377 34.092781 0.000000 1.416154 1.242064 1.960622 3.391829 6.314977 0.154895
64 15.507141 34.266026 0.000000 1.735070 1.272989 2.053948 3.656478 7.062654 0.171785
65 15.627942 34.170757 0.000000 2.068453 1.239248 1.951195 3.373588 6.300371 0.192700
66 15.666164 34.153385 0.000000 2.346664 1.306005 2.149594 3.891320 7.602331 0.142857
67 15.641545 34.213322 0.000000 2.286404 1.299509 2.135754 3.872998 7.611372 0.125007
68 15.552640 34.077671 0.000000 2.197207 1.287963 2.088188 3.712134 7.098682 0.150559
69 15.525214 34.177021 0.000000 2.524030 1.265203 2.021760 3.533782 6.629273 0.125077
70 15.646382 34.305279 0.000000 2.541445 1.263195 2.013343 3.524907 6.665188 0.135643
71 15.578390 34.282322 0.000000 2.329400 1.249542 1.969154 3.397845 6.309113 0.145264
72 15.662745 34.133923 0.000000 2.802687 1.307251 2.151481 3.896772 7.623297 0.142888
73 15.686108 34.089638 0.000000 2.830176 1.337885 2.255992 4.200640 8.468523 0.142930
74 15.641403 34.337303 0.000000 2.973683 1.257220 2.003036 3.511760 6.665401 0.142859
75 15.847524 34.357483 0.000000 2.925635 1.293316 2.105155 3.767677 7.281146 0.142879
76 15.938457 34.351143 0.000000 2.980729 1.301614 2.154604 3.961936 7.952007 0.219342
77 16.119911 34.321133 0.000000 2.991393 1.308622 2.158593 3.925033 7.724647 0.143021
78 16.357340 34.362244 0.000000 3.067198 1.296595 2.117218 3.808996 7.419963 0.146306
79 16.409184 34.391258 0.000000 2.829839 1.268823 2.035481 3.598566 6.898916 0.190231
80 16.540224 34.222221 0.000000 2.917650 1.308773 2.161298 3.941232 7.790656 0.150865
81 16.812168 34.336361 0.000000 2.928061 1.309192 2.155717 3.906375 7.647227 0.144104
82 16.997448 34.281044 0.000000 2.754733 1.327549 2.243717 4.219439 8.662268 0.257331
83 17.033504 34.256466 0.000000 2.420330 1.351351 2.335140 4.529488 9.666357 0.171970
84 17.189684 34.189289 0.000000 2.748559 1.337803 2.260039 4.230632 8.614303 0.271272
85 17.773350 33.835678 0.000000 2.518969 1.329387 2.210641 4.032338 7.910584 0.177153
86 17.810013 33.731091 0.000000 2.468663 1.310569 2.140623 3.812600 7.255905 0.166694
87 17.718056 33.276180 0.000000 2.050873 1.334867 2.253598 4.220349 8.596772 0.205897
90 18.489925 31.171162 0.000000 0.901965 1.126986 1.638361 2.643648 4.730335 0.142857
