%% Trajectory 18
%% frame x (pixel)     y (pixel)    z (pixel)      m0         m1           m2           m3           m4           s 
35 78.824524 14.698808 0.000000 1.419356 1.451101 2.632122 5.304429 11.616452 0.166667
37 79.005348 15.072180 0.000000 1.208684 1.378664 2.425388 4.761569 10.205213 0.166693
38 78.474152 14.903268 0.000000 1.527589 1.406821 2.519249 5.000572 10.741544 0.200061
39 78.466064 14.617748 0.000000 1.278923 1.303775 2.126319 3.803891 7.329701 0.200000
40 78.863419 15.092185 0.000000 1.435415 1.413489 2.504184 4.937723 10.606026 0.148897
41 78.478218 15.402460 0.000000 1.548392 1.460065 2.653994 5.332447 11.572338 0.142857
42 77.816994 15.298862 0.000000 1.373675 1.429750 2.566098 5.126657 11.150831 0.143171
44 78.520622 15.612501 0.000000 1.127324 1.316944 2.193232 4.051222 8.150042 0.149502
45 78.591583 15.230886 0.000000 1.850335 1.408704 2.458033 4.709983 9.706672 0.200000
46 78.654213 15.616024 0.000000 1.747195 1.375607 2.348496 4.381411 8.748571 0.142857
47 78.414696 15.493052 0.000000 1.815396 1.423360 2.523459 4.920343 10.325664 0.125000
48 78.023079 15.340357 0.000000 1.592089 1.480963 2.740790 5.606771 12.381888 0.166667
49 78.245628 15.664979 0.000000 1.584586 1.390140 2.388915 4.496469 9.078660 0.100000
50 78.066750 15.420314 0.000000 1.740170 1.315805 2.164607 3.908096 7.599291 0.142857
51 78.284744 15.498878 0.000000 2.403933 1.336966 2.231531 4.081695 8.017089 0.200261
52 78.174736 15.612251 0.000000 2.238451 1.364542 2.315106 4.311737 8.638988 0.200000
53 77.920815 15.452432 0.000000 2.743723 1.351797 2.295204 4.307911 8.772231 0.287197
54 78.095444 15.513222 0.000000 2.961799 1.353325 2.287789 4.252262 8.517175 0.143737
55 78.141830 15.379216 0.000000 3.136715 1.385099 2.375561 4.463067 9.000216 0.200000
56 78.299797 15.230615 0.000000 3.656187 1.314063 2.171415 3.943283 7.720473 0.207741
57 78.355507 15.380316 0.000000 3.860944 1.307053 2.132873 3.797596 7.231310 0.200832
58 78.025581 15.544023 0.000000 3.972871 1.357609 2.312222 4.354675 8.896990 0.166667
59 78.191833 15.442763 0.000000 3.342012 1.331606 2.217366 4.050484 7.960546 0.166667
60 78.116982 15.182317 0.000000 2.974228 1.335248 2.235338 4.117552 8.182227 0.186423
61 77.988327 15.550340 0.000000 3.656917 1.341899 2.266863 4.242280 8.634866 0.166693
62 77.941727 15.478487 0.000000 3.898851 1.334390 2.238504 4.144848 8.310754 0.200000
63 77.779892 15.486198 0.000000 4.249183 1.318706 2.201808 4.084643 8.275356 0.200000
64 77.677185 15.445465 0.000000 3.828064 1.350435 2.288678 4.273937 8.626413 0.142857
65 77.446602 15.665021 0.000000 3.862638 1.339865 2.226148 4.043706 7.875147 0.142857
67 77.754166 16.167192 0.000000 3.989377 1.399613 2.447711 4.729459 9.884980 0.200000
68 77.329079 16.366167 0.000000 3.450880 1.344281 2.261097 4.173978 8.289995 0.200000
69 77.246696 16.540058 0.000000 3.457783 1.313924 2.147974 3.832944 7.320673 0.166667
70 77.186752 16.244055 0.000000 3.388410 1.350108 2.288268 4.284044 8.690844 0.166667
71 77.138489 16.608702 0.000000 3.826464 1.354056 2.281088 4.212550 8.358106 0.142857
73 76.640739 17.169197 0.000000 4.060771 1.381963 2.378883 4.502895 9.181989 0.142857
74 76.487534 17.227623 0.000000 3.643620 1.323363 2.200467 4.032338 7.990838 0.142857
75 76.800972 17.016441 0.000000 3.354640 1.431679 2.565511 5.087005 10.914533 0.125000
76 77.035446 16.835064 0.000000 3.342475 1.401266 2.456260 4.753517 9.938435 0.142857
