%% Trajectory 14
%% frame x (pixel)     y (pixel)    z (pixel)      m0         m1           m2           m3           m4           s 
22 71.955795 44.485134 0.000000 1.391919 1.538916 2.945968 6.241830 14.262313 0.143070
23 71.581329 44.431347 0.000000 1.488989 1.556827 2.966112 6.205894 13.925617 0.133263
24 72.265091 44.172661 0.000000 1.423450 1.498200 2.824851 5.934815 13.538582 0.142895
25 72.151062 44.456429 0.000000 2.132641 1.419869 2.521097 4.940139 10.453918 0.143460
26 71.943855 44.134937 0.000000 1.841855 1.463934 2.664128 5.355364 11.619338 0.142901
27 72.451675 44.548820 0.000000 1.933466 1.366202 2.308964 4.271597 8.474589 0.209843
29 71.732834 44.670856 0.000000 2.384282 1.452248 2.647546 5.358665 11.758229 0.455578
30 71.851753 44.393951 0.000000 2.665792 1.422421 2.544218 5.066488 10.991723 0.173619
31 71.896950 44.293640 0.000000 2.609828 1.453898 2.625661 5.250127 11.372733 0.180866
32 72.223297 44.273880 0.000000 2.872422 1.501897 2.810400 5.825747 13.051400 0.166669
33 72.222893 44.330612 0.000000 3.565099 1.424172 2.498528 4.810736 9.959560 0.171672
34 72.179146 44.135914 0.000000 3.377747 1.469839 2.679794 5.395044 11.725299 0.166667
35 72.290573 44.223343 0.000000 3.263499 1.402669 2.456087 4.743093 9.891836 0.281885
36 71.858681 44.084061 0.000000 3.330015 1.430574 2.564441 5.101215 11.016730 0.206070
37 72.189407 44.193985 0.000000 3.545414 1.500033 2.785626 5.715515 12.654198 0.200419
38 72.266006 44.148392 0.000000 3.610420 1.426587 2.538887 4.991920 10.608626 0.175725
39 72.296165 44.118923 0.000000 3.570122 1.417203 2.509662 4.912037 10.399304 0.200000
40 72.367065 44.121838 0.000000 3.465733 1.438833 2.573854 5.080412 10.826518 0.222228
41 71.910934 44.121170 0.000000 3.429168 1.427043 2.550955 5.056117 10.871127 0.251317
42 71.779305 44.116829 0.000000 3.628433 1.443501 2.607427 5.222942 11.342147 0.305596
43 71.737320 44.164684 0.000000 3.809505 1.414503 2.509869 4.941720 10.567154 0.250315
44 71.827553 44.324104 0.000000 3.893074 1.392743 2.426416 4.671489 9.737805 0.250076
45 71.433632 44.310532 0.000000 3.313012 1.389963 2.413481 4.619821 9.551390 0.200000
46 71.016121 44.500301 0.000000 3.015779 1.397885 2.498364 5.016001 11.058225 0.250000
47 70.565201 44.131069 0.000000 2.930601 1.474730 2.733188 5.636589 12.627575 0.200006
48 70.586075 44.196945 0.000000 2.731756 1.489528 2.763901 5.688635 12.685609 0.200000
49 70.612915 43.476360 0.000000 2.976121 1.461891 2.637339 5.240370 11.224554 0.166735
50 70.844345 43.767017 0.000000 2.401955 1.455249 2.705490 5.655849 12.942554 0.166670
51 70.476547 43.563972 0.000000 2.446229 1.480659 2.729755 5.597709 12.477759 0.166667
52 70.693405 43.412437 0.000000 2.229537 1.396918 2.446176 4.748703 10.017989 0.166667
54 69.873863 42.510838 0.000000 1.199553 1.542347 3.010509 6.544766 15.391844 0.236270
55 70.392654 42.463959 0.000000 1.183379 1.464600 2.664737 5.365867 11.678662 0.152768
57 71.428604 40.971039 0.000000 1.011799 1.420335 2.607999 5.389709 12.182983 0.272470
