%% Trajectory 31
%% frame x (pixel)     y (pixel)    z (pixel)      m0         m1           m2           m3           m4           s 
42 85.057274 41.475784 0.000000 0.700362 1.319113 2.210323 4.152915 8.596399 0.248281
43 84.979309 41.319794 0.000000 1.127463 1.324709 2.286313 4.475140 9.724691 0.216259
44 84.972717 41.188728 0.000000 1.367652 1.314745 2.188582 4.046135 8.154604 0.142857
45 85.061882 41.185471 0.000000 1.171468 1.306890 2.191616 4.104695 8.430186 0.136831
46 85.272827 41.307503 0.000000 1.447791 1.304430 2.154966 3.945187 7.868556 0.167309
47 85.248291 40.998192 0.000000 1.441342 1.310029 2.152990 3.881104 7.526041 0.317688
48 85.036049 41.179916 0.000000 1.794034 1.319532 2.212425 4.133308 8.446799 0.167450
49 85.188866 41.153015 0.000000 1.766696 1.251190 1.976594 3.424073 6.391746 0.211182
50 85.302231 41.096882 0.000000 1.981574 1.298155 2.123339 3.808769 7.348355 0.152009
51 85.212219 41.188946 0.000000 1.679272 1.194814 1.823547 3.050134 5.507729 0.142857
52 85.185051 41.327065 0.000000 1.857334 1.193693 1.815246 3.025827 5.450576 0.166667
53 85.006798 41.283669 0.000000 2.253107 1.283262 2.109416 3.873073 7.810601 0.200829
54 84.916031 41.160076 0.000000 2.419720 1.297078 2.145928 3.951166 7.955203 0.166667
55 85.092422 41.038132 0.000000 2.256675 1.313697 2.204273 4.108518 8.341536 0.166667
56 85.019119 41.158855 0.000000 2.341260 1.282794 2.112320 3.869184 7.742519 0.200036
57 84.899979 41.121017 0.000000 2.551428 1.269573 2.051574 3.655914 7.056282 0.166718
58 85.246735 41.169025 0.000000 2.403745 1.254012 1.991297 3.468626 6.511706 0.200000
59 85.169174 41.208282 0.000000 2.436889 1.264736 2.035401 3.617098 6.980233 0.200361
60 85.006470 41.179649 0.000000 2.693541 1.257549 2.045744 3.714530 7.400944 0.208220
61 85.033012 41.188572 0.000000 2.940572 1.270047 2.075257 3.773374 7.501632 0.166667
62 84.966003 41.204628 0.000000 3.199564 1.278904 2.095984 3.817927 7.592400 0.314406
63 84.890701 41.232616 0.000000 3.203118 1.269439 2.060729 3.706280 7.261761 0.156395
64 84.956657 41.232193 0.000000 3.645123 1.278886 2.090398 3.799315 7.550366 0.254206
65 85.084717 41.217346 0.000000 3.298980 1.270317 2.077694 3.792511 7.600049 0.224565
66 85.079575 41.127697 0.000000 3.866980 1.330601 2.256387 4.253963 8.745707 0.176357
67 84.897919 41.220245 0.000000 3.880357 1.266878 2.065244 3.760627 7.527339 0.328545
68 85.071678 41.261803 0.000000 3.712326 1.283172 2.099049 3.799633 7.476815 0.229645
69 84.900948 41.196915 0.000000 3.680280 1.299869 2.156597 3.979903 8.022668 0.204529
70 84.963921 41.139420 0.000000 3.685772 1.280506 2.101908 3.836834 7.652922 0.185793
71 84.874809 41.130787 0.000000 3.902099 1.282384 2.100984 3.822859 7.590570 0.208823
72 84.596519 41.113537 0.000000 3.223089 1.266619 2.025262 3.548031 6.685099 0.193201
73 84.330414 41.160431 0.000000 3.008335 1.248878 1.983281 3.470273 6.583146 0.142857
74 84.285805 41.318977 0.000000 3.083798 1.266486 2.064618 3.755339 7.501064 0.166667
75 83.945961 41.624195 0.000000 3.419353 1.347620 2.322799 4.489478 9.539085 0.223612
76 83.868874 41.454807 0.000000 3.243553 1.278383 2.075323 3.724979 7.271329 0.166671
77 83.776535 41.558147 0.000000 3.581315 1.353121 2.347774 4.579097 9.838682 0.166667
78 83.719650 41.677872 0.000000 3.442463 1.351046 2.360802 4.665940 10.207203 0.200000
80 83.674828 42.654636 0.000000 3.317871 1.321422 2.202047 4.057178 8.119255 0.250000
81 83.695038 42.686043 0.000000 3.491035 1.489969 2.756530 5.647230 12.517297 0.201612
83 83.662048 42.707123 0.000000 2.942964 1.324084 2.201542 4.037387 8.021398 0.166667
84 83.884384 42.385399 0.000000 2.290846 1.287974 2.091904 3.741701 7.243591 0.166667
85 83.654022 42.694614 0.000000 1.830756 1.363129 2.307311 4.289035 8.585259 0.200000
87 83.565674 41.858753 0.000000 1.455949 1.365446 2.319938 4.328750 8.693043 0.142858
