%% Trajectory 11
%% frame x (pixel)     y (pixel)    z (pixel)      m0         m1           m2           m3           m4           s 
25 68.377785 44.942612 0.000000 1.381047 1.238314 1.938381 3.326656 6.155663 0.179752
27 68.363182 44.825893 0.000000 1.432660 1.342493 2.262900 4.209375 8.475884 0.176789
28 68.476654 45.027477 0.000000 1.844378 1.316272 2.189429 4.026729 8.036814 0.258283
29 68.476929 44.876381 0.000000 2.243743 1.263599 2.006603 3.490596 6.537264 0.172604
30 68.359077 45.143925 0.000000 2.055881 1.312753 2.155869 3.875329 7.475370 0.166667
31 68.615707 44.967213 0.000000 2.529769 1.305944 2.147368 3.893398 7.643973 0.166667
32 68.582375 45.123611 0.000000 2.585438 1.276264 2.042591 3.575050 6.717821 0.166669
33 68.487633 44.923580 0.000000 3.086803 1.286887 2.083194 3.703547 7.102866 0.166667
34 68.557518 44.884338 0.000000 3.823004 1.289790 2.079667 3.663561 6.917630 0.166667
35 68.613144 44.857307 0.000000 4.076025 1.294990 2.114031 3.800481 7.393368 0.166667
36 68.589294 44.869503 0.000000 3.851724 1.292124 2.096252 3.732895 7.167301 0.166667
37 68.585754 44.880562 0.000000 4.334573 1.283566 2.075001 3.686732 7.074496 0.125000
38 68.552559 44.932861 0.000000 4.354062 1.318956 2.177437 3.946775 7.707851 0.166667
39 68.403198 44.916794 0.000000 4.489103 1.301865 2.135503 3.863652 7.573760 0.125000
40 68.630867 44.902042 0.000000 4.485312 1.297071 2.116999 3.798582 7.359023 0.166667
41 68.566185 44.966301 0.000000 4.721478 1.313759 2.170895 3.951867 7.780304 0.166667
42 68.680305 44.870472 0.000000 4.661794 1.320142 2.185938 3.983615 7.844458 0.166667
43 68.583229 44.858524 0.000000 5.092835 1.296476 2.108005 3.760632 7.228836 0.166667
44 68.508644 44.720741 0.000000 5.280481 1.293789 2.104586 3.764704 7.277020 0.166667
45 68.500954 44.651558 0.000000 5.134249 1.295339 2.105413 3.752832 7.203425 0.166667
46 68.418671 44.292908 0.000000 5.193202 1.290890 2.082647 3.667213 6.912748 0.166791
47 68.461693 44.130119 0.000000 5.060370 1.312986 2.150913 3.854350 7.411323 0.166673
48 68.457390 44.066059 0.000000 4.853043 1.340195 2.238132 4.094273 8.041784 0.142861
49 68.247597 43.952251 0.000000 4.892882 1.331035 2.228020 4.109138 8.186255 0.166667
50 68.238380 43.818264 0.000000 4.431139 1.347499 2.282653 4.276154 8.690232 0.166667
51 68.293541 43.449989 0.000000 5.053589 1.338503 2.243312 4.141583 8.267921 0.166670
52 68.408646 43.014118 0.000000 4.474851 1.395919 2.439537 4.710889 9.837903 0.166667
53 68.330406 42.857384 0.000000 4.974158 1.392554 2.425331 4.659040 9.661922 0.250000
54 68.434235 43.112846 0.000000 4.372576 1.453466 2.618707 5.200043 11.134701 0.200000
55 68.390923 43.277962 0.000000 3.667400 1.419657 2.497091 4.835468 10.099149 0.200000
57 69.220421 44.103329 0.000000 2.748811 1.472901 2.707818 5.525533 12.226356 0.200000
58 69.233192 44.431801 0.000000 2.332364 1.404567 2.503544 4.998277 10.932734 0.201535
59 69.256294 43.929253 0.000000 2.044974 1.464411 2.685153 5.470128 12.092630 0.166677
