%% Trajectory 18
%% frame x (pixel)     y (pixel)    z (pixel)      m0         m1           m2           m3           m4           s 
58 47.481644 47.499729 0.000000 1.631388 1.545073 2.944744 6.194922 14.040393 0.200638
60 47.376316 47.861851 0.000000 1.502174 1.487846 2.754362 5.647205 12.532228 0.165361
61 46.807388 47.456245 0.000000 1.803588 1.545665 2.952661 6.228247 14.157750 0.143004
63 48.018517 47.340954 0.000000 1.973000 1.512747 2.872378 6.061654 13.860989 0.166671
64 47.433384 47.361683 0.000000 2.366333 1.470600 2.665558 5.315443 11.407462 0.142857
65 47.571831 47.001247 0.000000 2.529691 1.432283 2.561788 5.064564 10.823114 0.166667
66 47.398376 47.185349 0.000000 2.364813 1.449318 2.605268 5.175190 11.118291 0.142858
67 47.694004 47.211529 0.000000 1.879204 1.432117 2.578869 5.175264 11.316781 0.143594
68 47.342106 47.108978 0.000000 2.415311 1.464593 2.680532 5.446248 12.002354 0.174019
69 47.389278 46.882698 0.000000 1.936461 1.449252 2.626486 5.285335 11.546782 0.170511
70 47.704514 46.735085 0.000000 2.039495 1.336376 2.253706 4.206519 8.523379 0.142860
71 47.425632 46.887356 0.000000 2.482599 1.457373 2.671365 5.448546 12.067629 0.188669
72 47.454163 46.971275 0.000000 2.386295 1.405404 2.493387 4.918478 10.546539 0.132222
73 48.048531 46.888180 0.000000 2.153047 1.402559 2.494643 4.952619 10.726466 0.143338
74 47.714314 46.764126 0.000000 2.159416 1.402872 2.457528 4.760976 9.990519 0.125212
75 47.750538 46.948441 0.000000 2.785801 1.409407 2.495296 4.895987 10.413619 0.111135
76 47.965588 46.900063 0.000000 2.640655 1.410588 2.542590 5.128801 11.300285 0.125000
77 47.969982 47.015335 0.000000 2.673517 1.408838 2.507782 4.959572 10.648075 0.276164
78 47.993244 46.903706 0.000000 2.805169 1.377102 2.397858 4.637301 9.755939 0.146660
79 47.904358 46.844051 0.000000 2.604608 1.311810 2.179168 3.993307 7.911623 0.125000
80 48.118309 46.813267 0.000000 2.753110 1.302129 2.163024 4.000691 8.095410 0.142857
81 47.936131 46.783623 0.000000 3.000289 1.315023 2.184769 4.004484 7.942111 0.186548
82 47.869175 46.957775 0.000000 2.829821 1.418716 2.546152 5.082517 11.023479 0.170449
83 48.133114 46.734631 0.000000 2.578403 1.272865 2.057271 3.682236 7.185454 0.175564
84 47.932690 46.917416 0.000000 3.103098 1.373885 2.371387 4.538682 9.433493 0.166667
85 47.811375 46.877579 0.000000 3.366682 1.336448 2.253592 4.200313 8.484292 0.142859
86 47.618198 46.862354 0.000000 3.419963 1.398994 2.494904 4.989540 10.937302 0.171372
87 47.865318 46.976585 0.000000 2.712048 1.384186 2.413063 4.650159 9.690152 0.142859
88 47.924866 46.844799 0.000000 3.389918 1.326839 2.233308 4.174891 8.502366 0.166667
89 47.985580 46.951775 0.000000 2.884154 1.423658 2.548753 5.056036 10.861530 0.205154
90 47.792435 46.889881 0.000000 3.042478 1.435753 2.596716 5.228367 11.444311 0.224341
91 48.041645 46.877083 0.000000 3.609673 1.382472 2.393312 4.574442 9.453643 0.220977
92 47.975418 46.899532 0.000000 3.544501 1.346091 2.290066 4.316842 8.834114 0.169869
93 47.974384 46.898148 0.000000 3.377234 1.369843 2.372790 4.565350 9.552207 0.200041
94 48.059761 46.822693 0.000000 3.467230 1.360168 2.320529 4.368500 8.896311 0.216647
95 47.923740 46.825829 0.000000 3.566872 1.316650 2.191413 4.035355 8.065059 0.200034
96 48.057560 46.902332 0.000000 3.658868 1.360303 2.331260 4.417314 9.069858 0.251927
97 48.085567 46.756134 0.000000 3.995424 1.357136 2.299702 4.284286 8.601999 0.250008
98 47.955318 46.769211 0.000000 3.746705 1.344306 2.275109 4.256265 8.627951 0.200000
99 48.016846 46.798492 0.000000 4.627680 1.364413 2.344795 4.462486 9.214619 0.200000
100 47.977848 47.004181 0.000000 4.507503 1.383412 2.406919 4.628608 9.625686 0.250104
101 47.913353 46.917210 0.000000 4.662820 1.348185 2.295099 4.330789 8.876562 0.166671
102 47.977470 46.901939 0.000000 4.414235 1.356609 2.314481 4.361515 8.888190 0.200009
103 47.984226 46.827740 0.000000 4.648435 1.336543 2.267299 4.276892 8.793787 0.250000
104 47.977566 46.807533 0.000000 3.999448 1.348146 2.296952 4.345515 8.949245 0.250161
105 47.934471 46.912594 0.000000 4.370723 1.380487 2.398680 4.625010 9.686642 0.166685
106 48.022606 46.841717 0.000000 4.091917 1.371539 2.375003 4.562293 9.517500 0.168098
107 47.895710 46.972267 0.000000 4.532143 1.350581 2.303745 4.355163 8.938944 0.282157
108 47.846230 46.990757 0.000000 3.820761 1.332370 2.244565 4.183458 8.450783 0.200000
109 47.745823 47.168373 0.000000 4.473736 1.304846 2.134986 3.838611 7.445801 0.143191
110 47.550034 47.171875 0.000000 3.818919 1.307414 2.160496 3.953775 7.876400 0.125000
111 47.296268 47.193218 0.000000 3.471037 1.262517 2.015277 3.538569 6.723486 0.142857
112 47.027821 47.054516 0.000000 3.945162 1.360803 2.355973 4.542934 9.553454 0.162464
113 46.897713 47.127003 0.000000 4.337909 1.357053 2.314563 4.363030 8.911649 0.179410
114 46.856827 47.141262 0.000000 3.383284 1.312981 2.189655 4.045262 8.123920 0.142857
115 46.794529 47.013680 0.000000 3.373039 1.347084 2.301015 4.364643 9.011772 0.142946
116 46.649891 46.763695 0.000000 2.986440 1.331907 2.237116 4.142404 8.283449 0.125000
117 46.649708 46.371201 0.000000 2.893786 1.276159 2.067141 3.701821 7.201879 0.126642
118 46.607849 46.242035 0.000000 2.473272 1.407945 2.508969 4.991062 10.826811 0.125000
119 46.887367 45.680950 0.000000 2.709479 1.470132 2.689411 5.424948 11.772211 0.113883
