%% Trajectory 10
%% frame x (pixel)     y (pixel)    z (pixel)      m0         m1           m2           m3           m4           s 
17 51.986992 38.940918 0.000000 2.120725 1.460533 2.678809 5.456030 12.041420 0.166667
18 52.216606 38.758724 0.000000 1.933520 1.295423 2.117365 3.805714 7.380325 0.166667
20 52.058254 38.544716 0.000000 2.837401 1.423158 2.528862 4.963824 10.528309 0.166905
21 51.997692 38.574375 0.000000 3.381160 1.467007 2.671423 5.367659 11.631181 0.166668
22 51.822147 38.436924 0.000000 3.471517 1.340898 2.230250 4.050831 7.875724 0.142857
23 51.948467 38.649086 0.000000 3.375651 1.406503 2.471392 4.800591 10.096601 0.142857
24 51.988731 38.643963 0.000000 3.444082 1.410133 2.477800 4.798319 10.023674 0.166677
25 51.883205 38.475201 0.000000 3.310852 1.401142 2.463130 4.799284 10.152958 0.125000
26 51.980381 38.445107 0.000000 3.569810 1.400812 2.446171 4.711401 9.803807 0.160932
27 52.216587 38.442501 0.000000 4.147569 1.403190 2.440311 4.659948 9.572381 0.227000
28 51.814915 38.462032 0.000000 3.962142 1.395547 2.424141 4.629619 9.521224 0.180092
29 52.055576 38.335335 0.000000 4.428390 1.430244 2.553887 5.044372 10.783243 0.142857
30 51.962902 38.317539 0.000000 4.552679 1.456401 2.644120 5.311402 11.539908 0.166667
31 51.905533 38.199360 0.000000 4.393162 1.463097 2.676138 5.429800 11.941634 0.200000
32 51.920914 38.294266 0.000000 4.811053 1.441731 2.585478 5.113900 10.914424 0.213661
33 52.061272 38.145988 0.000000 4.609749 1.480843 2.728044 5.549365 12.176199 0.173119
35 52.012260 37.570690 0.000000 5.061029 1.461885 2.651072 5.308804 11.474113 0.222567
36 51.905518 37.568806 0.000000 5.916308 1.477419 2.711205 5.513421 12.144439 0.321327
37 51.916882 37.531700 0.000000 5.850799 1.490410 2.763587 5.670347 12.572586 0.250000
38 51.838055 37.476059 0.000000 5.077367 1.478781 2.700377 5.436181 11.799737 0.399273
39 52.048691 37.458714 0.000000 5.201048 1.572366 3.030763 6.437170 14.700350 0.250000
40 52.247402 37.316170 0.000000 5.794859 1.517135 2.835675 5.848167 13.004045 0.250000
42 52.095570 37.445641 0.000000 5.520253 1.551813 2.963465 6.243614 14.168244 0.250000
43 52.117413 36.847622 0.000000 5.127568 1.552772 2.974488 6.294522 14.358057 0.250000
44 52.204983 37.061703 0.000000 4.278843 1.541931 2.950506 6.237168 14.205564 0.250000
45 52.043228 37.512665 0.000000 4.839572 1.521744 2.880153 6.038828 13.680757 0.250000
47 51.859192 37.565773 0.000000 3.683787 1.506962 2.825248 5.884996 13.289436 0.251671
49 51.925964 37.689804 0.000000 3.288137 1.658637 3.352787 7.454259 17.764923 0.200000
50 52.077484 37.583366 0.000000 3.439128 1.644870 3.305468 7.308041 17.316154 0.333333
52 52.216503 37.508839 0.000000 3.728354 1.622526 3.193504 6.895655 15.936686 0.200156
53 51.995789 36.987888 0.000000 3.663108 1.547505 2.983653 6.366439 14.641521 0.200000
54 51.783379 36.789463 0.000000 3.862066 1.457535 2.656030 5.370102 11.767230 0.200000
55 51.857433 36.760555 0.000000 3.781317 1.500334 2.815404 5.877234 13.303752 0.250000
56 51.821957 36.721085 0.000000 2.896977 1.512272 2.884139 6.138296 14.177485 0.250000
57 51.874504 36.765148 0.000000 2.807081 1.404625 2.479306 4.860568 10.347692 0.250000
