%% Trajectory 24
%% frame x (pixel)     y (pixel)    z (pixel)      m0         m1           m2           m3           m4           s 
51 15.846465 42.165359 0.000000 1.068428 1.404668 2.473787 4.819405 10.165493 0.152458
53 16.630905 41.486763 0.000000 1.138282 1.572179 3.063977 6.612215 15.386844 0.205846
54 16.721878 41.152210 0.000000 1.174211 1.522720 2.895296 6.102306 13.898337 0.166782
56 16.628914 41.675766 0.000000 1.979339 1.456075 2.632713 5.246382 11.264544 0.144225
57 16.799307 41.639965 0.000000 2.047585 1.467516 2.686739 5.448989 11.958118 0.126568
58 16.723309 41.677593 0.000000 1.980431 1.423245 2.511195 4.872293 10.172485 0.160755
59 16.690229 41.756649 0.000000 2.097349 1.427969 2.544724 5.011052 10.664855 0.130672
60 16.706755 41.767746 0.000000 2.593811 1.405086 2.453217 4.715468 9.775231 0.125932
61 16.532024 41.773808 0.000000 2.227007 1.357725 2.305575 4.317636 8.742826 0.125413
62 16.701502 41.782379 0.000000 2.673256 1.410490 2.473875 4.777108 9.941075 0.125914
63 16.690491 41.761246 0.000000 2.527569 1.376128 2.350380 4.400558 8.850618 0.126798
64 16.467661 41.789684 0.000000 2.601537 1.333819 2.224322 4.073449 8.032534 0.222429
65 16.620464 41.726162 0.000000 2.363764 1.377744 2.368587 4.488447 9.185366 0.163270
66 16.589691 41.820557 0.000000 2.118816 1.343480 2.269421 4.228170 8.518021 0.150388
67 16.711721 41.713371 0.000000 2.427275 1.372359 2.357819 4.471660 9.177026 0.148154
68 16.772879 41.670319 0.000000 2.297030 1.382152 2.377584 4.489137 9.109709 0.144793
69 16.904999 41.456940 0.000000 2.074684 1.435836 2.560275 5.034874 10.684695 0.142857
70 17.158974 41.372387 0.000000 2.632354 1.402335 2.440517 4.660006 9.558157 0.142955
71 17.233444 41.085442 0.000000 2.623905 1.421435 2.505422 4.843915 10.048476 0.142984
72 17.656216 41.040340 0.000000 2.324509 1.403893 2.456362 4.727734 9.793322 0.142858
73 17.834179 41.390099 0.000000 2.470216 1.357403 2.312274 4.351109 8.867297 0.142857
74 17.898581 41.381336 0.000000 2.505778 1.385469 2.416200 4.679650 9.860027 0.172845
75 17.843550 41.527470 0.000000 2.401300 1.339258 2.237481 4.099540 8.074661 0.165840
