%% Trajectory 9
%% frame x (pixel)     y (pixel)    z (pixel)      m0         m1           m2           m3           m4           s 
16 33.457905 51.206123 0.000000 1.344312 1.423116 2.534726 5.011467 10.754989 0.185102
18 33.238064 51.343536 0.000000 1.608622 1.295948 2.105868 3.742146 7.128166 0.166667
19 33.278679 51.383118 0.000000 1.487293 1.384527 2.391109 4.548019 9.324352 0.166812
20 33.304970 51.327347 0.000000 1.913609 1.366467 2.342824 4.436380 9.093662 0.200083
21 33.319202 51.524361 0.000000 1.640206 1.330336 2.244424 4.207467 8.606708 0.166667
22 33.248783 51.355297 0.000000 2.050207 1.321524 2.187597 3.972588 7.760345 0.218788
23 33.436836 51.264187 0.000000 2.048310 1.302878 2.133846 3.837148 7.433840 0.167128
24 33.309128 51.355991 0.000000 1.761416 1.321432 2.202478 4.039829 7.991571 0.174574
25 33.343052 51.261887 0.000000 1.939471 1.371059 2.351319 4.440598 9.044940 0.400198
26 33.469769 51.333057 0.000000 2.254340 1.337846 2.249564 4.172447 8.378834 0.279195
27 33.478504 51.313511 0.000000 2.281081 1.355429 2.293489 4.262758 8.531380 0.183308
28 33.359154 51.276894 0.000000 1.925382 1.335388 2.233114 4.098959 8.093886 0.166667
29 33.457726 51.341759 0.000000 2.369082 1.355985 2.309890 4.355772 8.923001 0.142859
30 33.417233 51.359756 0.000000 2.209702 1.285739 2.073545 3.655818 6.914009 0.143630
31 33.355637 51.627659 0.000000 2.841295 1.350913 2.294563 4.312288 8.794089 0.166667
32 33.861313 51.298458 0.000000 2.752789 1.352615 2.315472 4.402648 9.112761 0.142857
33 33.379272 51.523533 0.000000 2.312327 1.269809 2.039362 3.605489 6.899727 0.166667
34 33.504028 51.394722 0.000000 2.757377 1.319741 2.176837 3.930594 7.616586 0.142865
35 33.417339 51.358627 0.000000 3.030587 1.356378 2.301311 4.303354 8.701876 0.142857
36 33.508633 51.496258 0.000000 2.756223 1.334517 2.217548 4.031366 7.859846 0.142857
37 33.304363 51.454895 0.000000 2.660538 1.309758 2.142455 3.826446 7.315343 0.166667
38 33.490509 51.592613 0.000000 3.104940 1.328851 2.211579 4.047649 7.996573 0.125000
39 33.690136 51.390759 0.000000 3.555157 1.362271 2.320988 4.362092 8.872499 0.200000
40 33.507244 51.310303 0.000000 3.211534 1.322046 2.185476 3.958763 7.703239 0.250000
41 33.443695 51.435436 0.000000 3.219820 1.343444 2.238525 4.063177 7.868234 0.200000
42 33.712421 51.290367 0.000000 3.501219 1.357185 2.309014 4.334374 8.801306 0.166667
43 33.729210 51.412621 0.000000 3.382581 1.364413 2.331306 4.388713 8.922051 0.200000
44 33.564205 51.537323 0.000000 3.533669 1.393650 2.415583 4.601336 9.436301 0.200000
45 33.834671 51.400616 0.000000 3.689469 1.395602 2.429188 4.661668 9.665208 0.200000
46 34.212906 51.399605 0.000000 3.752241 1.410454 2.468930 4.753822 9.857725 0.250000
47 34.426300 51.353657 0.000000 3.688891 1.345837 2.259752 4.164707 8.263829 0.200000
48 34.513531 51.315411 0.000000 3.331391 1.346827 2.269709 4.209983 8.433108 0.200000
49 34.831463 51.415344 0.000000 3.191412 1.416034 2.518391 4.972929 10.671366 0.166667
50 35.168949 51.121529 0.000000 2.761666 1.427128 2.548893 5.042361 10.804702 0.142857
51 35.277390 51.413616 0.000000 3.212745 1.357921 2.317120 4.371030 8.940331 0.142857
52 35.583275 51.731007 0.000000 3.863414 1.354439 2.297645 4.291873 8.656431 0.231198
53 35.547340 51.247810 0.000000 3.649566 1.368364 2.329609 4.351844 8.738329 0.202661
54 35.791405 51.115574 0.000000 3.488057 1.411233 2.484203 4.817318 10.069317 0.317246
56 36.144421 52.171459 0.000000 2.294608 1.461677 2.660368 5.348687 11.611341 0.142857
57 36.081520 52.246208 0.000000 1.596405 1.525721 2.906088 6.148951 14.084662 0.173935
59 35.627300 51.211617 0.000000 1.646855 1.474858 2.680125 5.376079 11.647933 0.200343
60 36.073307 51.966976 0.000000 1.722031 1.464375 2.685384 5.473169 12.103633 0.142857
