%% Trajectory 21
%% frame x (pixel)     y (pixel)    z (pixel)      m0         m1           m2           m3           m4           s 
80 77.537918 60.804157 0.000000 1.173328 1.395568 2.475075 4.882918 10.472563 0.170475
81 77.543503 60.596470 0.000000 1.609074 1.307407 2.142674 3.863873 7.529940 0.167157
82 77.985626 60.986927 0.000000 1.425761 1.426856 2.558728 5.091465 10.987934 0.283833
83 77.831314 60.754169 0.000000 1.647821 1.421498 2.542025 5.055092 10.927917 0.227370
85 77.736839 60.782127 0.000000 1.853118 1.546493 2.948967 6.207123 14.062488 0.164727
86 77.694801 60.784084 0.000000 2.289265 1.546938 2.944047 6.169267 13.892817 0.166667
87 77.523026 60.917007 0.000000 1.967523 1.542940 2.959361 6.297901 14.479311 0.236285
88 77.389030 60.920860 0.000000 2.447244 1.625663 3.237058 7.090654 16.650927 0.250000
89 76.919243 60.458172 0.000000 2.059324 1.666344 3.364049 7.441512 17.596779 0.200000
91 77.411339 60.860275 0.000000 2.564627 1.487098 2.732221 5.539505 12.110603 0.142857
92 77.699799 61.212040 0.000000 2.441273 1.523707 2.861308 5.937007 13.297789 0.125000
93 77.475357 60.695766 0.000000 2.362047 1.551903 2.983154 6.332198 14.465271 0.142857
94 77.802246 60.701660 0.000000 2.317575 1.502996 2.817054 5.848937 13.122006 0.142868
95 77.581711 61.022083 0.000000 2.730586 1.484649 2.731503 5.559919 12.235435 0.166667
96 77.721512 61.350491 0.000000 2.413049 1.554558 2.967545 6.241958 14.121517 0.200000
97 77.520592 60.753292 0.000000 2.635241 1.492995 2.768723 5.676692 12.560387 0.167334
98 77.658577 60.878075 0.000000 2.651910 1.466916 2.683176 5.437222 11.922141 0.168987
99 77.565849 60.482418 0.000000 2.551695 1.461871 2.677215 5.455279 12.075850 0.251892
100 77.473122 60.540733 0.000000 2.806616 1.493043 2.775230 5.724029 12.786471 0.200000
101 77.461998 60.613434 0.000000 2.491357 1.337404 2.240851 4.137717 8.260727 0.180464
102 77.288887 60.487190 0.000000 2.724264 1.386741 2.420801 4.686584 9.852668 0.127214
103 77.163811 60.248817 0.000000 2.568628 1.419324 2.500611 4.849471 10.130804 0.125458
104 77.128700 60.314781 0.000000 2.793632 1.433120 2.582525 5.164614 11.200520 0.142859
105 76.811798 60.427078 0.000000 2.807208 1.407650 2.488259 4.890212 10.467561 0.166799
106 76.740623 60.197163 0.000000 3.264732 1.417175 2.502281 4.885308 10.325565 0.142857
107 76.586060 60.266911 0.000000 3.160858 1.351226 2.306743 4.381211 9.082042 0.142953
108 76.394341 60.936466 0.000000 3.334554 1.393615 2.452244 4.819930 10.365607 0.125608
109 76.604897 60.906902 0.000000 2.659122 1.320813 2.255848 4.351423 9.299813 0.183279
110 76.705605 60.982327 0.000000 2.172187 1.373682 2.411375 4.757007 10.327192 0.152967
111 76.752899 60.428242 0.000000 2.098590 1.287447 2.118744 3.884661 7.807419 0.162014
114 77.535339 59.556469 0.000000 1.208769 1.208713 1.841643 3.072247 5.535838 0.142857
