%% Trajectory 8
%% frame x (pixel)     y (pixel)    z (pixel)      m0         m1           m2           m3           m4           s 
23 61.591831 80.997459 0.000000 0.603465 1.414111 2.529239 5.029875 10.862342 0.381457
26 62.244816 80.520088 0.000000 0.717904 1.649423 3.297015 7.209782 16.826490 0.200000
27 61.869423 80.956673 0.000000 0.916150 1.529599 2.937688 6.276081 14.527577 0.250001
28 61.490807 81.307045 0.000000 0.639418 1.570827 3.065713 6.591897 15.212689 0.180381
29 61.688770 81.645355 0.000000 0.911161 1.442794 2.580680 5.100220 10.908127 0.167038
30 61.652428 81.180359 0.000000 0.924012 1.577600 3.092170 6.720773 15.769904 0.272131
32 61.634911 80.842514 0.000000 1.359895 1.535493 2.947198 6.289280 14.528800 0.200014
33 61.660427 81.109047 0.000000 1.217269 1.475878 2.732293 5.637423 12.651484 0.166905
34 61.423412 80.777107 0.000000 1.587389 1.485437 2.780166 5.803372 13.175355 0.201435
35 61.604961 80.728416 0.000000 1.996544 1.466470 2.665050 5.344254 11.563899 0.142857
36 61.504265 80.909424 0.000000 1.856599 1.467605 2.701090 5.525152 12.270852 0.166667
37 61.713909 80.885071 0.000000 1.628142 1.437938 2.583821 5.143322 11.094721 0.166667
38 61.568935 80.737450 0.000000 2.046436 1.457869 2.669598 5.446792 12.093926 0.142857
39 61.400215 80.897301 0.000000 2.119442 1.492905 2.795144 5.833058 13.231023 0.200000
40 61.544811 81.304581 0.000000 2.165860 1.474523 2.691446 5.432322 11.862800 0.166667
41 61.561783 80.816513 0.000000 2.385555 1.444727 2.615941 5.266254 11.523355 0.200089
42 61.316921 81.145668 0.000000 2.184096 1.429026 2.541045 4.994914 10.628960 0.200002
43 61.396618 80.858383 0.000000 2.588044 1.433808 2.578053 5.154370 11.207843 0.200441
44 61.256351 81.190086 0.000000 2.399824 1.486014 2.738193 5.585086 12.327088 0.250011
45 61.268768 81.126740 0.000000 2.134376 1.470259 2.680755 5.400381 11.755939 0.200000
46 61.347599 80.830513 0.000000 2.102062 1.465769 2.680016 5.433829 11.940527 0.263496
47 61.298294 80.816948 0.000000 2.373648 1.499108 2.801580 5.811157 13.058609 0.250000
48 61.391823 80.543289 0.000000 2.237107 1.484336 2.727603 5.529640 12.093445 0.250000
49 61.333633 80.452354 0.000000 2.558779 1.429617 2.541732 4.995196 10.624587 0.250000
50 61.105453 80.406242 0.000000 2.417101 1.472783 2.702766 5.493885 12.082073 0.250000
51 61.325138 80.197906 0.000000 2.618796 1.429717 2.542601 4.999152 10.643609 0.250000
52 61.332932 79.870018 0.000000 2.428074 1.457388 2.646128 5.312398 11.527616 0.200004
53 61.362946 79.688324 0.000000 2.517148 1.418311 2.503282 4.877210 10.271659 0.251730
54 61.283901 79.554741 0.000000 2.510337 1.471230 2.698781 5.488151 12.092029 0.250004
56 61.305511 79.413330 0.000000 2.176993 1.445638 2.605577 5.201020 11.244588 0.250007
57 61.213821 79.237671 0.000000 1.972659 1.513125 2.842133 5.913980 13.305405 0.250005
60 59.327572 77.274284 0.000000 1.635022 1.375172 2.384192 4.590834 9.620254 0.200000
