%% Trajectory 18
%% frame x (pixel)     y (pixel)    z (pixel)      m0         m1           m2           m3           m4           s 
27 25.569475 40.937637 0.000000 0.816276 1.315398 2.193064 4.051642 8.144417 0.173959
28 25.870644 40.916504 0.000000 0.918901 1.351538 2.335574 4.511615 9.537527 0.200000
29 25.432016 40.886448 0.000000 0.985754 1.423754 2.520709 4.921267 10.363338 0.238468
31 25.643187 40.826534 0.000000 1.217374 1.357098 2.297434 4.269775 8.539471 0.166674
32 25.783991 40.829212 0.000000 0.866522 1.298714 2.150985 3.990881 8.162653 0.178417
33 25.773895 41.187077 0.000000 1.336641 1.399136 2.473897 4.859190 10.367399 0.143153
34 25.834362 41.087822 0.000000 1.398111 1.427227 2.549788 5.047517 10.833550 0.113265
35 25.582600 40.667763 0.000000 0.975848 1.402450 2.435070 4.653212 9.596059 0.137469
36 25.522194 40.678810 0.000000 1.282782 1.355159 2.267929 4.130745 8.018540 0.093228
37 25.830254 40.893925 0.000000 1.515204 1.426947 2.530519 4.946089 10.425072 0.100000
38 25.819111 41.261749 0.000000 1.377704 1.406782 2.457947 4.740348 9.892076 0.145781
39 25.997923 41.463684 0.000000 1.682368 1.411042 2.490979 4.878484 10.374329 0.111121
40 26.296188 41.356750 0.000000 1.761479 1.450459 2.612990 5.203119 11.191433 0.111466
41 26.110792 41.727821 0.000000 1.811255 1.466194 2.662950 5.320960 11.435992 0.125161
42 26.415375 41.956245 0.000000 2.284397 1.428401 2.572601 5.161608 11.275432 0.172521
43 26.140823 41.583023 0.000000 2.493897 1.521621 2.854326 5.899977 13.122411 0.200000
44 26.337927 41.514343 0.000000 2.596045 1.416136 2.505262 4.904681 10.405569 0.268141
45 26.273151 41.805546 0.000000 2.662589 1.416197 2.491446 4.833991 10.131427 0.171112
46 26.478695 41.974194 0.000000 2.918683 1.431508 2.561272 5.087952 10.972887 0.200005
47 26.508326 42.048130 0.000000 2.987160 1.456616 2.641194 5.291992 11.452251 0.208230
48 26.398804 41.810886 0.000000 2.895042 1.491512 2.744578 5.560968 12.131586 0.200006
49 26.485147 42.007931 0.000000 2.918663 1.461955 2.671035 5.422478 11.949023 0.200018
50 26.628389 42.180035 0.000000 3.215148 1.376927 2.376421 4.539599 9.412138 0.216743
51 26.817387 42.150791 0.000000 3.186525 1.485651 2.745728 5.617385 12.429552 0.200001
52 26.824358 42.206371 0.000000 3.512461 1.393322 2.448557 4.795554 10.252919 0.200254
53 26.867884 42.127857 0.000000 2.988672 1.410659 2.502914 4.938282 10.602957 0.200000
54 26.747194 42.163902 0.000000 3.175528 1.470587 2.681104 5.403828 11.774943 0.250000
55 26.858994 42.397087 0.000000 2.938602 1.430260 2.565979 5.108837 11.037976 0.200000
56 26.977217 42.360641 0.000000 3.756231 1.426034 2.547662 5.042693 10.814095 0.250000
57 26.812092 42.442520 0.000000 4.167321 1.390569 2.415267 4.629540 9.595684 0.250000
58 26.799623 42.530792 0.000000 4.169583 1.322881 2.177810 3.910219 7.503045 0.250000
59 27.044903 42.606033 0.000000 3.739237 1.325684 2.207526 4.051950 8.046105 0.250000
60 26.872900 42.647587 0.000000 3.741289 1.354869 2.273166 4.164579 8.160633 0.250000
61 26.913155 42.602947 0.000000 3.353781 1.337244 2.228004 4.060507 7.931686 0.250000
62 26.909666 42.571182 0.000000 3.478351 1.354995 2.288110 4.230857 8.392109 0.250000
63 26.900267 42.458004 0.000000 3.037258 1.317255 2.165578 3.903791 7.573248 0.250000
64 26.997593 42.455688 0.000000 3.450135 1.313358 2.177022 3.985315 7.913347 0.250000
65 27.029507 42.512058 0.000000 2.954446 1.319504 2.186140 3.983576 7.831013 0.250000
66 27.120533 42.791367 0.000000 2.744090 1.342879 2.271082 4.248075 8.620080 0.250000
67 27.019331 42.681126 0.000000 2.420638 1.352965 2.293282 4.275988 8.592597 0.250000
68 27.303602 42.676689 0.000000 2.509000 1.283538 2.056127 3.597500 6.748040 0.250000
69 27.619511 42.524666 0.000000 2.634082 1.307997 2.145651 3.863951 7.498568 0.250000
70 27.736240 42.821518 0.000000 2.577898 1.321825 2.191458 3.999588 7.887302 0.250000
71 27.762907 42.673412 0.000000 2.605964 1.336671 2.227322 4.065574 7.971638 0.250000
72 28.115711 42.977940 0.000000 2.925254 1.387139 2.427064 4.713844 9.946089 0.200000
74 27.672943 42.081566 0.000000 1.832133 1.403925 2.469037 4.800251 10.099799 0.200000
75 27.309748 42.451347 0.000000 1.713288 1.293263 2.127918 3.889964 7.770523 0.254814
