%% Trajectory 9
%% frame x (pixel)     y (pixel)    z (pixel)      m0         m1           m2           m3           m4           s 
15 26.161694 63.092159 0.000000 1.021004 1.382673 2.403946 4.630532 9.672910 0.200038
18 26.771433 63.494316 0.000000 1.360847 1.320486 2.193381 4.006611 7.899636 0.250000
19 26.523228 63.442787 0.000000 1.187355 1.371686 2.350409 4.452001 9.146450 0.250000
20 26.636192 63.659191 0.000000 1.072527 1.453684 2.670269 5.468418 12.182665 0.250000
21 26.958176 63.450359 0.000000 1.361522 1.277081 2.063933 3.667093 7.035435 0.250000
22 26.868021 63.524693 0.000000 1.159998 1.331183 2.233296 4.135351 8.280782 0.250000
23 26.487486 63.694313 0.000000 1.343117 1.346962 2.271680 4.219327 8.469304 0.250000
24 26.594824 63.727177 0.000000 1.819331 1.281968 2.076578 3.704688 7.155939 0.250000
25 26.594824 63.571056 0.000000 1.737394 1.329731 2.220127 4.086742 8.143915 0.250000
26 26.540812 63.328239 0.000000 1.628641 1.359707 2.330671 4.428998 9.153560 0.200000
27 26.535130 63.607098 0.000000 2.086206 1.312756 2.169593 3.952075 7.793319 0.250000
28 26.517397 63.651718 0.000000 2.111286 1.290884 2.099704 3.757090 7.268107 0.250000
29 26.389259 63.446083 0.000000 1.976379 1.339157 2.226002 4.052298 7.923590 0.166667
30 26.476597 63.629314 0.000000 2.350327 1.300462 2.106636 3.721822 7.032800 0.200000
31 26.622959 63.624050 0.000000 2.106256 1.282248 2.072891 3.687088 7.093198 0.200000
32 26.494543 63.586720 0.000000 2.652555 1.277188 2.047255 3.590072 6.762113 0.250000
33 26.709160 63.595913 0.000000 2.704322 1.256180 1.982102 3.419157 6.337187 0.200000
34 26.674089 63.727829 0.000000 2.893336 1.271786 2.031715 3.551244 6.669148 0.200000
35 26.570398 63.589508 0.000000 3.119245 1.327251 2.203573 4.011649 7.855562 0.200000
36 26.332916 63.673897 0.000000 3.022601 1.285236 2.067516 3.631065 6.829523 0.200000
37 26.370361 63.434612 0.000000 2.806089 1.297977 2.102207 3.718468 7.047352 0.200000
38 26.450426 63.421856 0.000000 2.877788 1.286200 2.072706 3.655432 6.927444 0.224054
39 26.556591 62.999550 0.000000 2.498859 1.322535 2.210311 4.079137 8.157386 0.200000
40 26.640881 63.021217 0.000000 2.598218 1.388869 2.411424 4.605422 9.475831 0.200000
41 26.661356 62.561043 0.000000 2.615386 1.270919 2.030182 3.543780 6.633345 0.250485
42 26.642620 62.756786 0.000000 2.399923 1.352817 2.275159 4.192155 8.295546 0.250000
43 26.574640 62.297394 0.000000 2.387300 1.373924 2.348959 4.402544 8.863484 0.250000
44 26.574718 62.241356 0.000000 1.979064 1.323009 2.184375 3.940074 7.609891 0.250000
45 26.665878 62.255211 0.000000 2.058967 1.348656 2.282241 4.263016 8.626471 0.250000
48 26.476276 62.463924 0.000000 1.296444 1.372146 2.377798 4.566071 9.524442 0.200002
