%% Trajectory 36
%% frame x (pixel)     y (pixel)    z (pixel)      m0         m1           m2           m3           m4           s 
57 47.298153 63.263592 0.000000 1.447651 1.516176 2.856405 5.941705 13.293768 0.189488
58 46.972366 63.484783 0.000000 1.614595 1.460153 2.649261 5.313897 11.513562 0.142857
60 47.338398 62.737644 0.000000 1.565817 1.518046 2.929014 6.347112 15.003130 0.235867
62 47.416908 63.595428 0.000000 2.287435 1.289623 2.116068 3.871103 7.769021 0.200001
64 47.458294 62.852348 0.000000 2.580121 1.535608 2.913791 6.096406 13.723791 0.221843
65 47.190826 63.220676 0.000000 3.073523 1.391766 2.421261 4.672306 9.796804 0.250000
67 47.352688 63.236698 0.000000 3.541975 1.343664 2.303203 4.421274 9.327404 0.250024
68 47.152901 63.340656 0.000000 3.384057 1.318576 2.192042 4.020282 7.979693 0.333830
70 47.270500 63.137154 0.000000 5.873147 1.362796 2.322330 4.367703 8.893843 0.250000
71 47.192173 62.859116 0.000000 5.312333 1.364105 2.333363 4.416463 9.070810 0.333343
73 47.258194 62.982281 0.000000 4.594370 1.402499 2.488953 4.914201 10.560964 0.333333
75 46.972134 62.544022 0.000000 4.948293 1.435884 2.566819 5.070489 10.823677 0.333333
76 46.674210 62.369114 0.000000 5.423138 1.390249 2.401059 4.547974 9.248623 0.343292
77 46.767643 62.087185 0.000000 5.467678 1.521064 2.855200 5.906670 13.154361 0.333334
78 47.084728 62.309719 0.000000 4.762719 1.444127 2.612376 5.228120 11.307528 0.333333
79 46.914585 62.287998 0.000000 4.601010 1.451851 2.645567 5.336656 11.635361 0.333333
80 46.734364 62.335342 0.000000 3.996557 1.610500 3.142940 6.734897 15.480030 0.333333
83 47.373196 62.430634 0.000000 2.962703 1.513716 2.829760 5.824834 12.895660 0.333333
