%% Trajectory 10
%% frame x (pixel)     y (pixel)    z (pixel)      m0         m1           m2           m3           m4           s 
41 32.621132 24.877396 0.000000 0.949106 1.300323 2.131639 3.853559 7.541001 0.250000
43 32.737289 24.751640 0.000000 1.109157 1.288697 2.083428 3.687973 7.015154 0.250000
44 32.809353 25.006599 0.000000 1.117366 1.329497 2.225335 4.104235 8.173538 0.250000
45 32.763844 24.678675 0.000000 1.081254 1.236207 1.927332 3.287845 6.036911 0.250000
46 32.816589 24.811329 0.000000 1.240350 1.298423 2.124736 3.828909 7.457860 0.166667
47 32.686512 24.843216 0.000000 1.336644 1.298095 2.107523 3.742100 7.128352 0.200000
48 32.838158 24.775862 0.000000 1.357422 1.283401 2.082072 3.728141 7.238439 0.200000
49 32.548283 24.934761 0.000000 1.412507 1.282537 2.068087 3.650407 6.922082 0.250000
50 32.591534 24.821007 0.000000 1.460630 1.268762 2.020529 3.515497 6.560958 0.200000
51 32.745834 24.955990 0.000000 1.404443 1.342187 2.275712 4.264041 8.650829 0.221049
52 32.930832 25.098551 0.000000 1.808893 1.355788 2.308734 4.337286 8.805968 0.250000
53 32.725914 25.123932 0.000000 1.747765 1.312103 2.159053 3.900928 7.594065 0.250000
54 32.859169 25.129763 0.000000 1.795938 1.353091 2.284064 4.226010 8.396772 0.200003
55 32.774529 25.210281 0.000000 1.920781 1.307648 2.131979 3.791137 7.206077 0.200000
56 33.114319 25.353964 0.000000 1.906284 1.318201 2.184498 3.986181 7.857326 0.200000
57 33.067333 25.236115 0.000000 1.880825 1.352766 2.299770 4.318632 8.774735 0.200000
58 33.286377 25.373760 0.000000 1.740078 1.281784 2.072004 3.687508 7.101314 0.250627
59 33.352844 25.460396 0.000000 1.884514 1.256512 1.985759 3.430861 6.366766 0.395195
60 33.566616 25.555285 0.000000 1.727078 1.276750 2.043616 3.572915 6.696310 0.201477
61 33.782837 25.580534 0.000000 1.871434 1.321055 2.187727 3.980894 7.809501 0.268260
62 33.829044 25.703716 0.000000 2.152681 1.323296 2.198790 4.023364 7.955255 0.250724
63 33.911873 25.825609 0.000000 2.184005 1.359889 2.319357 4.367976 8.900210 0.251339
64 33.952625 26.113541 0.000000 1.790790 1.362306 2.326486 4.390029 8.969963 0.167867
65 33.796936 26.138107 0.000000 1.979007 1.326817 2.210807 4.046285 7.975123 0.192522
66 33.942638 26.286863 0.000000 1.609284 1.353409 2.311788 4.372730 8.981248 0.226590
67 33.905678 26.127409 0.000000 1.557688 1.359971 2.328607 4.405668 9.023751 0.188379
68 33.858913 26.068453 0.000000 1.250624 1.316524 2.195856 4.061638 8.176940 0.166954
