%% Trajectory 21
%% frame x (pixel)     y (pixel)    z (pixel)      m0         m1           m2           m3           m4           s 
62 35.277119 40.513832 0.000000 1.165290 1.421819 2.564045 5.167294 11.366304 0.225028
64 35.264584 39.732788 0.000000 1.251712 1.382807 2.402999 4.624183 9.659087 0.156391
65 35.227421 39.976753 0.000000 1.556711 1.407502 2.497155 4.918629 10.508904 0.146851
66 34.858391 39.731541 0.000000 1.657934 1.450524 2.634448 5.323623 11.684120 0.144359
67 34.719471 39.483414 0.000000 1.623116 1.376268 2.387915 4.593461 9.585073 0.186874
69 34.821617 39.850727 0.000000 1.745794 1.386611 2.404990 4.612791 9.575180 0.273598
70 34.807568 39.605225 0.000000 2.474593 1.387550 2.397628 4.560336 9.345896 0.166667
71 34.684174 39.535957 0.000000 2.575498 1.376960 2.383893 4.581892 9.580377 0.166734
72 34.568672 39.480736 0.000000 2.044259 1.432433 2.535085 4.925556 10.280191 0.157897
73 34.779312 39.434288 0.000000 2.574121 1.431917 2.553322 5.032187 10.719722 0.142867
74 34.696514 39.401993 0.000000 2.730901 1.344829 2.249454 4.122260 8.111814 0.145094
75 34.647289 39.367046 0.000000 3.061802 1.346434 2.247005 4.089078 7.948352 0.144905
76 34.627872 39.360073 0.000000 2.913133 1.377222 2.347377 4.376914 8.746825 0.163282
77 34.776451 39.529533 0.000000 2.914721 1.389503 2.395883 4.534227 9.224067 0.143226
78 34.705627 39.436825 0.000000 3.401914 1.408651 2.457181 4.700117 9.652590 0.144764
79 34.690010 39.399086 0.000000 3.499223 1.391808 2.409552 4.590762 9.429135 0.125001
81 34.741085 39.253464 0.000000 3.007656 1.436301 2.547548 4.958338 10.361619 0.168194
82 34.542805 39.198067 0.000000 3.544618 1.440652 2.599959 5.204462 11.292309 0.145731
83 34.617558 39.354904 0.000000 3.333606 1.427401 2.519859 4.887693 10.195983 0.166677
84 34.731373 39.289211 0.000000 3.728081 1.481439 2.721401 5.523664 12.105292 0.144872
85 34.809647 39.502632 0.000000 4.163066 1.423308 2.513595 4.882841 10.210340 0.143508
86 34.763542 39.304001 0.000000 4.003605 1.486358 2.724633 5.497704 11.933436 0.166826
87 34.689365 39.223248 0.000000 3.376334 1.462445 2.654170 5.310622 11.453392 0.166667
88 34.982063 39.503056 0.000000 3.320927 1.575389 3.026148 6.382298 14.431939 0.142857
89 35.006042 39.690193 0.000000 2.861109 1.561856 2.981041 6.241389 13.996884 0.142891
90 35.108124 39.444099 0.000000 3.415947 1.547725 2.951323 6.202968 14.022111 0.166667
92 35.383018 40.174427 0.000000 2.515716 1.453579 2.674381 5.511886 12.403504 0.177908
93 35.441978 40.449802 0.000000 2.819492 1.526134 2.895146 6.082940 13.791339 0.171186
94 35.202145 40.085537 0.000000 2.420433 1.505405 2.855983 6.055676 13.956921 0.166667
96 35.626770 40.048527 0.000000 2.264471 1.597731 3.170140 6.974353 16.536856 0.262691
97 35.529800 40.412437 0.000000 2.147748 1.515626 2.902195 6.208468 14.412786 0.166667
98 35.709549 40.393723 0.000000 1.953364 1.532587 2.968895 6.439718 15.174278 0.167629
