%% Trajectory 15
%% frame x (pixel)     y (pixel)    z (pixel)      m0         m1           m2           m3           m4           s 
37 81.453041 40.987209 0.000000 1.169719 1.236570 1.936012 3.323065 6.148911 0.250001
38 81.383286 41.129978 0.000000 1.168856 1.213351 1.874548 3.177099 5.812899 0.166667
39 81.356987 41.049549 0.000000 1.817618 1.292246 2.104128 3.755974 7.206505 0.382917
40 81.501518 40.875797 0.000000 1.579715 1.286184 2.081504 3.703077 7.116196 0.208314
41 81.148331 41.145985 0.000000 1.818987 1.307958 2.163859 3.947741 7.796217 0.229488
42 81.170982 41.114464 0.000000 1.886789 1.300272 2.144145 3.921702 7.819686 0.198723
43 81.129128 41.103508 0.000000 2.081213 1.357495 2.325223 4.403103 9.033511 0.143003
44 81.294548 41.251427 0.000000 2.527407 1.300596 2.124671 3.817875 7.411648 0.142857
45 81.289925 41.228729 0.000000 2.601830 1.324743 2.200445 4.028716 7.983464 0.125313
46 81.248596 41.134930 0.000000 2.338118 1.318763 2.200504 4.072762 8.212293 0.265374
47 81.434921 40.938087 0.000000 2.988656 1.356429 2.324459 4.420410 9.143167 0.142857
48 81.305405 41.114498 0.000000 2.631019 1.287441 2.083126 3.699830 7.085465 0.142857
49 81.464905 41.130188 0.000000 2.765260 1.317889 2.192174 4.024130 8.000657 0.283160
50 81.215813 40.900455 0.000000 3.037764 1.379900 2.393756 4.591740 9.536396 0.200009
51 81.279442 41.146603 0.000000 2.918986 1.283636 2.065706 3.630792 6.836101 0.159442
52 81.147804 41.293716 0.000000 2.697132 1.314167 2.153992 3.859411 7.411966 0.196768
53 81.256210 41.113068 0.000000 3.113024 1.326843 2.202287 4.008743 7.847270 0.208908
54 81.175049 41.253174 0.000000 2.766828 1.274673 2.063082 3.691709 7.184042 0.200367
55 81.172569 41.133221 0.000000 3.187726 1.318736 2.204391 4.087953 8.258704 0.205944
56 81.104691 41.080261 0.000000 3.017681 1.404743 2.483953 4.878539 10.417444 0.200000
57 81.011536 41.123219 0.000000 3.347353 1.380940 2.418011 4.705534 9.953893 0.200000
58 80.765068 41.021297 0.000000 3.002784 1.367436 2.388447 4.682677 10.084651 0.200749
59 80.875374 40.991966 0.000000 3.317426 1.368268 2.390334 4.672623 9.995444 0.200108
61 80.450737 41.265350 0.000000 3.631637 1.312175 2.167948 3.958375 7.846535 0.200000
62 80.352539 41.273743 0.000000 3.826909 1.315069 2.178241 3.981980 7.892105 0.200000
63 80.467720 41.493057 0.000000 3.404466 1.306597 2.138288 3.834400 7.390180 0.200000
64 80.321823 41.899429 0.000000 3.310318 1.325026 2.200286 4.009792 7.861064 0.200000
65 80.290924 41.831676 0.000000 2.919536 1.378130 2.365002 4.455379 9.020763 0.200000
66 79.797997 41.828957 0.000000 2.678243 1.344597 2.257639 4.159410 8.235889 0.266938
67 79.790268 42.277306 0.000000 2.343662 1.258034 2.014404 3.582303 6.971836 0.227432
68 79.820259 42.678310 0.000000 2.369132 1.310774 2.177271 3.995461 7.945343 0.233450
70 80.000038 42.886051 0.000000 1.405470 1.303385 2.150577 3.934418 7.833873 0.206847
72 79.710846 43.517529 0.000000 0.867045 1.117473 1.614410 2.552526 4.379871 0.166668
