%% Trajectory 7
%% frame x (pixel)     y (pixel)    z (pixel)      m0         m1           m2           m3           m4           s 
4 41.102222 53.232056 0.000000 1.283029 1.339832 2.299956 4.423477 9.329509 0.142857
5 41.104858 53.313770 0.000000 1.365478 1.339739 2.306908 4.456023 9.454319 0.142901
6 41.227985 53.038040 0.000000 1.420067 1.354225 2.346365 4.549211 9.654961 0.254394
7 41.051491 53.069798 0.000000 1.567616 1.393272 2.494030 5.016083 11.052558 0.166669
8 41.178200 53.180828 0.000000 1.944061 1.310317 2.191145 4.071435 8.246847 0.177786
9 41.197994 52.952747 0.000000 2.036215 1.383430 2.453079 4.874651 10.599710 0.166680
10 40.999481 52.532974 0.000000 2.367218 1.514667 2.857147 5.966944 13.444654 0.142857
11 41.050411 53.040962 0.000000 2.451559 1.430660 2.620489 5.390865 12.130249 0.166791
12 41.162251 53.053638 0.000000 2.587902 1.419791 2.559014 5.153059 11.316952 0.166755
13 41.174713 53.090511 0.000000 2.821296 1.401216 2.512318 5.062393 11.187434 0.166667
14 41.147358 52.947678 0.000000 3.113862 1.440997 2.646163 5.440300 12.202707 0.166667
15 41.132877 53.071774 0.000000 3.524613 1.441829 2.622354 5.314589 11.715599 0.334811
16 41.210434 53.041595 0.000000 3.689198 1.395868 2.482227 4.945806 10.789393 0.168763
17 41.271065 53.114933 0.000000 3.674767 1.390863 2.463700 4.886245 10.606351 0.166667
18 41.223003 53.073700 0.000000 3.490212 1.382756 2.435482 4.798061 10.337344 0.142897
19 41.209442 53.080315 0.000000 3.827282 1.380975 2.423796 4.755152 10.198638 0.180181
20 41.172382 53.089161 0.000000 3.811778 1.416722 2.542884 5.095229 11.133759 0.250513
21 41.267124 53.043125 0.000000 3.930618 1.413056 2.531613 5.061337 11.030761 0.125005
22 41.348198 53.108952 0.000000 3.895028 1.392630 2.452863 4.813206 10.297224 0.166667
23 41.379715 52.999596 0.000000 4.039820 1.445107 2.631097 5.338290 11.787321 0.142857
24 41.442444 53.042751 0.000000 4.068632 1.416155 2.532277 5.048143 10.971319 0.142857
25 41.285160 53.116722 0.000000 4.409444 1.420833 2.554430 5.126688 11.221784 0.167330
26 41.433235 52.910221 0.000000 4.138018 1.467422 2.717798 5.615069 12.615833 0.166677
27 41.333042 53.036240 0.000000 3.882289 1.460277 2.699120 5.572948 12.531968 0.166667
28 41.510395 52.944466 0.000000 4.221708 1.483430 2.761668 5.728267 12.911314 0.166667
29 41.356407 52.501114 0.000000 4.681171 1.565739 3.022446 6.444641 14.802677 0.166667
31 41.363094 52.505703 0.000000 4.719084 1.575537 3.069353 6.615251 15.368739 0.166667
32 41.388981 52.549492 0.000000 4.866327 1.537263 2.938163 6.230336 14.289185 0.200000
34 41.382332 53.073849 0.000000 3.887843 1.406476 2.513605 5.031704 11.034092 0.327868
35 41.313419 53.173737 0.000000 3.327866 1.413889 2.536720 5.099796 11.233923 0.250000
36 41.342793 53.060070 0.000000 3.594399 1.393731 2.482012 4.960563 10.881908 0.250000
37 41.359085 53.045563 0.000000 3.669002 1.401133 2.489560 4.947189 10.760723 0.250000
38 41.324066 53.112389 0.000000 3.655732 1.385299 2.425907 4.734747 10.092304 0.200000
39 41.428864 53.172344 0.000000 3.366944 1.409650 2.507054 4.967155 10.728853 0.200000
40 41.488628 53.158779 0.000000 3.518543 1.382050 2.410816 4.678027 9.895461 0.200000
41 41.432117 53.170616 0.000000 3.752464 1.364853 2.353393 4.513234 9.440540 0.250000
42 41.433598 53.186001 0.000000 4.345684 1.372470 2.347779 4.413127 8.929938 0.246370
43 41.527466 53.396473 0.000000 4.141450 1.345609 2.270308 4.224044 8.503963 0.200000
44 41.452698 53.325996 0.000000 4.172812 1.323951 2.186743 3.950179 7.649453 0.200000
45 41.443024 53.486187 0.000000 3.952860 1.351422 2.271778 4.177805 8.233041 0.200000
46 41.540302 53.488960 0.000000 4.174634 1.317796 2.162192 3.870248 7.407685 0.200000
47 41.469116 53.632534 0.000000 3.920699 1.317434 2.158214 3.852395 7.341712 0.200000
48 41.548054 53.473629 0.000000 4.537060 1.321124 2.186446 3.976262 7.800407 0.200000
49 41.456676 53.487568 0.000000 4.123631 1.342963 2.235673 4.056637 7.859904 0.166667
50 41.620533 53.549400 0.000000 4.236119 1.369508 2.338763 4.388139 8.865784 0.166667
51 41.520042 53.505405 0.000000 4.465135 1.320343 2.169629 3.892395 7.474611 0.166667
52 41.455421 53.589787 0.000000 4.398295 1.308223 2.131499 3.785504 7.183217 0.200000
53 41.585236 53.618279 0.000000 4.301021 1.325592 2.180076 3.906684 7.474118 0.166667
54 41.619785 53.711430 0.000000 4.120263 1.345940 2.264790 4.185113 8.328109 0.200000
55 41.782211 53.489807 0.000000 4.187816 1.366774 2.336478 4.395394 8.918122 0.142857
56 41.757607 53.425873 0.000000 3.929551 1.382632 2.379353 4.502123 9.177375 0.200000
57 41.907013 53.323456 0.000000 4.135977 1.376228 2.378614 4.545404 9.408761 0.166667
58 42.072777 53.188129 0.000000 3.980911 1.445391 2.599903 5.164331 11.077882 0.166667
59 42.156670 53.261330 0.000000 4.025683 1.403217 2.443475 4.672910 9.610373 0.200000
60 42.381248 53.048080 0.000000 3.733971 1.439890 2.578698 5.099370 10.891212 0.166667
61 42.387779 53.043076 0.000000 3.563753 1.432112 2.557176 5.045234 10.762356 0.142857
62 42.715324 52.756859 0.000000 3.448343 1.483991 2.722225 5.507944 12.013554 0.166667
63 42.596825 52.444016 0.000000 3.411452 1.427010 2.537004 4.981163 10.571846 0.142857
64 43.086948 52.753223 0.000000 3.042863 1.471415 2.668750 5.315501 11.371013 0.142857
65 42.854362 52.482544 0.000000 3.036273 1.417241 2.486496 4.796520 9.964793 0.125000
66 42.751144 52.447697 0.000000 2.455272 1.431112 2.557404 5.059330 10.842342 0.126078
67 42.989693 52.687500 0.000000 1.691674 1.472145 2.715209 5.575130 12.442488 0.126207
69 44.507561 52.976303 0.000000 1.628837 1.577701 3.049822 6.481709 14.771964 0.142858
70 45.185360 53.320759 0.000000 1.755237 1.537724 2.906826 6.059257 13.600682 0.166901
71 44.868710 53.308403 0.000000 1.589540 1.508940 2.813244 5.794127 12.882070 0.166667
72 45.321335 53.692356 0.000000 1.277544 1.447823 2.599503 5.143179 10.966245 0.166667
73 45.303486 54.287430 0.000000 1.576670 1.409046 2.508175 4.964056 10.690776 0.169347
76 47.228943 53.521641 0.000000 1.138743 1.428156 2.566832 5.125119 11.105862 0.166667
