%% Trajectory 9
%% frame x (pixel)     y (pixel)    z (pixel)      m0         m1           m2           m3           m4           s 
6 33.512787 26.781670 0.000000 0.978330 1.478523 2.767516 5.772763 13.077318 0.147262
8 33.276623 26.345320 0.000000 0.820240 1.428775 2.592348 5.256697 11.617150 0.200000
10 33.198727 27.467587 0.000000 1.477803 1.528892 2.878374 5.959519 13.252027 0.189972
13 32.813709 27.238647 0.000000 1.237382 1.545022 2.926623 6.104367 13.694874 0.230944
15 32.544247 26.462997 0.000000 0.900624 1.451133 2.633732 5.299633 11.551648 0.158165
17 33.378933 26.616911 0.000000 0.743914 1.450577 2.651362 5.352186 11.638838 0.197473
20 33.610584 26.330910 0.000000 0.850284 1.445467 2.610157 5.225314 11.333483 0.193469
21 33.080223 26.222801 0.000000 0.727292 1.388734 2.437090 4.750259 10.070545 0.145627
23 33.099388 27.011477 0.000000 0.832642 1.414639 2.537230 5.064744 10.988693 0.241313
24 33.370430 26.730700 0.000000 1.181429 1.361454 2.365591 4.611546 9.884948 0.142858
25 32.895523 26.642023 0.000000 0.895184 1.480608 2.721972 5.532668 12.154786 0.174354
27 33.257507 27.312132 0.000000 1.216608 1.462769 2.680824 5.461496 12.077754 0.125126
28 33.134918 27.721506 0.000000 1.503890 1.346243 2.286249 4.308186 8.836032 0.236892
29 33.143398 27.478537 0.000000 1.540115 1.312598 2.157316 3.893947 7.574323 0.250000
30 33.205925 27.620621 0.000000 1.477294 1.354706 2.324646 4.438313 9.246368 0.250000
31 33.095505 27.518454 0.000000 1.184752 1.487075 2.779306 5.771626 12.991888 0.266255
32 33.369568 27.914856 0.000000 1.259642 1.306069 2.189527 4.120594 8.553308 0.207016
33 33.102451 27.637331 0.000000 1.975866 1.324559 2.183918 3.936555 7.604731 0.200028
34 33.219624 27.625290 0.000000 2.348440 1.285903 2.084532 3.709181 7.111924 0.200000
35 33.185020 27.712854 0.000000 2.693672 1.390202 2.443947 4.781385 10.188509 0.274743
36 33.069000 27.768383 0.000000 2.541721 1.378658 2.388646 4.574979 9.481519 0.200708
37 33.089878 27.787107 0.000000 2.677157 1.366856 2.353716 4.481889 9.243127 0.250000
38 33.281761 27.706835 0.000000 2.973535 1.272721 2.035217 3.570821 6.756647 0.250000
39 33.104427 27.587975 0.000000 3.019247 1.326163 2.212367 4.068137 8.088881 0.250000
40 33.332924 27.805845 0.000000 3.085072 1.323338 2.248705 4.301944 9.094595 0.250000
41 33.310745 27.794975 0.000000 3.199207 1.322755 2.218701 4.137722 8.428113 0.250000
42 33.606491 27.719564 0.000000 3.209894 1.287993 2.072656 3.641576 6.853456 0.250000
43 33.443436 27.714861 0.000000 3.197727 1.293031 2.105968 3.784546 7.378664 0.200000
44 33.366436 28.071432 0.000000 3.269473 1.296775 2.140044 3.935718 7.937181 0.200000
45 33.528313 28.205408 0.000000 4.041017 1.282221 2.075226 3.705350 7.181100 0.200000
46 33.503128 28.028288 0.000000 3.367454 1.306286 2.168810 4.006792 8.099318 0.250000
47 33.548851 28.231359 0.000000 3.798307 1.297834 2.131304 3.890398 7.770924 0.250000
48 33.532017 28.174871 0.000000 4.751440 1.310898 2.159272 3.935546 7.806246 0.250000
49 33.682892 28.442520 0.000000 4.420228 1.269527 2.019675 3.520768 6.613173 0.333333
50 33.539356 28.817091 0.000000 3.961128 1.257485 1.991451 3.463774 6.512393 0.250000
51 33.700722 29.046919 0.000000 4.069293 1.289181 2.101911 3.787853 7.419374 0.250000
52 33.662800 29.101112 0.000000 3.877227 1.277124 2.066059 3.694952 7.187929 0.250000
53 33.676212 29.117424 0.000000 3.688266 1.269546 2.066958 3.757495 7.511141 0.250000
54 33.612770 29.256031 0.000000 2.930816 1.253241 2.054399 3.826076 7.978288 0.200052
55 33.894688 29.396452 0.000000 2.966905 1.284784 2.150529 4.092635 8.702881 0.200000
56 33.398968 29.368479 0.000000 2.361122 1.225845 1.998574 3.780735 8.180300 0.200000
