%% Trajectory 6
%% frame x (pixel)     y (pixel)    z (pixel)      m0         m1           m2           m3           m4           s 
2 78.213562 9.702310 0.000000 1.306906 1.510524 2.847273 5.944499 13.405037 0.369966
3 78.267456 9.489096 0.000000 1.396392 1.377955 2.368825 4.476445 9.103308 0.250000
4 78.103203 9.576675 0.000000 1.324012 1.460673 2.666964 5.390440 11.776611 0.250000
5 78.118179 9.406167 0.000000 1.219732 1.409543 2.492757 4.885125 10.370474 0.250000
6 78.402519 9.583161 0.000000 1.562087 1.357527 2.297679 4.264364 8.499938 0.250000
7 78.232018 9.595023 0.000000 1.782086 1.408330 2.477410 4.812356 10.097662 0.250000
8 78.195572 9.692264 0.000000 1.948607 1.444288 2.622194 5.289067 11.572962 0.250000
9 78.444763 9.758028 0.000000 1.819148 1.415919 2.503708 4.905167 10.423906 0.250000
10 78.344856 9.734747 0.000000 2.108363 1.399777 2.453945 4.749432 9.934741 0.250000
11 78.439499 9.863547 0.000000 2.062673 1.412024 2.482784 4.811120 10.052855 0.250000
12 78.506989 9.859145 0.000000 1.982406 1.427084 2.548998 5.040997 10.795135 0.200000
13 78.531876 9.572680 0.000000 2.512968 1.345789 2.249242 4.101412 7.991859 0.200007
14 78.408493 9.339905 0.000000 2.151328 1.332087 2.215692 4.036738 7.895122 0.219848
15 78.371109 9.442404 0.000000 2.252523 1.318945 2.168422 3.897603 7.511891 0.216835
16 78.339493 9.459373 0.000000 2.647825 1.295121 2.094276 3.695329 6.977597 0.200254
17 78.559654 9.355437 0.000000 2.441937 1.310600 2.156594 3.899144 7.605062 0.200000
18 78.606186 9.470264 0.000000 2.693907 1.315567 2.163442 3.900193 7.564467 0.166924
19 78.564240 9.603550 0.000000 2.692249 1.314205 2.154205 3.858491 7.405054 0.214406
20 78.739449 9.733422 0.000000 2.814707 1.312988 2.156971 3.880920 7.501325 0.218446
21 78.649612 9.599532 0.000000 2.790725 1.304003 2.131597 3.821989 7.379395 0.200000
22 78.283348 9.668020 0.000000 3.048529 1.330790 2.206962 4.002532 7.779826 0.264098
23 78.474609 9.764465 0.000000 2.727083 1.346056 2.263127 4.189099 8.376037 0.166667
24 78.248192 10.219285 0.000000 3.229976 1.351574 2.276644 4.207451 8.365894 0.142857
25 77.943649 10.531331 0.000000 2.836502 1.371674 2.353293 4.448419 9.076857 0.142857
26 78.072891 10.690655 0.000000 3.190562 1.371037 2.344222 4.406502 8.918963 0.166667
27 77.917084 10.811223 0.000000 3.276687 1.382437 2.379737 4.502902 9.176714 0.166667
28 77.901848 10.929219 0.000000 2.775727 1.419114 2.511678 4.910131 10.377695 0.166755
29 77.970795 11.116060 0.000000 2.745668 1.412068 2.498477 4.900294 10.422846 0.166673
30 77.383842 11.462926 0.000000 2.742367 1.326080 2.195926 3.978651 7.733263 0.200010
31 76.860443 11.184164 0.000000 2.406229 1.413676 2.505193 4.918411 10.462975 0.200142
33 78.199226 10.686904 0.000000 1.811224 1.335873 2.230922 4.090160 8.070674 0.166667
34 78.655777 10.844301 0.000000 1.700171 1.376535 2.365691 4.480913 9.166473 0.166667
35 78.786598 10.634398 0.000000 1.504836 1.329248 2.199135 3.971251 7.669475 0.200000
