%% Trajectory 31
%% frame x (pixel)     y (pixel)    z (pixel)      m0         m1           m2           m3           m4           s 
81 5.920203 76.877708 0.000000 1.209691 1.389600 2.439748 4.743014 9.993462 0.173355
82 5.985857 76.523880 0.000000 1.790203 1.335797 2.273389 4.299695 8.853049 0.204871
83 6.052888 76.459358 0.000000 2.031025 1.304888 2.168098 4.014097 8.135520 0.217465
84 5.898876 76.371536 0.000000 2.239750 1.319025 2.189107 4.020240 8.030296 0.172171
85 6.026958 76.302536 0.000000 2.360548 1.312891 2.181573 4.014911 8.029475 0.166667
86 6.096559 76.423332 0.000000 2.497941 1.323939 2.216346 4.103627 8.244088 0.166667
87 6.199442 76.294884 0.000000 2.842213 1.329609 2.227388 4.123004 8.273683 0.142857
88 6.277452 76.434769 0.000000 2.957542 1.317382 2.190814 4.030864 8.060889 0.142857
89 6.365045 76.358963 0.000000 2.891405 1.288555 2.095809 3.758006 7.302906 0.125000
90 6.158196 76.121262 0.000000 3.004578 1.344158 2.274810 4.255531 8.627121 0.130241
91 6.260890 76.139267 0.000000 3.507598 1.307473 2.150986 3.892920 7.604977 0.144036
92 6.382402 76.154221 0.000000 3.707074 1.319415 2.184580 3.972174 7.779713 0.142857
93 6.401804 76.118065 0.000000 3.652396 1.329119 2.214124 4.052633 7.992097 0.142857
94 6.359372 76.219658 0.000000 3.898720 1.317684 2.186058 4.003623 7.948315 0.166680
95 6.247577 75.894966 0.000000 4.375394 1.380561 2.376894 4.497714 9.159202 0.142859
96 6.369404 75.916336 0.000000 4.395753 1.388518 2.414706 4.640505 9.652579 0.143057
97 6.354526 75.963211 0.000000 4.603294 1.354705 2.289249 4.240302 8.431748 0.142857
98 6.381273 75.946083 0.000000 4.794673 1.355772 2.297625 4.279434 8.583447 0.142908
99 6.360785 75.909462 0.000000 4.350233 1.346605 2.258507 4.144828 8.153276 0.142913
100 6.318611 75.858521 0.000000 5.137265 1.332838 2.225658 4.082954 8.065593 0.142857
101 6.524064 75.937881 0.000000 5.320053 1.357364 2.296008 4.260276 8.495583 0.125000
102 6.604706 75.830719 0.000000 5.610823 1.369136 2.323593 4.308529 8.548892 0.166667
103 6.552822 75.819199 0.000000 5.511218 1.391555 2.419934 4.646990 9.654925 0.166667
104 6.644273 75.951355 0.000000 5.577611 1.362892 2.323311 4.358575 8.816185 0.125000
105 6.594890 75.858170 0.000000 5.672207 1.328729 2.205476 4.015807 7.869288 0.111111
106 6.658473 75.698654 0.000000 5.762825 1.360526 2.311514 4.323583 8.734086 0.100000
107 7.149495 75.798378 0.000000 5.440181 1.416484 2.520194 4.979255 10.686177 0.125000
108 6.961136 75.838264 0.000000 5.265882 1.425540 2.553760 5.091657 11.049854 0.125000
109 7.272193 75.732834 0.000000 5.173554 1.380074 2.380485 4.533618 9.348274 0.111533
110 7.541769 75.755463 0.000000 4.657673 1.357268 2.290293 4.242521 8.461565 0.111126
111 7.597421 75.773933 0.000000 4.895785 1.386121 2.388143 4.521136 9.214916 0.125200
112 7.600277 75.631004 0.000000 5.217493 1.400713 2.467141 4.822459 10.246010 0.125316
113 7.874850 75.597145 0.000000 4.643416 1.320028 2.198844 4.051262 8.110649 0.125006
114 7.610056 75.665276 0.000000 4.339873 1.404893 2.484919 4.894784 10.512349 0.125000
