%% Trajectory 7
%% frame x (pixel)     y (pixel)    z (pixel)      m0         m1           m2           m3           m4           s 
4 51.848862 72.059517 0.000000 1.920574 1.380809 2.413788 4.698083 9.960033 0.166667
5 52.206154 71.883224 0.000000 1.932176 1.349597 2.286675 4.250319 8.485098 0.166667
6 51.958172 71.554161 0.000000 2.348380 1.384100 2.402840 4.607568 9.554472 0.166667
7 51.864487 71.569649 0.000000 2.427179 1.409883 2.510739 4.991679 10.839975 0.166667
8 51.663387 71.586014 0.000000 2.781814 1.355739 2.296801 4.281854 8.613543 0.297991
9 51.399101 71.583839 0.000000 2.941197 1.327853 2.190194 3.944252 7.602666 0.146341
10 51.694511 71.539566 0.000000 3.073927 1.384561 2.405192 4.626436 9.657891 0.176943
11 51.577305 71.553513 0.000000 2.823357 1.357921 2.313569 4.368443 8.969883 0.281034
12 51.605244 71.607529 0.000000 3.395770 1.309539 2.153159 3.895256 7.612420 0.216364
13 51.491444 71.688858 0.000000 3.787666 1.303113 2.120879 3.763769 7.138393 0.166667
14 51.587624 71.453857 0.000000 3.917992 1.341601 2.251777 4.163161 8.322577 0.142857
15 51.511147 71.436287 0.000000 4.478136 1.324911 2.191683 3.967955 7.710910 0.176621
16 51.579872 71.383537 0.000000 4.992355 1.355555 2.290598 4.246182 8.463849 0.181425
17 51.635258 71.526291 0.000000 4.828037 1.368667 2.340839 4.414926 9.006165 0.142858
18 51.733192 71.339310 0.000000 5.372321 1.359748 2.310421 4.327327 8.763579 0.257311
19 51.618671 71.530563 0.000000 5.503183 1.329016 2.202866 4.002089 7.819368 0.194574
20 51.481411 71.436317 0.000000 5.462156 1.352797 2.284104 4.234144 8.450300 0.169667
21 51.563599 71.497009 0.000000 5.276645 1.363015 2.307739 4.282273 8.538899 0.166667
22 51.579487 71.477921 0.000000 5.808205 1.358384 2.295574 4.250326 8.451516 0.166667
23 51.480713 71.336502 0.000000 6.181123 1.397112 2.433536 4.672690 9.691102 0.166667
24 51.596100 71.502182 0.000000 6.292007 1.375149 2.345044 4.379022 8.777000 0.166667
25 51.661140 71.385170 0.000000 5.849840 1.364438 2.311820 4.289175 8.542386 0.166667
26 51.543633 71.437996 0.000000 5.847986 1.401531 2.451657 4.727974 9.846974 0.166667
27 51.509590 71.356964 0.000000 6.460746 1.380476 2.378972 4.517140 9.263495 0.166667
28 51.468128 71.346100 0.000000 6.356953 1.397972 2.423735 4.616024 9.459865 0.142857
29 51.438923 71.359650 0.000000 6.880505 1.406983 2.470429 4.788939 10.041828 0.142857
30 51.488045 71.257660 0.000000 7.157622 1.433679 2.556222 5.035409 10.727659 0.200000
31 51.478935 71.256592 0.000000 8.126606 1.404628 2.456175 4.732405 9.842107 0.142857
32 51.591015 71.250755 0.000000 7.784822 1.409969 2.477671 4.804978 10.072709 0.200000
33 51.672909 71.278786 0.000000 7.419648 1.443511 2.595906 5.165841 11.132126 0.200000
34 51.687931 71.132942 0.000000 6.980011 1.477938 2.713639 5.516651 12.140350 0.250000
35 51.727154 70.855522 0.000000 6.769222 1.460478 2.655975 5.336273 11.577649 0.250000
36 51.509266 70.696304 0.000000 6.620985 1.445921 2.601605 5.164839 11.064011 0.250001
37 51.608429 70.382195 0.000000 5.807767 1.418877 2.488674 4.790028 9.908821 0.250000
38 51.489883 70.463593 0.000000 6.288152 1.399436 2.429293 4.629503 9.488184 0.333333
39 51.491016 70.193344 0.000000 5.971116 1.473649 2.707356 5.513567 12.167659 0.250000
40 51.428665 69.983574 0.000000 5.571989 1.483548 2.733061 5.562944 12.215184 0.333333
41 51.169281 69.853325 0.000000 5.499956 1.473732 2.705062 5.489709 12.029432 0.250000
42 51.185352 69.612885 0.000000 5.085356 1.466801 2.660847 5.311055 11.401175 0.250000
44 51.152569 69.528725 0.000000 5.417671 1.444335 2.590647 5.124089 10.928731 0.200000
46 50.368267 68.929268 0.000000 4.914699 1.446155 2.604580 5.184471 11.147346 0.200000
48 51.303345 68.782082 0.000000 3.573591 1.564005 3.005289 6.356990 14.441306 0.200000
50 50.295673 68.765160 0.000000 4.043768 1.503573 2.799000 5.745311 12.692291 0.250000
51 50.062386 68.678436 0.000000 3.791698 1.529430 2.887360 5.998119 13.384592 0.200016
53 50.071026 68.383606 0.000000 2.551223 1.496275 2.765471 5.633769 12.360003 0.200000
55 49.298668 68.944054 0.000000 3.247504 1.477713 2.722298 5.563980 12.320495 0.200000
56 49.644619 68.594612 0.000000 3.160361 1.457170 2.672153 5.460515 12.134539 0.200000
57 49.485554 68.726837 0.000000 3.383099 1.501778 2.823371 5.915280 13.459312 0.253580
58 49.498451 68.507195 0.000000 2.916010 1.407648 2.512481 5.022679 10.997716 0.200000
60 49.977394 67.266968 0.000000 2.215096 1.358497 2.329807 4.429424 9.146877 0.211108
63 52.700066 66.709183 0.000000 1.397618 1.312224 2.167149 3.938454 7.725102 0.161072
64 52.640293 67.265724 0.000000 1.470845 1.285251 2.076784 3.694706 7.115272 0.190127
