%% Trajectory 25
%% frame x (pixel)     y (pixel)    z (pixel)      m0         m1           m2           m3           m4           s 
67 22.919733 38.919460 0.000000 1.200276 1.310177 2.167163 3.960905 7.846706 0.240210
68 23.429205 38.983547 0.000000 0.957149 1.256394 2.027579 3.642521 7.173927 0.200000
69 23.465193 38.627663 0.000000 1.225960 1.259619 2.032749 3.661277 7.257503 0.200000
70 23.039454 38.676384 0.000000 1.239664 1.267622 2.032021 3.574190 6.769888 0.201895
71 23.307514 38.844784 0.000000 1.436171 1.284549 2.068344 3.655332 6.962265 0.166667
72 23.062096 38.899330 0.000000 1.861098 1.389486 2.432661 4.720596 9.936382 0.200000
73 23.120260 38.678722 0.000000 2.210412 1.329892 2.216933 4.064182 8.036733 0.166667
74 23.041145 38.886669 0.000000 2.190297 1.327867 2.231701 4.153756 8.393970 0.166667
75 22.926271 38.598362 0.000000 2.035671 1.282736 2.071764 3.681024 7.070782 0.200000
76 23.345934 38.533218 0.000000 2.250087 1.281444 2.057188 3.605638 6.769385 0.142857
77 23.185030 38.759449 0.000000 2.791358 1.293929 2.109459 3.787883 7.359888 0.200000
78 23.039436 38.582123 0.000000 2.273141 1.311296 2.153193 3.880625 7.534009 0.166667
79 23.202967 38.478424 0.000000 2.475955 1.310279 2.146378 3.847674 7.404397 0.166667
80 23.092518 38.518913 0.000000 2.576073 1.305095 2.137735 3.844826 7.454838 0.200000
81 23.126072 38.435551 0.000000 2.629435 1.319349 2.191591 4.015338 7.966201 0.166667
82 23.077347 38.647167 0.000000 2.823534 1.322312 2.209180 4.086378 8.214248 0.200000
83 23.122646 38.568287 0.000000 2.904585 1.307002 2.135623 3.815284 7.307770 0.200000
84 23.136621 38.602409 0.000000 2.823334 1.287770 2.086634 3.719004 7.166275 0.166667
85 23.074776 38.802387 0.000000 2.881438 1.350271 2.298242 4.324553 8.817747 0.218999
86 23.210148 38.550045 0.000000 2.999485 1.290125 2.084593 3.680773 6.967033 0.146869
87 23.276815 38.623566 0.000000 2.799897 1.277642 2.044189 3.571580 6.687903 0.142857
88 23.196087 38.680737 0.000000 3.315609 1.305792 2.137348 3.836150 7.407320 0.200000
89 22.974207 38.616707 0.000000 3.260064 1.357401 2.323551 4.408054 9.084692 0.166667
90 23.188320 38.603882 0.000000 3.266588 1.311068 2.146829 3.841044 7.361199 0.200000
91 23.206144 38.643833 0.000000 3.586275 1.310921 2.148866 3.857181 7.435710 0.166667
92 23.292082 38.576702 0.000000 3.882644 1.270271 2.023676 3.521468 6.571291 0.251078
93 23.155636 38.632133 0.000000 3.725826 1.301374 2.118589 3.773616 7.216753 0.200006
94 23.245451 38.588524 0.000000 3.666600 1.292851 2.088207 3.683356 6.959635 0.200016
95 23.119804 38.559937 0.000000 3.740413 1.321475 2.185480 3.967059 7.753222 0.200000
96 22.976091 38.576324 0.000000 4.127162 1.353137 2.295696 4.294389 8.685405 0.250000
97 22.891556 38.345013 0.000000 4.001132 1.343566 2.258757 4.171823 8.298234 0.200000
98 22.895102 38.343678 0.000000 3.923175 1.312883 2.159885 3.899902 7.582181 0.200000
99 22.702837 38.039528 0.000000 3.920746 1.347009 2.267348 4.184915 8.296490 0.200000
100 22.833961 37.930534 0.000000 3.975811 1.366936 2.347762 4.455971 9.157167 0.200000
101 22.905684 37.596546 0.000000 4.106619 1.326810 2.200664 4.007062 7.859282 0.200000
102 22.967953 37.620190 0.000000 3.719732 1.383584 2.417878 4.698292 9.935126 0.166667
103 23.165548 37.390312 0.000000 3.100746 1.371130 2.356642 4.464625 9.133149 0.142857
104 23.163860 37.337852 0.000000 3.351583 1.363753 2.334181 4.409878 9.012456 0.142857
105 22.833969 36.805645 0.000000 3.218684 1.353530 2.301311 4.329856 8.841389 0.166667
106 22.747772 36.808018 0.000000 3.382488 1.298685 2.131750 3.874891 7.668804 0.142857
107 23.137539 36.665291 0.000000 3.477912 1.316655 2.178833 3.960531 7.753701 0.166667
108 23.123522 36.558353 0.000000 3.299465 1.294309 2.100236 3.736156 7.153654 0.166667
110 21.900137 36.496742 0.000000 2.462162 1.380620 2.389032 4.563707 9.429325 0.166667
