%% Trajectory 9
%% frame x (pixel)     y (pixel)    z (pixel)      m0         m1           m2           m3           m4           s 
18 65.907875 37.901051 0.000000 1.358495 1.397565 2.469404 4.868715 10.478506 0.200000
19 65.751884 37.701180 0.000000 1.314099 1.300756 2.124199 3.806209 7.346364 0.256822
20 65.725594 37.725300 0.000000 1.581906 1.325998 2.207737 4.022995 7.857471 0.263078
21 66.165558 37.697178 0.000000 1.655454 1.317416 2.192079 4.055650 8.203942 0.200028
22 65.673363 37.600990 0.000000 1.877294 1.251037 1.975070 3.408914 6.318066 0.290389
23 65.594933 37.886364 0.000000 2.176276 1.340314 2.260244 4.205027 8.461000 0.167004
24 65.799980 37.790874 0.000000 2.790964 1.306973 2.145777 3.874050 7.551085 0.200000
25 65.669044 37.801987 0.000000 2.414037 1.256701 1.991634 3.455990 6.451277 0.250000
26 65.589859 37.727875 0.000000 2.799397 1.315169 2.164320 3.907367 7.596097 0.167714
27 65.839836 37.810596 0.000000 3.008914 1.324039 2.202786 4.033665 7.973462 0.237124
28 65.661102 37.914303 0.000000 2.889119 1.300879 2.130060 3.833447 7.443302 0.250141
29 65.749359 37.871422 0.000000 3.457958 1.348850 2.277967 4.237131 8.507791 0.333336
30 65.744171 37.782257 0.000000 3.094403 1.306035 2.148450 3.898617 7.667395 0.351126
31 65.596855 37.798557 0.000000 3.173513 1.318930 2.187539 3.998354 7.905370 0.452831
32 65.641754 37.833920 0.000000 2.988100 1.303251 2.135995 3.847626 7.475373 0.409759
33 65.726028 37.748528 0.000000 3.100455 1.309237 2.156221 3.919026 7.722830 0.335182
34 65.636154 37.771378 0.000000 3.264474 1.322151 2.186012 3.962563 7.724624 0.333372
35 65.877151 37.919044 0.000000 3.303909 1.346869 2.290295 4.310294 8.797367 0.333333
36 65.754814 37.789722 0.000000 3.446475 1.297892 2.109547 3.759006 7.208636 0.250007
37 65.691170 37.744724 0.000000 3.010376 1.276703 2.056028 3.636152 6.940093 0.250000
38 65.654816 37.820538 0.000000 3.142370 1.280282 2.058181 3.626215 6.874393 0.333333
39 65.472458 37.807133 0.000000 3.573825 1.294018 2.089832 3.683046 6.947227 0.200000
40 65.748657 37.793476 0.000000 2.854404 1.278082 2.048216 3.592111 6.769210 0.250000
41 65.627563 37.941788 0.000000 3.564902 1.315002 2.172583 3.946685 7.733745 0.200000
42 65.752548 37.809948 0.000000 3.394190 1.297572 2.111974 3.770963 7.249733 0.200000
43 65.794060 37.882168 0.000000 3.356978 1.338797 2.254425 4.187429 8.410360 0.166667
44 65.694229 37.895981 0.000000 3.606420 1.302960 2.132434 3.828818 7.397453 0.200000
45 65.626266 37.771488 0.000000 3.636658 1.289706 2.093665 3.735708 7.198636 0.142857
46 65.703087 37.791977 0.000000 3.816660 1.299031 2.124098 3.823838 7.443782 0.142857
47 65.620667 37.860020 0.000000 4.469678 1.304501 2.129893 3.808940 7.321163 0.147687
48 65.766357 37.971291 0.000000 3.948585 1.325525 2.208526 4.050224 8.015417 0.269703
49 65.722939 37.897156 0.000000 4.387405 1.338068 2.246551 4.155669 8.302341 0.166667
50 65.831711 37.940895 0.000000 4.024660 1.343065 2.277140 4.273618 8.703924 0.166667
51 65.815010 37.810719 0.000000 4.142092 1.329308 2.226600 4.115716 8.234690 0.166667
52 65.616295 37.742401 0.000000 4.507809 1.292341 2.086051 3.674706 6.928877 0.200000
53 65.643555 37.665291 0.000000 4.858527 1.287993 2.075449 3.652522 6.887833 0.166667
54 65.697121 37.742714 0.000000 5.139588 1.305117 2.139238 3.850057 7.467740 0.200000
55 65.700081 37.723270 0.000000 4.905456 1.306788 2.135951 3.822354 7.345922 0.200000
56 65.622841 37.633266 0.000000 4.431730 1.297560 2.109508 3.754064 7.176455 0.200000
57 65.703529 37.557446 0.000000 4.754106 1.298272 2.117459 3.788672 7.301028 0.200000
58 65.728363 37.543633 0.000000 4.442366 1.286844 2.072372 3.644174 6.863979 0.200000
59 65.480736 37.542309 0.000000 4.014817 1.320792 2.171381 3.888028 7.427214 0.200000
60 65.392776 37.547916 0.000000 4.379076 1.301867 2.112784 3.739827 7.079133 0.200000
61 65.000610 37.544060 0.000000 4.185177 1.350920 2.299070 4.328465 8.839610 0.200000
62 64.715240 37.541523 0.000000 4.035724 1.286568 2.086760 3.727529 7.209311 0.200000
63 64.599586 37.565945 0.000000 4.847857 1.302268 2.121593 3.783478 7.248137 0.250000
64 64.486427 37.604534 0.000000 4.400856 1.299834 2.107548 3.727413 7.050630 0.200000
65 64.281830 37.492836 0.000000 4.375635 1.299907 2.110592 3.740650 7.096637 0.250000
66 64.263512 37.341377 0.000000 4.013082 1.328649 2.211862 4.054064 8.031514 0.200000
67 64.240120 37.293587 0.000000 3.828884 1.314035 2.171868 3.955462 7.793830 0.250000
69 63.863789 38.203609 0.000000 4.436372 1.365619 2.338588 4.424955 9.065536 0.250000
70 64.062744 37.930031 0.000000 4.215156 1.383216 2.402083 4.618217 9.628159 0.250000
71 64.136314 37.625309 0.000000 3.544894 1.361858 2.309927 4.293989 8.570748 0.200000
72 64.159851 38.180000 0.000000 3.210834 1.379004 2.375803 4.511330 9.248185 0.250000
74 63.946785 37.668636 0.000000 2.284188 1.398579 2.448713 4.743734 9.949401 0.200390
