%% Trajectory 22
%% frame x (pixel)     y (pixel)    z (pixel)      m0         m1           m2           m3           m4           s 
46 33.543194 48.421879 0.000000 1.414876 1.271976 2.027219 3.536225 6.635601 0.200000
48 33.396065 48.222000 0.000000 1.256803 1.378359 2.387464 4.575114 9.502334 0.200000
51 33.466946 48.599777 0.000000 1.227515 1.309193 2.136416 3.827523 7.395701 0.200000
53 33.702389 48.582794 0.000000 1.381315 1.398520 2.431809 4.643353 9.536137 0.200001
55 33.892803 48.348808 0.000000 2.114444 1.440526 2.619529 5.330600 11.859324 0.200814
56 33.943596 48.197353 0.000000 2.316103 1.433082 2.603757 5.293186 11.760194 0.200000
57 34.318134 48.233067 0.000000 2.255330 1.523456 2.865517 5.946527 13.293197 0.250000
58 34.444595 48.280121 0.000000 2.439249 1.469940 2.703612 5.514954 12.190223 0.250000
59 34.675701 48.293755 0.000000 2.507510 1.419783 2.528663 4.997177 10.722792 0.250000
60 34.327908 48.236500 0.000000 3.083720 1.435132 2.578703 5.145175 11.147325 0.261801
61 34.572292 48.282093 0.000000 2.690978 1.471886 2.706522 5.518191 12.188589 0.201197
62 34.354675 48.237957 0.000000 2.733505 1.425884 2.570549 5.168532 11.323334 0.200009
63 34.668491 48.370380 0.000000 3.274411 1.434750 2.594400 5.232015 11.503360 0.166763
64 34.543713 48.324135 0.000000 2.854256 1.469262 2.713523 5.593045 12.552771 0.166667
65 34.600567 48.184349 0.000000 2.639578 1.447566 2.637611 5.349030 11.794893 0.125000
66 34.802052 48.148853 0.000000 3.542027 1.443099 2.614381 5.263422 11.509515 0.166713
67 34.564575 48.391701 0.000000 3.538010 1.402782 2.478906 4.877429 10.462214 0.142857
68 34.642494 48.419163 0.000000 3.617480 1.432039 2.574810 5.154208 11.238949 0.142857
69 34.739647 48.481613 0.000000 4.034279 1.416859 2.501297 4.882820 10.327985 0.125000
70 34.725445 48.471340 0.000000 4.568624 1.424338 2.549120 5.075272 11.001843 0.200000
71 35.192684 48.459831 0.000000 4.611940 1.413337 2.519947 5.009185 10.859365 0.166676
73 35.500660 48.660084 0.000000 5.104265 1.369897 2.359784 4.500613 9.316657 0.142858
74 35.522099 48.643818 0.000000 5.682402 1.378236 2.389450 4.601654 9.650278 0.166684
75 35.566494 48.556583 0.000000 6.034830 1.411751 2.496073 4.890792 10.397818 0.166667
76 35.494698 48.755600 0.000000 5.877010 1.411844 2.509395 4.972680 10.756427 0.200041
77 35.681187 48.688400 0.000000 6.021981 1.416364 2.516395 4.960089 10.617785 0.166721
78 35.589500 48.571026 0.000000 6.578247 1.409609 2.489223 4.870211 10.340280 0.168193
79 35.953415 48.461773 0.000000 5.993053 1.424892 2.557439 5.112373 11.123165 0.166667
80 35.765656 48.607475 0.000000 5.245805 1.481711 2.738426 5.622436 12.527989 0.142857
81 36.209957 48.355896 0.000000 4.667212 1.413393 2.515031 4.979047 10.727162 0.166749
82 36.532356 48.351944 0.000000 4.879672 1.323401 2.201744 4.035286 7.998790 0.166667
83 36.705223 48.442482 0.000000 5.003250 1.335315 2.247466 4.179578 8.429351 0.142857
84 36.862915 48.255466 0.000000 4.378121 1.263636 2.029712 3.599802 6.934680 0.142900
85 36.998859 48.072018 0.000000 4.200977 1.361164 2.350902 4.498859 9.333912 0.211614
87 37.631447 47.368343 0.000000 3.780337 1.243396 1.947861 3.338430 6.154928 0.142857
88 37.964703 47.390007 0.000000 3.205320 1.261019 2.006969 3.503875 6.593260 0.142885
89 37.966854 47.276382 0.000000 2.721393 1.226042 1.912077 3.281418 6.099094 0.142857
90 38.020130 46.997719 0.000000 2.466071 1.338634 2.292807 4.375767 9.103033 0.142857
