%% Trajectory 13
%% frame x (pixel)     y (pixel)    z (pixel)      m0         m1           m2           m3           m4           s 
44 44.467503 31.906372 0.000000 1.339018 1.347694 2.270018 4.200415 8.368431 0.166741
45 44.382652 31.880840 0.000000 1.569265 1.324314 2.193646 3.990104 7.818827 0.166667
46 44.513588 31.880924 0.000000 1.580998 1.316858 2.170508 3.924024 7.629394 0.200001
47 44.513401 31.909817 0.000000 1.517697 1.291502 2.107424 3.785438 7.349914 0.166667
48 44.646683 31.986530 0.000000 1.586564 1.313207 2.183128 4.010441 7.988856 0.142857
50 44.226006 31.733809 0.000000 1.547297 1.322312 2.190175 3.976421 7.756620 0.200440
51 44.379787 31.709166 0.000000 1.661741 1.306496 2.134118 3.810066 7.289401 0.200000
52 44.635406 31.899267 0.000000 1.797763 1.357895 2.296890 4.257251 8.470342 0.200000
53 44.588890 31.882956 0.000000 2.015918 1.354262 2.287009 4.240163 8.460023 0.224057
54 44.421494 31.753899 0.000000 2.007812 1.357829 2.296992 4.261360 8.491352 0.200541
55 44.292492 31.830488 0.000000 2.126085 1.370787 2.342647 4.398428 8.885074 0.145933
56 44.432373 31.598127 0.000000 2.143425 1.361227 2.310822 4.301981 8.603741 0.166667
57 44.479675 31.846010 0.000000 2.269835 1.363909 2.324515 4.355393 8.787045 0.166667
58 44.398972 31.705894 0.000000 2.035535 1.347988 2.265167 4.175092 8.269842 0.166668
59 44.517101 31.765295 0.000000 2.466908 1.359414 2.300243 4.267850 8.506296 0.166667
60 44.473885 31.790203 0.000000 2.574442 1.298262 2.117366 3.785103 7.276811 0.166667
61 44.453766 31.813210 0.000000 2.872912 1.313393 2.153095 3.857737 7.404853 0.166890
62 44.410126 31.551327 0.000000 3.075061 1.383430 2.375850 4.474381 9.046962 0.166675
63 44.517979 31.626921 0.000000 2.945888 1.381615 2.374827 4.481930 9.091433 0.166678
64 44.406677 31.767757 0.000000 3.074420 1.344736 2.249964 4.116602 8.068532 0.200000
65 44.465775 31.648970 0.000000 3.067867 1.354547 2.278625 4.194742 8.278999 0.166667
66 44.394753 31.479048 0.000000 3.245064 1.351709 2.282886 4.237653 8.472379 0.168480
67 44.323898 31.602148 0.000000 3.245845 1.329378 2.217129 4.064991 8.031078 0.166667
68 44.554993 31.694017 0.000000 2.869687 1.364777 2.324908 4.350214 8.760157 0.213958
69 44.523163 31.813307 0.000000 3.078576 1.333856 2.209223 3.990202 7.698939 0.377711
70 44.263889 31.570068 0.000000 3.387698 1.363594 2.332966 4.403165 8.982043 0.197905
71 44.270531 31.573139 0.000000 3.542106 1.347250 2.274090 4.226676 8.482776 0.166667
72 44.308392 31.678207 0.000000 3.288784 1.375396 2.364936 4.484880 9.196501 0.248882
73 44.372231 31.619999 0.000000 3.540609 1.346580 2.270908 4.216470 8.454998 0.166667
74 44.464012 31.655323 0.000000 3.616694 1.312242 2.165038 3.936715 7.749581 0.166667
75 44.542423 31.610065 0.000000 3.655221 1.328171 2.219704 4.088418 8.143040 0.142857
76 44.389072 31.709269 0.000000 3.648469 1.372584 2.365480 4.518044 9.380640 0.142857
77 44.355530 31.799307 0.000000 3.668333 1.317702 2.180414 3.972315 7.820207 0.142857
78 44.463924 31.670504 0.000000 3.986705 1.299825 2.126476 3.826990 7.442876 0.142857
79 44.473049 31.650711 0.000000 4.282728 1.321247 2.180806 3.947286 7.687888 0.142857
80 44.465954 31.728102 0.000000 3.972034 1.302084 2.127817 3.819906 7.397667 0.142857
81 44.564812 31.694134 0.000000 4.634820 1.305003 2.138551 3.852112 7.490695 0.142857
82 44.504791 31.657612 0.000000 4.653818 1.313269 2.151635 3.852621 7.393368 0.142857
83 44.587128 31.640223 0.000000 4.814922 1.305008 2.123481 3.768303 7.148845 0.125000
84 44.447769 31.705105 0.000000 4.649987 1.294894 2.093203 3.694747 6.985145 0.142857
85 44.543388 31.553242 0.000000 4.593300 1.298668 2.115641 3.783203 7.293084 0.142857
86 44.490398 31.747955 0.000000 4.598092 1.296305 2.099728 3.711027 7.017367 0.142857
87 44.374031 31.703699 0.000000 4.651156 1.316874 2.172699 3.942966 7.729609 0.142876
88 44.037785 31.788532 0.000000 4.787739 1.356701 2.312246 4.351844 8.864327 0.178608
89 44.021141 31.859289 0.000000 4.883122 1.383735 2.416088 4.679697 9.842081 0.259375
90 43.760025 32.059189 0.000000 4.546054 1.363730 2.330687 4.389755 8.927917 0.142957
91 43.609074 32.025757 0.000000 4.340014 1.390196 2.415523 4.630791 9.592873 0.142895
92 43.578827 32.110874 0.000000 3.816224 1.363035 2.321857 4.352756 8.803112 0.142857
93 43.290009 32.118782 0.000000 3.604110 1.403494 2.448887 4.702267 9.730451 0.142857
95 43.110817 30.868402 0.000000 3.687960 1.418375 2.507637 4.896823 10.339879 0.142857
97 42.786076 30.655579 0.000000 2.780986 1.364011 2.341468 4.445333 9.150446 0.184654
98 43.219181 31.244997 0.000000 2.657413 1.398049 2.429211 4.644994 9.575166 0.175678
99 43.279903 31.307676 0.000000 2.355015 1.386861 2.394886 4.554325 9.346346 0.159509
100 43.248184 31.363216 0.000000 2.342696 1.429645 2.550824 5.033594 10.751741 0.142857
