%% Trajectory 27
%% frame x (pixel)     y (pixel)    z (pixel)      m0         m1           m2           m3           m4           s 
71 30.945330 75.253204 0.000000 1.775352 1.346737 2.281778 4.268259 8.641423 0.166667
72 31.234983 74.958580 0.000000 2.092857 1.347837 2.286814 4.286864 8.700638 0.166667
73 31.145754 74.834564 0.000000 2.076995 1.326217 2.222391 4.122183 8.303385 0.166667
74 30.899258 74.895180 0.000000 2.094414 1.351446 2.293190 4.295697 8.710328 0.166667
75 31.280607 74.965904 0.000000 2.222918 1.383664 2.398304 4.592807 9.511667 0.326803
76 31.167686 74.889465 0.000000 2.282780 1.386408 2.414631 4.662069 9.771028 0.200000
77 31.048265 74.819298 0.000000 2.896373 1.360885 2.329327 4.410945 9.051042 0.188262
78 31.165932 74.654770 0.000000 2.753238 1.358383 2.318984 4.376614 8.951242 0.166674
79 31.248545 74.548187 0.000000 2.989799 1.361839 2.322250 4.366545 8.876451 0.166667
80 31.340242 74.425598 0.000000 3.859652 1.325622 2.200542 4.017686 7.920862 0.201469
81 31.388277 74.364693 0.000000 3.645495 1.312189 2.144178 3.818438 7.262397 0.200000
82 31.523186 74.233696 0.000000 3.836469 1.332341 2.219823 4.056608 7.972791 0.200000
83 31.502893 74.166550 0.000000 4.458797 1.352159 2.280633 4.218796 8.386482 0.200000
84 31.590992 74.113541 0.000000 4.387953 1.324861 2.188961 3.958685 7.682242 0.250000
85 31.717188 74.240555 0.000000 4.134881 1.322152 2.187815 3.971977 7.760872 0.250000
86 31.797094 74.195976 0.000000 4.885186 1.329593 2.214882 4.055307 8.004056 0.250000
87 31.863668 74.029236 0.000000 4.834907 1.363086 2.329533 4.392208 8.949865 0.200000
88 32.052841 74.019028 0.000000 5.146158 1.394545 2.443273 4.741150 9.971038 0.250000
89 32.080856 73.882553 0.000000 5.445803 1.348530 2.295410 4.330023 8.873077 0.166667
90 32.094013 74.108383 0.000000 5.523005 1.375984 2.376817 4.542414 9.408848 0.496390
91 32.120922 74.170265 0.000000 5.454460 1.362685 2.328333 4.388945 8.941463 0.200000
92 32.174809 74.093979 0.000000 5.635909 1.353794 2.309604 4.361646 8.936078 0.200000
93 32.179661 74.170929 0.000000 5.157092 1.347243 2.276822 4.242113 8.542031 0.250000
95 32.093655 73.951019 0.000000 4.044207 1.387351 2.415262 4.653488 9.715893 0.200027
96 32.156319 74.111481 0.000000 4.613565 1.373230 2.368512 4.514413 9.314501 0.200000
97 32.109230 73.987206 0.000000 4.640898 1.382931 2.404425 4.631350 9.676220 0.200000
99 32.524963 74.276657 0.000000 4.230931 1.332558 2.202439 3.968783 7.639970 0.179611
100 32.632706 74.045494 0.000000 3.812447 1.350840 2.278387 4.212598 8.364520 0.206728
101 32.803963 74.050453 0.000000 3.392855 1.331050 2.223139 4.086929 8.108644 0.166715
102 32.677479 73.970810 0.000000 3.574572 1.350682 2.279073 4.222675 8.418311 0.200001
103 33.000782 74.066666 0.000000 3.877491 1.424112 2.540103 5.014392 10.713481 0.178332
104 33.268440 74.220543 0.000000 3.286411 1.366427 2.335847 4.402259 8.966660 0.166668
105 33.620831 74.967194 0.000000 3.320834 1.351979 2.284796 4.244827 8.497164 0.250872
106 33.323277 75.258781 0.000000 3.220423 1.366628 2.338410 4.421577 9.055525 0.250011
107 33.159412 75.332382 0.000000 2.579015 1.365757 2.338682 4.426600 9.073289 0.250000
108 32.619926 75.101921 0.000000 2.058182 1.380095 2.378699 4.531527 9.350945 0.251811
109 32.572357 75.418098 0.000000 2.118433 1.283183 2.095876 3.802657 7.544175 0.250001
110 32.888031 75.561028 0.000000 1.889651 1.353331 2.280782 4.210879 8.349128 0.200000
