%% Trajectory 38
%% frame x (pixel)     y (pixel)    z (pixel)      m0         m1           m2           m3           m4           s 
74 28.622530 63.992085 0.000000 0.511956 1.443012 2.631977 5.360693 11.908134 0.208790
75 29.127121 63.656860 0.000000 0.457767 1.534808 2.937453 6.252147 14.414559 0.178666
77 28.583811 62.521790 0.000000 0.391062 1.519074 2.882534 6.065848 13.797094 0.221631
78 28.701422 62.289925 0.000000 0.535719 1.346470 2.251013 4.117007 8.073833 0.200000
80 28.886816 62.700935 0.000000 0.472791 1.493895 2.823948 5.959186 13.669692 0.223820
81 28.712568 62.690395 0.000000 0.626446 1.472705 2.671452 5.328956 11.439597 0.331394
82 28.452047 62.576687 0.000000 1.001742 1.347448 2.269959 4.192530 8.318722 0.279113
83 28.617308 62.470932 0.000000 0.944040 1.360512 2.285055 4.177250 8.138237 0.205016
84 28.678814 62.568916 0.000000 1.088572 1.327730 2.213356 4.067856 8.093756 0.212908
85 28.544626 62.358429 0.000000 1.248743 1.338849 2.230934 4.074929 8.004234 0.306081
86 28.585531 62.278904 0.000000 1.155187 1.310072 2.150555 3.870313 7.492087 0.385806
87 28.653887 62.465076 0.000000 1.304796 1.342005 2.236603 4.073394 7.943610 0.274227
88 28.567842 62.222656 0.000000 1.427587 1.345381 2.260047 4.165294 8.259615 0.221247
89 28.719633 62.424847 0.000000 1.610851 1.335335 2.218555 4.027153 7.829014 0.143732
90 28.739017 62.345924 0.000000 1.558038 1.296568 2.112917 3.782295 7.305232 0.197142
91 28.605196 62.374268 0.000000 1.323498 1.333674 2.212868 4.007147 7.759058 0.310409
92 28.730370 62.280926 0.000000 1.562194 1.351745 2.275951 4.199794 8.323308 0.335645
93 28.808363 62.340027 0.000000 1.463537 1.375940 2.342800 4.361723 8.698549 0.440913
94 28.773346 62.284832 0.000000 1.506852 1.373104 2.346513 4.407776 8.920838 0.242298
95 28.945002 62.235641 0.000000 1.581204 1.355667 2.301635 4.306732 8.705841 0.152269
96 28.989836 62.297882 0.000000 1.470709 1.385763 2.407399 4.620296 9.592026 0.295882
97 29.100243 62.363052 0.000000 1.775750 1.344318 2.262385 4.191120 8.382319 0.174494
98 29.314150 62.331108 0.000000 1.469649 1.324425 2.201058 4.025283 7.949903 0.302681
99 29.486849 62.447811 0.000000 1.344328 1.361704 2.307379 4.285666 8.552133 0.218587
100 29.523483 62.275803 0.000000 1.513409 1.323510 2.184007 3.942429 7.633634 0.166712
101 29.358177 62.251419 0.000000 1.598860 1.316196 2.165042 3.891153 7.489834 0.200004
102 29.679989 62.193680 0.000000 1.274305 1.395037 2.419312 4.605802 9.427337 0.166692
103 29.660257 62.462494 0.000000 1.338760 1.464346 2.656097 5.314073 11.475053 0.200000
104 29.690672 61.947155 0.000000 1.252888 1.421925 2.523900 4.956451 10.539532 0.166667
105 29.850111 61.771370 0.000000 1.267320 1.412526 2.479009 4.795332 10.014720 0.200012
106 29.776890 61.668644 0.000000 0.857951 1.395084 2.414423 4.591340 9.401676 0.185841
