%% Trajectory 13
%% frame x (pixel)     y (pixel)    z (pixel)      m0         m1           m2           m3           m4           s 
36 81.174583 54.500648 0.000000 1.595505 1.430400 2.548804 5.014884 10.663964 0.200000
38 80.769508 54.273636 0.000000 1.857389 1.523042 2.856449 5.897375 13.095034 0.250000
39 80.747406 54.608189 0.000000 1.875420 1.393248 2.444957 4.759886 10.065033 0.211980
40 80.866241 54.400661 0.000000 2.194916 1.387513 2.411792 4.633401 9.637860 0.250000
41 80.975594 54.544361 0.000000 2.183867 1.491841 2.757985 5.632271 12.413163 0.250000
42 80.855110 54.572266 0.000000 2.496942 1.439719 2.566945 5.036637 10.641538 0.496478
43 80.959137 54.643299 0.000000 2.720471 1.441238 2.585746 5.122591 10.958964 0.200004
44 81.132164 54.639160 0.000000 2.636616 1.471447 2.687761 5.436265 11.900597 0.250000
45 81.095085 54.567196 0.000000 2.982247 1.426202 2.542889 5.014831 10.698610 0.200000
46 81.060936 54.511192 0.000000 2.457213 1.457876 2.631992 5.225731 11.157741 0.237067
47 80.859657 54.494701 0.000000 2.918516 1.413323 2.490171 4.841280 10.168482 0.200000
48 81.094849 54.486294 0.000000 3.465781 1.427717 2.533351 4.950883 10.425306 0.166667
49 81.066238 54.891117 0.000000 3.190729 1.431215 2.543455 4.973104 10.465821 0.167785
50 80.941338 54.602837 0.000000 3.178025 1.377549 2.373644 4.510124 9.258203 0.290381
51 81.066483 54.820503 0.000000 3.615516 1.448421 2.604064 5.155503 10.989180 0.174697
52 80.815948 54.797680 0.000000 3.688215 1.450048 2.604460 5.156893 11.015062 0.223085
53 80.854355 54.524357 0.000000 4.062711 1.361428 2.314738 4.331260 8.745593 0.169614
54 80.917992 54.673958 0.000000 3.732733 1.422774 2.529592 4.974409 10.584394 0.166667
55 80.961594 54.661324 0.000000 4.175028 1.412853 2.481664 4.804073 10.034179 0.167036
56 81.022850 54.538155 0.000000 4.256771 1.405328 2.467201 4.781537 10.012888 0.166668
57 81.018684 54.560440 0.000000 3.786133 1.439765 2.579558 5.105533 10.915588 0.225018
58 81.038292 54.842690 0.000000 3.562652 1.455662 2.638776 5.284918 11.430879 0.208202
59 80.897652 54.841961 0.000000 3.784308 1.417081 2.515666 4.950169 10.562834 0.211740
60 80.770790 54.599476 0.000000 3.490360 1.378473 2.390034 4.598062 9.620888 0.200000
61 80.602020 54.454117 0.000000 3.488588 1.323338 2.179641 3.914546 7.510467 0.200000
62 80.597389 54.333775 0.000000 4.228648 1.327350 2.200149 4.000065 7.827417 0.250000
63 80.629234 54.332123 0.000000 3.879033 1.376187 2.355445 4.434992 9.007968 0.200000
64 80.364464 54.190876 0.000000 3.876817 1.409173 2.484592 4.850303 10.264629 0.166667
65 80.412971 54.250862 0.000000 3.946709 1.326027 2.200724 4.016006 7.910912 0.200000
66 80.384232 53.835686 0.000000 3.688124 1.337399 2.237538 4.117705 8.176816 0.200000
67 80.193626 53.491344 0.000000 3.816221 1.371024 2.345073 4.412073 8.947793 0.166667
68 79.788887 53.814484 0.000000 3.266794 1.360878 2.336828 4.455839 9.250227 0.142857
69 79.620834 53.675648 0.000000 2.592584 1.385637 2.434015 4.784189 10.303956 0.143552
70 79.630371 53.509506 0.000000 2.645991 1.403859 2.455572 4.740877 9.896597 0.294856
71 79.676132 53.723701 0.000000 2.466822 1.258994 2.003827 3.518152 6.710033 0.145331
72 79.813080 53.287220 0.000000 2.405018 1.328040 2.235110 4.181519 8.538734 0.207078
