%% Trajectory 12
%% frame x (pixel)     y (pixel)    z (pixel)      m0         m1           m2           m3           m4           s 
28 27.847364 15.754754 0.000000 1.382518 1.249984 1.978706 3.429153 6.387197 0.172526
29 27.940884 15.651507 0.000000 1.492751 1.249955 1.982762 3.443352 6.425282 0.166667
30 27.917299 15.628839 0.000000 1.387530 1.217431 1.882657 3.191712 5.837811 0.166668
31 27.711983 15.575174 0.000000 1.581309 1.221410 1.886856 3.190464 5.814014 0.166667
32 27.745823 15.798639 0.000000 1.990580 1.251371 1.972233 3.403929 6.324696 0.200000
33 28.030161 15.722008 0.000000 2.232724 1.328086 2.234524 4.155703 8.371533 0.200000
34 27.820993 15.816118 0.000000 2.405044 1.314720 2.175322 3.961176 7.787793 0.201019
35 27.975729 15.848268 0.000000 2.131768 1.306916 2.152568 3.898416 7.611520 0.200000
36 27.846714 15.742255 0.000000 2.125242 1.290482 2.099683 3.759234 7.271874 0.200000
37 27.953924 15.721395 0.000000 2.431995 1.300283 2.132243 3.857053 7.558039 0.200000
38 28.042852 15.882929 0.000000 2.836943 1.334593 2.233219 4.104656 8.120266 0.200449
39 28.013567 15.779481 0.000000 2.812949 1.331922 2.233670 4.125177 8.220308 0.200000
40 28.007030 15.890336 0.000000 2.984010 1.348279 2.288712 4.291984 8.711690 0.200000
41 27.899830 15.894607 0.000000 3.056931 1.335313 2.242437 4.150362 8.296369 0.369714
42 27.823851 15.941584 0.000000 3.194103 1.328583 2.219966 4.092541 8.161737 0.375501
43 28.009893 15.849718 0.000000 3.199433 1.370327 2.357995 4.483089 9.220241 0.200806
44 27.952538 15.904457 0.000000 3.107243 1.352818 2.304062 4.338316 8.849188 0.200134
45 28.060251 15.851767 0.000000 3.067520 1.349803 2.286833 4.273106 8.633596 0.291077
46 28.063404 15.843229 0.000000 3.591207 1.369413 2.343016 4.409647 8.941581 0.243763
47 28.014320 15.871655 0.000000 3.175998 1.352071 2.294501 4.293553 8.679693 0.200000
48 27.975739 15.826241 0.000000 3.340810 1.350467 2.285006 4.254059 8.536507 0.166667
49 28.034538 15.907623 0.000000 3.462548 1.384062 2.402426 4.610482 9.578500 0.176270
50 28.033821 15.911371 0.000000 3.465359 1.371402 2.359820 4.477738 9.172910 0.174669
51 28.063177 15.912374 0.000000 3.409736 1.352327 2.292168 4.274860 8.592610 0.166679
52 28.076878 15.845330 0.000000 3.547881 1.345652 2.265331 4.182083 8.292029 0.318926
53 28.077349 16.093348 0.000000 3.608173 1.359381 2.322382 4.381774 8.944495 0.238467
54 28.115913 15.935294 0.000000 3.402915 1.362521 2.328675 4.386174 8.917975 0.285480
55 28.110540 16.003708 0.000000 3.502451 1.372618 2.375753 4.556840 9.484382 0.187940
56 28.163790 16.184788 0.000000 3.816460 1.312881 2.166995 3.934947 7.710288 0.166689
57 28.151600 16.402185 0.000000 3.763886 1.283115 2.062824 3.624417 6.829265 0.166747
58 28.310936 16.559280 0.000000 3.784615 1.291031 2.081641 3.663323 6.902189 0.168794
59 28.270151 16.651451 0.000000 3.500549 1.302252 2.115485 3.747733 7.098104 0.169834
60 28.250494 16.803179 0.000000 3.444752 1.311185 2.146187 3.836561 7.340800 0.125000
61 28.283669 16.930208 0.000000 3.561471 1.342528 2.260076 4.194510 8.419699 0.142857
62 28.504889 16.944889 0.000000 3.475937 1.311965 2.155175 3.886951 7.556295 0.142857
63 28.593767 17.228172 0.000000 3.560411 1.301356 2.126154 3.813561 7.374021 0.142857
64 28.498045 17.134026 0.000000 3.554960 1.345735 2.262228 4.177378 8.308136 0.142857
65 28.103590 16.727362 0.000000 3.187271 1.326893 2.205045 4.022025 7.896389 0.125000
66 28.047655 16.847416 0.000000 2.824954 1.406519 2.470019 4.787570 10.022726 0.142857
67 27.986422 16.811178 0.000000 1.901928 1.371595 2.352428 4.446775 9.076392 0.125030
68 27.792774 16.954342 0.000000 1.680123 1.360530 2.334059 4.433402 9.137298 0.128233
69 28.227346 16.823683 0.000000 1.161386 1.361539 2.322759 4.386979 9.002869 0.125059
