%% Trajectory 17
%% frame x (pixel)     y (pixel)    z (pixel)      m0         m1           m2           m3           m4           s 
66 52.906227 20.804741 0.000000 1.374851 1.315182 2.182873 3.992558 7.890561 0.200000
67 52.840939 20.962145 0.000000 1.767758 1.357563 2.324378 4.410170 9.085482 0.200000
68 52.911968 20.940941 0.000000 1.894468 1.390603 2.428557 4.699135 9.861315 0.200000
69 52.621635 20.946455 0.000000 1.933739 1.324801 2.210341 4.075633 8.152830 0.200000
70 52.681686 20.890594 0.000000 1.733871 1.340372 2.250492 4.158362 8.293247 0.200000
71 52.683025 20.961365 0.000000 1.685166 1.361580 2.328380 4.387253 8.916206 0.200000
72 52.714386 20.941725 0.000000 1.997730 1.348131 2.271719 4.209254 8.403944 0.200000
73 52.781879 20.792379 0.000000 2.171850 1.316376 2.179240 3.969003 7.799251 0.200000
74 52.803745 20.898628 0.000000 2.521458 1.337834 2.241418 4.130924 8.210925 0.200000
75 52.597260 20.954496 0.000000 2.394409 1.302041 2.132269 3.838007 7.455434 0.250048
76 52.609383 20.739288 0.000000 2.719541 1.268497 2.017725 3.506135 6.535528 0.258236
77 52.762833 20.822626 0.000000 3.372160 1.289835 2.088968 3.709855 7.091438 0.200000
78 52.743561 20.681950 0.000000 3.013561 1.265992 2.015614 3.519961 6.629680 0.253248
79 52.792480 20.827362 0.000000 3.071636 1.318042 2.175673 3.939874 7.677222 0.250378
80 52.772823 20.831947 0.000000 3.323076 1.303430 2.127204 3.803061 7.310037 0.200000
81 52.691196 20.846659 0.000000 3.459601 1.301262 2.123645 3.800543 7.319551 0.166667
82 52.685638 20.875113 0.000000 3.942389 1.335162 2.224765 4.062061 7.966908 0.200000
83 52.671936 20.772682 0.000000 3.857530 1.289263 2.079078 3.664162 6.924819 0.200000
84 52.663410 20.792313 0.000000 3.614788 1.298939 2.109679 3.745677 7.130358 0.250000
85 52.760448 20.851604 0.000000 4.070192 1.327414 2.205580 4.025243 7.915314 0.250000
86 52.741890 20.821161 0.000000 4.247513 1.309082 2.145442 3.854042 7.445689 0.251173
87 52.746086 20.903994 0.000000 4.172636 1.343388 2.255960 4.157008 8.236328 0.265464
88 52.632141 20.876783 0.000000 4.690807 1.310914 2.148721 3.855852 7.429590 0.250000
89 52.646599 20.855145 0.000000 4.787336 1.309715 2.145082 3.845328 7.399346 0.250000
90 52.540054 20.875233 0.000000 4.749557 1.297165 2.104206 3.731502 7.096372 0.200000
91 52.615974 20.925356 0.000000 5.229181 1.324332 2.193080 3.980459 7.765480 0.200000
92 52.618698 20.837759 0.000000 4.871883 1.305100 2.128590 3.794989 7.254161 0.200000
93 52.543289 20.854708 0.000000 5.015452 1.298072 2.102307 3.715412 7.026544 0.200000
94 52.703072 20.908806 0.000000 4.951194 1.319278 2.174862 3.926498 7.611310 0.200000
95 52.745182 20.938364 0.000000 5.868171 1.335169 2.232414 4.104342 8.135103 0.200000
96 52.681084 21.021105 0.000000 5.805895 1.342431 2.257925 4.178237 8.339371 0.200000
97 52.764706 20.984493 0.000000 5.461211 1.347237 2.274556 4.226141 8.468432 0.237735
98 52.966080 21.076962 0.000000 5.355612 1.388113 2.413936 4.631663 9.596015 0.200639
99 53.030258 21.107588 0.000000 4.891973 1.375080 2.373437 4.524899 9.328353 0.250007
100 53.098598 21.333111 0.000000 5.305767 1.337766 2.236667 4.103863 8.101066 0.430403
101 53.118141 21.449923 0.000000 4.643878 1.320097 2.184073 3.969252 7.773774 0.250635
102 53.109459 21.495070 0.000000 4.751303 1.318175 2.174916 3.937177 7.673222 0.250001
103 53.275799 21.771395 0.000000 4.108880 1.329058 2.197889 3.965560 7.649187 0.200000
104 53.333065 21.928503 0.000000 4.247301 1.336587 2.238686 4.128679 8.226721 0.200048
105 53.404583 22.223318 0.000000 3.858593 1.319844 2.184697 3.975027 7.801000 0.250000
106 53.356323 22.358419 0.000000 2.917457 1.344514 2.258797 4.163628 8.252081 0.200137
107 53.307934 22.431782 0.000000 2.414298 1.299315 2.115373 3.769195 7.209776 0.250000
108 53.671383 22.126829 0.000000 2.002486 1.408254 2.471131 4.782336 9.989758 0.200001
110 53.202415 22.202930 0.000000 1.549263 1.401558 2.447067 4.693233 9.678267 0.200000
111 53.041508 22.183001 0.000000 0.812067 1.346520 2.303415 4.360641 8.934686 0.200208
