%% Trajectory 9
%% frame x (pixel)     y (pixel)    z (pixel)      m0         m1           m2           m3           m4           s 
36 20.875366 19.118635 0.000000 2.434066 1.342558 2.298037 4.386832 9.153089 0.250000
38 20.676727 19.286425 0.000000 2.323493 1.260549 1.996009 3.454615 6.419540 0.200000
39 21.123169 19.144682 0.000000 2.377035 1.323242 2.199920 4.024428 7.945075 0.166725
40 20.791424 19.468962 0.000000 2.647157 1.274626 2.048889 3.618847 6.905103 0.195975
41 20.908609 19.278713 0.000000 2.684407 1.355812 2.303828 4.316488 8.738954 0.200390
42 20.838516 19.245230 0.000000 2.349937 1.385189 2.385452 4.509847 9.168935 0.166669
43 20.890167 19.355045 0.000000 2.701633 1.293449 2.102074 3.746584 7.186468 0.250000
44 20.889315 19.382950 0.000000 2.828120 1.314536 2.169680 3.943720 7.749538 0.250000
45 20.747692 19.335104 0.000000 2.953008 1.331593 2.216127 4.044325 7.934752 0.166667
46 21.096422 19.378996 0.000000 3.189893 1.339187 2.263803 4.239356 8.632511 0.200735
47 20.695108 19.588131 0.000000 3.649651 1.330405 2.201864 3.976109 7.675508 0.200000
48 20.928099 19.448486 0.000000 3.698240 1.342720 2.252450 4.147743 8.216597 0.200000
49 20.878756 19.553213 0.000000 4.087571 1.324898 2.184541 3.932489 7.575766 0.280120
50 20.910353 19.431213 0.000000 3.810543 1.366628 2.331916 4.377805 8.859743 0.200000
51 20.936962 19.516008 0.000000 4.335853 1.362954 2.324017 4.358550 8.807153 0.246685
52 21.027874 19.531696 0.000000 4.509711 1.408176 2.472190 4.785939 10.003712 0.223628
53 20.915142 19.544228 0.000000 4.943432 1.392170 2.410169 4.580275 9.355793 0.200000
54 21.138348 19.342846 0.000000 4.431384 1.389498 2.416595 4.642416 9.649701 0.200000
55 21.074373 19.369961 0.000000 4.877285 1.394987 2.434862 4.693873 9.786773 0.200000
56 21.185240 19.431000 0.000000 5.043627 1.360608 2.312181 4.322998 8.719538 0.200000
57 21.131680 19.539804 0.000000 4.972697 1.383685 2.391104 4.554142 9.366329 0.265344
58 21.408638 19.432884 0.000000 5.168709 1.394210 2.416591 4.608890 9.479552 0.200145
59 21.435623 19.517654 0.000000 5.119303 1.399868 2.440368 4.692413 9.752631 0.333333
60 21.441586 19.495613 0.000000 5.582816 1.363887 2.310877 4.292101 8.567404 0.250129
61 21.537966 19.738092 0.000000 5.312837 1.407284 2.466682 4.771706 9.979268 0.250084
62 21.651552 19.791271 0.000000 5.567255 1.438465 2.569459 5.061484 10.759828 0.265953
63 21.833153 19.810738 0.000000 5.270529 1.449791 2.630833 5.292382 11.537876 0.279055
64 21.880039 20.294044 0.000000 5.256174 1.512731 2.830151 5.847048 13.026966 0.250000
65 22.045410 20.061987 0.000000 4.803431 1.482347 2.747271 5.654471 12.610673 0.250000
66 22.164053 20.193430 0.000000 4.383513 1.445401 2.623458 5.292497 11.588648 0.250000
67 22.243061 20.125050 0.000000 3.695723 1.464299 2.696101 5.533823 12.352332 0.301136
68 22.231440 19.626173 0.000000 3.190059 1.568811 3.057884 6.602098 15.379059 0.250000
70 22.061007 20.219393 0.000000 2.755889 1.491113 2.802087 5.862693 13.295944 0.250000
