%% Trajectory 15
%% frame x (pixel)     y (pixel)    z (pixel)      m0         m1           m2           m3           m4           s 
59 48.162323 32.607136 0.000000 0.853765 1.455246 2.648926 5.347263 11.695279 0.250001
60 48.224350 33.273010 0.000000 0.950589 1.495568 2.784555 5.742807 12.808232 0.231492
61 48.238605 33.260765 0.000000 1.007004 1.491923 2.745518 5.581142 12.247049 0.200022
62 48.220966 33.463261 0.000000 1.389310 1.399938 2.453622 4.755570 9.978656 0.200000
63 47.913002 33.473293 0.000000 1.538006 1.468142 2.677752 5.391654 11.718118 0.250000
64 47.988739 33.260723 0.000000 1.394765 1.459926 2.676011 5.447468 12.018388 0.250000
65 48.271027 33.212730 0.000000 1.668312 1.474184 2.696972 5.455637 11.928843 0.200000
66 48.141212 33.300003 0.000000 1.729940 1.477003 2.697495 5.429194 11.770605 0.250000
67 48.090916 33.534168 0.000000 1.102336 1.531420 2.896631 6.051806 13.623545 0.200163
68 47.951237 33.596996 0.000000 1.591904 1.489300 2.737317 5.541468 12.078498 0.250000
69 48.047623 33.644909 0.000000 1.592267 1.530656 2.906277 6.096238 13.770533 0.250014
70 48.202030 33.986225 0.000000 1.983937 1.471021 2.698533 5.482787 12.050242 0.333333
71 48.117813 33.628525 0.000000 1.707870 1.530795 2.901390 6.066352 13.650130 0.333333
72 48.354225 33.607529 0.000000 2.191116 1.364459 2.312516 4.304355 8.625636 0.333336
73 48.185150 33.979488 0.000000 2.103682 1.486550 2.757316 5.654475 12.516612 0.250010
74 48.085331 33.805614 0.000000 2.419958 1.472435 2.689331 5.416245 11.747735 0.250142
75 48.165337 33.736397 0.000000 2.447924 1.439178 2.582647 5.121362 10.974413 0.200000
76 48.060932 33.717564 0.000000 2.347417 1.492332 2.743471 5.552795 12.088224 0.200081
77 48.051666 33.548820 0.000000 2.571820 1.505769 2.814551 5.823895 13.013701 0.200001
78 48.230278 33.671417 0.000000 2.550612 1.412415 2.476889 4.774897 9.899555 0.250000
79 48.277515 33.519966 0.000000 2.325217 1.467741 2.693254 5.485032 12.106036 0.250000
80 48.483479 33.535248 0.000000 2.510041 1.363034 2.307517 4.285525 8.561586 0.250000
81 48.487549 33.518024 0.000000 2.731239 1.422686 2.507326 4.867910 10.193500 0.200003
82 48.381050 33.385761 0.000000 2.769682 1.318120 2.161466 3.865675 7.389528 0.200000
83 48.531864 33.516335 0.000000 2.798875 1.406178 2.458336 4.733618 9.830253 0.200000
84 48.780445 33.660801 0.000000 2.451047 1.419375 2.524464 4.981184 10.664689 0.200000
85 48.638615 33.677925 0.000000 2.729134 1.380280 2.382720 4.535721 9.324482 0.200001
86 48.815792 34.150280 0.000000 3.118414 1.376660 2.366416 4.475904 9.126011 0.250000
87 48.919621 34.162643 0.000000 2.725791 1.364851 2.333948 4.400933 8.967546 0.250066
88 49.175461 34.216244 0.000000 2.788849 1.380913 2.375472 4.489264 9.128240 0.256857
89 49.238728 34.281403 0.000000 2.989365 1.315313 2.156497 3.866837 7.437372 0.250000
90 49.240364 34.421543 0.000000 2.661213 1.362804 2.328267 4.398060 9.008169 0.318674
91 49.281281 34.373913 0.000000 2.481425 1.417058 2.469428 4.702020 9.577467 0.250000
92 49.207561 34.836014 0.000000 2.344937 1.367844 2.332024 4.372451 8.835616 0.200000
94 49.002918 34.831722 0.000000 2.579635 1.356455 2.324637 4.419038 9.126894 0.250000
96 49.504719 34.471363 0.000000 2.303636 1.291556 2.090077 3.708080 7.084856 0.250000
97 49.267559 35.071476 0.000000 2.014178 1.383690 2.403654 4.638462 9.748743 0.200000
