%% Trajectory 8
%% frame x (pixel)     y (pixel)    z (pixel)      m0         m1           m2           m3           m4           s 
15 45.666126 22.322050 0.000000 1.202443 1.301339 2.140187 3.894531 7.708570 0.160303
16 45.787876 22.218599 0.000000 1.367873 1.306882 2.152968 3.917326 7.728937 0.281462
17 45.414753 22.231949 0.000000 1.464107 1.328396 2.225465 4.118952 8.263970 0.167117
18 45.558723 22.519135 0.000000 1.608485 1.303942 2.118160 3.755324 7.126280 0.201729
19 45.488560 22.632349 0.000000 1.970669 1.279792 2.052580 3.606622 6.821469 0.200000
20 45.787357 22.331297 0.000000 1.976301 1.317947 2.183295 3.988658 7.893572 0.200595
21 45.592888 22.709604 0.000000 2.153305 1.295934 2.094974 3.694752 6.972263 0.216714
22 45.481419 22.497448 0.000000 2.115491 1.294300 2.110060 3.791489 7.382019 0.232803
23 45.666821 22.493996 0.000000 1.808455 1.252901 1.988877 3.478605 6.601853 0.255278
24 45.622540 22.549276 0.000000 2.065344 1.277689 2.044749 3.573499 6.693346 0.267107
25 45.656643 22.617971 0.000000 2.075533 1.304484 2.129216 3.808259 7.326773 0.200023
26 45.696770 22.573385 0.000000 2.257907 1.304228 2.121181 3.766720 7.161730 0.283766
27 45.644882 22.504131 0.000000 2.597745 1.270650 2.026943 3.538865 6.643225 0.252075
28 45.665745 22.496294 0.000000 2.665965 1.276373 2.046761 3.596216 6.801597 0.219332
29 45.675358 22.509161 0.000000 2.804436 1.290916 2.096656 3.749000 7.255856 0.336578
30 45.761806 22.528463 0.000000 2.602172 1.279751 2.061948 3.652171 6.990850 0.256345
31 45.888611 22.513575 0.000000 2.478992 1.313786 2.179462 4.003682 8.004888 0.250000
32 45.788265 22.528296 0.000000 3.007998 1.272303 2.034146 3.565089 6.731753 0.200102
33 45.727211 22.527227 0.000000 3.401199 1.280915 2.068697 3.677379 7.075397 0.202350
34 45.734360 22.417944 0.000000 3.317842 1.305109 2.137158 3.846061 7.470696 0.200009
35 45.606956 22.512203 0.000000 3.032753 1.275265 2.036519 3.552524 6.644909 0.200266
36 45.657623 22.505356 0.000000 3.264797 1.272085 2.028676 3.534180 6.602801 0.200224
37 45.607090 22.505444 0.000000 3.564385 1.293469 2.097286 3.726296 7.123134 0.200001
38 45.714741 22.469336 0.000000 3.600428 1.293915 2.103785 3.760785 7.263705 0.232767
39 45.733315 22.590494 0.000000 3.514451 1.296140 2.109857 3.773282 7.283126 0.166667
40 45.687752 22.556780 0.000000 3.622647 1.259852 1.994634 3.453760 6.425889 0.166667
41 45.739452 22.609774 0.000000 3.704409 1.305226 2.138263 3.849001 7.476220 0.142857
42 45.791073 22.497873 0.000000 3.749943 1.289121 2.085425 3.701343 7.080430 0.166667
43 45.713219 22.706963 0.000000 3.776426 1.293662 2.097853 3.729920 7.140254 0.142857
44 45.566547 22.834881 0.000000 3.490547 1.306198 2.135290 3.821305 7.342490 0.163843
45 45.529854 22.879015 0.000000 3.885096 1.298430 2.107614 3.735868 7.090600 0.142870
46 45.313957 22.920967 0.000000 3.548927 1.323638 2.193676 3.993559 7.833955 0.142927
47 45.294662 23.040264 0.000000 3.720104 1.336099 2.232086 4.092689 8.072465 0.142871
48 45.219734 23.071045 0.000000 3.581702 1.325750 2.202419 4.016686 7.883768 0.212572
49 45.242802 23.129391 0.000000 3.156297 1.297788 2.111901 3.768589 7.237913 0.235978
50 45.108749 23.248896 0.000000 3.217626 1.348579 2.274362 4.211982 8.393209 0.142868
51 45.022522 23.634134 0.000000 2.956994 1.381701 2.393813 4.584348 9.504462 0.168433
52 44.950302 23.669434 0.000000 2.559198 1.379991 2.381438 4.534359 9.333175 0.193019
53 45.198170 23.754892 0.000000 1.888324 1.328510 2.210392 4.035640 7.929839 0.121543
54 44.832977 23.706573 0.000000 1.504030 1.306584 2.134222 3.815367 7.321208 0.125000
