%% Trajectory 16
%% frame x (pixel)     y (pixel)    z (pixel)      m0         m1           m2           m3           m4           s 
49 60.047974 68.186401 0.000000 1.058507 1.359214 2.358245 4.562926 9.633142 0.200000
51 60.188316 67.868340 0.000000 1.180062 1.378712 2.402293 4.641987 9.736872 0.200000
54 60.217632 68.530266 0.000000 1.786682 1.351689 2.298986 4.318082 8.777864 0.200000
55 59.885246 68.030327 0.000000 1.836349 1.384775 2.423809 4.724349 10.043092 0.200000
56 60.061741 68.239716 0.000000 2.003359 1.417003 2.506223 4.908709 10.414551 0.166667
57 59.976543 68.534782 0.000000 2.155443 1.296863 2.126159 3.841769 7.514236 0.166667
58 60.095123 68.206963 0.000000 2.396216 1.321755 2.181058 3.944552 7.669228 0.200000
59 60.108963 68.438606 0.000000 2.348767 1.297596 2.121309 3.813936 7.404435 0.200000
60 59.983822 68.258850 0.000000 2.485568 1.284779 2.097917 3.784736 7.408535 0.166667
61 60.097378 68.169189 0.000000 2.428356 1.352627 2.294344 4.292986 8.688723 0.166667
62 60.056454 68.215309 0.000000 3.129227 1.346239 2.260925 4.169047 8.270442 0.200000
63 60.071377 68.242691 0.000000 3.001960 1.348715 2.288624 4.296976 8.755077 0.166667
64 60.170792 68.487656 0.000000 3.420585 1.279156 2.049359 3.588565 6.741019 0.166667
65 60.020924 68.350044 0.000000 2.803380 1.346190 2.272591 4.216445 8.421701 0.166667
66 60.061703 68.312012 0.000000 3.088667 1.356587 2.302675 4.313071 8.743973 0.142857
67 60.212254 68.286667 0.000000 3.660281 1.294252 2.098791 3.729460 7.127547 0.142857
68 60.287773 68.206680 0.000000 3.189773 1.304804 2.117997 3.750129 7.102307 0.142857
69 60.286388 68.367004 0.000000 3.589768 1.265270 2.008982 3.486181 6.492917 0.142857
70 60.376221 68.476028 0.000000 3.600196 1.322915 2.171907 3.883085 7.407971 0.168574
71 60.199165 68.471565 0.000000 3.492991 1.246190 1.954977 3.354471 6.189355 0.166670
72 60.229836 68.318909 0.000000 3.697588 1.329375 2.200861 3.980964 7.710185 0.142857
73 60.210930 68.402397 0.000000 3.944825 1.315224 2.162285 3.894684 7.541996 0.166667
74 60.209522 68.239967 0.000000 4.250072 1.320878 2.184410 3.972829 7.800995 0.166667
75 60.328152 68.286201 0.000000 4.487368 1.289433 2.083670 3.684733 6.997259 0.166667
76 60.165958 68.184204 0.000000 4.315809 1.358755 2.312291 4.332535 8.757613 0.166667
77 60.256359 68.286850 0.000000 4.215602 1.313800 2.161756 3.897677 7.553667 0.166667
78 60.345940 68.195137 0.000000 4.478757 1.324967 2.193431 3.980649 7.767937 0.166667
79 60.306896 68.321884 0.000000 4.433627 1.325793 2.188949 3.945431 7.607314 0.166667
80 60.243065 68.360802 0.000000 4.812714 1.308040 2.135049 3.804263 7.253998 0.142857
81 60.327206 68.288391 0.000000 4.226651 1.331530 2.214638 4.045347 7.963654 0.166667
82 60.309208 68.352547 0.000000 4.612018 1.301172 2.118538 3.780218 7.253804 0.166667
83 60.239834 68.296417 0.000000 5.231750 1.334283 2.233764 4.124169 8.239011 0.213433
84 60.082985 68.177536 0.000000 5.030725 1.369433 2.353701 4.468091 9.174917 0.200009
85 59.922607 67.939255 0.000000 4.707251 1.413169 2.515690 4.972246 10.669096 0.167301
86 59.904621 68.097740 0.000000 4.752838 1.366812 2.351319 4.478918 9.256754 0.166705
87 60.089527 67.951706 0.000000 4.736086 1.395765 2.441458 4.713575 9.827724 0.170685
88 59.842087 67.878906 0.000000 5.482439 1.368412 2.363795 4.540257 9.502312 0.166667
89 59.807400 67.625305 0.000000 5.121421 1.348067 2.272523 4.221538 8.477360 0.212355
90 59.862247 67.582848 0.000000 4.912042 1.293379 2.091880 3.695027 6.990714 0.173152
91 59.751453 67.401833 0.000000 4.989576 1.345951 2.260850 4.175138 8.316136 0.168454
92 59.833347 67.289017 0.000000 4.898283 1.368555 2.352900 4.476983 9.242564 0.203120
93 59.828854 67.118591 0.000000 4.047122 1.428535 2.551975 5.046664 10.807788 0.200000
94 59.948586 67.123260 0.000000 4.260378 1.408874 2.483976 4.840221 10.200178 0.200002
95 59.894230 66.860176 0.000000 4.364599 1.390052 2.429056 4.709232 9.916012 0.166667
96 59.822823 66.561409 0.000000 3.941089 1.335773 2.234843 4.123284 8.234205 0.142857
98 59.294827 66.616348 0.000000 2.175432 1.425094 2.553627 5.068887 10.893688 0.276305
