%% Trajectory 16
%% frame x (pixel)     y (pixel)    z (pixel)      m0         m1           m2           m3           m4           s 
38 61.333004 29.503654 0.000000 1.430722 1.407873 2.515830 5.047432 11.116940 0.200000
39 61.501984 29.456499 0.000000 1.136564 1.297954 2.169617 4.095555 8.587176 0.166670
40 61.696552 29.487165 0.000000 1.217507 1.328705 2.247572 4.245594 8.795568 0.200000
41 61.393150 29.515596 0.000000 1.401539 1.350455 2.354661 4.649676 10.177350 0.200000
42 61.970299 29.507385 0.000000 1.385384 1.245719 1.988544 3.526269 6.843539 0.226623
43 61.379295 29.510710 0.000000 1.478273 1.366907 2.389818 4.699594 10.178935 0.201598
44 61.738903 29.329779 0.000000 1.660157 1.314570 2.190908 4.043640 8.111526 0.250000
45 61.629913 29.448206 0.000000 1.738739 1.392151 2.468008 4.908766 10.713742 0.200000
46 61.646008 29.619968 0.000000 2.454829 1.345421 2.278444 4.269847 8.691674 0.250000
47 61.690117 29.350508 0.000000 2.038771 1.321028 2.195694 4.029780 8.021277 0.333333
48 61.497181 29.403919 0.000000 1.708795 1.287690 2.111744 3.848982 7.673802 0.250000
49 61.707428 29.378468 0.000000 2.041034 1.308025 2.156609 3.924014 7.741723 0.200000
50 61.592949 29.477907 0.000000 2.368213 1.357798 2.336507 4.487528 9.434493 0.200000
51 61.478088 29.493984 0.000000 2.146167 1.390972 2.448336 4.805616 10.296752 0.166667
52 61.456760 29.556581 0.000000 2.364235 1.392623 2.474018 4.940432 10.844373 0.142857
53 61.431229 29.494320 0.000000 2.682381 1.395242 2.457092 4.819787 10.309693 0.166667
54 61.583321 29.585400 0.000000 2.820434 1.378439 2.401236 4.659596 9.872758 0.142857
55 61.691654 29.629206 0.000000 2.932526 1.290930 2.084514 3.677079 6.952294 0.200000
56 61.622341 29.430639 0.000000 2.996733 1.354280 2.322990 4.438792 9.269573 0.200000
57 61.577133 29.494791 0.000000 2.991464 1.359162 2.342899 4.512314 9.524182 0.166667
58 61.625072 29.567179 0.000000 2.660443 1.359041 2.336333 4.473103 9.356661 0.166667
59 61.520557 29.521297 0.000000 3.225231 1.355944 2.334416 4.490345 9.466173 0.250000
60 61.455635 29.514301 0.000000 3.485134 1.372117 2.374776 4.569950 9.588723 0.250000
61 61.647884 29.525475 0.000000 3.522195 1.366584 2.357080 4.525295 9.485632 0.200000
62 61.646320 29.554476 0.000000 3.319779 1.303986 2.159040 3.972413 7.986617 0.200000
63 61.383099 29.600088 0.000000 3.606176 1.361556 2.359574 4.579546 9.758480 0.250000
64 61.550179 29.678446 0.000000 3.536702 1.357463 2.331843 4.463296 9.339817 0.200000
65 61.520912 29.810608 0.000000 3.655953 1.397721 2.465502 4.842599 10.369505 0.250000
66 61.756008 29.981131 0.000000 3.432769 1.374656 2.371518 4.515394 9.290312 0.250000
67 61.614403 30.116541 0.000000 3.450227 1.322690 2.190092 3.980749 7.788776 0.250000
68 61.451839 30.356697 0.000000 3.451934 1.291015 2.106503 3.802071 7.468202 0.200000
69 61.405407 30.415567 0.000000 3.207675 1.315178 2.167391 3.922874 7.654962 0.166667
70 61.147270 30.638613 0.000000 2.850422 1.291304 2.107926 3.800282 7.438556 0.166691
71 61.460598 31.048334 0.000000 2.925085 1.308133 2.143656 3.849485 7.428866 0.250021
72 61.496380 31.013796 0.000000 2.696626 1.312227 2.170826 3.963992 7.847115 0.256844
73 61.741348 31.395725 0.000000 2.312728 1.266829 2.014228 3.505568 6.562525 0.255559
74 61.704342 31.394520 0.000000 1.922803 1.236897 1.927939 3.287337 6.031792 0.189202
75 61.007877 31.315586 0.000000 1.880473 1.314895 2.185519 4.013467 7.986445 0.168671
76 61.406391 31.601719 0.000000 1.578158 1.222526 1.888517 3.193439 5.819577 0.324383
77 61.718071 31.223650 0.000000 1.073114 1.225172 1.897959 3.230241 5.952549 0.172506
