%% Trajectory 46
%% frame x (pixel)     y (pixel)    z (pixel)      m0         m1           m2           m3           m4           s 
63 65.783508 39.986187 0.000000 1.391178 1.467470 2.699661 5.490672 12.052878 0.206098
64 66.097290 40.409798 0.000000 1.524250 1.296603 2.161766 4.044918 8.341695 0.182196
65 65.558128 40.312492 0.000000 1.913029 1.256615 2.021742 3.623253 7.130652 0.287301
67 65.728218 40.474842 0.000000 3.114998 1.374332 2.357154 4.447349 9.038748 0.250024
68 65.520142 40.045647 0.000000 3.667882 1.392773 2.414783 4.596786 9.403771 0.333830
69 65.490158 40.212715 0.000000 4.447628 1.353631 2.316758 4.400753 9.093741 0.392054
70 65.461487 40.207687 0.000000 4.384015 1.342015 2.260183 4.198232 8.440199 0.250000
71 65.594688 40.026386 0.000000 4.890448 1.308761 2.157847 3.910740 7.639511 0.333343
72 65.584740 40.017250 0.000000 4.540257 1.358474 2.314057 4.338538 8.768312 0.333334
74 65.389557 40.060455 0.000000 7.048244 1.324246 2.203005 4.028691 7.942677 0.333333
76 65.553032 39.968880 0.000000 6.016607 1.371096 2.357367 4.470806 9.165000 0.333333
77 65.356560 40.219788 0.000000 6.812060 1.358063 2.317399 4.377565 8.979501 0.333333
78 65.343575 40.071316 0.000000 6.345502 1.336472 2.238478 4.115663 8.137088 0.333333
79 65.135864 40.133770 0.000000 6.404163 1.386132 2.420825 4.693531 9.891660 0.333333
80 65.187607 40.157482 0.000000 5.913674 1.359563 2.309773 4.319069 8.712920 0.334632
81 64.688416 40.283432 0.000000 6.314967 1.386512 2.397793 4.571813 9.418498 0.333333
82 64.560028 40.392952 0.000000 6.454588 1.346497 2.252786 4.116717 8.052526 0.333334
83 64.465408 40.237801 0.000000 6.541699 1.329424 2.200949 3.985326 7.736539 0.333333
84 64.205032 40.216007 0.000000 6.693665 1.388869 2.425037 4.692513 9.851425 0.500000
86 63.853397 40.320316 0.000000 6.368511 1.408356 2.480595 4.826802 10.157480 0.500000
88 63.943348 39.539490 0.000000 5.067598 1.370075 2.358885 4.503654 9.346446 0.250000
90 63.726959 39.043613 0.000000 3.541924 1.511620 2.860100 5.995599 13.566321 0.166667
92 63.152477 38.723377 0.000000 2.715407 1.435810 2.574843 5.094902 10.873665 0.166667
94 63.548775 39.726555 0.000000 2.590077 1.454139 2.622032 5.217367 11.207090 0.166297
95 63.593189 39.758183 0.000000 1.893470 1.350856 2.323638 4.469067 9.428200 0.105101
97 63.496456 38.472767 0.000000 2.107213 1.292071 2.103387 3.759032 7.243137 0.166667
99 63.491550 39.687267 0.000000 1.955606 1.603874 3.189672 7.021851 16.643324 0.111111
101 62.761818 39.232632 0.000000 1.958157 1.676450 3.434420 7.714772 18.509066 0.166667
103 63.742626 39.577141 0.000000 1.669898 1.492815 2.828506 6.006591 13.911583 0.176154
106 62.430347 41.795219 0.000000 2.159541 1.487707 2.822721 5.985633 13.784286 0.274072
