%% Trajectory 33
%% frame x (pixel)     y (pixel)    z (pixel)      m0         m1           m2           m3           m4           s 
44 85.568306 47.902199 0.000000 0.855100 1.380213 2.413271 4.714492 10.067608 0.147109
45 85.389183 47.633991 0.000000 1.000241 1.314997 2.199902 4.098501 8.352213 0.154078
46 84.601837 47.443630 0.000000 1.156043 1.343007 2.316345 4.488524 9.577991 0.167453
48 85.534081 47.332199 0.000000 1.874933 1.226631 1.894892 3.201641 5.826293 0.167443
49 85.598618 47.206692 0.000000 1.563182 1.209298 1.849070 3.095044 5.590557 0.211182
50 85.337341 46.860836 0.000000 2.092387 1.227458 1.916752 3.277017 6.028744 0.152009
51 85.266319 47.140594 0.000000 2.293905 1.350336 2.293403 4.312134 8.808304 0.142857
52 85.580780 46.975178 0.000000 2.332918 1.269066 2.043522 3.613814 6.887450 0.166667
53 85.366844 46.964767 0.000000 2.583310 1.288177 2.083043 3.680746 6.967564 0.200829
54 85.481430 47.021580 0.000000 3.111536 1.281755 2.072477 3.661922 6.928388 0.166838
55 85.416573 46.811283 0.000000 2.980825 1.241176 1.946062 3.339967 6.167396 0.168953
56 85.584763 46.648796 0.000000 2.809414 1.238784 1.955882 3.421640 6.543295 0.200177
57 85.423477 46.865688 0.000000 2.936547 1.234473 1.925830 3.289480 6.049694 0.166712
58 85.377098 46.796112 0.000000 3.308368 1.227814 1.909160 3.251846 5.967967 0.200000
59 85.472267 46.821190 0.000000 3.383867 1.252213 2.001153 3.541189 6.834625 0.200000
60 85.342812 46.834469 0.000000 3.729364 1.259233 1.998591 3.469371 6.466771 0.200000
61 85.319725 46.713531 0.000000 3.934690 1.230141 1.919988 3.295236 6.126548 0.166667
62 85.484451 46.830536 0.000000 3.437246 1.216879 1.885688 3.215349 5.946755 0.201358
63 85.353264 46.795536 0.000000 3.199798 1.194361 1.816890 3.028557 5.453221 0.150162
64 85.384880 46.827679 0.000000 3.581300 1.231437 1.924512 3.294335 6.071007 0.241270
65 85.203293 46.688271 0.000000 4.457395 1.239151 1.939911 3.324198 6.129223 0.200000
66 85.268410 46.662098 0.000000 3.700588 1.222330 1.898631 3.239703 5.983003 0.166818
67 84.975639 46.529938 0.000000 3.797894 1.248664 2.008002 3.608736 7.146883 0.301689
68 85.150330 46.580154 0.000000 3.684227 1.247432 1.997438 3.567299 7.010024 0.224988
69 84.669838 46.767097 0.000000 3.601600 1.209638 1.863502 3.152253 5.769824 0.202019
70 84.449409 46.795410 0.000000 3.763442 1.218205 1.879022 3.173509 5.777730 0.177860
71 84.082909 46.860821 0.000000 4.088921 1.302612 2.155043 3.940937 7.815753 0.333811
72 84.092186 46.699673 0.000000 3.367505 1.260635 2.027099 3.610203 7.010930 0.193201
73 83.957870 46.715427 0.000000 3.896173 1.280569 2.094977 3.814540 7.605471 0.142857
74 83.833153 46.345779 0.000000 3.753401 1.270264 2.075927 3.809240 7.734902 0.166667
75 84.098297 46.324413 0.000000 3.533774 1.289001 2.150639 4.045914 8.438002 0.223612
76 84.329132 46.537643 0.000000 2.808796 1.216017 1.921898 3.434888 6.879592 0.166671
77 83.772202 46.150959 0.000000 2.499248 1.270193 2.127624 4.084710 8.825731 0.166667
