%% Trajectory 25
%% frame x (pixel)     y (pixel)    z (pixel)      m0         m1           m2           m3           m4           s 
54 51.865261 41.107445 0.000000 1.571189 1.421264 2.556618 5.133389 11.238791 0.200000
55 51.680828 40.615673 0.000000 1.776776 1.343396 2.292325 4.356009 9.042647 0.200000
56 51.422474 40.876995 0.000000 1.434174 1.328524 2.222301 4.095277 8.142534 0.200000
57 51.792942 40.596085 0.000000 1.593430 1.299252 2.148105 3.937501 7.853404 0.166765
58 51.556923 40.733921 0.000000 2.031163 1.364874 2.377218 4.638714 9.933385 0.250000
59 51.650368 40.884090 0.000000 1.797340 1.371867 2.387177 4.619315 9.734344 0.200000
60 51.491940 40.806580 0.000000 1.656658 1.318695 2.200455 4.052762 8.075126 0.250000
62 51.357800 40.544594 0.000000 2.271900 1.346109 2.288550 4.325992 8.924071 0.250000
63 51.449474 40.706581 0.000000 2.546740 1.353776 2.321833 4.432975 9.237933 0.200000
64 51.355896 40.922096 0.000000 3.103575 1.376932 2.370342 4.498208 9.216478 0.250000
65 51.374325 40.886555 0.000000 2.454738 1.415768 2.490917 4.823797 10.061237 0.250000
66 51.175892 40.981224 0.000000 3.087844 1.429468 2.556057 5.059690 10.844414 0.200000
68 50.794804 41.034538 0.000000 3.302413 1.473546 2.731833 5.637409 12.633218 0.250000
69 50.792542 40.769848 0.000000 3.363115 1.424829 2.554144 5.106037 11.133251 0.250000
70 51.174671 40.566257 0.000000 2.969141 1.405506 2.456382 4.724504 9.788736 0.200005
72 50.719582 40.824593 0.000000 3.604733 1.361748 2.311155 4.305452 8.626019 0.166667
73 50.388111 40.808189 0.000000 3.814322 1.352293 2.279045 4.215855 8.395724 0.166667
74 50.353123 40.902344 0.000000 3.324025 1.338812 2.260701 4.227042 8.584262 0.166667
75 49.989765 40.789680 0.000000 3.268213 1.372615 2.372648 4.558215 9.538000 0.200309
76 49.978405 40.836613 0.000000 3.439557 1.407192 2.467207 4.760458 9.890632 0.377120
77 49.859585 40.735874 0.000000 3.266993 1.341169 2.235808 4.084427 8.017031 0.166667
78 49.738991 41.205853 0.000000 3.022836 1.368665 2.345459 4.427231 9.020476 0.210889
80 49.674458 39.931694 0.000000 3.098277 1.358290 2.325096 4.395975 8.992076 0.200022
81 49.819210 40.321941 0.000000 2.462943 1.348259 2.293970 4.326369 8.873959 0.253718
82 49.332710 40.254921 0.000000 2.217770 1.308366 2.132786 3.799431 7.253818 0.200000
83 49.296932 40.101009 0.000000 1.587540 1.402293 2.465548 4.806483 10.173871 0.279191
