%% Trajectory 11
%% frame x (pixel)     y (pixel)    z (pixel)      m0         m1           m2           m3           m4           s 
19 39.186508 15.384681 0.000000 1.592897 1.439079 2.574950 5.089547 10.868476 0.168226
20 38.891235 15.508136 0.000000 1.714507 1.473156 2.702032 5.473388 11.953898 0.292032
23 38.873005 15.443048 0.000000 1.885144 1.529239 2.890577 6.023960 13.507824 0.200000
24 39.305759 15.516303 0.000000 2.276309 1.456658 2.622760 5.200053 11.106023 0.200019
25 38.925919 15.700109 0.000000 1.761455 1.439282 2.574848 5.081827 10.825057 0.200000
28 39.301506 15.699699 0.000000 2.855155 1.528948 2.878042 5.959340 13.256667 0.166667
29 39.268082 15.433363 0.000000 2.567601 1.491142 2.743853 5.555676 12.098815 0.166766
31 38.789112 15.970841 0.000000 2.644920 1.455679 2.649717 5.337627 11.623225 0.168115
33 38.821770 16.325350 0.000000 2.585468 1.521418 2.838903 5.834976 12.907142 0.142857
34 38.913994 15.774665 0.000000 2.537525 1.499141 2.778784 5.677283 12.488558 0.142880
35 39.106602 15.843069 0.000000 2.342928 1.483741 2.749951 5.651871 12.569369 0.142857
36 39.232243 15.791592 0.000000 2.737082 1.481499 2.735976 5.592373 12.352036 0.142857
39 38.481705 16.458273 0.000000 2.824650 1.482967 2.713074 5.461805 11.815782 0.126900
41 38.896355 16.404993 0.000000 2.133661 1.340181 2.253097 4.185123 8.419704 0.143924
42 38.844727 16.486420 0.000000 2.428125 1.347327 2.283882 4.288524 8.751469 0.142980
43 38.381481 16.443247 0.000000 2.790282 1.488154 2.713193 5.419858 11.592254 0.145304
44 38.455353 16.599243 0.000000 2.643673 1.430653 2.556897 5.036301 10.678876 0.125499
45 38.377415 16.671888 0.000000 2.681110 1.397178 2.433347 4.673309 9.686206 0.125000
46 38.589542 16.930696 0.000000 2.045173 1.425712 2.554882 5.084378 10.978081 0.125002
47 38.286972 17.289034 0.000000 2.234902 1.344171 2.261836 4.177856 8.300331 0.125298
48 38.719788 17.669498 0.000000 2.483672 1.377671 2.387426 4.566332 9.438686 0.142863
50 38.651497 17.955948 0.000000 1.908460 1.365782 2.371180 4.567334 9.554267 0.125007
