%% Trajectory 20
%% frame x (pixel)     y (pixel)    z (pixel)      m0         m1           m2           m3           m4           s 
10 63.643623 47.308479 0.000000 0.591213 1.293610 2.162076 4.075127 8.514345 0.178789
12 65.010498 48.276714 0.000000 1.022036 1.495065 2.777295 5.703522 12.646990 0.092473
14 64.846794 48.544170 0.000000 1.605675 1.454582 2.624845 5.222261 11.193950 0.111111
15 64.958511 48.745880 0.000000 1.121856 1.390448 2.449921 4.788501 10.147945 0.108678
16 64.591240 48.976616 0.000000 1.237955 1.540291 2.938213 6.183296 13.985933 0.179205
17 64.639236 48.489189 0.000000 1.187548 1.429667 2.564811 5.127003 11.153682 0.197022
18 64.798836 48.436020 0.000000 1.773800 1.432564 2.552634 5.035151 10.754461 0.170886
19 64.823296 48.435875 0.000000 2.017246 1.411713 2.510591 4.964354 10.670532 0.124236
20 64.761818 48.619919 0.000000 2.042849 1.318609 2.203219 4.100292 8.356073 0.125000
21 64.463898 48.356030 0.000000 2.518090 1.306285 2.154824 3.932855 7.807394 0.142873
22 64.653908 48.365002 0.000000 2.482209 1.331075 2.227146 4.110959 8.211504 0.111128
23 64.639442 48.300705 0.000000 2.302281 1.384676 2.406819 4.647992 9.769476 0.126091
24 64.448776 48.177410 0.000000 2.970975 1.362214 2.334716 4.433764 9.145559 0.142857
25 64.346642 48.201225 0.000000 3.180267 1.361594 2.317090 4.357578 8.879862 0.111111
26 64.598625 48.318550 0.000000 3.589109 1.264955 2.005230 3.474966 6.467158 0.125000
27 64.476089 48.350922 0.000000 3.300314 1.325923 2.196596 4.003687 7.882677 0.142942
28 64.598495 48.468712 0.000000 3.901004 1.309126 2.137568 3.813777 7.293133 0.166667
29 64.509682 48.454926 0.000000 3.820886 1.308720 2.147361 3.880713 7.590752 0.201188
30 64.318733 48.447586 0.000000 4.237691 1.359695 2.305882 4.299199 8.638250 0.323882
31 64.370430 48.525936 0.000000 3.940899 1.341598 2.267766 4.237162 8.581154 0.235216
33 64.404358 48.601097 0.000000 4.785306 1.320964 2.179205 3.940305 7.661286 0.171562
35 64.222382 48.584522 0.000000 5.633454 1.408306 2.474968 4.811446 10.134859 0.200001
36 64.225594 48.584652 0.000000 5.429067 1.380424 2.372696 4.487781 9.156240 0.200000
37 64.196945 48.418900 0.000000 5.119704 1.348892 2.259429 4.139161 8.125010 0.200052
38 64.273262 48.404896 0.000000 5.537373 1.373798 2.357056 4.463027 9.144659 0.142857
39 63.948978 48.524433 0.000000 5.528820 1.369688 2.356617 4.492990 9.305025 0.250000
40 63.524719 48.313576 0.000000 5.732472 1.331581 2.210263 4.015583 7.830982 0.200000
41 63.552402 48.393383 0.000000 6.123698 1.316900 2.161511 3.879573 7.468795 0.200000
42 63.367100 48.315823 0.000000 6.060131 1.327802 2.195003 3.968047 7.689102 0.200000
43 63.326118 48.351540 0.000000 6.741440 1.367557 2.319522 4.308887 8.590439 0.200000
45 63.145557 47.275837 0.000000 5.018162 1.292741 2.093517 3.718470 7.116609 0.250000
46 63.337337 47.265392 0.000000 4.897964 1.319928 2.199698 4.060378 8.156988 0.250000
49 63.904457 49.664795 0.000000 2.991189 1.479573 2.705986 5.449265 11.812166 0.250000
50 63.837337 50.351200 0.000000 3.258366 1.449777 2.600660 5.138282 10.942281 0.200000
51 63.674278 50.266293 0.000000 2.876868 1.408954 2.480635 4.827168 10.167185 0.200000
52 64.164909 50.442120 0.000000 2.618594 1.474055 2.709603 5.527841 12.221257 0.250000
54 62.867771 49.801193 0.000000 1.759267 1.579230 3.068446 6.564289 15.071663 0.200000
55 62.548611 50.021774 0.000000 1.512929 1.454820 2.656711 5.398010 11.914853 0.200004
56 63.069931 49.862553 0.000000 1.709709 1.492838 2.793818 5.798919 13.015301 0.166898
58 63.002892 49.826458 0.000000 1.408005 1.582033 3.115280 6.786446 15.925861 0.239558
60 63.505993 51.344139 0.000000 1.739002 1.547232 2.939732 6.160058 13.902962 0.111111
61 63.520779 50.704948 0.000000 1.699103 1.603414 3.171482 6.915436 16.191057 0.142858
63 63.676727 51.482658 0.000000 1.510562 1.464819 2.712680 5.592441 12.518847 0.142315
64 64.015907 51.895790 0.000000 1.646785 1.563902 3.027600 6.474054 14.905876 0.125317
65 64.434502 51.268829 0.000000 1.743097 1.554196 2.945461 6.144060 13.768159 0.111118
66 64.556168 51.644188 0.000000 1.376505 1.744711 3.594941 8.017446 18.926201 0.109990
69 63.711361 51.124905 0.000000 1.731853 1.472582 2.706037 5.516373 12.196241 0.090913
71 64.371971 51.318932 0.000000 1.034988 1.564250 3.068289 6.666914 15.600068 0.100029
74 63.301407 50.978844 0.000000 1.188640 1.459230 2.640139 5.285868 11.437004 0.114261
76 62.818840 50.225498 0.000000 0.991413 1.584083 3.197321 7.237185 17.763418 0.125000
