%% Trajectory 8
%% frame x (pixel)     y (pixel)    z (pixel)      m0         m1           m2           m3           m4           s 
15 45.002995 74.850784 0.000000 0.639001 1.381202 2.542381 5.375589 12.648299 0.142870
16 44.661678 74.880768 0.000000 0.707528 1.220113 1.908008 3.322456 6.370194 0.146427
17 44.854332 74.615936 0.000000 0.836493 1.194971 1.835215 3.106785 5.719348 0.167810
18 44.840126 74.517227 0.000000 0.797181 1.215420 1.882148 3.234910 6.105287 0.166753
19 45.178745 74.338455 0.000000 1.006330 1.296621 2.120004 3.825591 7.491550 0.289940
20 45.118900 74.429337 0.000000 1.399712 1.274388 2.052485 3.642048 7.002558 0.200206
21 45.335018 74.601738 0.000000 1.197969 1.374300 2.416423 4.770067 10.345495 0.208751
22 45.253853 74.510941 0.000000 1.377409 1.304377 2.131095 3.823908 7.402628 0.214526
23 45.109581 74.496620 0.000000 1.574586 1.294888 2.105680 3.766993 7.286948 0.167760
24 45.117130 74.281265 0.000000 1.569889 1.298840 2.112529 3.760103 7.185079 0.125007
25 45.141617 74.443611 0.000000 1.841582 1.304449 2.134021 3.834747 7.432549 0.142857
26 45.128170 74.531197 0.000000 1.817300 1.325194 2.205978 4.043869 8.013309 0.125000
27 44.979465 74.454025 0.000000 2.006188 1.297627 2.127963 3.856961 7.588986 0.125000
28 44.942768 74.395065 0.000000 1.933261 1.284231 2.076955 3.687672 7.055549 0.200019
29 45.180019 74.451424 0.000000 2.133808 1.301392 2.116721 3.761426 7.162397 0.142857
30 45.114708 74.225174 0.000000 2.334514 1.296348 2.107053 3.747697 7.155738 0.125040
31 44.953117 74.286453 0.000000 2.298390 1.304363 2.135413 3.842355 7.456576 0.142857
32 45.137405 74.384216 0.000000 2.509976 1.292900 2.088214 3.684547 6.967584 0.165190
33 45.187717 74.267372 0.000000 2.675006 1.307897 2.139522 3.827124 7.340863 0.197545
34 45.065907 74.272316 0.000000 2.531016 1.323214 2.189750 3.976016 7.771595 0.143638
35 45.305069 74.390579 0.000000 2.433708 1.269213 2.016620 3.499374 6.513351 0.142882
36 45.116520 74.286613 0.000000 2.137218 1.288721 2.082094 3.682689 7.000285 0.142924
37 45.144775 74.202339 0.000000 2.517450 1.293470 2.095438 3.712923 7.060216 0.142857
38 45.148327 74.294930 0.000000 2.542577 1.294203 2.094141 3.699324 6.994576 0.142857
39 45.160809 74.324890 0.000000 2.355161 1.322751 2.179681 3.933570 7.628198 0.142964
40 45.026310 74.233871 0.000000 2.586758 1.330096 2.231969 4.140685 8.325294 0.142859
41 45.076572 74.250015 0.000000 2.467644 1.310992 2.151147 3.869625 7.487863 0.142857
42 45.121258 74.263145 0.000000 2.609043 1.295815 2.099757 3.714781 7.034592 0.142859
43 45.171932 74.163933 0.000000 2.830546 1.288762 2.079738 3.664757 6.914599 0.142859
44 45.137016 74.196854 0.000000 2.513199 1.317859 2.168520 3.904739 7.545618 0.150595
45 45.177814 74.212585 0.000000 3.012320 1.290062 2.081904 3.668433 6.921120 0.142857
46 45.213943 74.200264 0.000000 2.680204 1.307212 2.130649 3.787977 7.198853 0.126057
47 45.117962 74.284668 0.000000 2.799579 1.297378 2.112919 3.776667 7.274530 0.143524
48 45.140656 74.163124 0.000000 2.690867 1.320839 2.177118 3.925000 7.589080 0.125007
49 45.190838 74.163147 0.000000 2.617585 1.309221 2.134554 3.796612 7.219760 0.144899
50 45.255043 74.225143 0.000000 2.631311 1.283300 2.063694 3.623512 6.814088 0.172158
51 45.180248 74.214806 0.000000 2.530857 1.315775 2.153947 3.844170 7.328663 0.142875
52 45.149220 74.153389 0.000000 2.917364 1.321363 2.172710 3.896622 7.468375 0.143665
53 45.139687 74.123268 0.000000 3.070549 1.316196 2.166679 3.903996 7.549914 0.142863
54 45.230587 74.208717 0.000000 3.069216 1.299793 2.109681 3.735024 7.070527 0.166667
55 45.177181 74.232811 0.000000 2.712740 1.308236 2.132170 3.792963 7.220499 0.166667
56 45.193710 74.218254 0.000000 2.688247 1.304505 2.125324 3.785217 7.228223 0.166667
57 45.150230 74.201965 0.000000 2.675372 1.301782 2.120512 3.785782 7.271689 0.166667
58 45.158646 74.212082 0.000000 2.950329 1.313119 2.146100 3.824842 7.284371 0.166667
59 45.287224 74.209152 0.000000 2.844641 1.300747 2.112716 3.743937 7.096372 0.166667
60 45.121311 74.049683 0.000000 2.885983 1.332482 2.221759 4.060374 7.971392 0.166667
61 45.089920 74.148811 0.000000 2.914171 1.338818 2.237903 4.097002 8.050088 0.200000
62 45.159557 74.088692 0.000000 2.584453 1.332427 2.262652 4.267333 8.752941 0.200000
63 45.184917 74.255363 0.000000 2.735050 1.272554 2.033293 3.551327 6.654001 0.200000
64 45.050385 74.182396 0.000000 2.780465 1.324859 2.208202 4.051800 8.025308 0.200000
65 45.141113 74.215508 0.000000 3.233109 1.278372 2.063833 3.662507 7.017972 0.200000
66 45.079739 74.163033 0.000000 3.011342 1.322600 2.203109 4.045170 8.030624 0.200000
67 45.059532 74.078392 0.000000 3.552420 1.364324 2.335019 4.414397 9.031439 0.200000
68 45.081203 73.971443 0.000000 3.390113 1.336971 2.265965 4.259126 8.701090 0.200000
69 45.367573 74.089455 0.000000 3.327982 1.341525 2.244745 4.116523 8.106709 0.200000
70 45.628223 74.051605 0.000000 3.349105 1.331763 2.216686 4.042825 7.917567 0.250000
71 45.742931 73.973022 0.000000 3.200321 1.352288 2.286654 4.255037 8.540388 0.200037
72 45.996586 73.727600 0.000000 2.949595 1.354521 2.324479 4.437318 9.234830 0.250000
73 46.103176 73.647430 0.000000 3.187670 1.336611 2.250060 4.189852 8.467660 0.200000
74 46.278736 73.392052 0.000000 3.081562 1.323114 2.218985 4.134723 8.409316 0.250000
75 46.237717 73.194496 0.000000 2.979783 1.327622 2.237713 4.199082 8.611619 0.250000
76 46.185444 73.166054 0.000000 2.955321 1.350685 2.323406 4.468629 9.417725 0.200056
77 46.094009 72.951416 0.000000 2.648157 1.427841 2.595630 5.289784 11.796065 0.264641
78 46.258217 73.054276 0.000000 2.897519 1.411888 2.526027 5.047055 11.005108 0.166833
79 46.169979 72.818130 0.000000 2.167108 1.417931 2.590901 5.361055 12.235447 0.152731
80 46.230526 72.756470 0.000000 2.499775 1.418441 2.567057 5.226368 11.688459 0.295298
82 47.792488 72.778015 0.000000 1.756278 1.321948 2.236264 4.218480 8.704519 0.169294
83 48.188683 72.756546 0.000000 1.270575 1.231773 1.923908 3.307870 6.174154 0.156523
84 48.153168 72.311226 0.000000 1.235348 1.211708 1.851664 3.095810 5.583167 0.195705
85 48.219875 72.498878 0.000000 0.884884 1.212262 1.870548 3.176836 5.857804 0.114757
