%% Trajectory 12
%% frame x (pixel)     y (pixel)    z (pixel)      m0         m1           m2           m3           m4           s 
47 45.418259 40.029015 0.000000 0.661481 1.385318 2.410410 4.647128 9.723758 0.250000
48 45.613815 40.161217 0.000000 0.649528 1.264090 2.023224 3.546072 6.678976 0.200317
49 45.295853 40.431202 0.000000 0.873631 1.317036 2.181454 3.986690 7.897563 0.200286
50 45.443871 40.055058 0.000000 0.636380 1.269175 2.036630 3.590102 6.831458 0.250000
51 45.495228 39.981625 0.000000 0.883373 1.369647 2.355687 4.470385 9.168300 0.250000
52 45.410278 40.329525 0.000000 0.854617 1.302317 2.165160 4.014322 8.159588 0.250000
53 45.675385 40.307999 0.000000 0.871683 1.313840 2.149084 3.847262 7.398271 0.250000
54 45.504616 40.131077 0.000000 0.833646 1.293096 2.120556 3.847159 7.592494 0.250000
55 45.431374 40.285831 0.000000 0.864506 1.206561 1.839653 3.067461 5.515171 0.250000
56 45.556877 40.168468 0.000000 1.098994 1.332018 2.222321 4.076176 8.065290 0.250000
57 45.759365 40.078667 0.000000 1.086587 1.339009 2.277261 4.297536 8.813788 0.250000
58 45.561417 40.110096 0.000000 1.067702 1.300166 2.129241 3.833010 7.443337 0.250000
59 45.714733 40.128933 0.000000 1.208760 1.344594 2.277688 4.269789 8.692854 0.250000
60 45.583862 39.974861 0.000000 1.334291 1.335741 2.242865 4.152374 8.312298 0.250000
61 45.774086 40.186565 0.000000 1.465691 1.330031 2.217945 4.066320 8.038107 0.250000
62 45.710049 40.162235 0.000000 1.560618 1.333919 2.223058 4.062014 7.979581 0.250000
63 45.469559 40.153164 0.000000 1.394488 1.311800 2.151834 3.861805 7.436341 0.250000
64 45.676308 40.206451 0.000000 1.611462 1.319959 2.177767 3.932287 7.620988 0.250000
65 45.636524 40.255257 0.000000 1.577828 1.307193 2.146536 3.870833 7.525998 0.250000
66 45.677387 40.255936 0.000000 1.783269 1.299443 2.108570 3.732728 7.067095 0.250000
67 45.759636 40.246120 0.000000 1.832673 1.327798 2.197473 3.975788 7.710195 0.250000
68 45.626343 40.156605 0.000000 1.735783 1.327131 2.208051 4.040488 7.979671 0.250000
69 45.684959 40.223656 0.000000 1.820509 1.311874 2.148057 3.841014 7.352734 0.250000
70 45.861843 40.143265 0.000000 1.767350 1.359444 2.315152 4.345097 8.807340 0.333333
71 45.736752 39.957443 0.000000 1.673175 1.299316 2.123291 3.812023 7.379130 0.250000
72 45.967728 40.068909 0.000000 1.882203 1.370819 2.369316 4.535373 9.415903 0.200000
73 45.644859 40.056297 0.000000 1.829412 1.338384 2.239069 4.111815 8.126352 0.250000
74 45.761051 39.970036 0.000000 1.660344 1.362456 2.336388 4.422255 9.049295 0.250000
75 45.713184 40.062134 0.000000 1.736836 1.356225 2.309180 4.329893 8.759863 0.250440
76 45.849354 40.035370 0.000000 1.808372 1.351422 2.288522 4.266174 8.579189 0.290977
77 45.732121 40.047348 0.000000 1.845103 1.343276 2.283681 4.299085 8.780253 0.207232
78 45.750019 40.025307 0.000000 2.038714 1.340275 2.248614 4.138478 8.188540 0.200000
79 45.782337 40.246159 0.000000 2.145253 1.334461 2.222801 4.058310 7.964280 0.200000
80 45.803333 40.072487 0.000000 1.961816 1.352817 2.297020 4.307059 8.748313 0.200006
81 45.956627 40.202820 0.000000 2.049716 1.365357 2.361976 4.549564 9.552806 0.166667
82 46.020061 40.402145 0.000000 2.148328 1.365597 2.351215 4.487058 9.298381 0.166667
83 46.072475 40.550995 0.000000 2.277538 1.333226 2.239649 4.154323 8.346960 0.200000
84 46.160564 40.623631 0.000000 1.913800 1.307060 2.148634 3.882832 7.570300 0.125740
85 46.541431 40.682846 0.000000 1.751426 1.301748 2.122494 3.790328 7.271616 0.166722
86 46.558216 40.619404 0.000000 1.790492 1.292929 2.106796 3.786242 7.376802 0.132107
87 46.694767 40.852268 0.000000 1.497989 1.328164 2.234518 4.173097 8.485791 0.286242
88 46.820210 41.322140 0.000000 1.169348 1.301753 2.143681 3.912506 7.782546 0.292064
89 46.587852 42.002335 0.000000 1.188948 1.331562 2.250260 4.208489 8.529424 0.137245
