%% Trajectory 20
%% frame x (pixel)     y (pixel)    z (pixel)      m0         m1           m2           m3           m4           s 
67 58.337479 58.934723 0.000000 0.813120 1.362525 2.317451 4.344858 8.794161 0.361390
69 58.894161 58.446320 0.000000 0.895438 1.283533 2.084554 3.727680 7.212533 0.218023
70 58.578270 58.721920 0.000000 0.789369 1.189460 1.821238 3.098342 5.804681 0.200000
71 58.776070 58.565960 0.000000 0.992851 1.164103 1.729254 2.815022 4.966830 0.250000
72 58.605778 58.347282 0.000000 0.968853 1.264120 2.015189 3.512897 6.571299 0.204641
73 58.690693 58.296848 0.000000 1.362432 1.240517 1.957536 3.385843 6.301307 0.166676
74 58.577206 58.407703 0.000000 1.465624 1.296935 2.106988 3.750859 7.179565 0.200000
75 58.407982 58.113319 0.000000 1.254011 1.233201 1.918745 3.270416 6.008165 0.200003
76 58.631744 58.417179 0.000000 1.414114 1.216581 1.868269 3.139584 5.688673 0.166667
77 58.711071 58.007580 0.000000 1.991855 1.301995 2.138501 3.859707 7.506673 0.250000
78 58.497543 58.100647 0.000000 1.685448 1.332546 2.209479 4.008606 7.799338 0.166667
79 58.051208 58.026096 0.000000 1.839277 1.413408 2.524808 5.014059 10.817256 0.166667
80 57.771133 57.816082 0.000000 2.157139 1.401592 2.450623 4.732418 9.887119 0.166667
81 57.415379 57.938671 0.000000 2.185754 1.347564 2.273506 4.220275 8.446653 0.200000
82 57.260380 57.800518 0.000000 2.249235 1.314959 2.170348 3.940033 7.720153 0.200000
83 57.249950 57.935589 0.000000 2.368984 1.396602 2.432650 4.664732 9.640341 0.250000
84 57.304512 57.598671 0.000000 2.279595 1.315513 2.165421 3.905899 7.572292 0.166667
85 56.683971 57.488522 0.000000 2.360725 1.322634 2.191065 3.979578 7.773370 0.200000
86 57.275345 57.928902 0.000000 2.197413 1.389131 2.408434 4.589280 9.405444 0.166667
87 56.692940 58.200993 0.000000 2.313919 1.384264 2.388070 4.547558 9.371370 0.200000
88 56.928955 57.617565 0.000000 2.072694 1.394465 2.440882 4.729145 9.930692 0.200000
90 56.797405 56.960598 0.000000 0.907936 1.461310 2.658830 5.332224 11.511219 0.142890
91 56.889961 57.386345 0.000000 0.545392 1.485793 2.828921 6.026856 13.961812 0.207421
