%% Trajectory 13
%% frame x (pixel)     y (pixel)    z (pixel)      m0         m1           m2           m3           m4           s 
27 61.076241 34.319324 0.000000 1.174412 1.357495 2.305928 4.322437 8.772514 0.265574
28 61.393284 34.338654 0.000000 1.515834 1.405228 2.454395 4.708343 9.711913 0.174010
29 61.320679 34.206177 0.000000 1.446893 1.355237 2.284843 4.223028 8.387397 0.197597
30 61.468407 34.077946 0.000000 1.488623 1.417427 2.527257 5.003649 10.754090 0.169301
31 61.309628 34.198742 0.000000 1.647195 1.421396 2.502955 4.849786 10.128713 0.243741
32 61.292618 34.180046 0.000000 1.734161 1.377459 2.359864 4.442860 9.010297 0.209999
33 61.490295 34.316814 0.000000 1.778061 1.449532 2.591295 5.085601 10.723764 0.180470
34 61.504585 34.351589 0.000000 1.590777 1.435086 2.547744 4.968179 10.414514 0.167097
35 61.325359 34.315006 0.000000 1.801082 1.384170 2.375132 4.463182 9.000432 0.428048
36 61.362572 34.220119 0.000000 1.884554 1.429368 2.519999 4.862722 10.054626 0.275950
37 61.456589 34.189453 0.000000 2.123582 1.447428 2.588585 5.089623 10.770212 0.170917
38 61.458344 34.104774 0.000000 2.127836 1.466134 2.661830 5.318530 11.439944 0.276922
39 61.430882 34.344887 0.000000 2.022172 1.443858 2.572362 5.027053 10.545465 0.390215
40 61.461609 34.095154 0.000000 2.185473 1.461934 2.669168 5.400147 11.821841 0.167036
41 61.552502 34.318321 0.000000 1.972441 1.433485 2.542592 4.955154 10.386831 0.265808
42 61.403263 34.282913 0.000000 2.174818 1.379521 2.349849 4.365161 8.661392 0.200904
43 61.601273 34.420338 0.000000 2.201033 1.415720 2.478599 4.753788 9.778395 0.370128
44 61.509457 34.317055 0.000000 1.968216 1.437815 2.546616 4.938842 10.263317 0.247086
45 61.418060 34.348869 0.000000 2.074550 1.376043 2.355902 4.424851 8.936924 0.314894
46 61.625999 34.270691 0.000000 2.247861 1.422055 2.508105 4.861706 10.138220 0.204341
47 61.448547 34.409145 0.000000 2.460198 1.368595 2.329028 4.340621 8.679968 0.205381
48 61.533516 34.302578 0.000000 2.363210 1.377099 2.349505 4.379178 8.731724 0.372266
49 61.537224 34.402088 0.000000 2.052993 1.375621 2.354580 4.424956 8.945824 0.349661
50 61.599472 34.272594 0.000000 2.030179 1.386931 2.390849 4.521890 9.189358 0.294496
51 61.592663 34.171867 0.000000 2.413831 1.378646 2.364963 4.451414 9.004323 0.288461
52 61.640514 34.065914 0.000000 2.555401 1.406080 2.488328 4.883361 10.390677 0.200064
53 61.682518 34.347927 0.000000 2.188029 1.397120 2.441881 4.710437 9.817095 0.259157
54 61.566917 34.162010 0.000000 2.131764 1.371927 2.342174 4.386131 8.826632 0.215739
55 61.459019 34.412754 0.000000 1.934139 1.361483 2.301024 4.255164 8.432410 0.200634
56 61.359814 34.385231 0.000000 2.027001 1.323887 2.180953 3.925913 7.572196 0.201354
57 61.533855 34.523304 0.000000 2.073316 1.373493 2.357705 4.466185 9.150473 0.311316
58 61.525753 34.403614 0.000000 1.976766 1.298295 2.106264 3.727231 7.053021 0.226845
59 61.735683 34.565922 0.000000 1.844225 1.323176 2.192876 3.992190 7.832414 0.318542
60 61.943707 34.603630 0.000000 1.851557 1.382716 2.399212 4.602626 9.563095 0.180506
61 62.121521 34.734398 0.000000 2.138248 1.346108 2.275528 4.240542 8.541565 0.166667
62 62.215137 34.855198 0.000000 1.823214 1.386171 2.401279 4.584724 9.447041 0.255344
63 62.271271 34.846836 0.000000 2.011384 1.339603 2.244847 4.132702 8.193546 0.166771
64 62.339325 34.995689 0.000000 1.966250 1.363297 2.331286 4.394836 8.946591 0.167323
65 62.507435 35.040558 0.000000 1.734873 1.291588 2.097645 3.735540 7.160358 0.168668
66 62.818310 35.454159 0.000000 1.808210 1.308258 2.146167 3.865937 7.507874 0.166667
67 62.608955 35.484638 0.000000 2.075859 1.324439 2.186074 3.947214 7.647595 0.200045
68 62.831882 35.490101 0.000000 1.601283 1.335861 2.256412 4.232297 8.657592 0.394810
69 62.610115 35.342308 0.000000 1.418199 1.340880 2.238963 4.094172 8.041198 0.200380
70 63.022774 35.082970 0.000000 1.263619 1.365001 2.351146 4.483319 9.265532 0.200013
71 63.109753 35.126991 0.000000 1.013233 1.413772 2.524653 5.026390 10.904410 0.166667
