%% Trajectory 7
%% frame x (pixel)     y (pixel)    z (pixel)      m0         m1           m2           m3           m4           s 
8 64.223946 29.035980 0.000000 1.231441 1.332219 2.272274 4.308276 8.901789 0.200000
9 63.905155 29.393312 0.000000 1.501329 1.329976 2.206583 4.012499 7.840945 0.200000
10 64.225159 29.128044 0.000000 1.326395 1.311826 2.163955 3.932821 7.732513 0.320054
11 64.009056 29.228548 0.000000 1.500179 1.382657 2.421441 4.730235 10.097434 0.195724
12 63.657207 29.071060 0.000000 1.537476 1.375932 2.388268 4.596934 9.609008 0.111111
13 64.226181 29.305164 0.000000 1.729140 1.355891 2.322338 4.427916 9.221622 0.166667
14 64.080742 29.314909 0.000000 2.074073 1.403024 2.476873 4.864117 10.403931 0.166667
15 64.032478 29.294439 0.000000 2.435101 1.349253 2.288742 4.289889 8.710275 0.148330
16 64.279800 29.350075 0.000000 2.590747 1.318681 2.184282 3.983937 7.855989 0.114189
17 63.963287 29.219072 0.000000 2.162081 1.369511 2.387002 4.649620 9.905067 0.166667
18 63.904446 29.467070 0.000000 2.920750 1.339090 2.273762 4.295056 8.855893 0.174232
19 64.331528 29.460440 0.000000 3.305012 1.342393 2.260691 4.191942 8.397108 0.166966
20 64.226913 29.209911 0.000000 2.707607 1.342708 2.260065 4.186473 8.371719 0.166680
21 64.157867 29.593838 0.000000 2.704460 1.358932 2.324604 4.417686 9.151325 0.166794
22 64.458969 29.820248 0.000000 2.615383 1.351159 2.263633 4.139675 8.097213 0.200000
23 64.570564 29.814795 0.000000 2.973096 1.365393 2.313223 4.283228 8.489091 0.254650
24 64.761658 29.712387 0.000000 2.277189 1.420466 2.522584 4.955112 10.531559 0.311077
25 64.845528 30.404551 0.000000 2.632271 1.406681 2.467417 4.778732 10.000093 0.245935
27 65.687767 30.386374 0.000000 3.121586 1.347342 2.271068 4.214260 8.445279 0.166740
29 65.257614 31.121784 0.000000 1.691874 1.482010 2.757564 5.727084 12.946625 0.166679
31 63.713856 30.354931 0.000000 1.260347 1.331720 2.236991 4.162021 8.418700 0.166725
