%% Trajectory 13
%% frame x (pixel)     y (pixel)    z (pixel)      m0         m1           m2           m3           m4           s 
52 88.364494 35.425205 0.000000 1.891976 1.307418 2.136312 3.819775 7.330176 0.200000
54 88.064613 35.521511 0.000000 2.074386 1.386601 2.399921 4.576446 9.416281 0.200000
55 88.007751 35.360909 0.000000 2.405088 1.361305 2.324682 4.385907 8.960736 0.200000
56 87.905266 35.519249 0.000000 2.598886 1.373781 2.362869 4.486009 9.215987 0.203053
57 88.082642 35.535179 0.000000 2.419254 1.328317 2.216996 4.081947 8.137630 0.245333
58 88.010033 35.498898 0.000000 2.382329 1.387509 2.422060 4.691985 9.877379 0.200003
59 87.881447 35.512783 0.000000 2.526875 1.371613 2.358383 4.482017 9.230536 0.233667
60 88.102776 35.544704 0.000000 2.635954 1.341783 2.259291 4.198211 8.447107 0.200000
61 87.973969 35.585709 0.000000 2.668622 1.385438 2.408557 4.636394 9.680599 0.166667
62 87.915886 35.442780 0.000000 2.642649 1.353630 2.299436 4.315322 8.777904 0.251614
63 87.799393 35.473015 0.000000 2.855448 1.360026 2.309345 4.314604 8.694954 0.260084
64 87.876648 35.484085 0.000000 2.907296 1.383314 2.390161 4.558266 9.404666 0.200000
65 88.065918 35.426674 0.000000 2.648212 1.381137 2.386472 4.553872 9.400828 0.200744
66 87.840553 35.478878 0.000000 2.707688 1.372606 2.362073 4.494132 9.268321 0.166675
67 87.972984 35.535015 0.000000 3.171262 1.378230 2.379530 4.547796 9.431466 0.250000
68 88.061272 35.417103 0.000000 3.529377 1.375155 2.361279 4.466909 9.122071 0.250000
69 87.823868 35.318375 0.000000 3.441235 1.361628 2.318379 4.348711 8.815359 0.250003
70 87.861626 35.312355 0.000000 3.194355 1.340546 2.252280 4.169100 8.343577 0.250579
71 88.039139 35.377865 0.000000 3.767673 1.357197 2.313599 4.360110 8.905698 0.250000
72 87.738670 35.328468 0.000000 3.511616 1.333546 2.212120 4.011275 7.795067 0.200000
73 87.864693 35.276028 0.000000 3.784956 1.373369 2.354051 4.442297 9.046908 0.368967
74 87.950401 35.370537 0.000000 4.165108 1.359359 2.319731 4.375441 8.946809 0.200592
75 88.067215 35.521423 0.000000 4.821672 1.357042 2.310674 4.343972 8.839296 0.200000
76 87.803116 35.432713 0.000000 4.464876 1.361780 2.308615 4.295455 8.601954 0.200000
77 88.022156 35.391930 0.000000 4.306777 1.364206 2.329818 4.387086 8.927670 0.203455
78 87.960869 35.466454 0.000000 4.076743 1.388325 2.418479 4.658372 9.716318 0.201222
79 87.867805 35.392494 0.000000 4.448494 1.365468 2.327109 4.364515 8.832785 0.200022
80 87.871780 35.387226 0.000000 4.657628 1.355560 2.294834 4.271755 8.573838 0.200000
81 87.759766 35.373798 0.000000 4.345088 1.354707 2.286104 4.231954 8.425556 0.200003
82 87.742699 35.414230 0.000000 4.926139 1.375792 2.354251 4.425302 8.957707 0.200000
83 87.796600 35.354378 0.000000 4.683573 1.337020 2.229462 4.070162 7.977049 0.200000
84 87.799828 35.412457 0.000000 4.840338 1.357971 2.291617 4.233161 8.387516 0.200000
85 87.630302 35.472698 0.000000 4.467029 1.342349 2.249938 4.140295 8.205168 0.200000
86 87.756104 35.429504 0.000000 4.822549 1.332595 2.213385 4.022879 7.845767 0.200000
87 87.636154 35.389839 0.000000 4.498982 1.354704 2.299011 4.301701 8.706787 0.200000
88 87.679359 35.465698 0.000000 4.506769 1.359498 2.302888 4.283016 8.576816 0.200000
89 87.524612 35.352146 0.000000 4.659617 1.358105 2.304336 4.303532 8.676864 0.200000
90 87.459114 35.486725 0.000000 4.209208 1.370096 2.337442 4.385808 8.876763 0.200000
91 87.566681 35.472389 0.000000 4.271245 1.380458 2.375534 4.500525 9.203600 0.200000
92 87.279854 35.440304 0.000000 4.011209 1.382138 2.396567 4.600474 9.582574 0.250000
93 87.402565 35.350285 0.000000 3.848202 1.398718 2.438294 4.688065 9.743937 0.200000
94 87.235817 35.389893 0.000000 3.538167 1.365825 2.317168 4.302906 8.566621 0.200000
95 87.390610 35.463264 0.000000 3.356498 1.335909 2.213068 3.997818 7.717220 0.200000
96 87.072281 35.501820 0.000000 3.889654 1.364492 2.324040 4.351952 8.781694 0.200000
97 86.842102 35.452911 0.000000 3.270672 1.375041 2.355602 4.435111 8.993099 0.200003
98 87.000076 35.759930 0.000000 3.300185 1.355236 2.303883 4.317024 8.736550 0.200001
99 86.662811 35.702583 0.000000 2.797768 1.294181 2.098738 3.727165 7.116188 0.200000
100 86.658333 35.830086 0.000000 2.639047 1.306610 2.136593 3.830189 7.388845 0.166667
101 86.824242 36.067173 0.000000 2.758049 1.353267 2.304260 4.338443 8.854850 0.166667
102 86.670647 36.374065 0.000000 2.668977 1.321679 2.189177 3.981701 7.798482 0.166667
