%% Trajectory 33
%% frame x (pixel)     y (pixel)    z (pixel)      m0         m1           m2           m3           m4           s 
72 8.714649 31.901476 0.000000 1.357724 1.333106 2.233387 4.130603 8.276512 0.166667
74 8.515822 31.575293 0.000000 1.505317 1.257770 2.012637 3.556394 6.830159 0.250000
75 8.396808 31.914974 0.000000 1.551427 1.241871 1.939201 3.314700 6.099720 0.200000
76 8.346578 31.902225 0.000000 1.966091 1.329209 2.224338 4.114034 8.255619 0.166667
77 8.301589 31.456083 0.000000 1.969923 1.267308 2.015306 3.512637 6.597025 0.202383
78 8.581272 31.825262 0.000000 2.491562 1.331273 2.224573 4.098879 8.166616 0.250000
79 8.607289 31.568085 0.000000 2.290216 1.282913 2.097348 3.811692 7.579273 0.200000
80 8.344647 31.142908 0.000000 2.025520 1.306568 2.148130 3.894878 7.644992 0.200586
82 8.619914 31.741640 0.000000 2.661015 1.261881 2.006978 3.501580 6.588261 0.166667
83 8.932359 31.645769 0.000000 2.494210 1.355619 2.333909 4.467917 9.311918 0.254103
84 8.474648 31.674696 0.000000 3.098911 1.304609 2.126078 3.790506 7.254124 0.148382
85 8.805237 31.624132 0.000000 2.912222 1.332719 2.238309 4.166378 8.441144 0.366606
86 8.499460 31.914742 0.000000 2.631321 1.311100 2.153463 3.872841 7.476701 0.200000
87 8.502768 31.502850 0.000000 3.228053 1.276947 2.046104 3.588694 6.766516 0.200000
89 8.665844 31.319731 0.000000 4.104728 1.287914 2.081187 3.679680 6.985895 0.200000
90 8.705385 31.593903 0.000000 4.145988 1.303344 2.128970 3.805392 7.301374 0.142857
91 8.803906 31.331327 0.000000 4.289993 1.355345 2.283980 4.220133 8.384893 0.232818
92 9.002927 31.176239 0.000000 4.070800 1.359596 2.336953 4.466408 9.298623 0.279309
93 9.188972 31.189571 0.000000 3.567278 1.321251 2.215280 4.121201 8.349953 0.142857
94 9.118831 31.281601 0.000000 3.531353 1.295856 2.122009 3.838491 7.538409 0.142857
96 9.541028 31.280388 0.000000 3.687433 1.305049 2.149618 3.911420 7.723721 0.166667
97 9.582152 31.400534 0.000000 3.548333 1.273728 2.049145 3.623391 6.920637 0.142857
98 9.784636 31.129797 0.000000 3.317599 1.275126 2.054431 3.636479 6.943947 0.166673
99 9.958256 31.291224 0.000000 3.705401 1.363585 2.363648 4.581639 9.728034 0.166667
100 10.360451 31.375149 0.000000 3.560708 1.390865 2.440752 4.756317 10.080967 0.180552
101 10.749835 31.399296 0.000000 3.179087 1.339639 2.255029 4.176906 8.349523 0.127704
103 10.791128 31.516132 0.000000 2.270898 1.293526 2.126707 3.882025 7.738427 0.142857
