%% Trajectory 13
%% frame x (pixel)     y (pixel)    z (pixel)      m0         m1           m2           m3           m4           s 
19 33.716003 48.676430 0.000000 2.983611 1.585372 3.074480 6.545753 14.933905 0.166667
22 32.682865 47.579189 0.000000 1.945549 1.309193 2.142728 3.861496 7.533000 0.201379
23 32.951000 47.288536 0.000000 2.446666 1.345856 2.298190 4.376587 9.120167 0.166668
25 33.240326 47.800056 0.000000 3.035206 1.464945 2.658248 5.314853 11.451697 0.142857
26 33.049393 47.369717 0.000000 3.023583 1.410895 2.509026 4.945637 10.561756 0.132386
27 33.184185 47.141830 0.000000 2.739587 1.343575 2.287870 4.314790 8.832150 0.111111
28 33.241932 46.874844 0.000000 2.616177 1.468330 2.678186 5.389728 11.693560 0.142857
29 32.960281 47.084007 0.000000 2.852533 1.412859 2.524108 5.031279 10.939120 0.125000
30 33.248589 47.191280 0.000000 3.041118 1.395401 2.419013 4.599399 9.388058 0.142857
31 33.178078 47.295628 0.000000 2.669005 1.283985 2.074579 3.682354 7.055153 0.142857
32 33.254913 47.087414 0.000000 2.876280 1.382126 2.386551 4.548482 9.373022 0.125000
33 33.206154 47.033180 0.000000 3.163235 1.349711 2.286785 4.275192 8.643333 0.166667
34 33.051765 47.157875 0.000000 2.849656 1.377657 2.391083 4.581776 9.487439 0.200000
35 33.459126 47.125710 0.000000 3.088343 1.338551 2.225402 4.041365 7.855655 0.166667
36 33.304981 47.177353 0.000000 3.446328 1.321833 2.193676 4.006536 7.904600 0.200000
37 33.500092 47.093105 0.000000 2.949389 1.403760 2.448504 4.703421 9.744744 0.250165
38 33.372704 47.143761 0.000000 2.993343 1.374679 2.361919 4.470652 9.137577 0.200000
39 33.605644 46.831787 0.000000 3.325544 1.384897 2.381582 4.495692 9.123999 0.250282
41 34.038464 47.435001 0.000000 2.932455 1.407845 2.485980 4.868278 10.352543 0.200000
42 34.509304 47.238667 0.000000 3.318796 1.272360 2.025747 3.525138 6.583875 0.250000
44 34.096954 47.496983 0.000000 2.534907 1.460422 2.658256 5.371124 11.773693 0.142857
46 34.719528 47.101723 0.000000 2.257487 1.444882 2.580820 5.076175 10.755337 0.200000
47 34.778954 47.635399 0.000000 2.285911 1.428674 2.518805 4.872286 10.130049 0.200000
49 34.688423 48.267365 0.000000 1.349174 1.423332 2.590598 5.294663 11.860328 0.200326
51 34.461796 46.612103 0.000000 0.800009 1.332464 2.234825 4.186404 8.615892 0.143972
