%% Trajectory 19
%% frame x (pixel)     y (pixel)    z (pixel)      m0         m1           m2           m3           m4           s 
47 27.138756 49.675571 0.000000 1.231692 1.320086 2.208422 4.106763 8.339805 0.200000
49 27.236153 49.535606 0.000000 1.651630 1.364759 2.365617 4.581703 9.717066 0.200512
50 27.206926 49.413708 0.000000 2.050587 1.433168 2.598470 5.255252 11.579493 0.200000
51 27.248533 49.484524 0.000000 2.226904 1.385598 2.391135 4.557313 9.401814 0.250000
52 27.682568 49.378220 0.000000 2.111434 1.310364 2.140203 3.820173 7.308454 0.200000
53 27.401459 49.573959 0.000000 2.664794 1.353829 2.310464 4.374293 9.013129 0.166667
54 27.380112 49.538853 0.000000 2.226950 1.380256 2.386466 4.564416 9.469618 0.200117
55 27.448374 49.668159 0.000000 2.998976 1.410095 2.518432 5.025976 10.955484 0.200003
56 27.426155 49.656738 0.000000 3.577774 1.379839 2.377659 4.516484 9.267316 0.219516
57 27.238157 49.570801 0.000000 3.809220 1.347644 2.288514 4.315436 8.867789 0.205063
58 27.394222 49.369736 0.000000 3.528561 1.344789 2.274558 4.251718 8.614354 0.200000
59 27.261103 49.647861 0.000000 3.296397 1.343055 2.280573 4.308168 8.888929 0.200000
60 27.210512 49.702908 0.000000 3.213276 1.398720 2.483010 4.916698 10.623446 0.200000
61 27.343500 49.588520 0.000000 4.101614 1.335297 2.232403 4.102524 8.130102 0.200079
62 27.253918 49.477482 0.000000 4.202863 1.309862 2.152566 3.890271 7.592593 0.257023
63 27.090981 49.513042 0.000000 3.938379 1.344942 2.265041 4.197370 8.389719 0.250000
64 27.293932 49.673565 0.000000 3.963386 1.305896 2.138061 3.831974 7.374568 0.203462
65 27.449903 49.599758 0.000000 4.653950 1.328383 2.205813 4.007432 7.807322 0.178887
66 27.421423 49.623791 0.000000 4.665694 1.340717 2.248802 4.141188 8.210489 0.200020
67 27.377535 49.414627 0.000000 4.524543 1.336066 2.223086 4.045011 7.887019 0.200386
68 27.267824 49.402081 0.000000 4.955114 1.386807 2.396972 4.559896 9.352108 0.166667
69 27.401384 49.490341 0.000000 4.839218 1.315829 2.159264 3.877765 7.476277 0.235740
70 27.414091 49.487766 0.000000 5.106510 1.371131 2.338828 4.382262 8.840441 0.166667
71 27.444078 49.534004 0.000000 5.672117 1.334890 2.215889 4.024554 7.843483 0.166667
72 27.328405 49.620403 0.000000 5.337745 1.348894 2.251647 4.095808 7.951746 0.200000
73 27.407017 49.546482 0.000000 5.390282 1.350156 2.262626 4.142997 8.120647 0.200000
74 27.343683 49.675903 0.000000 5.478824 1.343616 2.236048 4.058973 7.873484 0.200000
75 27.416294 49.549915 0.000000 5.353352 1.376336 2.356397 4.429894 8.953747 0.200000
76 27.408512 49.689110 0.000000 5.505311 1.367386 2.330487 4.360279 8.772198 0.200000
77 27.365200 49.706009 0.000000 5.618941 1.365306 2.332292 4.385331 8.890010 0.200000
78 27.213230 49.650482 0.000000 5.521245 1.377790 2.362785 4.454054 9.041607 0.200000
79 27.171354 49.793846 0.000000 5.492433 1.430845 2.550176 5.013662 10.635196 0.238567
80 27.165165 49.686981 0.000000 5.163347 1.414673 2.492765 4.837074 10.112778 0.167477
81 27.161177 49.839214 0.000000 5.037070 1.403152 2.453633 4.722811 9.792575 0.200000
82 27.120453 49.909412 0.000000 5.195059 1.422749 2.523004 4.940528 10.453290 0.211459
83 26.930521 49.913349 0.000000 5.347527 1.408572 2.488492 4.871410 10.336567 0.309426
84 27.312902 50.033108 0.000000 5.166997 1.364573 2.335642 4.419774 9.059478 0.256926
85 27.396053 50.380405 0.000000 4.797991 1.341219 2.238785 4.092444 8.030513 0.311464
86 27.462412 50.477993 0.000000 4.640133 1.381867 2.375138 4.480008 9.080404 0.250030
87 27.535765 50.489052 0.000000 4.498967 1.341418 2.237357 4.078582 7.961909 0.218682
88 27.450373 50.640793 0.000000 4.119788 1.305368 2.127802 3.790535 7.239045 0.215659
89 27.710896 50.638371 0.000000 3.395814 1.335352 2.245628 4.167698 8.370656 0.200000
90 27.454426 50.783600 0.000000 3.365157 1.344307 2.265785 4.206939 8.434531 0.267754
91 27.820419 51.021107 0.000000 2.965337 1.416414 2.523723 4.997042 10.759871 0.310503
92 27.707640 50.954990 0.000000 2.849986 1.452109 2.624870 5.231522 11.228341 0.166667
93 28.014439 50.629475 0.000000 3.504100 1.363984 2.343236 4.451767 9.160400 0.200000
95 27.245609 50.459457 0.000000 2.086592 1.359175 2.331034 4.424564 9.112519 0.166904
96 27.309622 50.400757 0.000000 2.283398 1.338646 2.262677 4.238443 8.633905 0.166706
97 27.090630 50.305897 0.000000 1.636938 1.306742 2.183143 4.046389 8.162227 0.125000
