%% Trajectory 6
%% frame x (pixel)     y (pixel)    z (pixel)      m0         m1           m2           m3           m4           s 
1 52.031269 57.819164 0.000000 0.612545 1.309404 2.244558 4.349336 9.321186 0.200000
2 51.521820 57.773544 0.000000 0.702351 1.215707 1.925291 3.420830 6.721907 0.217508
3 51.745735 58.322540 0.000000 0.729896 1.375538 2.360652 4.472879 9.176573 0.142886
5 51.550716 57.245327 0.000000 1.327355 1.330074 2.246369 4.224226 8.682188 0.112320
6 51.601143 57.561554 0.000000 1.066559 1.335653 2.274162 4.340099 9.113839 0.177228
7 51.526215 57.438248 0.000000 1.053761 1.300975 2.167291 4.024804 8.189409 0.193904
8 51.459427 56.931675 0.000000 1.211083 1.301879 2.164395 4.021744 8.217327 0.166832
9 51.419266 57.322823 0.000000 1.389002 1.382542 2.410681 4.693854 10.000078 0.143246
11 51.322815 56.682854 0.000000 1.851610 1.411708 2.471056 4.765079 9.921826 0.166726
12 51.172955 57.033470 0.000000 1.483172 1.533744 2.927120 6.183393 14.104398 0.191708
13 51.268852 56.322304 0.000000 1.546107 1.472532 2.692771 5.447937 11.927475 0.200029
14 51.198517 56.463467 0.000000 1.803672 1.482346 2.699599 5.408875 11.666817 0.213416
15 51.189960 55.639221 0.000000 1.958415 1.458002 2.674734 5.467172 12.157295 0.167438
16 51.109875 55.917839 0.000000 1.836522 1.475088 2.723256 5.581764 12.397988 0.166693
17 51.136005 55.603096 0.000000 1.646244 1.440632 2.597964 5.206917 11.339436 0.166668
18 51.039505 55.538582 0.000000 1.478024 1.377172 2.405127 4.688123 9.983296 0.166667
19 51.373280 55.658588 0.000000 1.401034 1.367987 2.356338 4.492290 9.289694 0.166667
20 51.466209 55.395599 0.000000 1.279941 1.431345 2.564766 5.116403 11.121907 0.166667
