%% Trajectory 23
%% frame x (pixel)     y (pixel)    z (pixel)      m0         m1           m2           m3           m4           s 
38 31.945286 51.937561 0.000000 0.964192 1.523075 2.930252 6.298353 14.707150 0.217013
40 31.937466 51.690220 0.000000 0.721310 1.524766 2.945768 6.351112 14.844437 0.142891
41 32.208347 51.264801 0.000000 0.489333 1.513211 2.858085 5.974521 13.478966 0.196410
44 30.688532 51.027401 0.000000 0.516501 1.308288 2.221132 4.246777 8.962747 0.166667
45 30.320927 51.082905 0.000000 0.517162 1.320128 2.200220 4.087782 8.301424 0.200000
46 30.474062 50.660389 0.000000 0.452463 1.250388 1.986477 3.474154 6.576006 0.160891
48 30.093637 50.873623 0.000000 0.410640 1.267655 2.026455 3.541980 6.642514 0.125023
49 30.483421 51.044529 0.000000 0.692343 1.295723 2.111558 3.772537 7.246224 0.183692
50 30.401196 50.913315 0.000000 0.716416 1.353023 2.294758 4.282948 8.612460 0.230644
51 30.260176 51.002907 0.000000 0.862980 1.299276 2.142024 3.902941 7.712533 0.230415
52 30.638399 51.134716 0.000000 0.753728 1.277092 2.040679 3.564924 6.684475 0.166673
53 30.182226 50.958847 0.000000 0.910372 1.374007 2.405243 4.708644 10.082749 0.166740
54 30.155647 51.210114 0.000000 1.042416 1.332429 2.240427 4.179779 8.494712 0.142857
55 30.124746 51.161201 0.000000 1.147988 1.299798 2.150311 3.953833 7.931308 0.200000
56 30.058525 51.003925 0.000000 1.117490 1.380030 2.398214 4.629505 9.719049 0.142858
57 30.110653 51.281448 0.000000 1.176187 1.332135 2.247771 4.224247 8.676792 0.280071
58 30.200275 51.100567 0.000000 1.639555 1.330468 2.233153 4.148011 8.365781 0.335803
59 30.076414 51.191154 0.000000 1.560508 1.306863 2.174759 4.016332 8.077067 0.166687
60 30.169550 51.057922 0.000000 1.470309 1.292987 2.121793 3.862008 7.657990 0.200345
61 30.230263 51.314854 0.000000 1.585421 1.277319 2.066178 3.687444 7.138614 0.142857
62 29.909250 51.118591 0.000000 1.572452 1.339116 2.245254 4.132426 8.181406 0.166672
63 30.136650 51.220707 0.000000 1.847104 1.327088 2.231972 4.181322 8.567693 0.200000
64 30.143957 51.195034 0.000000 1.905271 1.305945 2.169111 4.009671 8.101679 0.200012
65 30.017582 51.203110 0.000000 1.921097 1.341170 2.272124 4.267344 8.709498 0.215692
66 30.143129 51.211555 0.000000 2.086219 1.283294 2.094106 3.785473 7.450914 0.202549
67 30.118029 51.143791 0.000000 1.854179 1.312801 2.195927 4.089051 8.318391 0.226728
68 30.072672 51.121521 0.000000 2.102297 1.316335 2.199677 4.085074 8.272624 0.167245
69 30.146641 51.264671 0.000000 2.280656 1.290002 2.106006 3.806221 7.489481 0.206554
70 30.230698 51.201565 0.000000 2.402260 1.279239 2.060295 3.643356 6.948126 0.200000
71 30.336063 51.210003 0.000000 2.582162 1.295309 2.105084 3.755460 7.220459 0.200009
72 30.386644 51.177105 0.000000 2.534361 1.296661 2.120117 3.820669 7.453605 0.191869
73 30.344404 51.254848 0.000000 2.501287 1.256962 1.983339 3.420240 6.334375 0.166667
74 30.222019 51.263626 0.000000 2.479865 1.291479 2.106403 3.791619 7.403127 0.166673
75 30.220026 51.213394 0.000000 2.701746 1.283098 2.082735 3.730809 7.247770 0.250000
76 30.170065 51.217934 0.000000 2.577522 1.298349 2.126712 3.844040 7.527644 0.200142
77 30.455709 51.364384 0.000000 2.641915 1.293591 2.105735 3.775086 7.327454 0.200000
78 30.211519 51.329350 0.000000 2.625994 1.265492 2.024479 3.563257 6.786402 0.200000
79 30.274174 51.262478 0.000000 2.659269 1.271197 2.047301 3.643771 7.052529 0.166667
80 30.491949 51.336205 0.000000 2.607859 1.278202 2.086419 3.800403 7.610487 0.200000
81 30.347258 51.564396 0.000000 2.644091 1.247818 1.977083 3.457968 6.578993 0.200000
82 30.419798 51.769035 0.000000 2.647359 1.260087 1.997008 3.459739 6.434657 0.200000
83 30.447536 51.991352 0.000000 2.183886 1.324978 2.242357 4.240132 8.787170 0.200000
84 30.546509 52.086094 0.000000 2.338305 1.310343 2.204688 4.160610 8.649905 0.200000
85 30.562965 52.160751 0.000000 2.135498 1.257993 2.038565 3.706165 7.454539 0.166667
86 30.782730 52.301407 0.000000 2.378899 1.312042 2.234339 4.315875 9.278090 0.200000
87 30.834286 52.392780 0.000000 1.858420 1.309345 2.237666 4.372500 9.574411 0.166667
90 32.768002 52.756561 0.000000 3.249305 1.647317 3.329601 7.418744 17.737974 0.250000
93 31.964184 52.942978 0.000000 1.861608 1.642852 3.368480 7.651812 18.676628 0.200309
