%% Trajectory 25
%% frame x (pixel)     y (pixel)    z (pixel)      m0         m1           m2           m3           m4           s 
79 41.727127 59.126579 0.000000 1.152818 1.327948 2.208244 4.041133 7.981561 0.250000
80 41.850605 58.837364 0.000000 1.245057 1.335423 2.228865 4.079634 8.026718 0.333333
81 42.203819 58.725216 0.000000 1.139154 1.339718 2.242901 4.132052 8.216596 0.333333
82 42.232521 58.960922 0.000000 1.137308 1.308474 2.165113 3.962208 7.873180 0.333333
83 42.066681 59.077255 0.000000 1.348900 1.403438 2.474717 4.829250 10.202761 0.250000
84 42.138531 58.920895 0.000000 1.571420 1.364253 2.334926 4.414168 9.029253 0.333333
85 42.161743 59.019146 0.000000 1.672176 1.345694 2.289115 4.308346 8.791663 0.333333
86 42.213875 59.141994 0.000000 1.735347 1.325483 2.210615 4.061935 8.070580 0.333333
87 42.188835 59.113041 0.000000 1.851932 1.327676 2.203388 4.009913 7.845898 0.333333
88 42.147072 59.086716 0.000000 1.620109 1.311091 2.159734 3.913253 7.650797 0.250000
89 41.861599 59.180927 0.000000 1.503945 1.332600 2.230200 4.108034 8.165002 0.333333
90 42.054607 59.079922 0.000000 1.470556 1.374046 2.378857 4.566347 9.515921 0.333333
91 41.979897 59.152390 0.000000 1.761198 1.359369 2.331588 4.419482 9.063466 0.250000
92 42.145279 59.045517 0.000000 1.926339 1.347794 2.280489 4.252219 8.563258 0.250000
93 42.195122 58.973282 0.000000 1.723488 1.387198 2.410575 4.627248 9.607763 0.333333
94 42.222672 59.069309 0.000000 1.760361 1.367923 2.344671 4.430255 9.039750 0.250000
95 42.037697 58.964973 0.000000 1.460142 1.368957 2.376724 4.588432 9.640766 0.200620
96 42.112659 59.073235 0.000000 1.736041 1.359652 2.310789 4.321898 8.716885 0.201107
97 42.167175 59.041512 0.000000 1.385070 1.349324 2.284266 4.256804 8.557591 0.258915
98 42.220829 59.111580 0.000000 1.569710 1.323462 2.196425 3.999701 7.834504 0.200604
99 42.103024 58.933346 0.000000 1.553274 1.348355 2.292232 4.309093 8.777237 0.171516
100 42.320026 59.200424 0.000000 1.738832 1.291959 2.089787 3.692152 6.988028 0.125731
101 42.146526 59.167576 0.000000 1.648891 1.359455 2.312345 4.323383 8.706785 0.144173
102 41.972992 59.141266 0.000000 1.633885 1.361661 2.349022 4.505982 9.415210 0.142574
103 42.286678 59.137802 0.000000 1.745720 1.324753 2.199849 4.012681 7.885562 0.142895
104 42.195648 59.031937 0.000000 1.471531 1.360620 2.310272 4.298314 8.577250 0.146085
105 42.198277 59.122185 0.000000 1.641399 1.318805 2.190275 4.009032 7.935090 0.141718
106 42.218945 59.108463 0.000000 1.758876 1.382597 2.401988 4.614638 9.602336 0.191239
107 42.259300 59.140831 0.000000 1.335626 1.328327 2.218862 4.080862 8.103728 0.111124
108 42.323532 58.896152 0.000000 1.480580 1.310691 2.165243 3.949058 7.809426 0.147593
109 42.607201 58.836868 0.000000 1.510928 1.362216 2.320132 4.350978 8.807678 0.162204
110 42.852604 58.996552 0.000000 1.367473 1.382771 2.396571 4.579197 9.445496 0.142484
112 42.849281 58.815144 0.000000 1.546506 1.384226 2.404389 4.613928 9.579601 0.146696
114 43.258450 58.886955 0.000000 1.403391 1.318633 2.175514 3.934626 7.649844 0.125246
