%% Trajectory 16
%% frame x (pixel)     y (pixel)    z (pixel)      m0         m1           m2           m3           m4           s 
13 37.046524 40.300800 0.000000 1.107116 1.479877 2.716451 5.503604 12.010493 0.200000
14 37.490562 40.406609 0.000000 1.455553 1.294529 2.143698 3.950886 7.964131 0.167055
16 37.354088 40.477909 0.000000 1.381896 1.382009 2.416897 4.705119 9.993113 0.200000
17 37.257000 40.581318 0.000000 2.125108 1.369750 2.341887 4.403018 8.916606 0.166667
18 37.179264 40.599171 0.000000 1.770611 1.395496 2.447045 4.754632 10.020943 0.254535
20 37.445511 40.542419 0.000000 2.641421 1.350140 2.297545 4.327991 8.845121 0.200004
21 37.209103 40.251064 0.000000 3.123739 1.312052 2.158749 3.909014 7.644935 0.200018
22 37.358242 40.276985 0.000000 2.765304 1.334600 2.242008 4.151299 8.310088 0.166667
23 37.270447 40.356060 0.000000 3.196795 1.286299 2.082138 3.694389 7.052354 0.200010
24 37.232151 40.245201 0.000000 3.310999 1.322605 2.199592 4.030492 7.989348 0.200001
26 37.313923 40.453728 0.000000 4.029428 1.270582 2.021377 3.514376 6.557384 0.166667
28 37.324463 40.530296 0.000000 4.073475 1.281614 2.063376 3.636251 6.886911 0.200000
29 37.369640 40.653027 0.000000 4.971863 1.272370 2.033414 3.549036 6.639070 0.166667
30 37.274067 40.752037 0.000000 5.328878 1.326344 2.207944 4.043606 7.992581 0.166667
31 37.355209 40.528511 0.000000 5.277898 1.292634 2.092897 3.709096 7.062541 0.200000
32 37.434242 40.466866 0.000000 5.809704 1.280976 2.053897 3.595984 6.746157 0.166667
33 37.479828 40.430412 0.000000 5.614068 1.280141 2.052224 3.592701 6.739618 0.111111
34 37.437637 40.545628 0.000000 5.951706 1.284109 2.062200 3.615684 6.791158 0.142857
35 37.389633 40.367580 0.000000 6.177318 1.294911 2.096597 3.703678 6.999258 0.142857
36 37.457291 40.594917 0.000000 6.206417 1.285445 2.069046 3.641681 6.880208 0.166667
37 37.435970 40.541325 0.000000 6.713669 1.298138 2.109976 3.756973 7.194171 0.142857
38 37.404202 40.451488 0.000000 6.771102 1.272993 2.031139 3.539950 6.615430 0.166667
39 37.298973 40.644924 0.000000 6.491365 1.304422 2.128452 3.799872 7.282320 0.200000
40 37.449924 40.537006 0.000000 6.445065 1.309303 2.144414 3.845190 7.406591 0.200000
41 37.459679 40.496597 0.000000 7.147299 1.275811 2.038002 3.555528 6.650253 0.166667
42 37.602921 40.328407 0.000000 7.120600 1.292627 2.087334 3.678021 6.935928 0.166667
43 37.723030 40.414410 0.000000 6.609691 1.280400 2.050992 3.587539 6.724782 0.200000
44 38.170116 40.555740 0.000000 6.767732 1.307912 2.141556 3.846893 7.442266 0.166667
45 38.246487 40.663639 0.000000 7.091050 1.320798 2.181053 3.945163 7.667278 0.166667
47 38.345364 41.052349 0.000000 5.727237 1.340894 2.263875 4.214294 8.476864 0.200000
48 38.453934 41.290298 0.000000 5.506027 1.283667 2.062016 3.620126 6.818810 0.200000
49 38.776222 41.200531 0.000000 5.387712 1.305031 2.135711 3.832219 7.397626 0.365920
50 38.726143 41.315151 0.000000 4.610663 1.293461 2.096955 3.717031 7.064766 0.200000
51 38.827942 41.546860 0.000000 4.631133 1.312456 2.178260 4.003144 8.003503 0.200000
52 39.563156 41.663513 0.000000 4.419691 1.318345 2.158574 3.855060 7.361301 0.250000
53 39.789196 41.321003 0.000000 4.672888 1.278304 2.049535 3.590301 6.742183 0.200002
54 39.909157 41.158398 0.000000 4.219573 1.355486 2.310648 4.359558 8.923610 0.250000
56 40.297104 40.482132 0.000000 2.553236 1.305059 2.132038 3.828859 7.428438 0.250000
57 40.217480 41.069225 0.000000 2.163234 1.340146 2.269206 4.248303 8.623507 0.200001
