%% Trajectory 11
%% frame x (pixel)     y (pixel)    z (pixel)      m0         m1           m2           m3           m4           s 
33 35.590309 54.816006 0.000000 1.640574 1.367850 2.352355 4.488429 9.308362 0.166667
34 35.792393 54.592361 0.000000 1.980201 1.530561 2.923551 6.204218 14.246648 0.167777
35 35.754097 54.627026 0.000000 2.128597 1.402075 2.449766 4.726139 9.857609 0.166667
36 35.332581 54.358521 0.000000 2.237559 1.345321 2.229244 4.018548 7.719431 0.166667
37 35.449127 54.654854 0.000000 2.872775 1.375405 2.352072 4.420938 8.953389 0.200000
38 35.408005 54.591118 0.000000 2.996070 1.412845 2.470006 4.748771 9.837001 0.200001
40 35.764896 54.630116 0.000000 3.697287 1.473037 2.674968 5.345556 11.497044 0.250000
41 36.158894 54.634422 0.000000 3.978440 1.487748 2.758086 5.668536 12.618865 0.200000
42 35.679199 54.711445 0.000000 3.776881 1.408280 2.463678 4.751750 9.896723 0.250000
43 35.457565 54.614403 0.000000 3.443514 1.396882 2.436934 4.695850 9.791945 0.200000
44 35.836998 54.500057 0.000000 3.617523 1.424308 2.518756 4.902834 10.282495 0.255125
45 35.726505 54.778683 0.000000 3.620367 1.407036 2.459115 4.729041 9.797696 0.271450
46 35.630390 54.828232 0.000000 3.784958 1.423189 2.519279 4.919515 10.372757 0.333338
47 35.740944 54.825314 0.000000 3.665049 1.420542 2.508037 4.877151 10.219979 0.250000
48 35.667732 54.743877 0.000000 3.739602 1.393161 2.432884 4.702121 9.854264 0.250000
49 35.747253 54.941444 0.000000 3.895244 1.454776 2.630725 5.261049 11.375044 0.250000
50 35.872410 55.041920 0.000000 3.900141 1.464071 2.665806 5.353969 11.593203 0.250000
51 36.055836 54.959496 0.000000 4.194092 1.477650 2.709706 5.490776 12.013767 0.250000
52 36.183281 54.915310 0.000000 4.520639 1.519368 2.843732 5.870728 13.058881 0.250000
53 36.018314 54.902367 0.000000 4.810283 1.490423 2.766013 5.688107 12.651361 0.250000
54 36.326542 54.751053 0.000000 4.536755 1.466959 2.672525 5.383739 11.727579 0.333333
55 36.392399 54.605305 0.000000 4.388872 1.415078 2.476364 4.756048 9.822054 0.250000
56 36.579227 54.432056 0.000000 4.779399 1.418496 2.481088 4.749285 9.745651 0.333333
57 36.805710 54.360176 0.000000 4.549704 1.474856 2.682055 5.369890 11.582039 0.250000
58 36.890347 54.147552 0.000000 4.227323 1.492550 2.755345 5.613468 12.332050 0.250000
59 37.122517 54.396267 0.000000 4.008953 1.457966 2.638268 5.275067 11.398892 0.333333
60 37.207912 53.923328 0.000000 4.391057 1.470106 2.683794 5.417455 11.824282 0.250000
61 37.375031 53.816063 0.000000 3.849800 1.446665 2.584283 5.070187 10.690191 0.166667
62 37.315182 53.863724 0.000000 3.094820 1.390600 2.428235 4.708947 9.936347 0.200000
63 37.275490 53.674473 0.000000 2.514429 1.378858 2.363625 4.461158 9.090578 0.166667
64 36.915855 53.434307 0.000000 2.517746 1.421240 2.543045 5.066167 10.990345 0.200000
65 36.922085 53.222034 0.000000 2.202441 1.406254 2.471460 4.788558 10.009238 0.166667
66 36.849609 52.786625 0.000000 1.899149 1.413607 2.525004 5.024366 10.890920 0.200004
68 37.558022 54.436653 0.000000 1.445816 1.431217 2.557301 5.058191 10.846321 0.230850
70 38.065323 54.968269 0.000000 0.935456 1.575828 3.107196 6.811531 16.134275 0.166669
71 38.304775 55.377483 0.000000 1.075901 1.478495 2.732985 5.580547 12.286074 0.166674
