%% Trajectory 15
%% frame x (pixel)     y (pixel)    z (pixel)      m0         m1           m2           m3           m4           s 
45 86.493713 33.632454 0.000000 2.257413 1.379455 2.355886 4.407499 8.854557 0.281963
46 86.738419 34.076519 0.000000 2.323338 1.411498 2.480761 4.807816 10.058385 0.238069
47 86.898346 33.772511 0.000000 2.301100 1.377013 2.363151 4.461565 9.078588 0.267548
48 86.625427 33.911076 0.000000 2.631115 1.397164 2.430221 4.649977 9.586017 0.200554
49 86.653366 33.946903 0.000000 2.886848 1.401798 2.454959 4.753305 9.965139 0.228787
50 86.670509 33.858177 0.000000 3.242440 1.363705 2.331056 4.400981 8.998958 0.290366
51 86.415939 33.941811 0.000000 3.369385 1.448920 2.613154 5.202983 11.180950 0.174694
52 86.731110 33.925972 0.000000 3.832171 1.441158 2.573595 5.059350 10.711543 0.223478
53 86.616287 34.063007 0.000000 3.980754 1.442912 2.586734 5.121323 10.959217 0.169614
54 86.929131 34.195389 0.000000 4.394073 1.448595 2.611876 5.211296 11.256372 0.166667
55 86.707062 34.052757 0.000000 4.467427 1.466197 2.673334 5.388375 11.739126 0.167036
56 86.701233 34.141399 0.000000 4.708552 1.459497 2.635808 5.251338 11.294457 0.166668
57 86.634163 34.153187 0.000000 4.882637 1.423620 2.514571 4.894918 10.284596 0.142857
58 86.640808 34.224602 0.000000 5.508458 1.421310 2.509640 4.883564 10.258132 0.200002
59 86.608383 34.218884 0.000000 5.363945 1.435589 2.556740 5.020969 10.645152 0.200000
60 86.665726 34.208687 0.000000 5.324728 1.437796 2.554440 4.990430 10.497790 0.200000
61 86.579765 34.225391 0.000000 5.911727 1.434478 2.540112 4.936284 10.309707 0.204445
62 86.671127 34.214447 0.000000 5.816629 1.444746 2.581884 5.080695 10.776929 0.250455
63 86.692543 34.122429 0.000000 6.056092 1.434459 2.553785 5.010055 10.602057 0.200000
64 86.677841 34.164806 0.000000 6.032394 1.430998 2.542020 4.971920 10.482079 0.166667
65 86.714149 34.151592 0.000000 6.377262 1.444622 2.583999 5.087889 10.793181 0.342308
66 86.560997 34.110867 0.000000 6.229074 1.454747 2.638153 5.290531 11.472399 0.275350
67 86.555176 34.135090 0.000000 6.546555 1.435683 2.556086 5.009202 10.574684 0.167282
68 86.616211 34.106842 0.000000 6.281068 1.434448 2.556542 5.032591 10.713066 0.142857
69 86.624191 33.816689 0.000000 6.707619 1.430716 2.546295 5.001446 10.611803 0.171917
70 86.602638 33.883163 0.000000 6.888601 1.419360 2.506148 4.885220 10.292678 0.237389
71 86.689056 33.973324 0.000000 7.344214 1.452805 2.629090 5.261949 11.389556 0.142858
72 86.430489 33.862461 0.000000 7.665698 1.425606 2.529355 4.951026 10.464636 0.142857
73 86.574615 33.874683 0.000000 7.811878 1.428716 2.540083 4.983019 10.556606 0.167066
74 86.496635 34.057343 0.000000 8.399682 1.457983 2.629474 5.217270 11.139731 0.142857
75 86.392929 34.043720 0.000000 8.187127 1.398721 2.432561 4.654674 9.596078 0.200000
76 86.334473 33.978199 0.000000 8.126280 1.441579 2.590975 5.148892 11.064307 0.166667
77 86.335152 34.005932 0.000000 8.282336 1.430612 2.549519 5.017712 10.669087 0.142857
78 86.213791 34.199730 0.000000 8.412276 1.459569 2.635173 5.236344 11.202888 0.166667
79 86.143593 34.202641 0.000000 7.982803 1.441962 2.569339 5.030735 10.594394 0.194812
80 86.097672 34.315434 0.000000 7.924266 1.469755 2.667254 5.322897 11.425592 0.200001
82 86.173515 34.008606 0.000000 6.465199 1.502265 2.794629 5.740438 12.715207 0.172436
83 86.197601 34.251480 0.000000 5.936893 1.541583 2.918462 6.082783 13.635176 0.166667
84 86.342667 33.950809 0.000000 5.620004 1.513893 2.834394 5.867723 13.116479 0.142872
85 86.224503 34.292503 0.000000 5.889816 1.598950 3.107500 6.616006 15.072114 0.166667
86 86.218948 34.320766 0.000000 5.752005 1.537957 2.895651 5.990443 13.307287 0.142857
87 86.177780 33.968094 0.000000 5.038023 1.516072 2.840833 5.878747 13.121052 0.246229
88 86.247696 33.873611 0.000000 5.359584 1.495782 2.759983 5.614165 12.304319 0.132961
89 86.391640 33.726906 0.000000 5.142370 1.451796 2.613864 5.189759 11.119164 0.166667
90 86.321503 33.658756 0.000000 5.247514 1.440815 2.564564 5.019278 10.577835 0.142893
91 86.199074 33.662544 0.000000 4.695455 1.454634 2.614716 5.173958 11.030529 0.142859
92 86.319115 33.687908 0.000000 5.460697 1.438235 2.578001 5.111930 10.971279 0.143158
93 86.411201 33.821320 0.000000 5.645182 1.474508 2.693533 5.434973 11.846522 0.143031
94 86.249977 33.942177 0.000000 5.924579 1.480670 2.722827 5.543650 12.206216 0.142857
95 85.880493 34.040150 0.000000 6.325861 1.459195 2.676547 5.465067 12.126182 0.142857
96 85.883652 33.957603 0.000000 5.791254 1.483271 2.742172 5.621866 12.479541 0.179302
97 85.724068 34.318905 0.000000 5.276652 1.433769 2.553219 5.014869 10.637843 0.189865
98 85.825409 34.447895 0.000000 5.088464 1.496442 2.776137 5.691186 12.601236 0.166667
99 85.679283 34.372646 0.000000 5.587439 1.462684 2.639950 5.235406 11.164665 0.142857
100 85.629623 34.240311 0.000000 5.056302 1.477852 2.701075 5.435129 11.775557 0.167823
101 85.679504 34.481216 0.000000 4.591544 1.487865 2.731821 5.527210 12.057882 0.143122
102 85.480949 34.360798 0.000000 4.806574 1.540991 2.901688 5.992900 13.273135 0.156282
103 85.653191 34.500401 0.000000 4.241723 1.556554 2.968710 6.222227 13.998213 0.125066
104 85.353210 34.584656 0.000000 3.653764 1.604057 3.119840 6.648216 15.162673 0.125000
105 85.405647 34.877495 0.000000 3.991615 1.537311 2.907454 6.055570 13.563524 0.142857
107 84.900558 35.247837 0.000000 2.539245 1.546054 2.952360 6.229034 14.167434 0.125030
108 84.663254 35.887650 0.000000 2.556314 1.519837 2.870544 6.009491 13.609763 0.143692
