%% Trajectory 11
%% frame x (pixel)     y (pixel)    z (pixel)      m0         m1           m2           m3           m4           s 
42 32.655880 52.988960 0.000000 1.369660 1.533941 2.920253 6.131789 13.859498 0.173698
43 33.063469 53.207195 0.000000 1.026968 1.437070 2.569752 5.094569 10.951220 0.183245
45 33.217808 53.252026 0.000000 0.842307 1.296899 2.107842 3.752527 7.180755 0.184762
46 32.806194 53.154911 0.000000 0.936641 1.456611 2.622709 5.208351 11.145077 0.177461
47 32.917976 53.197418 0.000000 1.067364 1.389347 2.440885 4.752752 10.026520 0.203426
48 32.744949 52.744469 0.000000 1.144889 1.437524 2.559635 5.012194 10.568454 0.117512
49 32.536785 53.051144 0.000000 1.085360 1.369689 2.353704 4.459257 9.122005 0.191601
51 32.214619 53.476326 0.000000 0.992977 1.267002 2.041994 3.639393 7.060273 0.166667
53 32.671791 53.064480 0.000000 1.075090 1.376179 2.398123 4.639377 9.754453 0.293535
54 32.483807 53.594242 0.000000 1.072777 1.335984 2.208069 3.971677 7.615020 0.245657
55 32.201912 53.451916 0.000000 1.113766 1.275323 2.032514 3.539575 6.614631 0.197996
57 32.863312 53.434303 0.000000 1.578329 1.365776 2.347175 4.476543 9.285687 0.166740
58 32.731544 52.953773 0.000000 1.467322 1.335852 2.246137 4.160594 8.323400 0.227564
59 32.855919 53.332401 0.000000 1.462065 1.304252 2.131239 3.816873 7.347745 0.166109
60 33.182800 53.168716 0.000000 1.545053 1.380596 2.385432 4.541973 9.333343 0.305942
61 33.252811 53.228424 0.000000 1.821315 1.369341 2.362180 4.523470 9.428537 0.142861
62 33.584496 53.168549 0.000000 1.628094 1.324501 2.189451 3.972727 7.766626 0.160358
63 33.515831 53.559196 0.000000 1.433841 1.333160 2.220042 4.066494 8.035611 0.196703
64 33.629719 53.458519 0.000000 1.568081 1.312384 2.167461 3.943065 7.756079 0.318812
65 34.058830 53.486893 0.000000 1.388807 1.352650 2.311588 4.397587 9.140660 0.155340
66 34.076637 53.029160 0.000000 1.480976 1.397023 2.465325 4.828281 10.257692 0.198249
67 34.015984 53.081024 0.000000 1.301465 1.450127 2.658648 5.401615 11.865860 0.188000
68 34.209789 53.485020 0.000000 0.910662 1.381529 2.407833 4.663691 9.830371 0.166667
