%% Trajectory 19
%% frame x (pixel)     y (pixel)    z (pixel)      m0         m1           m2           m3           m4           s 
71 93.856033 40.112232 0.000000 1.982422 1.321184 2.208375 4.071772 8.118037 0.142857
72 93.586853 40.144249 0.000000 2.259255 1.316361 2.181012 3.984360 7.876907 0.142857
73 94.152931 40.128288 0.000000 2.113889 1.323338 2.205331 4.063611 8.124188 0.142858
74 93.789711 40.017101 0.000000 2.185846 1.306846 2.183640 4.033895 8.074526 0.142857
75 93.767067 39.871841 0.000000 2.980328 1.402474 2.486048 4.898662 10.486246 0.163651
76 93.778358 39.645939 0.000000 3.085780 1.311795 2.176610 3.995884 7.967403 0.166667
77 93.522888 39.591972 0.000000 2.997057 1.322492 2.234066 4.204957 8.648711 0.200000
78 93.524590 39.808208 0.000000 3.438744 1.350522 2.305068 4.351161 8.892607 0.250000
79 93.514290 39.883968 0.000000 3.619853 1.300104 2.133300 3.841333 7.439848 0.333333
80 93.622849 39.742290 0.000000 2.960185 1.330702 2.248712 4.215360 8.587846 0.250000
81 93.368835 39.867924 0.000000 3.589258 1.350656 2.305384 4.353991 8.910587 0.333333
82 93.580124 39.885876 0.000000 4.007211 1.355977 2.316177 4.363702 8.881088 0.250000
83 93.480240 39.948647 0.000000 3.866777 1.389063 2.429178 4.690468 9.774950 0.250000
84 93.368477 39.793385 0.000000 4.442327 1.389163 2.410519 4.599899 9.442842 0.250000
85 93.389023 39.766262 0.000000 4.666863 1.376331 2.396723 4.616553 9.613717 0.250000
86 93.306740 39.763660 0.000000 4.935668 1.364064 2.343263 4.442552 9.099889 0.251749
87 93.310905 39.720394 0.000000 4.808944 1.357531 2.312445 4.339116 8.782297 0.333333
89 92.606285 39.572861 0.000000 4.359581 1.388313 2.444233 4.795789 10.257363 0.333333
90 92.659210 39.526840 0.000000 3.747116 1.443083 2.675473 5.571205 12.676469 0.333333
91 92.268852 39.590565 0.000000 3.943515 1.499874 2.820352 5.885020 13.274862 0.250000
92 92.372917 39.926544 0.000000 3.593876 1.457049 2.659020 5.364937 11.685105 0.250000
94 91.388115 39.940285 0.000000 4.455909 1.483371 2.788716 5.869913 13.463785 0.250000
95 91.272438 40.115154 0.000000 5.273296 1.502054 2.825353 5.912964 13.421457 0.337385
97 90.914818 40.955143 0.000000 3.933872 1.468259 2.733016 5.690310 12.914312 0.250000
99 91.193108 41.596954 0.000000 3.072089 1.474743 2.707090 5.487179 11.994426 0.200000
101 91.027473 40.413551 0.000000 3.268041 1.540960 2.925657 6.137433 13.886412 0.333333
104 89.916222 40.553955 0.000000 1.336079 1.441322 2.650004 5.461325 12.303044 0.281161
105 89.712120 40.050148 0.000000 1.370435 1.332179 2.281399 4.375251 9.213502 0.250000
107 89.641426 40.650177 0.000000 0.870474 1.145383 1.714294 2.836075 5.136040 0.125000
108 89.370750 40.230946 0.000000 0.858166 1.225723 1.974682 3.587288 7.244384 0.125000
111 89.225014 40.719032 0.000000 0.654080 1.282695 2.113985 3.912916 8.005177 0.125479
112 89.658920 40.581909 0.000000 1.111067 1.373596 2.425083 4.776677 10.260006 0.167891
113 89.658806 40.615601 0.000000 0.923998 1.165472 1.783206 3.064724 5.877673 0.142857
115 88.682419 39.622490 0.000000 1.216461 1.549652 2.989281 6.384330 14.714939 0.249104
