%% Trajectory 10
%% frame x (pixel)     y (pixel)    z (pixel)      m0         m1           m2           m3           m4           s 
47 58.226192 34.263519 0.000000 1.167925 1.203490 1.834721 3.062568 5.519375 0.166667
49 57.926338 34.176231 0.000000 1.524504 1.329813 2.235229 4.159865 8.404777 0.250000
50 57.898205 34.306522 0.000000 1.878665 1.285706 2.099083 3.790767 7.441526 0.250000
51 58.082417 34.052067 0.000000 1.738578 1.359446 2.335747 4.449592 9.203493 0.200000
52 57.967690 34.196220 0.000000 2.220709 1.334949 2.243401 4.156464 8.321527 0.250000
53 57.972675 34.193535 0.000000 1.970739 1.359667 2.314091 4.330114 8.721713 0.250000
54 57.899639 34.143219 0.000000 1.914144 1.323852 2.203848 4.038230 7.986526 0.200000
55 57.931355 34.234688 0.000000 1.940485 1.329585 2.214668 4.057001 8.017282 0.208008
56 57.737831 34.017727 0.000000 2.273990 1.338292 2.258323 4.216425 8.541347 0.331512
57 57.800804 34.117508 0.000000 2.012697 1.299781 2.130013 3.840676 7.480155 0.200000
58 57.669300 34.374596 0.000000 2.203731 1.291477 2.078884 3.652086 6.870464 0.166667
59 57.594460 34.545761 0.000000 2.531765 1.280638 2.053481 3.600944 6.781003 0.200000
60 57.549335 34.386486 0.000000 2.201676 1.284091 2.070527 3.665532 7.002817 0.200000
61 57.461140 34.786747 0.000000 2.084769 1.301645 2.118578 3.775949 7.232736 0.200001
62 57.778080 34.988945 0.000000 1.957603 1.350121 2.318537 4.445035 9.323260 0.200000
63 57.579700 34.851536 0.000000 1.944988 1.278044 2.062494 3.669868 7.084177 0.166667
64 57.412609 35.031067 0.000000 2.438739 1.337079 2.263469 4.251312 8.695069 0.200000
66 56.487049 34.399109 0.000000 1.909985 1.305489 2.154799 3.938590 7.836592 0.200000
67 56.438244 34.428020 0.000000 1.640894 1.429272 2.587922 5.241409 11.602518 0.202222
68 56.629929 34.223038 0.000000 1.552274 1.404220 2.468848 4.804505 10.137011 0.169033
69 56.359104 33.850761 0.000000 1.179070 1.392378 2.439731 4.733853 9.950920 0.181054
