%% Trajectory 7
%% frame x (pixel)     y (pixel)    z (pixel)      m0         m1           m2           m3           m4           s 
7 49.525330 34.531414 0.000000 1.998706 1.518996 2.870595 6.008827 13.588618 0.250000
9 48.491211 34.182575 0.000000 1.201276 1.172998 1.755301 2.877810 5.105151 0.250000
10 48.646790 34.015274 0.000000 2.057049 1.290791 2.097008 3.740975 7.190631 0.200000
11 48.571594 34.122875 0.000000 1.738548 1.275588 2.052343 3.627720 6.917984 0.250000
12 48.426430 34.179981 0.000000 1.578213 1.202315 1.837052 3.075651 5.560634 0.333333
13 48.695095 34.032490 0.000000 1.814684 1.319906 2.182855 3.961773 7.735322 0.250000
14 48.476807 34.147846 0.000000 2.107795 1.243290 1.954665 3.369608 6.261933 0.250021
15 48.408661 34.148537 0.000000 2.035498 1.297300 2.107387 3.753406 7.192818 0.250000
16 48.752075 34.112892 0.000000 2.227219 1.295293 2.117769 3.816076 7.438979 0.200000
17 48.552513 34.006870 0.000000 2.233382 1.295357 2.114278 3.781564 7.267592 0.250000
18 48.700413 34.033527 0.000000 2.659391 1.316389 2.194683 4.047574 8.098187 0.250000
19 48.742298 34.127384 0.000000 2.764836 1.339874 2.263944 4.236495 8.609488 0.166667
20 48.847218 34.179073 0.000000 2.690994 1.335684 2.258661 4.245036 8.695374 0.250000
21 48.670116 34.003662 0.000000 2.725340 1.339559 2.252602 4.171176 8.332542 0.250000
22 48.767071 34.132343 0.000000 2.913525 1.290329 2.094838 3.740901 7.215706 0.250000
23 48.769562 34.069656 0.000000 3.065683 1.317079 2.191166 4.028977 8.034871 0.250000
24 48.780983 34.142841 0.000000 3.114994 1.326635 2.204775 4.018475 7.870321 0.200000
25 48.683254 34.272568 0.000000 3.184340 1.263634 2.009234 3.503886 6.587370 0.250000
26 48.522087 34.252254 0.000000 3.785464 1.310624 2.148938 3.857394 7.432632 0.250000
27 48.424240 34.134335 0.000000 3.826143 1.307245 2.144680 3.861510 7.485039 0.250000
28 48.698742 34.132065 0.000000 4.452312 1.292220 2.105734 3.778039 7.326227 0.200000
29 48.598995 34.139252 0.000000 3.691093 1.299575 2.126805 3.839741 7.515592 0.200000
30 48.690445 34.028980 0.000000 4.253004 1.331384 2.230144 4.115428 8.201159 0.250000
31 48.479443 34.099205 0.000000 3.756868 1.332968 2.231192 4.109959 8.167859 0.200000
32 48.533981 34.153984 0.000000 4.403915 1.306788 2.135589 3.816985 7.315365 0.200000
33 48.651089 34.116989 0.000000 4.300417 1.286358 2.082876 3.699241 7.073575 0.166667
34 48.755116 34.237019 0.000000 4.569880 1.320139 2.189523 4.000822 7.904237 0.200009
35 48.790993 34.089207 0.000000 4.480248 1.362711 2.336222 4.434031 9.126209 0.200000
36 48.764076 34.210777 0.000000 4.681541 1.307363 2.145888 3.867121 7.508678 0.200000
37 48.757347 34.133316 0.000000 4.884680 1.322944 2.200123 4.032876 7.992793 0.166667
38 48.691837 34.080063 0.000000 4.869818 1.320139 2.187861 3.982845 7.807870 0.142857
39 48.648399 34.144409 0.000000 4.403916 1.290786 2.092046 3.716751 7.105093 0.166667
40 48.681843 34.235527 0.000000 4.827901 1.292389 2.095174 3.717525 7.082756 0.166667
41 48.703087 34.341537 0.000000 4.281240 1.285217 2.066097 3.626866 6.821409 0.142857
42 48.868874 34.636032 0.000000 4.349998 1.307368 2.151785 3.908787 7.700665 0.192131
43 48.859962 34.792721 0.000000 4.644912 1.333731 2.224840 4.077711 8.052269 0.167712
44 48.951069 34.912258 0.000000 4.047231 1.371040 2.364486 4.507343 9.301454 0.166730
45 48.860748 35.104618 0.000000 3.636507 1.338592 2.247101 4.150254 8.265557 0.240952
46 49.226334 35.384377 0.000000 3.102612 1.246402 1.955307 3.355408 6.192677 0.142857
47 49.468147 35.482323 0.000000 3.237863 1.289517 2.090866 3.727642 7.182016 0.125000
48 49.374802 35.626225 0.000000 3.167233 1.296789 2.102677 3.730270 7.106082 0.143722
49 49.628670 36.056301 0.000000 3.247632 1.323962 2.214936 4.112540 8.326224 0.187997
51 49.384026 35.851357 0.000000 2.243258 1.325624 2.191554 3.956423 7.639946 0.126886
