%% Trajectory 21
%% frame x (pixel)     y (pixel)    z (pixel)      m0         m1           m2           m3           m4           s 
53 21.865795 25.560381 0.000000 1.313903 1.414343 2.493643 4.847427 10.166696 0.249891
54 21.739054 25.330719 0.000000 1.410057 1.274785 2.038438 3.561785 6.673895 0.143039
55 21.811291 25.352701 0.000000 1.850673 1.344331 2.246114 4.097048 7.992752 0.142864
56 22.023506 25.415833 0.000000 2.007777 1.348327 2.280567 4.251765 8.564248 0.142862
57 21.890429 25.490067 0.000000 2.015429 1.281258 2.053539 3.596587 6.757518 0.165073
58 21.922523 25.584194 0.000000 2.791181 1.366814 2.331179 4.373819 8.846491 0.190503
59 21.843973 25.347902 0.000000 2.385846 1.331175 2.210548 4.018651 7.838860 0.196386
60 21.818325 25.586590 0.000000 2.221614 1.345361 2.262581 4.180760 8.322339 0.148762
61 21.911032 25.377071 0.000000 2.347202 1.336645 2.237759 4.122096 8.195213 0.157474
62 21.729403 25.435379 0.000000 2.731881 1.354095 2.280578 4.207224 8.331462 0.142887
63 21.702202 25.531809 0.000000 3.286819 1.308540 2.138265 3.816645 7.296702 0.166667
64 21.828318 25.556623 0.000000 3.517150 1.335735 2.225528 4.067158 7.997955 0.166667
65 21.814968 25.579035 0.000000 3.778180 1.319943 2.175791 3.931536 7.640581 0.166667
66 21.924835 25.620447 0.000000 3.886306 1.369203 2.339103 4.395317 8.900959 0.166667
67 21.847775 25.470457 0.000000 3.868375 1.329697 2.211537 4.033574 7.911545 0.166667
68 21.755587 25.542942 0.000000 3.975778 1.334280 2.213964 4.016093 7.806399 0.166667
69 21.767012 25.596714 0.000000 3.900746 1.305270 2.132039 3.812812 7.325323 0.166667
70 21.779520 25.514639 0.000000 3.604481 1.337647 2.233508 4.088548 8.046335 0.200000
71 21.697344 25.656092 0.000000 3.757571 1.332490 2.220249 4.060099 7.988986 0.200000
72 21.697830 25.565170 0.000000 3.944915 1.324748 2.194662 3.989964 7.810140 0.142857
73 21.781982 25.563709 0.000000 3.934173 1.331370 2.220336 4.075611 8.080548 0.142857
74 21.742886 25.574650 0.000000 4.280537 1.330541 2.213449 4.043903 7.959869 0.142857
75 21.686588 25.566050 0.000000 4.301982 1.319810 2.175052 3.920777 7.581263 0.200000
76 21.877489 25.620308 0.000000 4.171195 1.384318 2.393585 4.559090 9.368073 0.166667
77 21.807787 25.631313 0.000000 4.599775 1.336174 2.231165 4.085738 8.042676 0.166667
78 21.681160 25.710238 0.000000 4.182767 1.331762 2.222839 4.082462 8.096361 0.166667
80 21.770260 25.650061 0.000000 5.401300 1.372214 2.352889 4.444086 9.060686 0.200000
81 21.814167 25.831173 0.000000 5.528816 1.410973 2.482660 4.823016 10.125609 0.200000
82 21.759295 25.619646 0.000000 5.707498 1.356588 2.298005 4.275082 8.558272 0.166667
83 21.661783 25.626234 0.000000 5.966884 1.355098 2.284590 4.219554 8.366305 0.200000
84 21.805267 25.657335 0.000000 6.117356 1.339877 2.247797 4.149216 8.264131 0.166667
85 21.766766 25.649866 0.000000 6.367617 1.353150 2.283567 4.229811 8.429793 0.200000
86 21.837502 25.672625 0.000000 6.524665 1.371623 2.346058 4.412434 8.938056 0.200000
87 21.669313 25.569778 0.000000 6.247994 1.328189 2.201784 3.997858 7.795956 0.166667
88 21.751740 25.591932 0.000000 6.374488 1.320659 2.184405 3.965357 7.749524 0.200000
89 21.645071 25.608812 0.000000 6.139205 1.340334 2.246674 4.138985 8.222215 0.166667
90 21.680124 25.627590 0.000000 6.853150 1.338082 2.230956 4.076791 8.006980 0.250000
91 21.639477 25.660925 0.000000 6.629898 1.334021 2.225151 4.080451 8.072042 0.250000
92 21.596807 25.587940 0.000000 6.607842 1.325211 2.192060 3.971531 7.728987 0.250000
93 21.777782 25.648926 0.000000 6.922536 1.392799 2.426284 4.672401 9.742553 0.200000
94 21.650898 25.647604 0.000000 7.166548 1.336749 2.232640 4.091208 8.063876 0.250000
95 21.660480 25.723656 0.000000 7.274351 1.347591 2.261759 4.159551 8.213149 0.200000
96 21.741055 25.897516 0.000000 7.413828 1.386762 2.405398 4.604975 9.528151 0.200000
97 21.564247 25.848642 0.000000 7.244523 1.363821 2.325606 4.369552 8.868806 0.250000
98 21.728004 26.091055 0.000000 6.941826 1.365786 2.334273 4.396615 8.946782 0.200000
99 21.820019 26.202967 0.000000 7.649284 1.384270 2.396298 4.580328 9.474633 0.250000
100 21.798515 26.323582 0.000000 7.827466 1.337566 2.238851 4.119777 8.178038 0.200000
101 21.910099 26.371508 0.000000 8.013009 1.354489 2.294863 4.281046 8.624294 0.200000
102 22.134459 26.652628 0.000000 7.795085 1.376626 2.359228 4.439195 8.983459 0.200000
103 22.222347 26.873161 0.000000 7.379155 1.391149 2.415138 4.621580 9.551721 0.200000
104 22.221624 27.101372 0.000000 7.512585 1.387944 2.416811 4.662021 9.761491 0.250000
105 22.315134 27.004532 0.000000 6.872788 1.379737 2.392344 4.595951 9.584096 0.200000
106 22.153694 27.173431 0.000000 6.181275 1.392033 2.431074 4.701647 9.862564 0.166667
107 22.227411 27.345928 0.000000 6.254674 1.343750 2.260711 4.189322 8.391650 0.142857
108 21.995600 27.297070 0.000000 5.844642 1.395843 2.447339 4.754333 10.018191 0.200000
109 22.295912 27.386694 0.000000 5.465810 1.343950 2.254593 4.155924 8.259208 0.166667
111 21.647167 28.365915 0.000000 3.238815 1.486365 2.746701 5.620396 12.441404 0.200001
