%% Trajectory 30
%% frame x (pixel)     y (pixel)    z (pixel)      m0         m1           m2           m3           m4           s 
71 62.624767 82.320656 0.000000 1.423844 1.240347 1.945428 3.368816 6.353366 0.142859
72 62.415123 82.586708 0.000000 1.808468 1.201428 1.824180 3.033601 5.454444 0.142857
73 62.423450 82.346130 0.000000 1.695324 1.244006 1.952963 3.372086 6.311267 0.142857
74 62.400658 82.553307 0.000000 1.800608 1.238892 1.927698 3.280396 6.008177 0.139507
75 62.407928 82.611061 0.000000 2.541026 1.315336 2.173393 3.961929 7.827329 0.116659
76 62.403332 82.372704 0.000000 2.732843 1.298681 2.113044 3.771674 7.253823 0.221423
77 62.305195 82.575798 0.000000 3.429465 1.355977 2.298433 4.288322 8.639661 0.139318
78 62.256577 82.425385 0.000000 3.827800 1.344416 2.245363 4.090811 7.962671 0.111112
79 62.147816 82.702499 0.000000 3.561781 1.400652 2.442504 4.687822 9.690887 0.111123
80 62.267250 82.503700 0.000000 4.147460 1.364821 2.327996 4.371508 8.856537 0.113346
81 62.295650 82.577744 0.000000 4.584540 1.385660 2.394272 4.558415 9.370131 0.128945
82 62.213661 82.454781 0.000000 5.183813 1.362998 2.312008 4.298688 8.580634 0.142876
83 62.039154 82.584152 0.000000 4.850004 1.457719 2.634696 5.244473 11.239113 0.125282
84 62.169872 82.585510 0.000000 5.271692 1.365848 2.321617 4.327457 8.663247 0.166677
85 62.157883 82.604416 0.000000 5.901013 1.392985 2.419584 4.626260 9.533302 0.169690
86 62.091801 82.475731 0.000000 6.700193 1.371913 2.341969 4.383911 8.813527 0.166667
87 62.075443 82.564697 0.000000 5.864361 1.430511 2.532118 4.918390 10.256584 0.166667
88 61.970932 82.386467 0.000000 6.292528 1.428258 2.537498 4.974445 10.531643 0.166720
89 61.817863 82.247360 0.000000 5.977845 1.431829 2.563642 5.082558 10.913404 0.166667
90 61.775078 82.297943 0.000000 6.702610 1.467861 2.670995 5.369536 11.663441 0.166671
91 61.546169 82.234329 0.000000 7.040110 1.452432 2.638732 5.325495 11.675394 0.166671
92 61.559593 82.241364 0.000000 6.767301 1.422424 2.520297 4.932601 10.440518 0.166841
93 61.271423 82.401398 0.000000 6.902472 1.451216 2.620150 5.232023 11.303769 0.200015
94 61.199245 82.329758 0.000000 6.552037 1.418882 2.501654 4.858658 10.178967 0.200000
96 60.706749 82.355331 0.000000 5.217252 1.463073 2.660423 5.348601 11.631523 0.200000
97 60.742706 82.588890 0.000000 4.336406 1.430140 2.542779 4.991776 10.592328 0.283090
98 60.612549 82.520531 0.000000 4.288284 1.404423 2.452193 4.718392 9.806538 0.251232
99 60.470451 82.564201 0.000000 4.147855 1.394146 2.411710 4.578654 9.350229 0.250000
100 60.479786 82.750038 0.000000 3.709553 1.399630 2.451129 4.748834 9.976004 0.297697
102 60.800488 83.095055 0.000000 1.435945 1.544871 2.955069 6.253244 14.276314 0.210123
103 60.236790 83.387291 0.000000 1.809719 1.492148 2.757448 5.619842 12.343861 0.270192
105 60.922573 82.805779 0.000000 1.425352 1.489824 2.800798 5.863168 13.330023 0.318179
107 60.620407 83.724754 0.000000 1.238473 1.476741 2.742132 5.674246 12.768929 0.230838
110 60.520916 83.083725 0.000000 1.056828 1.374707 2.415196 4.754892 10.257485 0.144747
