%% Trajectory 17
%% frame x (pixel)     y (pixel)    z (pixel)      m0         m1           m2           m3           m4           s 
41 75.136414 41.159191 0.000000 0.960923 1.337044 2.253084 4.195051 8.461699 0.184397
44 74.581947 41.400593 0.000000 1.159472 1.365975 2.358351 4.522204 9.437101 0.167395
45 74.993004 41.309505 0.000000 1.340842 1.317408 2.214110 4.139362 8.449210 0.143243
46 75.113861 40.845043 0.000000 1.152022 1.351970 2.280074 4.226915 8.439159 0.143675
47 74.719345 41.440311 0.000000 1.315620 1.382757 2.403465 4.618395 9.608988 0.166681
48 74.860527 41.388123 0.000000 1.438422 1.321392 2.201562 4.035910 7.982375 0.167087
49 74.620308 41.110405 0.000000 1.667691 1.330714 2.237323 4.157937 8.374512 0.263079
50 74.817162 41.324131 0.000000 1.445577 1.270709 2.052511 3.662818 7.099708 0.200002
51 74.746040 41.134220 0.000000 1.811528 1.284609 2.078070 3.691670 7.074336 0.201310
52 74.901047 41.210297 0.000000 2.297032 1.327466 2.220966 4.098060 8.178098 0.200361
54 74.762848 41.103142 0.000000 2.918163 1.329218 2.224416 4.112181 8.238701 0.250000
55 74.712898 41.090805 0.000000 3.373107 1.321411 2.188825 3.977204 7.771070 0.250000
56 74.669281 40.896053 0.000000 3.522486 1.326918 2.207043 4.035872 7.958118 0.200016
57 74.676582 40.903694 0.000000 3.411538 1.343003 2.263028 4.200945 8.423917 0.166667
58 74.852119 41.148090 0.000000 4.056482 1.341017 2.259998 4.199712 8.432715 0.200000
59 74.927185 41.162140 0.000000 4.308722 1.364818 2.339995 4.435761 9.108525 0.200000
60 74.737030 41.367901 0.000000 4.701002 1.315184 2.170320 3.930572 7.663318 0.200000
61 74.810020 41.325455 0.000000 4.741477 1.334395 2.232033 4.114309 8.202789 0.200000
62 74.602448 41.543072 0.000000 4.772090 1.310835 2.140970 3.814003 7.264107 0.166779
63 74.272507 41.558472 0.000000 5.051899 1.347172 2.274767 4.228861 8.490597 0.200000
64 74.177849 41.505394 0.000000 4.990257 1.358868 2.303874 4.295023 8.636429 0.200308
65 73.920044 41.576206 0.000000 4.424089 1.344207 2.274915 4.260661 8.665016 0.166667
66 73.696480 41.464901 0.000000 4.925498 1.372305 2.344190 4.394800 8.858320 0.166667
67 73.632858 41.574631 0.000000 5.261135 1.349754 2.276366 4.216517 8.409564 0.166667
68 73.551682 41.877678 0.000000 4.947236 1.357175 2.295218 4.254930 8.471839 0.142857
69 73.142845 42.039696 0.000000 4.372858 1.403171 2.469140 4.799802 10.084353 0.142857
70 73.306992 42.550179 0.000000 4.747011 1.353329 2.279770 4.208050 8.343952 0.142857
71 73.384293 42.623772 0.000000 4.850699 1.341876 2.239033 4.081003 7.959926 0.142857
73 73.383766 43.169609 0.000000 2.572193 1.312567 2.165831 3.934144 7.719270 0.263703
75 73.453918 43.312630 0.000000 2.871546 1.316524 2.172932 3.933400 7.661083 0.142858
