%% Trajectory 14
%% frame x (pixel)     y (pixel)    z (pixel)      m0         m1           m2           m3           m4           s 
34 33.167435 39.056549 0.000000 1.911856 1.410750 2.504128 4.930005 10.523328 0.145402
37 33.158897 38.611397 0.000000 1.905401 1.338210 2.269753 4.278803 8.800481 0.166667
38 33.295734 38.956158 0.000000 1.838865 1.371458 2.389632 4.645392 9.862037 0.166667
39 33.178017 38.889816 0.000000 2.113761 1.359709 2.334573 4.440752 9.174549 0.200000
40 33.355907 39.003941 0.000000 2.332558 1.346690 2.288147 4.306815 8.805127 0.200000
41 33.341785 38.962421 0.000000 2.681587 1.376688 2.391142 4.603911 9.618101 0.200000
42 33.376537 38.954052 0.000000 2.481832 1.362349 2.325840 4.383488 8.940708 0.200000
43 33.320721 38.918274 0.000000 2.883806 1.378550 2.370440 4.490692 9.183885 0.200000
44 33.466530 39.047161 0.000000 2.747234 1.339848 2.265613 4.228821 8.541822 0.200000
45 33.250221 38.891212 0.000000 3.123820 1.368762 2.346915 4.446815 9.128129 0.200004
46 33.307697 38.786942 0.000000 2.978278 1.313596 2.158528 3.881631 7.493454 0.200000
47 33.446819 38.985653 0.000000 2.980845 1.343611 2.274120 4.250720 8.601190 0.200000
48 33.546597 38.950535 0.000000 3.626693 1.336831 2.241174 4.132483 8.217732 0.200000
49 33.336437 38.929096 0.000000 4.154208 1.333914 2.226868 4.090786 8.115749 0.200004
50 33.389652 38.802521 0.000000 4.133791 1.304370 2.133504 3.827181 7.390484 0.200115
51 33.372787 38.942558 0.000000 4.997913 1.338154 2.243385 4.130758 8.188715 0.200603
52 33.260574 38.884453 0.000000 4.439446 1.328063 2.221992 4.109052 8.246197 0.200000
53 33.397247 38.997185 0.000000 4.916978 1.329853 2.226652 4.109595 8.196788 0.285033
54 33.305779 38.865253 0.000000 5.339811 1.341785 2.256242 4.174371 8.335502 0.200166
55 33.330727 38.880497 0.000000 5.193893 1.364570 2.333883 4.403471 8.985086 0.200001
56 33.300323 39.004467 0.000000 5.766579 1.355666 2.310437 4.351894 8.876307 0.395686
57 33.352528 39.026711 0.000000 5.716222 1.355477 2.311047 4.357102 8.897654 0.200686
58 33.328999 38.874851 0.000000 5.935518 1.353526 2.295520 4.288335 8.652948 0.166783
59 33.406181 38.953671 0.000000 5.384526 1.336329 2.229335 4.074672 7.998184 0.168096
60 33.352814 38.908710 0.000000 5.532972 1.352042 2.287482 4.258145 8.550479 0.166667
61 33.383652 38.880508 0.000000 5.586566 1.350600 2.280831 4.235945 8.483536 0.176781
62 33.399876 38.866833 0.000000 6.321020 1.330521 2.211167 4.028386 7.889628 0.142857
63 33.499382 38.902103 0.000000 5.667879 1.288769 2.079224 3.664092 6.918812 0.142858
64 33.501156 38.919960 0.000000 6.309237 1.326383 2.198319 3.994571 7.802531 0.166672
65 33.392380 38.974129 0.000000 5.834029 1.344396 2.265976 4.202383 8.405046 0.200000
66 33.475372 38.959087 0.000000 6.700292 1.364625 2.321906 4.336501 8.707617 0.200000
67 33.527225 38.881134 0.000000 6.528838 1.309422 2.139745 3.819902 7.304496 0.200000
68 33.521198 38.855633 0.000000 6.597084 1.327244 2.197934 3.982885 7.741281 0.166667
69 33.565990 38.949425 0.000000 6.599495 1.350693 2.275419 4.206727 8.363918 0.200000
70 33.516556 39.024284 0.000000 6.875816 1.366748 2.335157 4.393239 8.917133 0.200000
71 33.550850 38.855110 0.000000 7.147481 1.329894 2.209983 4.023262 7.865878 0.166667
72 33.511997 38.992073 0.000000 7.049885 1.364286 2.322258 4.341445 8.731412 0.166667
73 33.523960 39.026745 0.000000 7.873005 1.352849 2.286107 4.242931 8.476686 0.166667
74 33.518112 38.872570 0.000000 7.905772 1.344740 2.262470 4.188021 8.363756 0.166667
75 33.786057 38.807312 0.000000 7.739908 1.362279 2.318584 4.341963 8.764827 0.166667
76 33.850403 38.621407 0.000000 7.616655 1.339365 2.247554 4.153534 8.290539 0.166667
77 33.938419 38.710823 0.000000 7.639970 1.368055 2.346399 4.449240 9.140475 0.200000
78 34.179958 38.764503 0.000000 8.111512 1.342372 2.261502 4.202524 8.452645 0.200000
79 34.310692 38.963810 0.000000 7.828161 1.360847 2.320561 4.357169 8.826323 0.200000
80 34.487682 39.023254 0.000000 7.354636 1.343971 2.263814 4.194960 8.382874 0.200000
81 34.529613 39.140038 0.000000 7.180442 1.326269 2.200588 4.005564 7.840649 0.200000
82 34.645752 39.301167 0.000000 6.803957 1.301356 2.121500 3.786303 7.258643 0.206720
83 34.588528 39.361767 0.000000 7.311779 1.317191 2.159684 3.864120 7.395977 0.200576
84 34.678886 39.419182 0.000000 7.390018 1.306165 2.131825 3.805442 7.288607 0.200023
85 34.678703 39.455204 0.000000 7.081267 1.309377 2.137278 3.809514 7.270875 0.317834
86 34.874149 39.450680 0.000000 6.392187 1.306357 2.138245 3.831877 7.375262 0.250000
87 35.122803 39.548759 0.000000 6.867199 1.335674 2.245583 4.171923 8.404701 0.287648
89 36.108883 38.440830 0.000000 6.134148 1.340558 2.253584 4.179511 8.393413 0.200000
