%% Trajectory 48
%% frame x (pixel)     y (pixel)    z (pixel)      m0         m1           m2           m3           m4           s 
80 30.574995 28.348019 0.000000 0.634231 1.252324 1.974445 3.405770 6.317555 0.226558
81 30.204342 28.251923 0.000000 0.881319 1.310437 2.159994 3.917820 7.669098 0.200000
82 30.418564 28.286180 0.000000 1.047703 1.256581 2.000742 3.509018 6.671462 0.250000
83 30.180773 28.003729 0.000000 1.448166 1.335717 2.247036 4.155794 8.273352 0.271462
84 30.241467 28.116726 0.000000 1.259499 1.336285 2.243035 4.142144 8.248674 0.250000
85 30.042707 28.184454 0.000000 1.628052 1.377462 2.399894 4.652898 9.828675 0.200002
86 30.279024 28.362007 0.000000 1.649318 1.263409 2.002236 3.467324 6.444326 0.200000
87 30.397764 28.207294 0.000000 1.557170 1.303241 2.126945 3.800193 7.292171 0.200000
88 30.247234 28.217409 0.000000 1.844555 1.320141 2.190437 3.997676 7.873463 0.200096
89 30.222649 28.099758 0.000000 1.578934 1.314448 2.166109 3.910076 7.576805 0.200142
90 30.062771 28.324741 0.000000 1.754966 1.317808 2.190508 4.019311 7.991790 0.166667
91 30.167410 28.034933 0.000000 1.743577 1.351614 2.290602 4.271026 8.581761 0.166667
92 30.103420 28.191294 0.000000 2.155879 1.336498 2.242586 4.146916 8.287530 0.200000
93 30.163898 28.238926 0.000000 1.944553 1.329128 2.219732 4.083067 8.116513 0.166667
94 30.096842 28.172714 0.000000 2.309773 1.374204 2.371528 4.534770 9.416249 0.166667
95 29.998352 28.372217 0.000000 2.037750 1.337243 2.249911 4.185571 8.447052 0.166667
96 30.152378 28.153921 0.000000 2.272341 1.364022 2.319717 4.329587 8.689554 0.166667
97 30.224686 28.229862 0.000000 2.572608 1.334827 2.233226 4.109845 8.161765 0.166667
98 30.217194 28.238068 0.000000 2.205369 1.339294 2.238625 4.106664 8.109912 0.166667
99 30.158955 28.018696 0.000000 1.996673 1.424062 2.546256 5.044220 10.821911 0.142863
100 30.159180 28.192696 0.000000 2.188813 1.346964 2.267567 4.194752 8.357828 0.217939
101 30.282495 28.125422 0.000000 2.510446 1.333986 2.217123 4.030841 7.856250 0.142861
102 30.264187 28.069912 0.000000 2.493221 1.322925 2.193536 3.991866 7.818680 0.193160
103 30.131533 28.157589 0.000000 2.665448 1.367799 2.340770 4.410986 8.967474 0.143712
104 30.224077 27.994026 0.000000 2.635745 1.345103 2.266898 4.201820 8.391940 0.166685
105 30.148212 28.175585 0.000000 3.029966 1.348993 2.277743 4.228023 8.455894 0.142881
106 29.934448 28.027100 0.000000 2.813102 1.375556 2.384605 4.584795 9.574157 0.142882
107 29.889046 28.131159 0.000000 3.366671 1.346822 2.295185 4.340681 8.929929 0.166667
108 29.695358 28.103165 0.000000 3.326431 1.313514 2.166395 3.927596 7.679176 0.166667
109 29.664898 28.241560 0.000000 3.270957 1.327087 2.218387 4.097218 8.205706 0.200021
110 29.780851 28.520079 0.000000 3.129605 1.317101 2.184478 4.001838 7.955065 0.287335
111 29.585657 28.712358 0.000000 2.597376 1.305061 2.136330 3.851243 7.514426 0.305230
112 29.701151 28.857553 0.000000 2.388894 1.372133 2.349872 4.430839 9.014674 0.200000
113 29.591471 29.014746 0.000000 2.220551 1.391629 2.423311 4.653758 9.643085 0.200000
114 29.412363 29.140053 0.000000 1.933280 1.409527 2.474340 4.793737 10.035789 0.166667
115 29.386513 29.445877 0.000000 1.924261 1.398506 2.455570 4.778042 10.085164 0.166667
116 29.732897 29.457516 0.000000 2.071028 1.392874 2.420596 4.640746 9.614942 0.166680
119 30.487806 29.429399 0.000000 1.273178 1.468089 2.666205 5.332229 11.476925 0.166667
