%% Trajectory 21
%% frame x (pixel)     y (pixel)    z (pixel)      m0         m1           m2           m3           m4           s 
55 59.565289 43.765980 0.000000 1.606169 1.254161 2.009389 3.567255 6.908080 0.201827
56 59.613743 43.810703 0.000000 1.771130 1.228405 1.922779 3.315092 6.197785 0.125000
57 59.626865 43.825603 0.000000 2.035728 1.265474 2.039399 3.636483 7.057817 0.125001
58 59.499977 43.862122 0.000000 1.906218 1.214935 1.875568 3.175814 5.805213 0.125000
59 59.609673 43.725864 0.000000 2.154669 1.228326 1.913466 3.266977 6.011171 0.125136
60 59.476494 43.665123 0.000000 1.729775 1.226015 1.904376 3.242731 5.954380 0.142857
61 59.600517 43.835796 0.000000 2.211797 1.234434 1.927468 3.298441 6.082531 0.142857
62 59.546192 43.920517 0.000000 2.209614 1.242929 1.956577 3.374821 6.265135 0.142857
63 59.518620 43.903244 0.000000 1.738373 1.223728 1.905244 3.254614 5.997179 0.142857
64 59.720192 44.004826 0.000000 2.121941 1.276580 2.060814 3.644427 6.920772 0.166667
65 59.518547 43.921734 0.000000 2.111139 1.267619 2.032806 3.572903 6.751833 0.166667
66 59.648655 43.845715 0.000000 1.712360 1.201554 1.846339 3.116664 5.688842 0.166667
67 59.644077 43.779892 0.000000 2.096948 1.231757 1.928945 3.311428 6.123252 0.166667
68 59.474072 43.961388 0.000000 2.517866 1.277748 2.056352 3.619009 6.828203 0.200000
69 59.498047 44.149128 0.000000 2.652094 1.214295 1.866594 3.142364 5.706548 0.200000
70 59.464703 44.203178 0.000000 2.373980 1.249774 1.981702 3.465609 6.584029 0.166667
71 59.258392 44.545341 0.000000 2.135720 1.228555 1.905814 3.236250 5.921460 0.166680
72 59.093388 44.552971 0.000000 2.191028 1.233876 1.929384 3.323035 6.216085 0.166667
73 58.933735 44.691174 0.000000 2.239152 1.230105 1.942280 3.398629 6.496463 0.142857
74 58.942856 44.748535 0.000000 1.997472 1.276024 2.095071 3.839187 7.722458 0.166667
75 58.746605 44.861675 0.000000 1.899139 1.244841 1.973586 3.446359 6.519153 0.142861
