%% Trajectory 11
%% frame x (pixel)     y (pixel)    z (pixel)      m0         m1           m2           m3           m4           s 
25 42.762115 70.619392 0.000000 2.156464 1.392147 2.522907 5.189324 11.786662 0.166667
26 42.800900 70.623024 0.000000 2.117248 1.401202 2.578527 5.418909 12.614786 0.166667
27 42.697906 70.737915 0.000000 2.299345 1.461572 2.777159 5.976851 14.114429 0.166667
28 42.768848 70.696159 0.000000 2.738709 1.499949 2.887289 6.268340 14.883100 0.166667
29 42.582344 70.529633 0.000000 2.236953 1.424961 2.632430 5.525843 12.810277 0.166667
31 42.315830 70.466560 0.000000 3.201346 1.339264 2.326557 4.580976 10.006248 0.170737
32 42.360378 70.535881 0.000000 3.282203 1.376227 2.457030 4.988501 11.235901 0.203232
33 42.831936 70.556297 0.000000 3.711584 1.483655 2.823719 6.068013 14.298120 0.201413
35 42.891491 70.558777 0.000000 4.372516 1.496003 2.793195 5.795016 13.040446 0.200251
36 42.804626 70.518646 0.000000 4.955351 1.434279 2.574906 5.132849 11.115700 0.200000
37 42.839653 70.581772 0.000000 5.157008 1.416855 2.520320 4.984735 10.731457 0.200000
38 42.576088 70.557800 0.000000 4.929445 1.365293 2.334124 4.404369 8.997705 0.200000
39 42.424290 70.468369 0.000000 4.726579 1.374364 2.377497 4.567586 9.557692 0.200000
40 42.420773 70.594315 0.000000 4.368941 1.385690 2.403755 4.613715 9.604845 0.200262
41 42.400162 70.441757 0.000000 4.823581 1.328229 2.215497 4.076424 8.124866 0.200000
42 42.389004 70.431198 0.000000 4.951303 1.334236 2.222958 4.059252 7.967776 0.200000
43 42.311806 70.521622 0.000000 5.067057 1.367434 2.346666 4.455698 9.182448 0.166667
44 42.505039 70.467079 0.000000 5.601505 1.365725 2.335454 4.410263 9.022273 0.166667
45 42.472145 70.555382 0.000000 5.469983 1.383454 2.382801 4.516324 9.235084 0.200000
46 42.635513 70.632629 0.000000 6.315806 1.379341 2.379523 4.534446 9.360894 0.167418
47 42.590176 70.612289 0.000000 5.902157 1.399536 2.444083 4.714059 9.841155 0.368894
48 42.653313 70.645149 0.000000 6.309149 1.403552 2.455927 4.745375 9.922821 0.200000
49 42.697186 70.666176 0.000000 6.722681 1.416513 2.510601 4.931214 10.509770 0.200095
50 42.671280 70.572708 0.000000 6.594231 1.408568 2.478215 4.824956 10.186559 0.200000
51 42.899651 70.609764 0.000000 6.235094 1.452189 2.632784 5.298533 11.575365 0.200003
52 42.762314 70.544136 0.000000 6.175109 1.419505 2.517873 4.948179 10.551223 0.200001
53 42.824020 70.536285 0.000000 6.220726 1.424764 2.541840 5.026490 10.784108 0.250000
54 42.817169 70.526535 0.000000 6.601189 1.433173 2.555182 5.030521 10.704577 0.200000
55 42.994518 70.506203 0.000000 6.243111 1.455842 2.650833 5.356297 11.739100 0.200000
56 43.231991 70.387909 0.000000 6.578546 1.417174 2.480076 4.755588 9.783596 0.200000
57 43.351971 70.405922 0.000000 6.999712 1.420336 2.485282 4.756763 9.749002 0.200000
58 43.516300 70.240227 0.000000 6.753360 1.441997 2.569290 5.024946 10.555009 0.200000
59 43.572124 70.275352 0.000000 6.791775 1.419129 2.488806 4.786891 9.886882 0.200000
60 43.643642 70.325073 0.000000 6.613979 1.479372 2.702114 5.432689 11.760056 0.200005
61 43.575508 69.965988 0.000000 6.748392 1.470896 2.697392 5.484925 12.085703 0.166667
63 43.649887 69.879982 0.000000 5.869364 1.456701 2.650315 5.349361 11.712745 0.166667
64 43.453568 69.979492 0.000000 5.849916 1.448099 2.611886 5.215232 11.276248 0.200000
66 43.995724 69.774361 0.000000 3.681661 1.516673 2.854065 5.934713 13.302717 0.125000
68 43.629387 71.242218 0.000000 3.296139 1.572681 3.018142 6.359379 14.368224 0.135833
70 43.909042 70.851326 0.000000 3.651641 1.513390 2.851620 5.946472 13.392663 0.166667
71 43.845413 70.519882 0.000000 3.874558 1.518494 2.848551 5.904578 13.204007 0.166697
72 44.114899 70.503510 0.000000 3.685544 1.540168 2.911469 6.043638 13.448238 0.200000
73 43.975971 70.265610 0.000000 3.677909 1.581688 3.062623 6.525951 14.932647 0.166667
74 44.355549 70.193954 0.000000 4.421851 1.516594 2.819163 5.750607 12.576205 0.200000
75 44.641411 70.155907 0.000000 3.932049 1.554842 2.971030 6.247898 14.116547 0.142857
77 44.644032 69.694878 0.000000 3.192242 1.548436 2.950878 6.201176 14.029938 0.154844
78 44.773018 69.604248 0.000000 2.720365 1.662433 3.350004 7.399180 17.472132 0.200000
79 44.422291 69.504875 0.000000 2.398973 1.587142 3.071826 6.528206 14.876011 0.211377
80 44.611050 69.685211 0.000000 2.458527 1.664532 3.334574 7.307924 17.103481 0.125294
81 44.569107 69.575935 0.000000 2.071045 1.613959 3.190395 6.938000 16.179922 0.144318
82 44.969463 69.499985 0.000000 2.071449 1.635252 3.291578 7.314167 17.461517 0.142857
83 45.160889 69.454536 0.000000 2.456611 1.533260 2.897812 6.041420 13.563547 0.142896
