%% Trajectory 27
%% frame x (pixel)     y (pixel)    z (pixel)      m0         m1           m2           m3           m4           s 
55 87.723625 24.973352 0.000000 1.089316 1.327903 2.253111 4.264074 8.819619 0.200003
56 87.720047 24.480947 0.000000 0.862033 1.235634 1.917225 3.264159 6.011029 0.200294
58 87.534096 24.894989 0.000000 0.795543 1.312237 2.217626 4.210516 8.811559 0.166667
59 87.616249 24.459152 0.000000 1.045972 1.312471 2.217556 4.228690 8.936799 0.167575
60 87.523460 24.341139 0.000000 1.162763 1.300411 2.118255 3.783632 7.273974 0.166669
62 87.482208 24.157314 0.000000 0.893636 1.233101 1.935221 3.365405 6.401931 0.202496
63 87.701256 24.868420 0.000000 0.956363 1.313858 2.204443 4.131059 8.492245 0.173652
64 87.755096 24.234951 0.000000 1.069482 1.252950 1.981081 3.441746 6.461735 0.250000
65 87.428627 24.077145 0.000000 1.211975 1.246273 1.965154 3.392629 6.301472 0.250000
66 87.394676 24.658888 0.000000 1.327171 1.298363 2.112771 3.785205 7.341608 0.200000
67 87.429298 24.367340 0.000000 1.119286 1.236414 1.918253 3.255600 5.951679 0.250000
68 87.568604 24.509729 0.000000 1.533049 1.299528 2.121163 3.812641 7.417276 0.250000
69 87.623184 24.361809 0.000000 1.164000 1.236401 1.924239 3.278913 6.022634 0.200000
70 87.439682 24.565149 0.000000 1.157718 1.239145 1.958586 3.418475 6.494470 0.200000
71 87.349678 24.135250 0.000000 1.810775 1.321514 2.178026 3.932824 7.627838 0.250000
72 87.269157 24.457596 0.000000 1.750613 1.235772 1.928123 3.290698 6.041280 0.250000
73 87.504204 24.528727 0.000000 1.521633 1.284730 2.069390 3.645363 6.893365 0.250000
74 87.579842 24.346790 0.000000 1.803194 1.296886 2.103333 3.720155 7.035140 0.250175
75 87.388550 24.216373 0.000000 2.002297 1.277661 2.042659 3.565330 6.669110 0.200008
76 87.331345 24.304657 0.000000 1.932933 1.330500 2.201365 3.987467 7.758166 0.166667
77 87.584915 23.927603 0.000000 2.078886 1.363320 2.331982 4.406932 9.018354 0.200086
78 87.353600 24.201418 0.000000 1.951194 1.287156 2.076056 3.658239 6.907867 0.250000
79 87.103180 24.123972 0.000000 2.331600 1.413080 2.499947 4.901831 10.419432 0.201629
80 87.281509 24.567841 0.000000 2.055867 1.359490 2.285690 4.190723 8.206158 0.125000
81 87.227013 24.328138 0.000000 2.363931 1.298444 2.116510 3.787624 7.307735 0.125000
82 87.215988 23.911983 0.000000 2.233739 1.367679 2.346438 4.453437 9.165751 0.171450
83 87.088829 24.111956 0.000000 2.808849 1.322788 2.208621 4.075440 8.152779 0.100000
84 87.190216 24.193750 0.000000 3.100356 1.379370 2.380098 4.529450 9.311986 0.125000
85 87.264351 24.057068 0.000000 2.900810 1.368459 2.350338 4.468767 9.222031 0.083333
86 87.024940 23.911037 0.000000 2.827086 1.435192 2.573560 5.096603 10.896813 0.125000
87 87.226028 24.188658 0.000000 3.565265 1.374166 2.356130 4.446597 9.052283 0.200000
89 87.188049 23.777630 0.000000 2.464915 1.374943 2.347120 4.395159 8.846769 0.125000
90 86.918083 23.426229 0.000000 2.814873 1.393859 2.433364 4.695387 9.809132 0.125000
91 86.795326 23.617744 0.000000 2.203896 1.327838 2.217827 4.081024 8.114162 0.112828
92 86.277992 23.453579 0.000000 2.265125 1.354411 2.272851 4.176785 8.242401 0.226234
93 86.295158 23.674503 0.000000 2.439742 1.428402 2.519924 4.872958 10.118166 0.166667
94 86.068275 23.673210 0.000000 2.102068 1.508216 2.821124 5.826523 12.967668 0.125000
95 86.367081 23.884830 0.000000 2.440166 1.360873 2.315785 4.338398 8.770838 0.203570
96 85.881912 23.471279 0.000000 2.376612 1.432593 2.569725 5.116692 11.066666 0.145290
97 85.863594 23.859827 0.000000 2.489953 1.478152 2.732210 5.599735 12.420856 0.142944
99 84.519768 24.245724 0.000000 1.066188 1.525648 2.938110 6.320115 14.774544 0.147304
