%% Trajectory 15
%% frame x (pixel)     y (pixel)    z (pixel)      m0         m1           m2           m3           m4           s 
26 23.535120 37.820816 0.000000 0.872258 1.272590 2.045368 3.610162 6.868945 0.143734
27 23.569004 37.339207 0.000000 1.001838 1.274774 2.043648 3.581525 6.735477 0.125027
28 23.459431 37.490299 0.000000 1.203799 1.220903 1.888299 3.194763 5.820024 0.167518
29 23.144791 37.414909 0.000000 0.982540 1.274860 2.060335 3.689249 7.208545 0.147562
30 23.252863 37.408955 0.000000 1.230896 1.243223 1.957316 3.378983 6.288999 0.143048
31 23.411514 37.344616 0.000000 1.443290 1.221782 1.885672 3.182248 5.781309 0.196708
32 23.451923 37.163044 0.000000 1.747204 1.267193 2.023126 3.538589 6.659368 0.221714
33 23.287903 37.252300 0.000000 1.670123 1.279906 2.055401 3.617572 6.853191 0.235684
34 23.464966 37.224224 0.000000 1.809366 1.253690 1.973770 3.397703 6.286027 0.345348
35 23.391739 37.364815 0.000000 2.065894 1.253615 1.975265 3.403105 6.299945 0.222551
36 23.522785 37.261662 0.000000 2.169559 1.258137 1.985133 3.423402 6.340996 0.170384
37 23.557474 37.038849 0.000000 2.637088 1.280443 2.058777 3.619421 6.825990 0.265820
38 23.605600 37.114639 0.000000 2.549908 1.293832 2.090817 3.690395 6.979310 0.170116
39 23.469820 36.984989 0.000000 2.388976 1.304001 2.137381 3.848588 7.473066 0.272870
40 23.633778 36.924911 0.000000 2.622299 1.293892 2.095578 3.710875 7.046949 0.170138
41 23.743347 36.877033 0.000000 2.796847 1.296682 2.116252 3.799995 7.371912 0.223755
42 23.989067 36.981625 0.000000 2.303716 1.355235 2.313555 4.367613 8.929606 0.169570
43 24.222839 36.963741 0.000000 2.469665 1.350852 2.291910 4.282558 8.634281 0.167152
44 24.280020 36.852386 0.000000 2.478334 1.289693 2.093611 3.735655 7.192748 0.237672
45 24.446404 36.914955 0.000000 2.798233 1.361126 2.320071 4.359203 8.850054 0.143712
46 24.529388 37.085617 0.000000 2.645809 1.323554 2.186148 3.948206 7.641055 0.111124
47 24.700504 37.145252 0.000000 2.510267 1.319342 2.170056 3.905321 7.541016 0.127764
48 25.068119 36.947521 0.000000 2.464560 1.390278 2.438115 4.739561 9.993086 0.125000
49 25.218981 37.280369 0.000000 2.403687 1.388863 2.411166 4.619935 9.569653 0.125000
50 25.102570 37.708656 0.000000 2.588949 1.380162 2.398557 4.626697 9.705308 0.125000
51 25.034918 37.397480 0.000000 2.200528 1.404296 2.469533 4.802760 10.112835 0.127822
53 25.612803 38.246315 0.000000 1.648943 1.379951 2.368339 4.462469 9.041018 0.255080
54 25.402311 38.399986 0.000000 1.311648 1.324385 2.206826 4.060653 8.102962 0.166667
