%% Trajectory 30
%% frame x (pixel)     y (pixel)    z (pixel)      m0         m1           m2           m3           m4           s 
70 44.003372 60.722153 0.000000 1.845672 1.353264 2.311656 4.381604 9.019217 0.200000
72 43.825466 61.171906 0.000000 2.212421 1.433557 2.566331 5.086818 10.921824 0.166667
73 43.730598 61.012276 0.000000 2.011009 1.420869 2.540294 5.040409 10.858361 0.166667
74 44.040462 61.199715 0.000000 2.259058 1.446666 2.611354 5.216022 11.268339 0.166667
75 43.704414 61.198292 0.000000 2.270205 1.422464 2.520717 4.933997 10.444047 0.200000
77 43.771252 60.749058 0.000000 2.329512 1.442445 2.592835 5.163455 11.147242 0.166667
78 43.596367 61.064842 0.000000 2.245950 1.499461 2.798334 5.781705 12.908499 0.200000
79 43.740028 61.094654 0.000000 2.449052 1.458007 2.643965 5.303785 11.505772 0.166667
80 43.246353 61.121933 0.000000 2.555604 1.467292 2.679573 5.414289 11.831537 0.200325
81 43.157600 61.259087 0.000000 2.671914 1.435514 2.568125 5.075467 10.841950 0.200527
82 42.807022 61.329361 0.000000 2.984521 1.432607 2.579479 5.169559 11.282150 0.200012
83 42.836845 61.492867 0.000000 3.332356 1.418711 2.512527 4.931949 10.507325 0.142857
84 42.620842 61.593620 0.000000 2.950364 1.373726 2.365950 4.508707 9.318997 0.166695
85 42.618214 61.849400 0.000000 3.652957 1.348501 2.281531 4.251266 8.555566 0.200012
86 42.716278 61.587406 0.000000 3.877188 1.322745 2.196683 4.010710 7.898302 0.166667
87 42.839458 61.616917 0.000000 3.411448 1.332466 2.235735 4.142602 8.318359 0.328719
88 42.805393 61.868568 0.000000 3.368055 1.346350 2.268378 4.210046 8.439069 0.215907
89 42.694996 62.004124 0.000000 3.287965 1.330616 2.224154 4.097178 8.162180 0.334341
90 42.557800 62.002586 0.000000 3.542393 1.329049 2.220868 4.086881 8.121666 0.200267
91 42.673672 61.955799 0.000000 3.018271 1.321495 2.203322 4.058578 8.105083 0.375696
92 42.716179 61.923584 0.000000 3.719342 1.348608 2.287796 4.295569 8.752855 0.200002
93 42.728943 61.795994 0.000000 3.670371 1.323594 2.214398 4.099032 8.236899 0.268278
94 42.645561 61.809181 0.000000 3.379542 1.307364 2.156255 3.926562 7.754863 0.177056
95 42.608101 61.802586 0.000000 3.682377 1.321636 2.192802 4.006045 7.905095 0.294823
96 42.667522 61.887352 0.000000 4.103858 1.373734 2.369517 4.519520 9.336717 0.167520
97 42.696331 62.096672 0.000000 3.823454 1.303782 2.129214 3.806572 7.306780 0.142857
98 42.824287 62.005493 0.000000 3.858277 1.395933 2.460632 4.818698 10.256428 0.166669
99 42.562565 61.954586 0.000000 3.541336 1.417433 2.507309 4.900202 10.351819 0.200000
100 42.394367 61.989861 0.000000 3.938709 1.348098 2.275443 4.226672 8.470283 0.250000
101 42.502495 61.989166 0.000000 4.327054 1.363871 2.328126 4.373735 8.858773 0.372066
102 42.483013 61.781773 0.000000 4.555534 1.285260 2.072412 3.655494 6.920995 0.200001
103 42.622292 61.835789 0.000000 3.998643 1.310743 2.159658 3.914036 7.659409 0.250000
105 42.091293 61.496696 0.000000 4.636989 1.315804 2.165237 3.907222 7.587319 0.200085
106 42.234558 61.325214 0.000000 3.769102 1.349477 2.271820 4.202354 8.378440 0.250000
107 42.255997 61.312534 0.000000 4.441338 1.350594 2.270249 4.181942 8.271502 0.289056
108 42.225651 61.101585 0.000000 4.301839 1.384809 2.409699 4.639465 9.675134 0.200298
109 41.733490 60.663258 0.000000 4.246014 1.365605 2.325715 4.353248 8.773843 0.250000
110 41.796890 60.542988 0.000000 3.422249 1.451945 2.627661 5.259129 11.376338 0.200000
112 42.551113 60.611549 0.000000 2.368632 1.431099 2.555861 5.050732 10.792222 0.200023
113 42.369644 60.494972 0.000000 1.729270 1.511476 2.807905 5.732744 12.570579 0.178392
