%% Trajectory 11
%% frame x (pixel)     y (pixel)    z (pixel)      m0         m1           m2           m3           m4           s 
3 11.072101 165.649796 0.000000 0.931753 1.205460 1.887379 3.317848 6.477436 0.170123
4 11.038276 166.189362 0.000000 1.080290 1.307010 2.168020 3.985299 7.961215 0.117763
5 11.129126 166.062729 0.000000 1.529162 1.314530 2.197753 4.090756 8.323500 0.125018
6 11.102800 166.099167 0.000000 1.644930 1.308935 2.168742 3.983283 7.957689 0.125000
7 11.068384 166.152740 0.000000 1.631514 1.297005 2.138489 3.894413 7.678557 0.226669
8 11.294491 166.233185 0.000000 1.900885 1.245273 1.966101 3.423208 6.473983 0.111116
9 11.559771 166.469955 0.000000 1.440900 1.269088 2.086630 3.873013 7.993699 0.201368
10 11.711277 166.578415 0.000000 1.634586 1.300951 2.172998 4.058204 8.329964 0.125017
11 11.943563 166.521225 0.000000 1.379786 1.405346 2.539596 5.184262 11.648558 0.196808
12 11.758863 166.563110 0.000000 1.711548 1.269148 2.044906 3.646513 7.077590 0.125000
13 11.654675 166.200577 0.000000 1.782132 1.424684 2.542456 5.015200 10.687140 0.145210
14 11.901671 166.509903 0.000000 2.266351 1.412287 2.516733 4.997316 10.805509 0.166667
15 11.697745 166.493423 0.000000 2.149903 1.374089 2.403127 4.683717 9.952122 0.166670
16 11.449653 166.030640 0.000000 2.132514 1.289118 2.110168 3.819378 7.511537 0.111111
17 11.682290 166.319397 0.000000 2.219424 1.375705 2.360731 4.444721 8.991943 0.142896
18 11.483621 166.414978 0.000000 2.627357 1.344158 2.251550 4.143237 8.212128 0.147917
19 11.493881 166.177368 0.000000 3.001893 1.288345 2.084791 3.697288 7.055953 0.143247
20 11.468878 166.141266 0.000000 3.000105 1.334993 2.230207 4.085872 8.049793 0.297444
21 11.565067 166.250107 0.000000 3.748615 1.298587 2.104017 3.718493 7.028783 0.166667
22 11.519305 166.254837 0.000000 3.804292 1.297852 2.104584 3.726289 7.065544 0.166667
23 11.587870 166.305115 0.000000 3.596008 1.296772 2.112150 3.785882 7.339394 0.166667
24 11.412128 166.175873 0.000000 3.653370 1.293923 2.104879 3.755847 7.217378 0.142857
25 11.486194 166.151215 0.000000 3.769635 1.288687 2.077251 3.655064 6.886433 0.166667
26 11.512710 166.123016 0.000000 3.797885 1.294793 2.094074 3.696239 6.982302 0.142857
27 11.534448 166.332306 0.000000 3.919268 1.292044 2.083299 3.666263 6.908058 0.166667
28 11.522472 166.296844 0.000000 4.011253 1.311036 2.156878 3.902811 7.629027 0.166667
29 11.407400 166.261475 0.000000 3.141168 1.270941 2.036370 3.580510 6.789459 0.166667
30 11.416906 166.322449 0.000000 3.466020 1.283311 2.062317 3.618594 6.801119 0.166667
31 11.756680 166.139709 0.000000 3.726130 1.332506 2.218798 4.057466 7.991515 0.167166
32 11.872933 166.033310 0.000000 2.989967 1.360022 2.327525 4.409409 9.061314 0.250000
33 12.062571 166.091736 0.000000 2.809604 1.397333 2.452999 4.776337 10.098395 0.200243
34 12.201101 166.193878 0.000000 2.098671 1.309127 2.166227 3.962125 7.864704 0.166667
35 12.220937 166.171997 0.000000 2.353276 1.394890 2.444029 4.748901 10.019395 0.166669
36 12.201203 166.433502 0.000000 2.000899 1.348300 2.289960 4.311772 8.833704 0.166667
37 12.452120 166.550705 0.000000 2.041824 1.310944 2.148405 3.870607 7.532480 0.166671
39 12.700420 167.828781 0.000000 1.249998 1.288855 2.090425 3.717342 7.114742 0.166668
41 12.538367 168.580887 0.000000 0.988901 1.338229 2.238176 4.117592 8.172556 0.200000
