%% Trajectory 37
%% frame x (pixel)     y (pixel)    z (pixel)      m0         m1           m2           m3           m4           s 
73 49.337055 78.522980 0.000000 0.216747 1.063755 1.475503 2.253145 3.808264 0.142857
75 49.276649 78.494270 0.000000 0.365566 1.221207 1.928298 3.406154 6.653939 0.143385
76 49.301121 78.475250 0.000000 0.394278 1.111547 1.586375 2.471548 4.178060 0.142859
77 49.604027 78.143112 0.000000 0.402714 1.194846 1.850326 3.171843 5.938406 0.142857
78 49.472401 78.663155 0.000000 0.388283 1.129877 1.642870 2.615066 4.516220 0.200000
79 49.511433 78.447052 0.000000 0.673828 1.177799 1.762432 2.885890 5.109950 0.166667
81 48.536476 78.336891 0.000000 0.824071 1.404544 2.514082 5.049720 11.115194 0.211153
82 48.657322 78.234383 0.000000 0.836819 1.378022 2.406674 4.692376 9.998432 0.384188
83 48.504551 78.228210 0.000000 1.225881 1.333720 2.238746 4.148155 8.318452 0.203385
84 48.967640 78.239426 0.000000 1.320142 1.332044 2.251534 4.221181 8.605486 0.212733
85 48.884480 78.391457 0.000000 1.299514 1.319992 2.199416 4.044389 8.056490 0.306080
86 48.812763 78.418007 0.000000 1.163673 1.298603 2.112292 3.757019 7.164819 0.385467
87 48.987003 78.345551 0.000000 1.320846 1.377953 2.376486 4.520598 9.292600 0.274230
88 48.582542 78.447647 0.000000 1.481032 1.301142 2.120471 3.784288 7.258476 0.221216
89 48.710766 78.287331 0.000000 1.332120 1.283703 2.062937 3.618312 6.795651 0.143785
90 48.435097 78.283684 0.000000 1.417099 1.300197 2.108938 3.731456 7.061056 0.204915
91 48.202698 78.307785 0.000000 1.325801 1.316733 2.172571 3.935682 7.679262 0.291380
92 48.128063 78.199791 0.000000 1.390512 1.318890 2.175460 3.929855 7.621583 0.219141
93 48.111652 77.988670 0.000000 1.419302 1.369987 2.364994 4.517001 9.345009 0.391334
94 47.810482 77.782761 0.000000 1.246439 1.286040 2.074520 3.667908 6.978394 0.166807
95 47.728798 77.692741 0.000000 1.020666 1.294733 2.101815 3.732395 7.111987 0.143482
96 47.709728 77.707733 0.000000 1.225895 1.388808 2.400926 4.561398 9.327937 0.178319
97 47.907791 77.735451 0.000000 1.140910 1.340151 2.265145 4.237513 8.603675 0.166675
98 47.624298 77.270630 0.000000 1.407704 1.333481 2.216148 4.032521 7.878259 0.302680
99 47.523952 77.870430 0.000000 1.191996 1.353883 2.296334 4.283225 8.609814 0.218586
100 47.581264 77.489830 0.000000 0.973593 1.361186 2.302988 4.268320 8.494443 0.179260
