%% Trajectory 16
%% frame x (pixel)     y (pixel)    z (pixel)      m0         m1           m2           m3           m4           s 
59 73.797729 64.178223 0.000000 1.088775 1.420316 2.555619 5.130209 11.219759 0.200001
60 74.058632 64.320671 0.000000 1.291927 1.465799 2.675655 5.390895 11.709634 0.200529
61 73.541138 64.094345 0.000000 1.341194 1.338498 2.255151 4.203577 8.511271 0.267089
63 74.545883 64.183037 0.000000 1.348331 1.459369 2.690488 5.534249 12.385375 0.200000
66 75.594284 64.273521 0.000000 1.242591 1.302243 2.186662 4.143806 8.704540 0.207748
68 74.789116 63.705471 0.000000 1.754982 1.416382 2.563716 5.218252 11.654751 0.200000
69 74.346596 63.839371 0.000000 1.714786 1.511654 2.891819 6.176552 14.339915 0.200000
71 75.295738 63.861767 0.000000 1.749750 1.406815 2.506402 4.988609 10.855629 0.200133
72 75.319801 63.726517 0.000000 1.784156 1.462017 2.707683 5.607439 12.669650 0.204164
73 75.589790 63.656319 0.000000 1.966561 1.330117 2.259024 4.294854 8.975224 0.200180
74 75.419449 63.595497 0.000000 1.753520 1.305037 2.159606 3.971617 7.985010 0.205849
75 75.598106 63.707130 0.000000 1.845029 1.379593 2.408081 4.695754 10.027278 0.352439
76 75.361496 63.830036 0.000000 1.638556 1.301031 2.121784 3.798607 7.330609 0.200000
77 75.401558 63.622173 0.000000 1.913141 1.416926 2.548608 5.125971 11.272119 0.250000
78 75.424896 63.446903 0.000000 2.175843 1.376213 2.406135 4.713723 10.137548 0.200027
80 74.343575 63.250847 0.000000 1.441774 1.184426 1.805113 3.032550 5.545666 0.166696
81 74.302994 63.275330 0.000000 1.843909 1.231195 1.971267 3.562028 7.175059 0.200000
82 73.821609 63.074287 0.000000 1.851968 1.272171 2.079192 3.779892 7.506812 0.200000
83 73.704308 63.100773 0.000000 1.607762 1.178100 1.798737 3.022826 5.503349 0.200141
84 73.560646 62.772369 0.000000 2.094387 1.179798 1.776916 2.947035 5.330395 0.166714
85 73.108864 62.933403 0.000000 2.450319 1.307142 2.204247 4.185802 8.789700 0.166667
86 72.516098 63.018776 0.000000 2.919163 1.303698 2.146612 3.905893 7.713153 0.200002
88 71.411308 63.909695 0.000000 1.932485 1.533178 2.989901 6.512999 15.366129 0.170334
90 69.921593 63.986481 0.000000 2.074710 1.827261 4.016719 9.592813 24.208616 0.200000
