%% Trajectory 29
%% frame x (pixel)     y (pixel)    z (pixel)      m0         m1           m2           m3           m4           s 
66 45.079803 35.477272 0.000000 1.059713 1.521258 2.885765 6.085454 13.911585 0.250000
69 44.255859 35.997154 0.000000 0.900448 1.374002 2.400548 4.643945 9.724795 0.282087
71 43.860504 35.298889 0.000000 1.748978 1.300475 2.123055 3.816603 7.420426 0.256669
72 43.649151 35.293938 0.000000 1.894930 1.267639 2.013786 3.497356 6.520380 0.250870
73 44.113300 35.323341 0.000000 1.774350 1.344611 2.257031 4.166088 8.291776 0.200000
74 43.969566 35.362606 0.000000 2.325786 1.334815 2.243114 4.158251 8.336546 0.200000
75 44.151985 35.638390 0.000000 2.454259 1.316538 2.168244 3.915021 7.605603 0.250000
76 44.244419 35.673153 0.000000 2.169457 1.318014 2.163093 3.879061 7.455050 0.250000
77 44.267498 35.562706 0.000000 2.382048 1.302091 2.128361 3.821415 7.401423 0.250000
78 44.087578 35.900768 0.000000 2.882938 1.371995 2.370660 4.530273 9.378735 0.201325
80 44.084431 36.422852 0.000000 2.005561 1.391352 2.420330 4.672257 9.812008 0.200028
81 44.255337 36.333397 0.000000 1.967932 1.310683 2.213689 4.216521 8.895776 0.142857
82 44.576244 36.506947 0.000000 2.336220 1.331310 2.218518 4.061822 8.019194 0.125000
83 45.162411 36.617008 0.000000 2.067212 1.372113 2.356562 4.476989 9.229938 0.090909
84 45.075871 36.573689 0.000000 1.609704 1.336119 2.279035 4.358616 9.170040 0.100789
85 45.236954 36.750481 0.000000 1.397519 1.307732 2.150614 3.897236 7.642891 0.086903
86 45.599018 36.554977 0.000000 1.249679 1.174311 1.750464 2.857034 5.048360 0.111111
87 46.067722 36.250980 0.000000 0.878414 1.232147 1.931982 3.332390 6.222127 0.181473
88 46.183731 36.819714 0.000000 0.690833 1.213245 1.977025 3.676405 7.676630 0.111172
