%% Trajectory 9
%% frame x (pixel)     y (pixel)    z (pixel)      m0         m1           m2           m3           m4           s 
6 40.505146 19.667286 0.000000 1.480765 1.334653 2.221296 4.043329 7.891077 0.142857
8 40.348713 19.834820 0.000000 1.858149 1.396042 2.434006 4.683713 9.744686 0.145210
9 40.195698 20.036964 0.000000 2.003141 1.410025 2.501456 4.928554 10.551122 0.154205
10 40.320538 19.867491 0.000000 2.066760 1.334590 2.226116 4.078415 8.051926 0.142859
11 40.094616 20.028431 0.000000 2.267325 1.401501 2.458196 4.767159 10.004782 0.144263
12 40.196995 19.782038 0.000000 2.615615 1.386191 2.415104 4.659993 9.753658 0.237316
13 40.334095 19.883909 0.000000 2.588367 1.358038 2.297586 4.269388 8.543746 0.209117
14 40.169418 19.768066 0.000000 2.597362 1.350911 2.276617 4.213048 8.391197 0.364794
15 40.247665 20.099743 0.000000 2.731894 1.372795 2.362796 4.493649 9.255675 0.208093
16 40.192875 19.815418 0.000000 3.190201 1.368242 2.333177 4.378225 8.862181 0.167018
17 40.435894 19.866938 0.000000 2.977997 1.350167 2.281127 4.242356 8.518012 0.142875
18 40.248943 20.061287 0.000000 3.286421 1.376916 2.377699 4.540689 9.397943 0.176607
19 40.423668 19.816233 0.000000 3.511577 1.330567 2.210492 4.035119 7.944550 0.166725
20 40.320999 19.791544 0.000000 3.288844 1.312491 2.148051 3.838590 7.342886 0.166667
21 40.295731 19.878628 0.000000 3.743039 1.351412 2.281447 4.237445 8.491682 0.200000
22 40.379601 20.005123 0.000000 3.692565 1.348978 2.294220 4.326169 8.873784 0.166667
23 40.377708 19.844603 0.000000 3.362143 1.330760 2.201280 3.974037 7.672508 0.166667
24 40.291927 19.858597 0.000000 3.948486 1.358041 2.318881 4.377645 8.959052 0.166667
25 40.204288 19.775934 0.000000 3.868829 1.314910 2.167109 3.921530 7.644169 0.166667
26 40.193203 19.803635 0.000000 3.942704 1.347196 2.270411 4.210826 8.427876 0.142857
27 40.293236 19.802999 0.000000 3.871350 1.330301 2.220564 4.083191 8.116481 0.125000
28 40.365681 19.667479 0.000000 3.542164 1.300791 2.114206 3.751516 7.126424 0.166667
29 40.558887 19.761955 0.000000 4.133955 1.297974 2.108045 3.742556 7.123415 0.142857
30 40.371590 19.848595 0.000000 3.987183 1.323343 2.194639 4.005583 7.900355 0.142857
31 40.478168 19.783327 0.000000 4.030841 1.314404 2.159969 3.889350 7.529858 0.142857
32 40.628872 19.810141 0.000000 4.249548 1.338855 2.236000 4.090661 8.033424 0.142857
33 40.776142 19.884281 0.000000 4.479088 1.366394 2.344526 4.452946 9.175991 0.166667
34 40.799553 19.974987 0.000000 4.481466 1.375221 2.375956 4.543739 9.421215 0.166667
35 40.825325 20.156042 0.000000 4.385786 1.375268 2.365016 4.485104 9.193380 0.166667
36 40.856354 20.346378 0.000000 4.214168 1.357688 2.306432 4.310972 8.689266 0.166667
37 40.858665 20.528996 0.000000 4.164807 1.316467 2.168612 3.924673 7.661087 0.166667
38 41.030640 20.686827 0.000000 4.002409 1.375510 2.367573 4.487815 9.174438 0.166667
39 41.107281 20.840937 0.000000 4.029509 1.368507 2.341081 4.411732 8.972908 0.142857
40 41.026833 21.017639 0.000000 3.765751 1.401265 2.462822 4.787610 10.069565 0.125000
41 40.403908 21.429432 0.000000 3.992401 1.385148 2.383740 4.505307 9.164600 0.142857
42 40.385094 21.479288 0.000000 3.496181 1.346082 2.269741 4.219196 8.482099 0.166667
43 40.116623 21.461552 0.000000 2.795424 1.381569 2.395367 4.601907 9.599041 0.168073
45 41.173183 21.208939 0.000000 1.742271 1.457237 2.636144 5.269321 11.377308 0.150467
46 40.383183 21.480043 0.000000 1.752856 1.405846 2.479243 4.865605 10.410374 0.111575
