%% Trajectory 17
%% frame x (pixel)     y (pixel)    z (pixel)      m0         m1           m2           m3           m4           s 
41 33.483006 43.771740 0.000000 1.729500 1.403253 2.460595 4.779234 10.072318 0.195374
42 33.404266 43.741489 0.000000 1.758286 1.321391 2.185204 3.971933 7.791229 0.152283
43 33.219170 44.076248 0.000000 1.903324 1.393454 2.428986 4.686519 9.802190 0.173457
44 33.074764 43.946877 0.000000 2.434525 1.345477 2.284634 4.291456 8.737817 0.200392
45 32.982395 43.888752 0.000000 2.162558 1.341814 2.288188 4.340419 8.972292 0.192920
46 32.954395 43.960052 0.000000 2.592349 1.416354 2.520133 4.977419 10.669920 0.169440
47 32.857037 43.892548 0.000000 2.485153 1.356732 2.308260 4.322364 8.728054 0.134524
48 32.776676 44.039436 0.000000 2.937110 1.361674 2.324934 4.374375 8.883342 0.162708
49 33.253178 43.893085 0.000000 3.366182 1.378662 2.381777 4.544798 9.381266 0.187198
50 32.883362 44.046360 0.000000 3.045176 1.401049 2.461532 4.788752 10.097259 0.149559
51 33.264397 44.007427 0.000000 3.303325 1.390030 2.418704 4.642743 9.620478 0.125000
52 33.029240 43.850311 0.000000 3.225869 1.421664 2.538310 5.033395 10.838882 0.176226
53 33.194958 43.872257 0.000000 3.726651 1.377318 2.384348 4.566473 9.477188 0.142857
54 33.201511 43.906448 0.000000 4.458242 1.410427 2.495234 4.889776 10.383626 0.200000
55 33.369621 43.937008 0.000000 4.749306 1.403327 2.463831 4.778802 10.019008 0.166667
56 33.448380 43.967674 0.000000 4.627298 1.427406 2.541675 4.996045 10.603208 0.166667
57 33.426640 43.839706 0.000000 5.118998 1.382284 2.390568 4.564190 9.426243 0.142874
58 33.540466 43.872608 0.000000 5.423931 1.401510 2.445522 4.689430 9.671679 0.179406
59 33.499599 43.887051 0.000000 5.654130 1.401989 2.459209 4.773372 10.037445 0.142857
60 33.492550 43.875069 0.000000 6.151093 1.412930 2.486171 4.822566 10.094262 0.142857
61 33.467724 43.851040 0.000000 6.853203 1.393190 2.424010 4.655859 9.669406 0.200000
62 33.654385 43.992393 0.000000 6.185658 1.426972 2.538879 4.983828 10.555361 0.166667
63 33.702419 43.836906 0.000000 6.180263 1.361557 2.313167 4.315109 8.657767 0.166667
64 33.672600 43.926109 0.000000 6.425251 1.398608 2.436521 4.673407 9.659048 0.142857
65 33.712231 44.079704 0.000000 6.244796 1.416855 2.496313 4.845255 10.143058 0.166667
66 34.037743 44.358463 0.000000 6.316628 1.422665 2.527560 4.970641 10.590229 0.142857
67 34.107483 44.357635 0.000000 6.744141 1.412889 2.488305 4.839755 10.179540 0.166667
68 34.160759 44.400158 0.000000 6.602008 1.394278 2.415431 4.597258 9.415957 0.142857
69 34.326042 44.408764 0.000000 6.837760 1.375932 2.345095 4.368621 8.711790 0.200000
70 34.642761 44.300465 0.000000 7.162176 1.357745 2.281610 4.181659 8.186788 0.166667
71 34.665916 44.236378 0.000000 7.782147 1.397340 2.421489 4.602830 9.398088 0.142857
73 34.557468 44.529480 0.000000 5.823424 1.415559 2.475544 4.743769 9.750650 0.200000
74 34.533447 44.451393 0.000000 5.604448 1.387109 2.382084 4.475601 9.008275 0.166667
75 34.678864 44.424831 0.000000 5.528644 1.419605 2.495098 4.815024 9.984685 0.142857
76 35.048351 44.701012 0.000000 5.150619 1.488955 2.745777 5.585118 12.243787 0.125000
77 35.096203 44.736790 0.000000 4.700377 1.464574 2.664685 5.358138 11.637722 0.125000
78 35.349392 44.752117 0.000000 4.547257 1.401263 2.449198 4.728426 9.878555 0.111111
79 35.501759 44.916729 0.000000 4.736474 1.462971 2.666861 5.381225 11.741312 0.200000
80 35.718090 44.985535 0.000000 4.284427 1.400366 2.462004 4.795704 10.129412 0.166667
81 35.824806 45.072906 0.000000 4.822741 1.439695 2.582457 5.123353 10.998723 0.166667
83 36.317314 45.655956 0.000000 4.064219 1.381714 2.391101 4.570048 9.447718 0.200000
85 36.142414 46.277534 0.000000 2.285962 1.422201 2.516928 4.910329 10.322403 0.166762
87 36.088535 45.196159 0.000000 1.101099 1.418137 2.572149 5.200581 11.426003 0.146961
88 35.889698 45.373230 0.000000 1.271454 1.364273 2.367150 4.582899 9.703571 0.166699
90 37.169533 44.000854 0.000000 1.203589 1.389734 2.443863 4.775736 10.130229 0.182232
91 37.357452 43.918156 0.000000 1.052442 1.338831 2.264220 4.250351 8.686872 0.142867
