%% Trajectory 10
%% frame x (pixel)     y (pixel)    z (pixel)      m0         m1           m2           m3           m4           s 
39 55.752853 37.549747 0.000000 1.853835 1.220848 1.881799 3.176621 5.788940 0.125050
40 55.993496 37.237019 0.000000 1.966028 1.313664 2.192863 4.048573 8.109493 0.125136
41 55.818733 37.335083 0.000000 1.774376 1.223201 1.891546 3.203620 5.850981 0.142857
42 55.853233 37.362423 0.000000 1.638677 1.233487 1.931733 3.338445 6.281904 0.142857
43 56.114735 37.171696 0.000000 2.067976 1.318612 2.189476 3.995379 7.852915 0.147236
44 55.906189 37.379745 0.000000 2.541391 1.291994 2.118504 3.857723 7.672246 0.142857
45 56.041206 37.201164 0.000000 2.140926 1.284228 2.085414 3.720731 7.156142 0.142857
46 55.980732 37.269070 0.000000 2.247322 1.280322 2.076635 3.723334 7.256487 0.166667
47 56.038094 37.257053 0.000000 2.060847 1.289223 2.108747 3.809411 7.460561 0.184089
48 55.967522 37.386654 0.000000 2.355668 1.250756 1.985487 3.474520 6.596036 0.183569
49 55.923664 37.523521 0.000000 2.935811 1.312863 2.173471 3.978980 7.916237 0.166668
50 55.991871 37.537159 0.000000 2.463614 1.302723 2.145229 3.906194 7.730140 0.166955
51 55.974606 37.495331 0.000000 2.851933 1.307752 2.151396 3.901432 7.663108 0.300940
52 55.975368 37.261066 0.000000 2.189325 1.295060 2.118143 3.821345 7.469762 0.142857
53 55.916107 37.332317 0.000000 2.535106 1.296102 2.115620 3.803721 7.398106 0.166697
54 56.116028 37.368626 0.000000 2.254996 1.291621 2.103213 3.775898 7.343828 0.142857
55 55.883804 37.298977 0.000000 2.464134 1.294140 2.119640 3.838983 7.557825 0.167766
56 55.956375 37.394192 0.000000 2.715861 1.286939 2.095119 3.765207 7.342606 0.200000
57 56.043411 37.358429 0.000000 2.905288 1.342651 2.278398 4.287544 8.770975 0.200000
58 55.799019 37.425701 0.000000 2.924729 1.300736 2.118101 3.778374 7.245847 0.200000
59 55.828129 37.347980 0.000000 2.671846 1.330686 2.227360 4.123362 8.289390 0.200000
60 55.903049 37.349472 0.000000 3.168838 1.309185 2.156304 3.914079 7.687951 0.217882
61 55.876465 37.250725 0.000000 2.486827 1.316123 2.185834 4.013636 8.001175 0.200000
63 56.044811 37.406136 0.000000 3.075850 1.340115 2.256516 4.188861 8.410431 0.200000
64 55.773487 37.289001 0.000000 3.787359 1.299989 2.125660 3.823896 7.432670 0.257356
65 55.778080 37.317719 0.000000 4.072377 1.290425 2.091580 3.720319 7.131779 0.213119
66 55.893898 37.177216 0.000000 3.609094 1.348045 2.285460 4.287100 8.726443 0.218961
67 55.771702 37.210228 0.000000 3.685729 1.301029 2.121355 3.796451 7.321213 0.148084
68 55.894550 37.225506 0.000000 3.707711 1.323617 2.208237 4.074445 8.159509 0.163871
69 55.846443 37.294857 0.000000 3.685992 1.311830 2.162619 3.924176 7.692337 0.225386
70 55.780727 37.154549 0.000000 3.772434 1.301743 2.128218 3.830734 7.456871 0.189281
71 55.690586 37.134659 0.000000 4.281466 1.313191 2.160462 3.902915 7.595808 0.166693
72 55.821007 37.255077 0.000000 4.011214 1.328566 2.227161 4.129523 8.309418 0.142857
73 55.785667 37.235958 0.000000 4.379588 1.312355 2.174115 3.981712 7.918526 0.166667
74 55.845772 37.123821 0.000000 4.319411 1.356786 2.328023 4.436616 9.203025 0.166667
75 55.882648 37.224548 0.000000 4.733905 1.342654 2.264695 4.217007 8.501155 0.142857
76 55.805767 37.389389 0.000000 4.615171 1.328818 2.213191 4.052281 8.002396 0.142857
77 55.775143 37.310387 0.000000 4.714016 1.325409 2.198025 4.002902 7.852808 0.125000
78 55.621113 37.236618 0.000000 4.916281 1.333660 2.232163 4.117069 8.211477 0.142857
79 55.707073 37.166225 0.000000 5.139158 1.344954 2.264213 4.197479 8.402570 0.166667
80 55.737591 37.201309 0.000000 4.811250 1.342077 2.259658 4.194342 8.417387 0.166667
81 55.758965 37.266964 0.000000 5.034791 1.324815 2.204875 4.048087 8.048859 0.166667
82 55.768337 37.156994 0.000000 5.243007 1.349942 2.284960 4.265578 8.612197 0.166667
83 55.710747 37.070503 0.000000 4.734111 1.353040 2.299312 4.314313 8.762879 0.200000
84 55.698757 37.213161 0.000000 5.310741 1.359276 2.314937 4.354786 8.873502 0.166667
85 55.674526 37.054077 0.000000 5.105932 1.341070 2.262777 4.217186 8.514517 0.166667
86 55.547501 37.012882 0.000000 4.891677 1.358679 2.312005 4.337502 8.791740 0.200397
87 55.584290 37.075325 0.000000 5.040009 1.352795 2.291824 4.272389 8.587673 0.250000
88 55.702007 37.167767 0.000000 5.512644 1.353124 2.297442 4.307333 8.745042 0.200000
89 55.767117 37.038036 0.000000 5.545284 1.387144 2.409104 4.623712 9.602014 0.250000
90 55.689339 37.026264 0.000000 5.431860 1.354619 2.308560 4.348491 8.874192 0.200000
91 55.561668 37.085262 0.000000 5.763530 1.381818 2.387879 4.554156 9.392598 0.250000
92 55.606724 37.132267 0.000000 5.596204 1.353586 2.290202 4.263810 8.562540 0.250000
93 55.494061 37.099903 0.000000 5.436050 1.354621 2.294568 4.276592 8.597129 0.250000
94 55.476227 37.049862 0.000000 5.671895 1.379890 2.383322 4.544405 9.369943 0.333334
95 55.159756 37.038158 0.000000 5.946753 1.419828 2.516367 4.923193 10.401635 0.333333
96 55.135246 37.130390 0.000000 5.228276 1.399499 2.446914 4.722064 9.847876 0.275708
97 54.885098 37.110493 0.000000 4.696790 1.412315 2.495909 4.882460 10.344661 0.252890
98 54.688747 37.106144 0.000000 4.570217 1.359170 2.315653 4.348460 8.819341 0.200000
99 54.600906 37.173767 0.000000 4.148058 1.385191 2.388765 4.534478 9.283207 0.250078
100 54.718361 37.097256 0.000000 3.845843 1.418571 2.520673 4.970822 10.644765 0.200000
101 54.348850 37.179600 0.000000 3.627352 1.405774 2.468280 4.784890 10.024218 0.200001
102 54.685818 37.205360 0.000000 3.221364 1.405541 2.456874 4.732807 9.836903 0.200000
103 54.554710 37.419609 0.000000 3.441369 1.403084 2.429511 4.607992 9.381657 0.201146
104 54.805798 37.270184 0.000000 3.117295 1.455369 2.633377 5.266925 11.386440 0.166667
105 54.778389 37.480892 0.000000 2.986150 1.447446 2.592897 5.111107 10.849502 0.200000
106 54.854122 37.373337 0.000000 3.499801 1.440720 2.567620 5.034501 10.633759 0.200006
107 54.690228 37.222454 0.000000 3.143099 1.529867 2.891052 6.029613 13.546291 0.200000
108 54.605133 36.886539 0.000000 2.538733 1.517885 2.859766 5.973081 13.496314 0.125000
109 54.796932 36.807804 0.000000 2.286357 1.456553 2.640933 5.291891 11.463143 0.200010
110 54.465042 37.011848 0.000000 2.419180 1.502101 2.825300 5.904931 13.369284 0.200003
111 54.518822 36.691456 0.000000 2.144119 1.518155 2.865700 5.996437 13.567538 0.220015
112 54.573215 36.569981 0.000000 2.467378 1.439917 2.590100 5.161165 11.143456 0.166667
113 54.897449 36.650620 0.000000 2.524548 1.421706 2.538059 5.026067 10.806967 0.208175
114 54.886475 36.630936 0.000000 2.531840 1.372552 2.363132 4.499000 9.288981 0.167686
115 54.502014 36.650677 0.000000 2.067674 1.437876 2.562069 5.028721 10.637073 0.142883
116 54.702477 36.683365 0.000000 2.322470 1.409752 2.471770 4.774533 9.950115 0.166667
117 54.774796 36.621761 0.000000 2.462823 1.371810 2.363288 4.507069 9.332822 0.166667
118 54.827290 36.693295 0.000000 2.332901 1.416579 2.494493 4.835842 10.106373 0.200005
119 54.697102 36.793926 0.000000 2.503674 1.390628 2.406716 4.584591 9.421395 0.200199
120 54.759216 36.819153 0.000000 2.391764 1.383664 2.398314 4.611982 9.650362 0.201195
