%% Trajectory 25
%% frame x (pixel)     y (pixel)    z (pixel)      m0         m1           m2           m3           m4           s 
41 70.687393 58.958641 0.000000 1.077297 1.410508 2.538639 5.112151 11.237367 0.166690
42 70.762253 59.040665 0.000000 1.240388 1.440045 2.651341 5.485975 12.417397 0.275132
43 71.281990 58.935303 0.000000 1.565699 1.452091 2.631855 5.263088 11.358166 0.200000
44 70.905396 58.811707 0.000000 1.469733 1.432158 2.579906 5.163760 11.219188 0.200369
45 71.344444 58.886795 0.000000 1.528849 1.346004 2.280329 4.272941 8.686851 0.200007
46 71.246109 59.001518 0.000000 1.576892 1.406212 2.501562 4.962551 10.730830 0.200001
47 71.505295 58.880856 0.000000 1.715854 1.325787 2.201184 4.014634 7.885705 0.295635
48 71.401939 58.880592 0.000000 1.386331 1.296615 2.140387 3.931847 7.904382 0.201677
49 71.393707 59.009991 0.000000 1.558662 1.388144 2.437823 4.752443 10.052830 0.255145
50 71.392860 59.153419 0.000000 1.746769 1.338125 2.269802 4.275958 8.766772 0.174676
51 71.519928 59.123940 0.000000 1.687582 1.322622 2.215376 4.121728 8.361351 0.200070
52 71.394394 59.057636 0.000000 1.928539 1.306345 2.142850 3.870827 7.558250 0.250640
53 71.431313 58.984081 0.000000 2.401978 1.303504 2.150182 3.908481 7.677042 0.264429
54 71.368942 59.237263 0.000000 2.379918 1.258047 1.990290 3.445474 6.415143 0.263257
55 71.307381 58.909031 0.000000 2.504808 1.312386 2.150687 3.848766 7.369701 0.219565
56 71.163887 58.689270 0.000000 2.394541 1.390619 2.408107 4.582173 9.382045 0.250000
57 71.629189 58.820099 0.000000 2.593548 1.339336 2.253457 4.178414 8.373362 0.168325
58 71.428314 58.752819 0.000000 2.438729 1.265136 2.006105 3.476058 6.466875 0.200004
59 71.467598 58.840385 0.000000 2.314620 1.270218 2.031019 3.555750 6.693070 0.166667
60 71.523148 58.818050 0.000000 2.591064 1.284787 2.066573 3.640239 6.896399 0.166667
61 71.376656 58.710793 0.000000 2.668567 1.292280 2.106332 3.779426 7.333662 0.166681
62 71.439056 58.958454 0.000000 2.687806 1.306800 2.135170 3.826200 7.383692 0.166667
63 71.573662 58.742275 0.000000 3.069895 1.285652 2.073990 3.672023 7.012211 0.200004
64 71.462936 58.870407 0.000000 3.408619 1.295884 2.098891 3.716022 7.055788 0.250688
65 71.454559 58.790607 0.000000 3.164023 1.274836 2.040748 3.574764 6.728950 0.268128
66 71.562080 58.899231 0.000000 3.348524 1.281645 2.060891 3.625995 6.850832 0.200119
67 71.342216 58.765736 0.000000 3.375033 1.296080 2.104295 3.754881 7.237387 0.200000
68 71.468971 58.794933 0.000000 3.092550 1.274081 2.032471 3.542243 6.621283 0.205814
69 71.454971 58.939392 0.000000 3.182575 1.282194 2.057779 3.610033 6.794919 0.200223
70 71.309380 58.825466 0.000000 3.562953 1.300191 2.105776 3.718362 7.020010 0.200001
71 71.172523 58.814247 0.000000 3.891838 1.319191 2.169505 3.896891 7.494265 0.345409
72 70.906631 58.639366 0.000000 3.665589 1.322618 2.221709 4.155828 8.498550 0.200168
73 70.671432 58.545238 0.000000 3.613235 1.287823 2.102038 3.804940 7.516531 0.200036
74 70.592789 58.513733 0.000000 3.215773 1.320733 2.209405 4.107936 8.335722 0.200000
75 70.447151 58.540257 0.000000 2.870767 1.291017 2.103721 3.779215 7.357123 0.200004
76 70.290794 58.379436 0.000000 2.816115 1.266102 2.005841 3.471885 6.450168 0.200000
77 70.056290 58.204006 0.000000 2.863368 1.334728 2.277176 4.330845 9.002242 0.200000
79 68.913300 58.550728 0.000000 2.226965 1.327575 2.250578 4.279841 8.965251 0.200000
81 69.574570 57.873505 0.000000 2.130594 1.285083 2.085036 3.737856 7.278479 0.142857
