%% Trajectory 13
%% frame x (pixel)     y (pixel)    z (pixel)      m0         m1           m2           m3           m4           s 
27 81.538437 42.523552 0.000000 1.377120 1.382215 2.389066 4.556795 9.403003 0.142858
28 81.923393 42.489250 0.000000 1.265452 1.325646 2.222229 4.125048 8.322321 0.221515
29 81.710953 42.292847 0.000000 1.406923 1.321943 2.198851 4.040689 8.056505 0.155596
30 81.860512 42.422066 0.000000 1.518156 1.320203 2.189938 4.008325 7.952712 0.132565
31 81.734451 42.354042 0.000000 1.535090 1.323482 2.189986 3.966328 7.705699 0.193006
32 81.630943 42.338680 0.000000 1.334011 1.299181 2.108270 3.738036 7.104157 0.142858
33 81.622177 42.490059 0.000000 1.580812 1.311841 2.155349 3.892965 7.592802 0.122673
34 81.720512 42.454605 0.000000 1.616348 1.289899 2.086854 3.685911 6.969139 0.135071
35 81.613922 42.467293 0.000000 1.439144 1.309178 2.141504 3.830023 7.345037 0.125014
36 81.784157 42.542339 0.000000 1.577950 1.291058 2.093142 3.721566 7.125490 0.201436
37 81.771500 42.629257 0.000000 1.471702 1.332825 2.212761 4.026186 7.876602 0.237669
38 82.001335 42.561470 0.000000 1.176105 1.372341 2.364885 4.500506 9.267219 0.142862
39 81.456078 43.047035 0.000000 1.291104 1.337777 2.246566 4.146922 8.246718 0.142860
40 81.617752 43.097530 0.000000 1.446051 1.304904 2.139019 3.861650 7.540473 0.142857
41 81.430748 43.184917 0.000000 1.169849 1.307616 2.130850 3.789825 7.213921 0.142857
42 81.258369 43.316349 0.000000 1.164864 1.312073 2.146928 3.837345 7.345088 0.166667
43 81.150436 43.017769 0.000000 1.261644 1.340305 2.283147 4.321329 8.906978 0.149311
44 81.347504 43.062695 0.000000 1.166137 1.325121 2.192974 3.972711 7.723011 0.204280
45 80.935951 43.441067 0.000000 1.096059 1.350125 2.323779 4.478805 9.478587 0.194203
46 80.308357 43.354427 0.000000 1.185164 1.340271 2.272166 4.280316 8.795598 0.167304
