%% Trajectory 11
%% frame x (pixel)     y (pixel)    z (pixel)      m0         m1           m2           m3           m4           s 
41 72.506149 53.765091 0.000000 1.037370 1.244672 1.988229 3.505814 6.705604 0.166673
43 72.808327 53.964615 0.000000 1.304297 1.333931 2.265981 4.271128 8.747767 0.166752
44 72.921280 53.945454 0.000000 1.338084 1.334063 2.255881 4.222116 8.566714 0.277544
45 72.850792 53.785233 0.000000 1.201065 1.222168 1.908619 3.272811 6.055782 0.286200
46 72.909477 53.856586 0.000000 1.329643 1.335680 2.272215 4.284370 8.772598 0.146397
47 73.087173 53.762310 0.000000 1.665608 1.301618 2.144176 3.904697 7.722038 0.200684
48 72.929916 53.896194 0.000000 1.362373 1.312751 2.185983 4.021871 8.018158 0.229180
49 72.901222 53.743065 0.000000 1.323641 1.397857 2.457369 4.798545 10.179010 0.125436
50 73.025711 53.828987 0.000000 1.489271 1.329477 2.266520 4.324625 9.046961 0.283318
51 72.782967 53.784622 0.000000 1.448855 1.337364 2.253969 4.207142 8.521479 0.173537
52 73.118660 53.445953 0.000000 1.378528 1.351148 2.298905 4.327324 8.835257 0.201296
53 72.710327 53.727512 0.000000 1.806145 1.444148 2.625878 5.307653 11.633484 0.200000
54 72.851654 53.345257 0.000000 1.683853 1.385998 2.425122 4.712413 9.938811 0.166691
55 72.979500 53.661201 0.000000 2.005593 1.391391 2.431347 4.708608 9.891718 0.166964
56 73.126938 53.610828 0.000000 2.088621 1.354372 2.306794 4.343489 8.867997 0.166802
57 72.732658 53.787792 0.000000 2.030509 1.324591 2.214115 4.095371 8.228285 0.200000
58 72.612518 53.721104 0.000000 2.206189 1.434707 2.591800 5.220622 11.460356 0.200000
59 72.381142 53.665596 0.000000 2.526200 1.427721 2.554854 5.080934 10.988267 0.166667
60 73.042603 53.769783 0.000000 2.235559 1.406067 2.503192 4.975592 10.805301 0.200000
61 73.167046 53.593357 0.000000 2.055371 1.379082 2.378103 4.518993 9.276819 0.200000
62 72.644249 53.798824 0.000000 2.065697 1.489496 2.777136 5.755785 12.936058 0.166667
63 72.770172 53.937332 0.000000 2.081501 1.404987 2.505493 4.990323 10.843005 0.200000
64 72.824654 54.214527 0.000000 1.910032 1.421799 2.534276 5.003222 10.700306 0.166667
65 72.567009 54.143433 0.000000 1.830192 1.355630 2.304357 4.320683 8.764479 0.200000
66 72.571983 54.343311 0.000000 2.013226 1.378149 2.380465 4.550580 9.436752 0.166755
67 72.238731 54.483124 0.000000 1.822611 1.372421 2.337317 4.357500 8.712438 0.166667
70 71.863983 54.632088 0.000000 1.698152 1.390866 2.470545 4.932138 10.816650 0.200000
