%% Trajectory 22
%% frame x (pixel)     y (pixel)    z (pixel)      m0         m1           m2           m3           m4           s 
78 13.015469 57.941864 0.000000 0.833501 1.395014 2.505058 5.049277 11.147474 0.200000
80 13.764767 57.602219 0.000000 1.304370 1.271890 2.026269 3.525686 6.579050 0.348286
81 13.756075 57.833309 0.000000 1.303636 1.310807 2.168688 3.931923 7.652292 0.250041
82 13.752955 58.019684 0.000000 1.611665 1.393723 2.452316 4.783743 10.118568 0.260224
83 13.674030 58.104851 0.000000 1.674335 1.325388 2.204540 4.024907 7.905056 0.216277
84 13.545544 57.877708 0.000000 2.237346 1.267684 2.027097 3.566957 6.794276 0.200000
85 13.679857 58.091766 0.000000 1.959378 1.322503 2.178150 3.929582 7.615428 0.250431
86 13.580727 57.819973 0.000000 1.951188 1.267682 2.018449 3.523131 6.624210 0.204628
87 13.575180 57.794968 0.000000 2.280957 1.373897 2.354750 4.444433 9.054879 0.563313
88 13.644768 57.991180 0.000000 2.607708 1.334198 2.231713 4.117054 8.218307 0.251585
89 13.680169 57.732323 0.000000 2.628256 1.281196 2.065839 3.651191 6.945011 0.305191
90 13.883924 57.434181 0.000000 2.660387 1.329340 2.228312 4.133655 8.332997 0.256126
91 13.784942 57.559731 0.000000 2.441891 1.304969 2.142478 3.869866 7.549978 0.250009
92 13.773911 57.365807 0.000000 2.736722 1.349249 2.288858 4.297139 8.756865 0.250000
93 13.755164 57.264412 0.000000 2.224477 1.318924 2.183095 3.964450 7.744326 0.250000
94 13.964309 57.161953 0.000000 2.023964 1.366688 2.348681 4.469503 9.230707 0.250000
95 14.403136 56.911232 0.000000 2.004015 1.341221 2.249218 4.139905 8.192749 0.250000
96 14.973133 57.099167 0.000000 2.255363 1.423319 2.548126 5.067275 10.949684 0.250000
97 14.874670 57.088757 0.000000 2.160029 1.428901 2.576274 5.162468 11.220284 0.166667
98 15.168620 57.125683 0.000000 2.098050 1.414898 2.520883 4.988400 10.730116 0.208194
100 15.643616 57.520443 0.000000 1.092901 1.353982 2.309549 4.370169 8.989348 0.278696
