%% Trajectory 8
%% frame x (pixel)     y (pixel)    z (pixel)      m0         m1           m2           m3           m4           s 
10 53.350342 38.094906 0.000000 1.109938 1.301009 2.149594 3.934599 7.826988 0.143483
11 53.127598 37.764133 0.000000 1.247240 1.353554 2.318400 4.416936 9.175270 0.142860
12 53.426468 38.117760 0.000000 1.699100 1.347196 2.277438 4.246256 8.557631 0.142860
13 53.184116 38.199768 0.000000 1.629530 1.326459 2.230564 4.190331 8.632337 0.173389
14 53.308990 38.366352 0.000000 1.684826 1.284819 2.073751 3.667847 6.978307 0.166667
15 53.394558 37.729710 0.000000 1.668920 1.251607 1.975330 3.418521 6.380400 0.125002
16 53.484898 38.203148 0.000000 1.638978 1.342786 2.272036 4.259542 8.671593 0.166667
17 53.188202 38.166180 0.000000 2.170289 1.272874 2.072250 3.758197 7.472487 0.291087
18 53.320480 38.124798 0.000000 2.394686 1.292195 2.109490 3.792673 7.372093 0.250817
19 53.273415 38.537468 0.000000 2.561587 1.303099 2.128319 3.814706 7.363774 0.250000
20 53.408379 38.260929 0.000000 2.854951 1.282875 2.071581 3.688228 7.122532 0.200000
21 53.287807 38.274006 0.000000 2.961978 1.291511 2.111496 3.819468 7.512854 0.250532
22 53.253521 38.215397 0.000000 3.661237 1.297623 2.130921 3.872692 7.655125 0.200000
23 53.481239 38.393646 0.000000 3.995600 1.338679 2.240014 4.112418 8.122525 0.200000
24 53.482826 38.162914 0.000000 3.473252 1.297239 2.118716 3.809755 7.409946 0.200124
25 53.328243 38.315842 0.000000 3.358875 1.326313 2.212856 4.076669 8.137972 0.166667
26 53.514828 38.267811 0.000000 3.617241 1.315915 2.155420 3.860967 7.418019 0.166731
27 53.477261 38.354839 0.000000 3.752851 1.297747 2.122535 3.826395 7.472329 0.166774
28 53.568954 38.240257 0.000000 4.384647 1.313954 2.171511 3.953776 7.789774 0.200000
29 53.504971 38.194195 0.000000 4.472756 1.326048 2.214313 4.091184 8.211789 0.200109
30 53.527355 38.208740 0.000000 4.465607 1.294231 2.110127 3.790087 7.371469 0.200000
31 53.681549 38.228573 0.000000 4.602901 1.307040 2.132455 3.802722 7.269689 0.200000
32 53.554890 38.366116 0.000000 4.510048 1.312949 2.151666 3.857804 7.421332 0.200000
33 53.474098 38.200184 0.000000 4.365995 1.329708 2.216941 4.074790 8.103104 0.200020
34 53.599346 38.250587 0.000000 4.711715 1.322130 2.187596 3.973727 7.774254 0.200000
35 53.585934 38.212063 0.000000 4.857907 1.319207 2.187440 3.995259 7.889772 0.200000
36 53.577793 38.133816 0.000000 4.808917 1.340401 2.251170 4.174451 8.388121 0.201173
37 53.554958 38.270821 0.000000 5.114777 1.313505 2.161235 3.907352 7.617816 0.200000
38 53.728802 38.331993 0.000000 4.794143 1.317651 2.164097 3.892066 7.521398 0.200132
39 53.698601 38.270203 0.000000 5.264584 1.319703 2.180753 3.957009 7.738050 0.201957
40 53.730579 38.302757 0.000000 4.469738 1.297190 2.124347 3.849538 7.591247 0.166667
41 53.881813 38.257694 0.000000 4.402724 1.377440 2.379196 4.541065 9.382293 0.166860
42 53.946033 38.239758 0.000000 4.711456 1.374697 2.373859 4.530130 9.347996 0.166667
43 54.037632 38.517567 0.000000 4.557740 1.329159 2.216761 4.071839 8.079169 0.166667
44 54.362492 38.599819 0.000000 4.544907 1.280121 2.054260 3.598940 6.753002 0.166667
45 54.346462 38.859718 0.000000 4.337736 1.361767 2.327683 4.385788 8.925180 0.166667
46 54.298344 38.901276 0.000000 5.068124 1.392816 2.422827 4.637772 9.562010 0.166686
47 54.534042 39.271832 0.000000 4.667218 1.399887 2.438584 4.679425 9.684519 0.167032
48 54.515251 39.358967 0.000000 4.307367 1.438652 2.581697 5.127148 11.020535 0.166704
49 54.338818 39.529629 0.000000 4.745026 1.359720 2.315030 4.340684 8.787958 0.166667
50 54.277721 39.979973 0.000000 4.792575 1.380833 2.407389 4.666591 9.844764 0.142857
51 54.035038 40.179966 0.000000 5.163476 1.473782 2.714670 5.543831 12.253414 0.142857
53 53.851131 40.803665 0.000000 4.421593 1.414583 2.524773 5.015410 10.836909 0.166667
54 53.702099 40.748386 0.000000 3.832412 1.284524 2.085290 3.736187 7.262029 0.398905
55 53.557499 41.251732 0.000000 3.591296 1.278036 2.074296 3.748024 7.428281 0.263008
56 53.685555 41.284046 0.000000 3.041456 1.265723 2.041374 3.651392 7.131847 0.166691
57 53.663525 41.632351 0.000000 2.726988 1.292458 2.142665 3.976102 8.122772 0.171275
58 53.532459 41.527576 0.000000 2.194715 1.235522 1.967783 3.509327 6.913725 0.200000
59 53.088150 41.418633 0.000000 2.810103 1.336770 2.257317 4.209598 8.493942 0.143499
60 53.280659 41.726379 0.000000 2.217489 1.222233 1.908564 3.272368 6.054243 0.143399
