%% Trajectory 24
%% frame x (pixel)     y (pixel)    z (pixel)      m0         m1           m2           m3           m4           s 
58 4.923952 25.974756 0.000000 1.272740 1.352243 2.305965 4.350968 8.897402 0.166667
60 5.006160 25.523333 0.000000 1.264977 1.344088 2.260214 4.180982 8.339650 0.200000
61 4.835518 25.856085 0.000000 1.435940 1.339499 2.244493 4.136075 8.222336 0.166667
62 4.969476 25.794336 0.000000 1.653606 1.368864 2.345552 4.429470 9.031406 0.268674
63 5.165761 25.861309 0.000000 2.224766 1.321871 2.200543 4.041460 8.035263 0.230558
64 5.138470 25.775436 0.000000 2.478091 1.334420 2.239979 4.149718 8.322762 0.352190
65 4.988843 25.739519 0.000000 2.253690 1.368138 2.356550 4.489042 9.260142 0.200841
66 5.094205 25.858383 0.000000 2.539140 1.342795 2.266693 4.221638 8.503261 0.276927
67 5.138371 25.959858 0.000000 2.864558 1.354290 2.300018 4.302609 8.684996 0.184322
68 4.921483 25.854744 0.000000 2.617209 1.360633 2.325224 4.387502 8.956205 0.200000
69 5.048199 25.636389 0.000000 3.046059 1.323087 2.196469 4.014443 7.925247 0.275873
70 5.110050 25.775465 0.000000 2.885875 1.371365 2.350896 4.446894 9.096799 0.305202
71 5.048735 25.764610 0.000000 3.529208 1.350830 2.291306 4.286466 8.667741 0.166667
72 5.086399 25.796093 0.000000 3.375700 1.333423 2.239851 4.157182 8.362363 0.200000
73 4.919151 25.652424 0.000000 3.824685 1.320472 2.185102 3.971916 7.782563 0.166667
74 5.141159 25.732861 0.000000 3.910455 1.320753 2.189350 3.987338 7.824253 0.166667
75 4.922976 25.583948 0.000000 3.965007 1.325971 2.203758 4.032430 7.975680 0.200000
76 5.000361 25.550751 0.000000 4.083863 1.336181 2.247168 4.176863 8.419385 0.142857
77 4.949031 25.614294 0.000000 4.178856 1.303471 2.128112 3.808276 7.331542 0.200000
78 4.917418 25.638220 0.000000 4.625524 1.310187 2.152866 3.884581 7.555291 0.166667
79 4.966125 25.539082 0.000000 3.940452 1.349198 2.277756 4.236611 8.516877 0.166667
80 4.951693 25.562201 0.000000 4.168746 1.296461 2.112248 3.779253 7.292223 0.200000
81 5.051385 25.644545 0.000000 3.921007 1.342235 2.261420 4.201410 8.441377 0.166667
82 4.924917 25.393301 0.000000 4.273752 1.323398 2.190278 3.974591 7.755051 0.200000
83 4.910767 25.378933 0.000000 4.893361 1.340576 2.252977 4.176978 8.383671 0.200000
84 4.994867 25.256947 0.000000 4.987990 1.360494 2.324713 4.385608 8.948689 0.166667
85 5.064225 25.064356 0.000000 5.437019 1.377065 2.380226 4.545399 9.390109 0.166667
86 5.100643 25.083851 0.000000 5.182026 1.382825 2.395329 4.576343 9.441358 0.142857
87 5.375464 24.939070 0.000000 4.964527 1.332991 2.223523 4.076368 8.055538 0.142857
88 5.510282 25.046972 0.000000 4.873944 1.323279 2.187265 3.957650 7.684880 0.200000
89 5.689607 25.010439 0.000000 4.894162 1.342024 2.253954 4.159801 8.269009 0.166667
90 5.845162 25.117552 0.000000 4.761835 1.353284 2.288713 4.261333 8.563188 0.200000
91 6.066137 25.082302 0.000000 4.141591 1.369564 2.364077 4.523615 9.398488 0.166667
92 6.265084 25.564190 0.000000 4.178854 1.313960 2.169222 3.946718 7.774289 0.251078
94 6.322313 26.180990 0.000000 3.315552 1.366373 2.344359 4.445991 9.133169 0.200016
96 6.350460 26.193510 0.000000 1.710393 1.334717 2.236921 4.130418 8.236391 0.250000
97 6.518203 26.573048 0.000000 1.948922 1.310331 2.159186 3.921014 7.709840 0.200000
98 6.597857 27.087809 0.000000 1.412912 1.314023 2.172353 3.945348 7.719099 0.207629
99 6.422147 27.577524 0.000000 1.166583 1.238652 1.935322 3.305996 6.071800 0.235296
