%% Trajectory 11
%% frame x (pixel)     y (pixel)    z (pixel)      m0         m1           m2           m3           m4           s 
28 61.652538 72.770981 0.000000 1.730295 1.215661 1.870874 3.152482 5.728041 0.166667
29 61.748966 72.567398 0.000000 1.637650 1.201012 1.829556 3.053501 5.505400 0.166667
30 61.655922 72.589462 0.000000 1.747159 1.205243 1.831561 3.045034 5.463961 0.166667
32 61.469971 72.312347 0.000000 1.505632 1.205825 1.836839 3.061402 5.505827 0.200000
34 61.202026 71.918083 0.000000 1.532494 1.291625 2.146953 3.993884 8.170378 0.200000
35 61.408325 71.769882 0.000000 1.332332 1.212969 1.874253 3.193928 5.925683 0.200000
36 61.123878 71.949249 0.000000 1.697981 1.329482 2.244641 4.198403 8.524152 0.200000
37 61.067875 71.888947 0.000000 1.396337 1.244396 1.983090 3.486432 6.642764 0.200000
39 59.869308 71.966873 0.000000 1.773189 1.374668 2.390350 4.622834 9.728833 0.175567
40 59.880627 71.869553 0.000000 1.831235 1.341589 2.277422 4.286788 8.776417 0.256608
41 59.590183 71.582901 0.000000 2.009708 1.284859 2.058736 3.600075 6.743489 0.178856
