%% Trajectory 15
%% frame x (pixel)     y (pixel)    z (pixel)      m0         m1           m2           m3           m4           s 
33 29.370712 25.214146 0.000000 1.332280 1.288510 2.133970 3.964267 8.128093 0.166667
35 29.199018 24.914381 0.000000 1.765116 1.466240 2.679947 5.412203 11.795121 0.143659
36 28.693151 24.716682 0.000000 1.694827 1.453264 2.579350 5.002891 10.384423 0.133064
37 28.670925 24.986015 0.000000 2.097936 1.450881 2.635803 5.290506 11.463594 0.203747
38 29.158966 25.378065 0.000000 1.958726 1.371020 2.362222 4.487148 9.198727 0.327738
39 28.685499 25.170595 0.000000 2.365476 1.385786 2.398762 4.576771 9.430148 0.125109
40 28.708687 25.081472 0.000000 2.466464 1.393585 2.437782 4.714379 9.861550 0.143050
41 28.917685 25.395515 0.000000 2.799611 1.379195 2.365930 4.463217 9.074504 0.142857
42 28.612156 25.233015 0.000000 2.714346 1.338150 2.238306 4.119802 8.188009 0.204976
43 28.672009 25.258039 0.000000 3.047672 1.385061 2.382243 4.494466 9.111312 0.167868
44 28.734873 25.304106 0.000000 3.403662 1.352915 2.283292 4.231514 8.444850 0.166667
45 28.836428 25.233130 0.000000 3.452967 1.367234 2.352031 4.476014 9.235004 0.142912
46 28.482288 25.273769 0.000000 4.044174 1.341564 2.233377 4.060218 7.898233 0.147836
47 28.695860 25.317245 0.000000 4.087618 1.364744 2.321456 4.341088 8.747735 0.166667
48 28.588200 25.338871 0.000000 3.658566 1.322625 2.191429 3.987092 7.817935 0.143311
49 28.406557 25.547832 0.000000 3.496520 1.350253 2.261420 4.127898 8.042189 0.383496
50 28.436409 25.783993 0.000000 3.877465 1.383629 2.386983 4.525104 9.233427 0.361630
51 28.196335 26.022896 0.000000 3.828717 1.426839 2.537327 4.972947 10.502949 0.304110
52 27.995670 26.379667 0.000000 3.377654 1.404046 2.475455 4.843356 10.295055 0.168124
53 27.939932 26.160284 0.000000 3.291541 1.435728 2.582853 5.150028 11.127098 0.166670
54 28.154398 26.270948 0.000000 2.859200 1.430170 2.552554 5.023913 10.665375 0.166667
55 28.503334 26.559162 0.000000 2.414572 1.422558 2.527724 4.962392 10.535399 0.166974
56 28.783657 26.408443 0.000000 2.552875 1.351990 2.286922 4.246334 8.480140 0.166692
58 29.452387 26.020149 0.000000 2.346888 1.404739 2.466121 4.788757 10.065706 0.167629
60 29.320408 26.417116 0.000000 1.620512 1.349482 2.294604 4.310930 8.769066 0.166667
61 29.618776 26.168247 0.000000 1.245141 1.247596 1.980165 3.469679 6.607958 0.166667
62 29.467136 26.428139 0.000000 1.977023 1.396942 2.424989 4.627674 9.511875 0.267603
