%% Trajectory 21
%% frame x (pixel)     y (pixel)    z (pixel)      m0         m1           m2           m3           m4           s 
75 54.588413 80.775673 0.000000 0.812396 1.193223 1.842262 3.167402 5.998189 0.167001
76 54.939548 80.501488 0.000000 1.196234 1.306459 2.164015 3.978142 7.971642 0.146087
77 54.900948 80.605110 0.000000 1.533560 1.331371 2.235857 4.155898 8.385564 0.166667
78 54.819168 80.571510 0.000000 1.213109 1.235898 1.939603 3.367191 6.376729 0.166667
79 54.777565 80.456589 0.000000 1.434494 1.220520 1.881905 3.181746 5.811181 0.150725
80 54.937431 80.556847 0.000000 1.467734 1.300433 2.131060 3.849730 7.527878 0.142857
81 54.934704 80.582222 0.000000 1.898560 1.350696 2.311594 4.398303 9.120670 0.166667
82 54.805031 80.553329 0.000000 1.906910 1.263900 2.030217 3.615813 7.035185 0.166667
83 54.941032 80.647552 0.000000 2.260528 1.300116 2.141915 3.899655 7.699464 0.166667
84 54.836132 80.774963 0.000000 2.646675 1.323769 2.224147 4.158381 8.485664 0.170484
85 54.828732 80.519081 0.000000 2.895239 1.282520 2.077399 3.712250 7.193523 0.166670
86 54.718525 80.383568 0.000000 2.841881 1.302701 2.141618 3.892786 7.686137 0.167263
87 54.657520 80.426758 0.000000 3.071104 1.270551 2.032390 3.571579 6.780236 0.167373
88 54.729065 80.645020 0.000000 3.438440 1.302078 2.150437 3.946812 7.913032 0.166688
89 54.608089 80.469604 0.000000 3.484267 1.289668 2.112693 3.848527 7.668607 0.250000
90 54.796204 80.515289 0.000000 3.588639 1.294952 2.133018 3.901815 7.788226 0.250001
91 54.646873 80.549110 0.000000 3.583159 1.250469 1.972505 3.416792 6.395820 0.250000
92 54.616329 80.544579 0.000000 3.591223 1.281903 2.084959 3.760665 7.406048 0.250000
93 54.744415 80.489532 0.000000 3.880960 1.274718 2.049968 3.628159 6.946417 0.250000
94 54.772377 80.504524 0.000000 4.202682 1.329039 2.235627 4.175059 8.494975 0.250104
95 54.770847 80.585594 0.000000 4.421535 1.301742 2.145807 3.920862 7.802648 0.274843
96 54.780479 80.486687 0.000000 4.464909 1.287192 2.082938 3.705621 7.118034 0.287378
97 54.766842 80.505608 0.000000 4.851828 1.292351 2.102412 3.764698 7.285713 0.265479
98 54.791195 80.524796 0.000000 5.264526 1.305180 2.144530 3.883406 7.608684 0.403981
99 54.738571 80.570587 0.000000 5.449836 1.317709 2.195043 4.050529 8.129773 0.250001
100 54.779514 80.553642 0.000000 5.056030 1.309191 2.164178 3.949757 7.812469 0.250000
101 54.603962 80.462677 0.000000 5.534574 1.318179 2.194455 4.048860 8.135638 0.250000
102 54.758484 80.498299 0.000000 5.886086 1.266303 2.017478 3.523192 6.628645 0.250000
103 54.696022 80.441277 0.000000 6.437056 1.355292 2.301398 4.313712 8.757243 0.250000
104 54.743301 80.487984 0.000000 6.576950 1.370864 2.354871 4.470130 9.192717 0.250000
105 54.664597 80.408295 0.000000 5.969860 1.304536 2.128933 3.803952 7.302259 0.250000
106 54.649090 80.428383 0.000000 6.391557 1.308562 2.131867 3.788514 7.199863 0.250000
107 54.705730 80.481468 0.000000 6.852970 1.345751 2.259884 4.163837 8.252162 0.250000
108 54.614658 80.333702 0.000000 7.278556 1.341711 2.248621 4.139465 8.210716 0.333333
109 54.687187 80.182678 0.000000 6.878404 1.376637 2.361502 4.459269 9.085083 0.250000
110 54.649544 79.851982 0.000000 6.538950 1.393885 2.432716 4.699077 9.841714 0.250000
111 54.628506 79.665657 0.000000 6.314741 1.363196 2.311571 4.302711 8.620654 0.333333
112 54.570992 79.683022 0.000000 6.444635 1.332142 2.208277 3.999400 7.757862 0.250000
113 54.373478 79.481049 0.000000 6.853637 1.353302 2.279283 4.210168 8.364935 0.250000
114 54.441738 79.551323 0.000000 5.998593 1.352457 2.294791 4.305790 8.768974 0.250000
116 54.033638 78.568901 0.000000 5.631324 1.363072 2.322267 4.355840 8.815202 0.250000
118 54.111721 78.365349 0.000000 2.676354 1.361687 2.325267 4.379944 8.914248 0.250000
119 53.832165 77.971870 0.000000 2.402878 1.400582 2.483495 4.902917 10.541586 0.333333
