%% Trajectory 16
%% frame x (pixel)     y (pixel)    z (pixel)      m0         m1           m2           m3           m4           s 
84 58.682343 43.376263 0.000000 1.376131 1.313293 2.170987 3.957701 7.815618 0.200000
85 59.119110 43.181381 0.000000 1.539254 1.363319 2.335306 4.422355 9.071704 0.200000
86 59.234074 43.220604 0.000000 1.292143 1.366413 2.337300 4.406698 8.974754 0.200000
87 59.100708 43.204071 0.000000 1.968289 1.348787 2.283769 4.259420 8.575551 0.200000
88 58.937870 43.407589 0.000000 1.583977 1.348141 2.295819 4.340123 8.930480 0.250000
89 59.074638 42.885723 0.000000 1.816389 1.376747 2.382558 4.557100 9.432436 0.250000
90 59.100559 42.783726 0.000000 1.637609 1.349195 2.288308 4.283198 8.668921 0.250000
91 59.067822 42.857967 0.000000 2.021554 1.405289 2.487589 4.886439 10.417453 0.250000
92 58.995323 42.754196 0.000000 2.125868 1.405442 2.481738 4.864273 10.355357 0.250000
93 59.122929 43.027340 0.000000 1.853714 1.390795 2.433977 4.726240 9.967520 0.250000
94 58.868080 43.153553 0.000000 1.896861 1.388848 2.406941 4.597664 9.477936 0.200000
95 58.728828 42.843933 0.000000 2.181097 1.384725 2.384655 4.509839 9.179661 0.200000
96 58.996815 42.773113 0.000000 2.198205 1.405211 2.478168 4.848818 10.298965 0.200000
97 59.008827 42.892128 0.000000 2.368237 1.420963 2.531161 4.994341 10.674369 0.200000
98 58.944160 43.078701 0.000000 2.532480 1.402022 2.457510 4.758469 9.958415 0.205680
99 58.807072 43.155346 0.000000 2.557870 1.398238 2.438174 4.686790 9.720978 0.314998
100 58.940510 43.115726 0.000000 2.522875 1.420684 2.516905 4.928762 10.435866 0.200000
101 59.048733 42.818233 0.000000 2.342620 1.436015 2.571222 5.075549 10.797362 0.166943
102 58.792027 43.123966 0.000000 2.653023 1.391987 2.414548 4.605573 9.455277 0.250000
103 58.864597 43.158241 0.000000 2.620837 1.402403 2.446743 4.695149 9.696357 0.166667
104 58.885975 43.136814 0.000000 3.056910 1.399036 2.432971 4.651453 9.568440 0.200000
105 59.003159 43.399216 0.000000 2.887972 1.414320 2.495282 4.859540 10.218069 0.200022
106 58.911545 43.365776 0.000000 2.743475 1.395102 2.437032 4.707184 9.842745 0.200142
107 58.790321 43.429996 0.000000 2.405573 1.411436 2.476030 4.776332 9.917224 0.200001
108 58.493809 43.666344 0.000000 2.607721 1.370946 2.345238 4.421015 9.007947 0.247543
109 58.465710 43.451931 0.000000 2.537532 1.364031 2.306686 4.267153 8.461452 0.177861
110 58.592747 43.556320 0.000000 2.259381 1.402112 2.453876 4.735661 9.871633 0.168898
111 58.302105 43.690197 0.000000 2.070718 1.342989 2.250287 4.140879 8.205837 0.200093
112 58.283157 43.543667 0.000000 1.736027 1.410433 2.492134 4.870311 10.307183 0.173303
114 57.707275 43.864475 0.000000 2.396828 1.423182 2.542337 5.047855 10.897137 0.169073
115 57.751793 44.288139 0.000000 2.136944 1.456080 2.619597 5.193397 11.099279 0.166667
116 57.977539 44.637619 0.000000 1.871044 1.580422 3.087470 6.664018 15.487206 0.166685
