%% Trajectory 13
%% frame x (pixel)     y (pixel)    z (pixel)      m0         m1           m2           m3           m4           s 
37 45.600845 51.299118 0.000000 2.055878 1.257525 1.998591 3.502095 6.664044 0.166667
38 45.476383 51.195751 0.000000 2.176771 1.308872 2.138632 3.825524 7.350873 0.166667
40 45.657047 51.226471 0.000000 2.111106 1.306367 2.144313 3.874887 7.569364 0.166667
42 45.759796 51.094719 0.000000 2.341652 1.333678 2.236023 4.144311 8.334012 0.166667
43 45.702724 51.243679 0.000000 2.411978 1.292662 2.089200 3.693269 7.008536 0.166667
44 45.737919 51.283585 0.000000 2.740924 1.317453 2.188037 4.003465 7.920812 0.166667
45 45.726444 51.515232 0.000000 2.761599 1.331847 2.212735 4.037786 7.943769 0.166667
46 45.767761 50.924572 0.000000 2.743901 1.371972 2.377280 4.581766 9.625780 0.166667
47 45.805355 51.340477 0.000000 2.858940 1.365275 2.322826 4.343075 8.747039 0.166667
48 45.468746 51.300446 0.000000 2.886821 1.353308 2.297922 4.309715 8.761212 0.166667
49 45.770000 51.355808 0.000000 2.942228 1.328695 2.210820 4.043585 7.978820 0.166667
50 45.563641 51.541943 0.000000 2.990354 1.365752 2.318852 4.322423 8.674782 0.166667
51 45.470863 51.571983 0.000000 2.788259 1.354219 2.284902 4.224594 8.390497 0.166667
52 45.451557 51.790100 0.000000 3.156877 1.380013 2.380072 4.539386 9.384713 0.166667
53 45.351116 51.700184 0.000000 2.912329 1.367825 2.330513 4.362419 8.790854 0.166667
54 45.053165 52.089527 0.000000 2.957378 1.412019 2.493632 4.870451 10.295632 0.166667
55 44.951508 51.895123 0.000000 2.832793 1.390178 2.435317 4.723439 9.923375 0.166667
56 45.044743 52.067951 0.000000 3.047712 1.435685 2.599244 5.246652 11.540353 0.166667
57 45.051048 52.367123 0.000000 2.380650 1.355335 2.322516 4.423195 9.184414 0.166667
58 45.572090 52.556046 0.000000 2.766317 1.333934 2.217707 4.038775 7.902605 0.166667
59 45.586365 52.670601 0.000000 2.765501 1.387958 2.395880 4.545470 9.286370 0.167749
60 45.338135 52.658169 0.000000 2.562132 1.383272 2.391465 4.569195 9.462136 0.142886
61 45.099838 52.824879 0.000000 2.184425 1.438024 2.578043 5.115550 10.991650 0.168351
63 44.696373 51.978603 0.000000 2.162551 1.423397 2.514245 4.876604 10.162138 0.279329
64 44.769478 51.973804 0.000000 2.028118 1.506437 2.836360 5.906522 13.269916 0.142869
