%% Trajectory 7
%% frame x (pixel)     y (pixel)    z (pixel)      m0         m1           m2           m3           m4           s 
11 15.373433 25.928940 0.000000 1.071925 1.284900 2.189278 4.287895 9.452294 0.142937
13 15.203587 25.858141 0.000000 0.991572 1.243972 2.087426 4.070487 9.034636 0.166667
15 15.127569 26.068363 0.000000 1.151845 1.348675 2.368181 4.693525 10.264263 0.195895
16 15.268980 26.008444 0.000000 1.125280 1.289821 2.220313 4.400913 9.811625 0.174919
17 15.450417 26.405760 0.000000 1.712219 1.382955 2.463975 4.956044 10.990170 0.167514
18 15.423452 26.093395 0.000000 1.435673 1.359847 2.373410 4.627685 9.855124 0.201729
19 15.423382 26.369825 0.000000 1.574350 1.398236 2.493846 4.997833 10.997567 0.200000
20 15.471324 26.018795 0.000000 1.628592 1.305204 2.166015 3.985957 7.986361 0.200467
21 15.471899 25.987568 0.000000 1.928972 1.305460 2.173053 4.016637 8.090342 0.299999
22 15.627872 25.957096 0.000000 1.897207 1.349583 2.293793 4.301015 8.719805 0.277327
23 15.509449 26.136347 0.000000 1.858667 1.314054 2.158649 3.885581 7.518255 0.269188
24 15.486300 25.939890 0.000000 2.025882 1.321371 2.187729 3.972937 7.758062 0.267138
25 15.594057 25.982407 0.000000 2.501370 1.304243 2.142051 3.864723 7.511610 0.200023
26 15.335016 25.969385 0.000000 2.458006 1.297647 2.120448 3.809098 7.380693 0.283766
27 15.554729 25.830099 0.000000 2.332707 1.319403 2.186888 3.987813 7.851564 0.252075
28 15.479646 26.012075 0.000000 2.585119 1.339075 2.247249 4.141810 8.212991 0.219332
29 15.558498 25.996164 0.000000 2.742550 1.332789 2.228484 4.091177 8.081407 0.336578
30 15.603584 26.089647 0.000000 2.847350 1.317179 2.177554 3.955221 7.743995 0.256345
31 15.543351 26.004749 0.000000 3.197780 1.323609 2.201515 4.021026 7.902861 0.250000
32 15.561388 25.919910 0.000000 3.346448 1.332072 2.226926 4.098305 8.145086 0.200105
33 15.633630 26.066267 0.000000 3.153759 1.333934 2.234987 4.128586 8.248546 0.202350
34 15.559821 26.004128 0.000000 2.873137 1.322300 2.194180 3.996394 7.832187 0.200009
35 15.565861 26.002384 0.000000 3.306359 1.346664 2.276482 4.242177 8.543086 0.200266
36 15.681178 25.754108 0.000000 2.925953 1.321689 2.173713 3.895678 7.452960 0.200224
37 15.645535 25.893219 0.000000 3.085002 1.342351 2.245264 4.113944 8.095496 0.200001
38 15.708394 25.875315 0.000000 3.453385 1.333884 2.224434 4.075390 8.046313 0.232767
39 15.537153 25.928862 0.000000 2.823279 1.352729 2.315548 4.400651 9.099504 0.166667
40 15.671999 25.775467 0.000000 2.870702 1.351239 2.276709 4.205977 8.348487 0.166667
41 15.548183 25.743860 0.000000 3.095886 1.334001 2.205189 3.967913 7.611239 0.142857
42 15.675104 25.930092 0.000000 3.017813 1.367369 2.342855 4.429008 9.056773 0.166667
43 15.818254 25.786093 0.000000 3.064316 1.367525 2.349956 4.468503 9.217181 0.142857
44 15.749743 25.701134 0.000000 3.309944 1.330261 2.211071 4.036004 7.938133 0.163843
45 15.949512 25.669170 0.000000 3.481586 1.340318 2.260240 4.208786 8.488036 0.142870
46 16.008226 25.732342 0.000000 3.863063 1.388529 2.425429 4.698268 9.883347 0.150166
47 16.270895 25.778015 0.000000 3.308199 1.370973 2.352686 4.451592 9.101129 0.142871
48 16.348280 25.756762 0.000000 3.499711 1.356510 2.289747 4.231366 8.387293 0.212572
49 16.389971 25.521156 0.000000 3.154294 1.331305 2.204394 3.980855 7.682141 0.235978
50 16.494846 25.700727 0.000000 2.786263 1.335382 2.207763 3.972806 7.621237 0.142873
51 16.606586 25.679735 0.000000 3.059149 1.356480 2.290275 4.240732 8.441629 0.168407
52 16.646696 25.671030 0.000000 2.555462 1.319889 2.176162 3.925332 7.594892 0.256830
53 16.753559 25.507215 0.000000 2.714948 1.313782 2.159721 3.891983 7.543088 0.112340
54 17.104570 25.625648 0.000000 2.617111 1.359681 2.331103 4.430533 9.152803 0.125016
55 17.291883 25.383366 0.000000 3.187008 1.313743 2.157819 3.889865 7.555633 0.166667
56 17.322439 26.047041 0.000000 3.240881 1.377674 2.377502 4.521561 9.278822 0.125003
57 17.606087 25.944201 0.000000 2.502524 1.442091 2.589205 5.140341 11.037034 0.111114
58 17.118128 25.976158 0.000000 2.210556 1.403116 2.469128 4.797669 10.074615 0.142861
59 16.919212 25.865843 0.000000 1.428106 1.346761 2.304433 4.378376 9.047360 0.140932
