%% Trajectory 10
%% frame x (pixel)     y (pixel)    z (pixel)      m0         m1           m2           m3           m4           s 
23 62.674595 63.207512 0.000000 1.027508 1.310438 2.189130 4.089422 8.393788 0.226602
24 63.013168 63.100384 0.000000 1.297611 1.392930 2.463257 4.873258 10.548202 0.261305
25 62.732464 63.699158 0.000000 1.488966 1.322958 2.181661 3.926175 7.552514 0.200099
26 62.863098 63.163181 0.000000 1.856705 1.344548 2.276124 4.256591 8.619862 0.200017
27 62.798813 63.359436 0.000000 1.493545 1.303157 2.135584 3.848833 7.489454 0.211507
28 62.979633 63.269226 0.000000 1.773322 1.408820 2.494049 4.915461 10.556286 0.175749
29 62.825752 63.247059 0.000000 2.248976 1.423070 2.525967 4.953980 10.504829 0.180158
30 62.873520 62.935177 0.000000 1.949626 1.471319 2.706621 5.514331 12.145992 0.166688
31 62.817062 63.212299 0.000000 2.239478 1.427348 2.530389 4.945605 10.427307 0.166830
32 62.724239 63.248501 0.000000 2.276374 1.362274 2.328770 4.405253 9.043101 0.257349
33 62.918316 63.132538 0.000000 2.361114 1.395881 2.437450 4.695442 9.766630 0.201081
34 62.854172 63.240353 0.000000 2.668960 1.367087 2.341664 4.433361 9.095154 0.203120
35 62.798218 63.086685 0.000000 2.859231 1.408569 2.480062 4.825979 10.159156 0.168379
36 62.935314 63.253502 0.000000 2.783002 1.419564 2.518476 4.945423 10.515524 0.200001
37 62.587311 63.299335 0.000000 2.716874 1.342338 2.250613 4.137763 8.176764 0.200010
38 62.723972 63.333763 0.000000 2.797364 1.374868 2.342751 4.375188 8.773747 0.208837
39 62.682911 63.311668 0.000000 2.644121 1.335956 2.240397 4.146248 8.311899 0.317239
40 62.916309 63.175217 0.000000 3.219936 1.411951 2.484197 4.818279 10.085565 0.250007
41 62.850433 63.303997 0.000000 3.467417 1.428753 2.541931 4.988558 10.572607 0.250001
42 62.998306 63.275368 0.000000 3.042570 1.449589 2.631946 5.289702 11.496709 0.250532
43 62.926895 63.283428 0.000000 3.817985 1.424191 2.523595 4.932136 10.403369 0.250000
44 62.835838 63.295254 0.000000 3.186796 1.411931 2.473430 4.765276 9.889964 0.279055
45 62.887703 63.144371 0.000000 3.666042 1.429241 2.547125 5.020469 10.708388 0.250000
46 62.997562 63.224396 0.000000 3.665415 1.451654 2.625200 5.246644 11.328157 0.250000
47 62.924046 63.294899 0.000000 3.779065 1.429910 2.549653 5.022604 10.694961 0.250000
48 63.079105 63.403843 0.000000 3.543493 1.387083 2.402133 4.587431 9.462790 0.200000
49 63.173199 63.426178 0.000000 3.353742 1.391847 2.420331 4.647762 9.657201 0.250306
50 63.175949 63.281853 0.000000 3.479247 1.417533 2.509265 4.912931 10.418351 0.250009
51 63.233200 63.324154 0.000000 3.564899 1.386765 2.402237 4.592362 9.498057 0.250000
52 63.294987 63.191391 0.000000 3.904601 1.412273 2.479650 4.800503 10.038508 0.200000
53 63.279007 63.285568 0.000000 3.853359 1.388148 2.403002 4.583119 9.439274 0.250000
54 63.317062 63.099220 0.000000 4.220827 1.427699 2.534881 4.963962 10.495118 0.200000
55 63.385380 63.119446 0.000000 4.538800 1.399616 2.437683 4.678061 9.692752 0.200120
56 63.536911 63.140736 0.000000 4.384987 1.387614 2.407879 4.611847 9.552151 0.200008
57 63.675972 63.245342 0.000000 3.957422 1.391365 2.419895 4.653551 9.695431 0.200000
58 63.639034 63.380772 0.000000 3.886474 1.393425 2.421785 4.641541 9.610169 0.200006
59 63.745762 63.306118 0.000000 3.627181 1.430488 2.553281 5.037845 10.753626 0.200000
60 63.783329 63.200764 0.000000 3.938018 1.421449 2.518841 4.933931 10.455600 0.200000
61 63.961544 63.130150 0.000000 3.597268 1.433986 2.564382 5.072726 10.856423 0.166667
62 63.953526 62.904507 0.000000 3.693858 1.414538 2.512338 4.954719 10.615754 0.250000
64 64.368172 62.695717 0.000000 2.004178 1.374917 2.347135 4.393143 8.835086 0.212661
65 64.486191 62.500515 0.000000 2.238159 1.365823 2.327063 4.366710 8.849378 0.257805
66 64.459389 62.472786 0.000000 1.901328 1.421115 2.497649 4.825740 10.039317 0.168124
