%% Trajectory 27
%% frame x (pixel)     y (pixel)    z (pixel)      m0         m1           m2           m3           m4           s 
89 76.845543 49.125286 0.000000 1.055262 1.566125 3.059336 6.623734 15.490740 0.166667
90 76.769371 49.114258 0.000000 1.221239 1.377901 2.399131 4.649846 9.821452 0.242277
91 76.769928 49.183929 0.000000 1.846359 1.404643 2.489505 4.909826 10.546331 0.100000
92 76.657135 49.320854 0.000000 1.397249 1.524013 2.918797 6.221859 14.376057 0.143553
93 76.743675 49.158432 0.000000 1.611077 1.371993 2.385699 4.625981 9.801949 0.153347
95 76.631966 49.836830 0.000000 1.474337 1.372879 2.411083 4.736260 10.180320 0.126359
96 76.876221 49.545616 0.000000 1.454526 1.481100 2.731299 5.578044 12.331643 0.125004
97 76.451721 49.670963 0.000000 1.709829 1.299200 2.116063 3.777445 7.253583 0.142868
98 76.896461 49.473640 0.000000 1.764479 1.474121 2.728319 5.620455 12.581736 0.200000
100 76.429810 49.789864 0.000000 1.931943 1.300029 2.120409 3.801119 7.355972 0.167871
101 76.602074 49.703262 0.000000 1.680082 1.468367 2.729834 5.658227 12.738290 0.166670
102 76.470184 49.747261 0.000000 1.786623 1.387990 2.401796 4.600574 9.557264 0.229189
103 76.657440 49.462887 0.000000 1.595036 1.336421 2.240381 4.138543 8.264893 0.152478
104 76.755188 49.608986 0.000000 2.392145 1.293429 2.096046 3.715004 7.065443 0.318733
105 76.564156 49.671856 0.000000 2.408242 1.327805 2.202874 4.006631 7.836811 0.128572
106 76.876160 49.797974 0.000000 2.293915 1.373197 2.366584 4.517071 9.356311 0.194536
107 76.645302 49.742493 0.000000 2.619942 1.345455 2.267103 4.208724 8.445440 0.171469
108 76.502068 49.708118 0.000000 2.183072 1.329895 2.221366 4.096423 8.188029 0.223105
109 76.434326 49.600025 0.000000 2.317949 1.288813 2.101827 3.792783 7.451457 0.167170
110 76.227097 49.124786 0.000000 2.725061 1.329310 2.225432 4.106872 8.191965 0.166667
111 76.328239 49.041260 0.000000 2.411547 1.343349 2.272116 4.265840 8.725138 0.200074
112 76.342590 49.164089 0.000000 2.624357 1.318543 2.183784 3.980648 7.840520 0.332638
113 76.060638 48.580757 0.000000 2.485463 1.335975 2.245544 4.151478 8.275123 0.186433
114 76.101509 48.727566 0.000000 2.386384 1.364773 2.331104 4.392987 8.957089 0.231796
115 75.877541 48.354195 0.000000 2.795376 1.366127 2.327659 4.359243 8.798085 0.171273
116 76.109306 48.129086 0.000000 2.571247 1.404947 2.483000 4.867941 10.354021 0.173150
117 76.373138 47.694683 0.000000 2.260765 1.317307 2.183706 4.002712 7.973228 0.200008
118 76.376839 47.553360 0.000000 2.457417 1.327897 2.205430 4.008189 7.810997 0.200003
119 76.840836 47.250183 0.000000 2.234127 1.349975 2.277749 4.220847 8.420027 0.166668
120 76.928490 46.877117 0.000000 1.813198 1.365993 2.385298 4.652513 9.912494 0.142857
