%% Trajectory 26
%% frame x (pixel)     y (pixel)    z (pixel)      m0         m1           m2           m3           m4           s 
57 31.385370 19.078623 0.000000 2.377343 1.394729 2.433121 4.686744 9.761601 0.182356
58 31.389811 19.336010 0.000000 2.609073 1.423046 2.495195 4.789264 9.853650 0.125242
59 31.255060 19.382702 0.000000 2.669219 1.404912 2.446174 4.668457 9.563257 0.111110
60 31.390339 19.368881 0.000000 3.012725 1.375488 2.354058 4.426928 8.965619 0.100000
61 31.433996 19.284876 0.000000 2.497301 1.373243 2.339393 4.367729 8.758859 0.145597
62 31.289280 19.427868 0.000000 2.977535 1.382361 2.377539 4.493272 9.143135 0.105313
63 31.415403 19.398031 0.000000 2.511590 1.392679 2.419655 4.635546 9.594727 0.103983
64 31.364222 19.309601 0.000000 2.773364 1.393868 2.408602 4.565861 9.301868 0.102075
65 31.334892 19.291903 0.000000 3.107165 1.413997 2.474310 4.748280 9.783437 0.111679
66 31.284021 19.306816 0.000000 2.957158 1.429307 2.505567 4.789347 9.769608 0.113054
67 31.558537 19.364641 0.000000 2.962437 1.355037 2.280700 4.199492 8.290372 0.121656
68 31.264263 19.267458 0.000000 3.028121 1.391573 2.404635 4.560529 9.299216 0.111954
69 31.342953 19.349092 0.000000 2.963496 1.404889 2.440315 4.643382 9.479550 0.161421
70 31.352459 19.503824 0.000000 3.338144 1.341405 2.238057 4.077908 7.952117 0.111111
71 31.489523 19.466063 0.000000 3.277044 1.389698 2.403267 4.570044 9.367393 0.135606
72 31.394186 19.413990 0.000000 3.565374 1.356807 2.283852 4.201084 8.276353 0.111174
73 31.451588 19.543818 0.000000 3.580249 1.382714 2.364776 4.426652 8.889124 0.156960
74 31.448736 19.417070 0.000000 3.834138 1.349322 2.254098 4.104017 7.977672 0.111274
75 31.508873 19.561182 0.000000 3.886281 1.363751 2.305443 4.259897 8.431887 0.111130
76 31.375019 19.453899 0.000000 3.673499 1.371676 2.328625 4.316428 8.557483 0.125000
77 31.336470 19.431849 0.000000 3.792056 1.348959 2.257603 4.125441 8.066263 0.111165
78 31.244913 19.495367 0.000000 4.084049 1.374447 2.353659 4.431175 8.991382 0.100000
79 31.461348 19.519581 0.000000 4.475673 1.347171 2.257281 4.136467 8.126597 0.111111
80 31.377312 19.547564 0.000000 4.431555 1.357356 2.289853 4.232564 8.404894 0.125001
81 31.280769 19.434641 0.000000 4.131706 1.371264 2.329139 4.323562 8.592137 0.125000
82 31.321810 19.551941 0.000000 4.315962 1.372733 2.331122 4.324273 8.585392 0.125064
83 31.309361 19.545609 0.000000 4.125401 1.393004 2.411454 4.589145 9.409069 0.125000
84 31.161943 19.448002 0.000000 4.106312 1.370284 2.329605 4.336920 8.661222 0.125011
85 31.084198 19.378872 0.000000 4.099411 1.375564 2.354556 4.420438 8.915072 0.126017
86 30.987444 19.370373 0.000000 4.518523 1.387711 2.408104 4.617658 9.585354 0.125000
87 30.928236 19.389330 0.000000 4.419223 1.386836 2.401005 4.580625 9.433428 0.125000
88 31.018047 19.452452 0.000000 4.326305 1.375436 2.373072 4.524506 9.336126 0.125000
89 31.022030 19.421080 0.000000 4.526620 1.373037 2.358207 4.466758 9.142931 0.125002
90 30.840487 19.463253 0.000000 4.187502 1.364664 2.315370 4.307335 8.609833 0.142857
91 30.803976 19.559347 0.000000 4.614076 1.381743 2.370714 4.463159 9.034026 0.142857
92 30.814005 19.721657 0.000000 3.934419 1.392448 2.413905 4.601725 9.449820 0.142857
93 30.841312 19.793648 0.000000 3.915745 1.390529 2.406751 4.584176 9.413543 0.142857
94 30.809330 19.759460 0.000000 3.494625 1.395090 2.416490 4.603395 9.450934 0.147393
95 30.721842 20.124146 0.000000 3.167170 1.436951 2.566260 5.057341 10.758113 0.126402
96 30.499493 20.109133 0.000000 3.076725 1.444032 2.589498 5.124533 10.947504 0.127104
97 30.565786 19.914433 0.000000 2.776064 1.437339 2.565286 5.041797 10.677619 0.161455
98 30.258636 19.818947 0.000000 2.713055 1.509560 2.790467 5.657491 12.302302 0.125137
99 30.271498 20.065004 0.000000 2.630190 1.443123 2.588198 5.117301 10.908741 0.129184
100 30.263832 19.950256 0.000000 2.606692 1.443639 2.582803 5.081608 10.753184 0.337913
101 30.386118 20.130140 0.000000 2.491955 1.413344 2.486571 4.825172 10.110064 0.125786
102 30.436272 20.210089 0.000000 2.078779 1.364132 2.320638 4.339489 8.742026 0.139294
103 30.608660 20.414192 0.000000 2.047697 1.365841 2.321736 4.324085 8.644543 0.242670
