%% Trajectory 13
%% frame x (pixel)     y (pixel)    z (pixel)      m0         m1           m2           m3           m4           s 
71 29.071159 67.042641 0.000000 0.703777 1.375685 2.413618 4.738018 10.180576 0.200003
72 29.349255 66.414101 0.000000 0.903887 1.376817 2.373961 4.513997 9.267175 0.200489
73 29.045509 66.644920 0.000000 1.020855 1.354241 2.304591 4.335735 8.836639 0.169794
74 29.322187 66.466866 0.000000 1.406727 1.345365 2.289677 4.337076 8.975899 0.200007
75 29.046549 66.500519 0.000000 0.890013 1.389031 2.437019 4.741930 10.012369 0.200138
76 29.018032 66.647934 0.000000 1.430351 1.342689 2.280064 4.283840 8.729427 0.200000
77 29.131554 66.751892 0.000000 1.366390 1.317365 2.189228 4.012733 7.957331 0.200558
78 29.205029 66.682564 0.000000 1.375099 1.295937 2.103086 3.732947 7.109045 0.351043
79 29.298494 66.729294 0.000000 1.847889 1.319736 2.180856 3.958355 7.743299 0.204259
80 28.931293 66.635353 0.000000 1.834353 1.349523 2.283199 4.249243 8.529022 0.200115
81 29.289476 66.771118 0.000000 1.818384 1.328902 2.218904 4.087911 8.152601 0.201223
82 29.188122 66.565735 0.000000 1.737315 1.337120 2.245440 4.160449 8.346133 0.166667
83 29.302822 66.485855 0.000000 2.310829 1.317589 2.163396 3.887074 7.498006 0.166667
84 29.253082 66.742584 0.000000 2.163913 1.322084 2.192411 3.991859 7.825543 0.250113
85 29.274315 66.450485 0.000000 2.242113 1.341656 2.242566 4.112694 8.116012 0.250021
86 29.264032 66.470467 0.000000 2.430529 1.335374 2.228416 4.072323 7.984665 0.251136
87 29.172916 66.478539 0.000000 2.326289 1.309230 2.155434 3.903452 7.633796 0.200000
88 29.137556 66.469124 0.000000 2.538236 1.331085 2.212054 4.027434 7.876545 0.250000
89 29.261679 66.644493 0.000000 2.831103 1.323834 2.206859 4.062891 8.110485 0.200000
90 29.233044 66.608215 0.000000 2.781549 1.325182 2.212793 4.077318 8.139135 0.250000
91 29.243797 66.700554 0.000000 2.980654 1.325192 2.210451 4.064212 8.079123 0.200000
92 29.334131 66.536621 0.000000 2.971925 1.302345 2.128505 3.817896 7.377316 0.250000
93 29.294176 66.559525 0.000000 3.237815 1.323588 2.186146 3.949016 7.646631 0.250000
94 29.246168 66.555557 0.000000 2.848595 1.296280 2.108042 3.761991 7.235500 0.250000
95 29.280657 66.551872 0.000000 3.269636 1.281314 2.057319 3.611882 6.805418 0.250000
96 29.134859 66.570236 0.000000 2.962289 1.306398 2.144011 3.870919 7.549442 0.250000
97 29.099838 66.626854 0.000000 3.470629 1.311788 2.171806 3.968738 7.857911 0.250000
98 29.167234 66.536987 0.000000 3.226219 1.337953 2.244283 4.146568 8.276814 0.250000
99 29.248667 66.475189 0.000000 3.046161 1.299853 2.111854 3.756668 7.182261 0.250000
100 29.168987 66.570724 0.000000 3.589058 1.309886 2.157170 3.904472 7.618937 0.200477
101 29.231695 66.441330 0.000000 3.446059 1.337630 2.232728 4.086858 8.044010 0.392005
102 29.205809 66.399010 0.000000 3.537066 1.297476 2.107883 3.744591 7.135570 0.200000
103 29.457226 66.316795 0.000000 3.610429 1.330245 2.205614 4.001440 7.789636 0.200078
104 29.605103 66.067642 0.000000 3.345876 1.379205 2.373117 4.490686 9.151018 0.227340
105 29.811272 65.915276 0.000000 3.196317 1.399925 2.453743 4.753964 9.972310 0.228556
106 29.871462 65.883209 0.000000 3.405485 1.422524 2.525939 4.954164 10.503201 0.200000
107 30.109180 65.769547 0.000000 3.356592 1.397890 2.459803 4.808119 10.215205 0.200003
108 30.087646 65.493706 0.000000 2.886895 1.340261 2.256607 4.189833 8.416169 0.250000
109 30.393112 65.351830 0.000000 3.363061 1.357532 2.303940 4.302149 8.668035 0.201055
110 30.577133 65.467667 0.000000 2.888876 1.354169 2.311000 4.373217 9.002744 0.250014
111 30.410389 65.789772 0.000000 3.116380 1.333691 2.221298 4.057058 7.965037 0.200036
112 30.686314 65.369957 0.000000 3.025398 1.334243 2.220009 4.044443 7.906934 0.166667
113 30.961363 65.114052 0.000000 2.668884 1.402290 2.475031 4.847331 10.301980 0.166667
114 30.795658 64.785217 0.000000 2.561338 1.369586 2.353177 4.467789 9.188675 0.226950
115 30.838062 64.696754 0.000000 2.614279 1.357987 2.312434 4.351775 8.878883 0.213278
116 30.980440 64.607162 0.000000 2.159837 1.386266 2.412954 4.654847 9.745811 0.200000
117 30.957317 64.718605 0.000000 1.358518 1.347297 2.294239 4.332680 8.901470 0.166916
