%% Trajectory 14
%% frame x (pixel)     y (pixel)    z (pixel)      m0         m1           m2           m3           m4           s 
49 7.876439 32.952221 0.000000 1.837273 1.485319 2.741808 5.598536 12.351014 0.153496
50 7.871882 33.186619 0.000000 1.967820 1.444857 2.606581 5.214459 11.310716 0.166667
51 7.746496 32.927071 0.000000 2.058375 1.390091 2.440299 4.773272 10.184317 0.171805
52 7.984602 32.967747 0.000000 2.215125 1.474745 2.732295 5.629498 12.582926 0.143098
53 8.270176 32.895004 0.000000 2.758454 1.418503 2.530731 5.020617 10.829187 0.142857
54 8.327270 32.623993 0.000000 2.500033 1.475065 2.723862 5.599954 12.517882 0.158340
55 7.877264 32.784897 0.000000 2.412922 1.372760 2.394920 4.674231 9.995433 0.166668
56 7.977342 32.635239 0.000000 2.333751 1.377295 2.388186 4.598852 9.641341 0.125000
58 8.715972 32.856670 0.000000 3.378835 1.564417 3.040206 6.553242 15.258636 0.127930
59 8.648705 32.946083 0.000000 3.002624 1.531311 2.915353 6.157141 14.065391 0.177590
60 8.528204 32.777298 0.000000 2.992189 1.466946 2.722356 5.661793 12.860656 0.167779
61 8.061706 32.846252 0.000000 2.896388 1.423601 2.587973 5.284001 11.818604 0.142860
62 8.309334 32.804981 0.000000 2.858848 1.433761 2.588731 5.199374 11.355206 0.224039
63 8.176050 32.863552 0.000000 3.498671 1.377212 2.382635 4.564233 9.483582 0.166670
64 8.367678 32.940643 0.000000 2.867405 1.425118 2.548387 5.053200 10.864319 0.200000
65 8.196584 32.873741 0.000000 3.504681 1.366832 2.348829 4.466560 9.208532 0.166667
66 8.079194 32.745953 0.000000 2.656445 1.377746 2.403851 4.667398 9.876696 0.142857
67 8.239938 32.733505 0.000000 3.476432 1.351200 2.293926 4.307280 8.774950 0.142857
68 8.189732 32.487251 0.000000 3.066174 1.345646 2.270662 4.224011 8.498768 0.142857
69 8.417462 32.741997 0.000000 3.211511 1.349195 2.289593 4.303606 8.794168 0.142857
70 8.794522 32.405537 0.000000 3.159641 1.366980 2.359396 4.528934 9.482954 0.142857
71 8.627133 32.448566 0.000000 3.297182 1.345578 2.278549 4.272732 8.710493 0.142857
72 8.738679 32.243359 0.000000 2.846043 1.366573 2.358012 4.523284 9.460473 0.143127
73 8.950521 32.194107 0.000000 3.110266 1.379795 2.387792 4.568844 9.466928 0.166667
74 9.074454 32.148922 0.000000 2.951761 1.445924 2.617521 5.255099 11.438635 0.149827
75 9.762906 32.111252 0.000000 2.862939 1.401897 2.475587 4.861095 10.384006 0.142859
76 9.328494 32.257385 0.000000 2.747798 1.331308 2.245896 4.211553 8.618478 0.143491
77 9.327047 32.029461 0.000000 2.330441 1.353437 2.299695 4.310648 8.740342 0.132362
78 9.472227 31.403950 0.000000 1.897005 1.355948 2.346823 4.558123 9.740797 0.125005
