%% Trajectory 11
%% frame x (pixel)     y (pixel)    z (pixel)      m0         m1           m2           m3           m4           s 
6 25.232252 17.380323 0.000000 1.779676 1.165378 1.727064 2.801884 4.923047 0.125000
7 25.125216 17.407825 0.000000 2.084244 1.252067 1.978655 3.433884 6.435409 0.143480
8 25.299202 17.481857 0.000000 1.626958 1.186590 1.779733 2.919830 5.178010 0.210019
9 25.043844 17.473217 0.000000 2.450167 1.266354 2.032916 3.593739 6.872192 0.166667
10 25.201836 17.712479 0.000000 2.624431 1.222141 1.895223 3.219772 5.896240 0.142857
11 25.086771 17.499367 0.000000 2.705052 1.266431 2.012573 3.498972 6.534536 0.166667
12 25.110889 17.577311 0.000000 3.221103 1.279916 2.058523 3.626040 6.868103 0.167332
13 25.137541 17.553240 0.000000 3.814402 1.270301 2.024752 3.526208 6.587103 0.258405
14 25.092764 17.605165 0.000000 4.178829 1.279574 2.047696 3.579312 6.707736 0.142864
15 25.164204 17.637688 0.000000 3.696820 1.284523 2.064594 3.623022 6.810268 0.162846
16 25.100643 17.584972 0.000000 4.339707 1.275892 2.043903 3.582367 6.743586 0.142857
17 24.982756 17.743681 0.000000 4.428917 1.321508 2.202948 4.045679 8.028253 0.166667
18 25.090046 17.734230 0.000000 4.863950 1.276038 2.040589 3.565229 6.679318 0.142857
19 25.123211 17.575090 0.000000 4.807755 1.283547 2.061315 3.614421 6.789725 0.142857
20 25.115520 17.598587 0.000000 5.068463 1.312161 2.141068 3.810515 7.251673 0.166667
21 25.053444 17.730913 0.000000 5.036992 1.312671 2.157141 3.885882 7.524593 0.166667
22 25.109360 17.636839 0.000000 5.157659 1.279151 2.049181 3.585672 6.725082 0.166667
23 25.052387 17.660357 0.000000 5.210947 1.303666 2.124881 3.783721 7.215770 0.166695
24 25.164576 17.692205 0.000000 5.986752 1.280013 2.051863 3.592054 6.738778 0.200000
26 25.052168 17.717314 0.000000 5.873072 1.314866 2.161644 3.889977 7.511937 0.200000
27 25.078348 17.698126 0.000000 5.700669 1.294315 2.105128 3.758180 7.227385 0.200000
28 25.000515 17.767145 0.000000 6.006194 1.329917 2.221964 4.081048 8.074653 0.200000
29 25.056141 17.694523 0.000000 6.043153 1.304543 2.132752 3.822533 7.366933 0.200000
30 25.021154 17.692152 0.000000 6.063696 1.340414 2.261342 4.212149 8.494125 0.250000
31 24.932022 17.784233 0.000000 6.169150 1.307791 2.150925 3.885792 7.562814 0.166667
32 24.917311 17.749359 0.000000 5.947875 1.318632 2.181404 3.966196 7.773467 0.250000
33 25.020071 17.822271 0.000000 6.681811 1.339465 2.266940 4.243293 8.610151 0.166667
34 25.007647 17.752878 0.000000 6.169680 1.328375 2.223878 4.108001 8.209723 0.166756
35 24.958191 17.774773 0.000000 6.746548 1.317629 2.193082 4.033591 8.044806 0.200000
36 25.027813 17.785135 0.000000 6.886781 1.342766 2.269537 4.233441 8.543796 0.200000
37 24.981386 17.784544 0.000000 7.135912 1.327799 2.221572 4.100411 8.186070 0.166667
38 24.846361 17.776432 0.000000 6.967752 1.287929 2.080953 3.683314 7.011153 0.142857
39 24.785126 17.845634 0.000000 7.245789 1.305719 2.137995 3.839509 7.420210 0.166667
40 24.847694 17.947527 0.000000 6.555449 1.342590 2.282099 4.302734 8.815508 0.142857
41 24.822126 18.016573 0.000000 6.458956 1.320761 2.208681 4.093426 8.248030 0.166667
42 24.904385 18.162964 0.000000 7.107879 1.317653 2.189647 4.018060 7.985791 0.166667
43 24.890848 18.400919 0.000000 6.833842 1.287843 2.087762 3.721963 7.170053 0.166667
44 24.799934 18.485048 0.000000 7.620134 1.280099 2.059358 3.634127 6.911942 0.142857
45 24.730677 18.624212 0.000000 6.873622 1.288912 2.082103 3.680678 6.989505 0.166667
46 24.709299 18.751945 0.000000 6.585962 1.292615 2.088093 3.681859 6.950252 0.142857
47 24.820099 18.858763 0.000000 6.016205 1.349110 2.283760 4.264441 8.611108 0.200000
48 24.653009 19.111248 0.000000 5.163520 1.351293 2.304114 4.361689 8.990127 0.142866
49 24.179245 19.298403 0.000000 4.650359 1.322955 2.192810 3.993937 7.845160 0.142857
50 24.329779 19.464273 0.000000 4.642621 1.301043 2.112149 3.739403 7.078382 0.250000
52 24.183016 19.163073 0.000000 3.205277 1.334441 2.231324 4.112397 8.190318 0.142857
53 24.019730 19.357231 0.000000 3.084695 1.341753 2.270439 4.242292 8.572214 0.207715
54 24.225283 19.149509 0.000000 2.770481 1.389264 2.406120 4.601398 9.517385 0.226423
55 24.392656 19.238985 0.000000 2.813973 1.333665 2.235353 4.127562 8.231548 0.166673
57 24.391014 18.439651 0.000000 1.391083 1.427074 2.535267 4.965212 10.487909 0.142858
58 24.372009 18.754202 0.000000 1.094442 1.372647 2.415428 4.793209 10.479749 0.146639
