%% Trajectory 8
%% frame x (pixel)     y (pixel)    z (pixel)      m0         m1           m2           m3           m4           s 
2 88.729340 56.205719 0.000000 1.732550 1.362198 2.311046 4.314255 8.686572 0.166775
5 89.317238 55.635540 0.000000 1.105650 1.302381 2.102755 3.703414 6.982244 0.144829
6 88.814552 55.446609 0.000000 1.671080 1.337382 2.290517 4.391916 9.236706 0.207949
7 88.558205 55.326149 0.000000 1.563580 1.387962 2.381701 4.473596 9.011377 0.166729
8 88.724030 55.321331 0.000000 1.892894 1.427492 2.565424 5.140264 11.224119 0.166925
9 88.651550 55.550785 0.000000 1.710044 1.467684 2.677998 5.368155 11.550115 0.166667
10 88.750732 55.868462 0.000000 2.289155 1.339821 2.242980 4.119690 8.136812 0.201567
11 88.661926 55.685936 0.000000 2.724236 1.363009 2.324021 4.366546 8.860645 0.210797
12 88.876266 55.788860 0.000000 2.203499 1.399759 2.461030 4.790486 10.106582 0.200038
13 88.596054 55.850521 0.000000 2.834132 1.410277 2.467320 4.737973 9.775801 0.215170
14 88.646912 56.135849 0.000000 2.192647 1.386501 2.391352 4.530694 9.231187 0.200002
16 88.496597 55.750027 0.000000 3.024734 1.364818 2.342339 4.456533 9.220449 0.200002
17 88.494904 55.650562 0.000000 2.817361 1.373320 2.332246 4.326916 8.587374 0.203818
18 88.284714 55.622570 0.000000 2.800547 1.347283 2.254679 4.125527 8.086097 0.203787
19 87.969177 55.261662 0.000000 2.938300 1.426828 2.561470 5.109755 11.073015 0.250000
20 87.820038 55.423000 0.000000 2.528910 1.406099 2.481415 4.851602 10.286011 0.200000
21 87.495369 55.120811 0.000000 3.213579 1.387039 2.394022 4.546752 9.309966 0.250000
22 87.618301 54.863018 0.000000 2.957006 1.383898 2.378038 4.487980 9.113185 0.200000
23 87.578255 54.253876 0.000000 3.331620 1.446703 2.633052 5.329665 11.721120 0.200000
24 87.886047 54.202175 0.000000 2.813443 1.464733 2.685378 5.472536 12.110246 0.201106
25 87.371307 54.193275 0.000000 2.220552 1.493003 2.773416 5.696695 12.635163 0.200330
26 87.267365 53.627483 0.000000 2.259764 1.466250 2.668301 5.368135 11.674897 0.261585
28 87.521797 53.057407 0.000000 2.311135 1.520953 2.887921 6.091914 13.911469 0.270482
29 87.515930 52.845020 0.000000 1.629784 1.479639 2.733119 5.607195 12.479996 0.143053
