%% Trajectory 15
%% frame x (pixel)     y (pixel)    z (pixel)      m0         m1           m2           m3           m4           s 
27 73.314743 55.246548 0.000000 2.206614 1.314024 2.159763 3.883960 7.497724 0.130067
28 73.357056 55.452339 0.000000 2.047480 1.336459 2.224133 4.062702 7.993526 0.125006
29 73.449028 55.331253 0.000000 2.168524 1.306428 2.135237 3.836497 7.446619 0.172990
30 73.308418 55.314590 0.000000 2.709214 1.287004 2.077653 3.671715 6.973471 0.142858
31 73.530968 55.234150 0.000000 2.747767 1.311310 2.173957 3.997793 8.017344 0.275900
33 73.292213 55.169003 0.000000 4.236136 1.305208 2.128327 3.791689 7.236068 0.163945
34 73.299110 55.418571 0.000000 4.257264 1.315082 2.149254 3.827936 7.281756 0.142857
35 73.217407 55.330715 0.000000 4.510827 1.282995 2.061311 3.615617 6.792923 0.142857
36 73.330338 55.293198 0.000000 4.590782 1.313679 2.146792 3.828953 7.307666 0.143017
37 73.199158 55.253834 0.000000 5.211514 1.316164 2.173036 3.941952 7.707727 0.169619
38 73.203636 55.314915 0.000000 5.318933 1.306679 2.125145 3.769279 7.147913 0.148644
39 73.178169 55.260475 0.000000 6.026616 1.308399 2.142423 3.841371 7.397522 0.142915
40 73.261078 55.254730 0.000000 6.009996 1.323762 2.185737 3.945412 7.631054 0.159577
41 73.167488 55.267147 0.000000 6.485286 1.325112 2.191584 3.968176 7.710862 0.150731
42 73.187447 55.271217 0.000000 6.978229 1.308699 2.141073 3.834034 7.370041 0.125003
43 73.181541 55.210461 0.000000 7.403093 1.325008 2.195987 3.991791 7.803558 0.142857
44 73.305679 55.166073 0.000000 6.871653 1.324991 2.194074 3.980191 7.754137 0.169299
45 73.410431 55.059517 0.000000 6.785467 1.334439 2.227748 4.081161 8.043647 0.324161
46 73.397247 54.986771 0.000000 6.526978 1.328787 2.222399 4.107208 8.231664 0.226221
47 73.397446 54.758205 0.000000 6.752089 1.300263 2.119634 3.789205 7.293929 0.222508
48 73.409302 54.519524 0.000000 6.717010 1.288860 2.075500 3.648227 6.866812 0.167128
49 73.390968 54.524914 0.000000 6.195425 1.307621 2.138325 3.825124 7.342675 0.404787
50 73.380302 54.181973 0.000000 6.482222 1.308807 2.151108 3.888414 7.592419 0.200000
51 73.238419 54.183201 0.000000 6.558386 1.346197 2.257082 4.139020 8.132354 0.200000
53 73.935371 53.616764 0.000000 4.512918 1.333929 2.241134 4.171664 8.447694 0.166671
55 75.057739 53.155033 0.000000 4.196490 1.422208 2.532029 4.995915 10.684829 0.174336
