%% Trajectory 17
%% frame x (pixel)     y (pixel)    z (pixel)      m0         m1           m2           m3           m4           s 
27 37.589558 38.492573 0.000000 1.104096 1.297235 2.096197 3.698468 6.992851 0.142857
28 37.713390 38.489628 0.000000 1.296021 1.311389 2.190938 4.083445 8.343561 0.161681
29 37.567780 38.486912 0.000000 1.347855 1.252100 1.972651 3.396527 6.281249 0.170510
30 37.389835 38.570671 0.000000 1.840996 1.296697 2.104047 3.732555 7.104832 0.166667
31 37.322628 38.466614 0.000000 2.205191 1.262570 2.010042 3.513629 6.632140 0.200000
32 37.665592 38.416691 0.000000 2.536634 1.274685 2.034761 3.546713 6.626264 0.166685
33 37.589520 38.457016 0.000000 2.268555 1.268579 2.023610 3.526619 6.590208 0.200000
34 37.669327 38.145924 0.000000 2.563776 1.366888 2.364368 4.546517 9.525233 0.166667
35 37.553703 38.223721 0.000000 2.725321 1.349664 2.305599 4.382154 9.092122 0.170650
36 37.752800 38.430622 0.000000 2.993028 1.384595 2.419603 4.714693 10.039397 0.204093
37 37.654640 38.410378 0.000000 3.266984 1.294170 2.090868 3.689078 6.973863 0.200010
38 37.523674 38.464157 0.000000 3.697432 1.269785 2.028218 3.548032 6.678703 0.166667
39 37.560040 38.673317 0.000000 3.644766 1.289595 2.086083 3.695100 7.033563 0.200032
40 37.625023 38.843330 0.000000 3.226640 1.324148 2.214261 4.094819 8.218583 0.250004
41 37.548470 38.791286 0.000000 3.801898 1.335898 2.226479 4.072305 8.019011 0.166667
42 37.722469 39.145607 0.000000 3.624385 1.365163 2.336622 4.413986 9.019219 0.166667
43 38.190186 39.152676 0.000000 3.421179 1.407752 2.481002 4.848098 10.283611 0.200000
44 38.321613 39.188004 0.000000 3.738644 1.373412 2.370018 4.527264 9.380631 0.194136
45 38.395241 39.362419 0.000000 3.526414 1.386640 2.400332 4.584221 9.464985 0.250244
46 38.237560 39.326591 0.000000 3.231220 1.357796 2.320718 4.396984 9.054587 0.142873
47 38.345291 39.177010 0.000000 2.892604 1.401453 2.469776 4.829910 10.258219 0.200001
48 38.302097 39.118500 0.000000 3.545953 1.423092 2.538117 5.018249 10.755717 0.125000
49 38.399773 39.495369 0.000000 2.936385 1.365800 2.350132 4.487378 9.324161 0.143014
50 38.486553 39.320282 0.000000 3.085363 1.418405 2.536002 5.062460 11.034038 0.167182
51 38.638264 39.090343 0.000000 2.699111 1.498848 2.791607 5.753345 12.813939 0.166667
52 38.158653 39.351036 0.000000 2.266497 1.415430 2.527072 5.029286 10.910435 0.166671
53 38.407597 39.125065 0.000000 1.855428 1.476775 2.745089 5.684029 12.783058 0.112298
54 37.802372 39.432800 0.000000 1.781989 1.423576 2.553311 5.097169 11.074075 0.250054
