%% Trajectory 13
%% frame x (pixel)     y (pixel)    z (pixel)      m0         m1           m2           m3           m4           s 
36 36.704697 51.414700 0.000000 1.446003 1.303317 2.134987 3.841111 7.451460 0.166667
37 36.600826 51.505821 0.000000 1.311155 1.293388 2.120968 3.852714 7.626102 0.142858
38 36.354454 51.537403 0.000000 1.547258 1.319886 2.188339 4.009029 7.974990 0.166667
39 36.317490 51.504219 0.000000 1.719905 1.275600 2.048124 3.609019 6.859194 0.166676
40 36.404259 51.571484 0.000000 2.103927 1.317207 2.180253 3.978385 7.859608 0.143515
41 36.158325 51.509739 0.000000 2.308522 1.279202 2.054121 3.613401 6.839500 0.263575
42 36.303734 51.352951 0.000000 2.736117 1.270044 2.024713 3.526252 6.586143 0.139764
43 36.123543 51.607735 0.000000 2.522727 1.325465 2.210122 4.069138 8.123957 0.117835
44 36.162430 51.462494 0.000000 3.039287 1.295990 2.100552 3.717900 7.047381 0.155252
45 36.000210 51.559361 0.000000 2.969030 1.294305 2.107737 3.766809 7.249610 0.240416
46 36.153572 51.459534 0.000000 3.219855 1.276534 2.043419 3.574957 6.708827 0.125052
47 36.299545 51.413296 0.000000 3.255150 1.255192 1.986400 3.436082 6.380368 0.178900
48 36.403580 51.360680 0.000000 3.614324 1.272998 2.027888 3.528747 6.586145 0.142857
49 36.325890 51.403671 0.000000 3.438116 1.271004 2.023450 3.519101 6.565387 0.142857
50 36.432812 51.329426 0.000000 3.074605 1.288094 2.079215 3.668626 6.942989 0.144618
51 36.402576 51.295376 0.000000 3.919474 1.299017 2.111313 3.752191 7.151747 0.125000
52 36.471123 51.340946 0.000000 3.685970 1.282680 2.057714 3.605053 6.768956 0.142857
53 36.230370 51.237129 0.000000 4.212567 1.309749 2.146449 3.854493 7.439878 0.125000
54 36.360603 51.334599 0.000000 4.216026 1.280841 2.054053 3.597270 6.751134 0.111111
55 36.404209 51.286491 0.000000 4.087839 1.268865 2.017898 3.506757 6.539690 0.125000
56 36.272587 51.158443 0.000000 4.832791 1.303273 2.124041 3.787459 7.247632 0.142888
57 36.419048 50.944111 0.000000 4.073018 1.307447 2.149057 3.885993 7.587948 0.125000
58 36.214504 50.906937 0.000000 4.117049 1.319525 2.199214 4.053671 8.110620 0.252524
59 36.194412 50.760921 0.000000 4.085812 1.303739 2.128121 3.803284 7.299440 0.200000
60 36.271603 50.588726 0.000000 4.007697 1.272745 2.029491 3.536008 6.608963 0.166667
61 36.125164 50.540527 0.000000 3.637497 1.283282 2.085202 3.745310 7.315310 0.167211
62 36.212093 50.293568 0.000000 3.514972 1.311168 2.142321 3.825924 7.325137 0.213918
63 36.346439 50.169910 0.000000 3.083559 1.278435 2.050940 3.597706 6.773191 0.166667
64 36.891602 49.793068 0.000000 3.120075 1.312907 2.169829 3.948054 7.756675 0.166667
65 37.020111 49.473808 0.000000 3.052635 1.352805 2.302252 4.326791 8.799544 0.180429
66 36.455685 49.250790 0.000000 2.817801 1.279569 2.049860 3.586401 6.725246 0.166671
67 35.729130 49.710304 0.000000 2.874736 1.313219 2.160295 3.893863 7.542298 0.166676
69 35.357075 50.165646 0.000000 2.394759 1.326987 2.212570 4.068877 8.102695 0.166667
70 35.452183 50.341820 0.000000 1.784157 1.253146 1.972881 3.395214 6.277583 0.166667
