%% Trajectory 6
%% frame x (pixel)     y (pixel)    z (pixel)      m0         m1           m2           m3           m4           s 
4 40.505627 37.055595 0.000000 1.281332 1.311395 2.180356 4.016310 8.045985 0.166667
5 40.300632 36.729691 0.000000 1.338160 1.325618 2.223405 4.125432 8.308090 0.200000
6 40.326786 36.765289 0.000000 1.226190 1.330323 2.247025 4.232882 8.723654 0.200000
7 40.214966 36.790524 0.000000 1.437919 1.320584 2.220781 4.150865 8.457172 0.142857
8 40.323910 36.870605 0.000000 1.594184 1.324584 2.202059 4.033868 7.990294 0.166667
9 40.368286 36.720173 0.000000 1.718761 1.320085 2.163365 3.862784 7.363795 0.200000
10 40.340359 36.644424 0.000000 2.168878 1.273964 2.030452 3.534906 6.599984 0.200020
11 40.210785 36.888550 0.000000 2.474382 1.351251 2.286103 4.248370 8.493020 0.177596
12 40.467216 36.626637 0.000000 2.255763 1.268457 2.022270 3.528125 6.616848 0.166667
13 40.430237 36.806641 0.000000 2.493634 1.304582 2.135896 3.841591 7.454672 0.142857
14 40.455452 36.825645 0.000000 2.549886 1.290886 2.079668 3.655874 6.879953 0.142857
15 40.298046 36.923805 0.000000 2.812285 1.332833 2.222987 4.070866 8.023149 0.142857
16 40.454662 36.818653 0.000000 2.780511 1.318629 2.160769 3.862632 7.384079 0.166667
17 40.479324 36.732609 0.000000 3.010216 1.262584 2.001652 3.467787 6.448425 0.200000
18 40.807697 36.570103 0.000000 3.465165 1.278954 2.045608 3.573963 6.695269 0.174725
19 40.888622 36.823299 0.000000 2.625526 1.341799 2.268416 4.238220 8.578997 0.166667
20 40.891438 37.126396 0.000000 2.839050 1.367254 2.341387 4.410079 8.945179 0.200000
21 41.070751 37.397781 0.000000 2.853894 1.282643 2.066157 3.655812 6.983820 0.166667
22 41.420464 37.319050 0.000000 2.864753 1.284841 2.074816 3.673697 7.001961 0.200147
23 41.414227 37.528713 0.000000 3.098614 1.275038 2.039256 3.561475 6.665295 0.170283
24 41.415928 37.606152 0.000000 3.034658 1.248351 1.962576 3.373298 6.230835 0.166667
25 41.449276 37.662384 0.000000 3.119636 1.306998 2.134768 3.813656 7.310538 0.166667
26 41.673855 38.098198 0.000000 2.842031 1.311138 2.163236 3.935596 7.748596 0.142857
27 41.685280 37.924141 0.000000 2.435397 1.339381 2.255783 4.196009 8.456564 0.183308
28 41.901783 38.145947 0.000000 2.495288 1.386939 2.428346 4.720738 9.969900 0.166670
29 41.899372 37.936405 0.000000 1.586826 1.357403 2.320398 4.391657 9.011868 0.188999
31 43.305515 37.455719 0.000000 1.809398 1.374760 2.375939 4.547941 9.454985 0.200704
32 43.071846 37.384460 0.000000 1.244320 1.409666 2.536869 5.144215 11.474392 0.145830
33 42.670540 37.650444 0.000000 1.340865 1.488374 2.792975 5.853068 13.349917 0.275675
35 42.283928 36.802597 0.000000 1.277570 1.420923 2.532484 5.033511 10.920632 0.148517
37 42.895161 37.452236 0.000000 0.940212 1.425079 2.543720 5.017255 10.692752 0.176404
