%% Trajectory 14
%% frame x (pixel)     y (pixel)    z (pixel)      m0         m1           m2           m3           m4           s 
60 53.999630 64.842896 0.000000 1.879280 1.356556 2.331463 4.456733 9.284299 0.142857
61 54.105495 64.713249 0.000000 1.921635 1.316001 2.172359 3.943205 7.727488 0.142860
62 53.985092 64.793236 0.000000 2.539643 1.373748 2.370860 4.527072 9.372047 0.167713
63 54.080261 64.845200 0.000000 2.331633 1.365610 2.342816 4.439586 9.104918 0.166892
64 54.109695 64.945908 0.000000 1.938050 1.385190 2.411863 4.652534 9.729940 0.164089
65 54.054417 64.745247 0.000000 2.537438 1.342299 2.276742 4.295695 8.846612 0.142986
66 54.035492 64.711487 0.000000 2.448744 1.352182 2.310155 4.384426 9.063337 0.187992
67 54.199215 64.786140 0.000000 2.468428 1.305673 2.143606 3.866532 7.521897 0.361348
68 54.096489 64.760162 0.000000 2.840819 1.325034 2.216090 4.104484 8.267117 0.217475
69 54.102322 64.807373 0.000000 3.380438 1.362662 2.333181 4.416201 9.055230 0.200000
70 54.209137 64.883324 0.000000 3.133180 1.334843 2.230051 4.097851 8.123330 0.213927
71 54.082794 64.779251 0.000000 3.534039 1.348719 2.287959 4.291293 8.727180 0.200000
72 54.097221 64.747612 0.000000 3.724361 1.347760 2.282416 4.274966 8.690178 0.200000
73 54.133415 64.710098 0.000000 3.818081 1.326280 2.202228 4.016566 7.893788 0.200000
74 53.986179 64.820938 0.000000 3.510235 1.331548 2.240188 4.172300 8.438190 0.200000
75 54.122871 64.752312 0.000000 4.432893 1.336015 2.247917 4.178776 8.422759 0.166758
76 54.116356 64.695686 0.000000 3.962713 1.320036 2.191196 4.012709 7.960920 0.200000
77 54.058613 64.786491 0.000000 4.430347 1.353637 2.300338 4.315511 8.763791 0.252022
78 53.924961 64.816597 0.000000 4.845115 1.317379 2.191472 4.028397 8.028534 0.166667
79 53.854435 64.981606 0.000000 4.864933 1.377225 2.380373 4.547574 9.405238 0.200000
80 53.678780 64.876785 0.000000 4.842062 1.319965 2.188807 3.989129 7.835998 0.166667
81 53.552517 64.894760 0.000000 4.662612 1.318588 2.174661 3.925927 7.606876 0.166697
82 53.304932 64.829994 0.000000 4.788607 1.338477 2.239982 4.116536 8.146867 0.166772
83 53.260212 64.880661 0.000000 4.885311 1.328517 2.210515 4.040122 7.955842 0.200000
84 53.144402 64.917938 0.000000 4.814230 1.383233 2.400243 4.601819 9.545400 0.166667
85 52.952785 64.726700 0.000000 4.411008 1.365004 2.359348 4.532511 9.483647 0.250000
86 52.916126 64.931053 0.000000 4.485516 1.355474 2.317860 4.392665 9.040482 0.250000
87 52.592110 64.611565 0.000000 3.958813 1.306659 2.146929 3.886149 7.613778 0.250000
89 52.332222 63.814323 0.000000 3.206522 1.425918 2.530154 4.948976 10.440913 0.250000
90 52.475323 63.828224 0.000000 2.451957 1.379087 2.409265 4.685968 9.935203 0.250000
91 52.457058 63.922958 0.000000 2.697307 1.402568 2.491314 4.925563 10.592633 0.250000
92 52.086529 64.217545 0.000000 2.056933 1.340716 2.269970 4.263806 8.719728 0.250000
93 52.608181 64.271690 0.000000 2.004047 1.365158 2.347484 4.487390 9.351528 0.333333
94 52.352310 63.746883 0.000000 1.722125 1.414809 2.533686 5.070598 11.092099 0.333339
95 52.320801 63.451263 0.000000 1.745242 1.423417 2.564480 5.173013 11.414718 0.250000
