%% Trajectory 18
%% frame x (pixel)     y (pixel)    z (pixel)      m0         m1           m2           m3           m4           s 
46 64.720528 35.512989 0.000000 0.969449 1.154414 1.708722 2.773073 4.884926 0.111111
47 64.292000 35.440018 0.000000 1.131545 1.237029 1.950515 3.401125 6.461297 0.146975
48 64.275787 35.360168 0.000000 1.512568 1.243480 1.968856 3.445622 6.564515 0.140222
49 64.283272 35.591309 0.000000 1.555994 1.284103 2.116177 3.915505 8.006553 0.153607
50 64.722374 35.427406 0.000000 1.423631 1.210736 1.879809 3.229358 6.056737 0.137219
51 64.297913 35.527039 0.000000 1.797975 1.286187 2.107511 3.839384 7.652440 0.146259
52 64.391205 35.641491 0.000000 1.638102 1.326919 2.233292 4.161817 8.417880 0.170640
53 64.402351 35.610630 0.000000 1.683525 1.345262 2.267459 4.225613 8.538142 0.317363
54 64.470779 35.363594 0.000000 1.915767 1.271140 2.029971 3.544549 6.644547 0.280725
55 64.147263 35.587635 0.000000 2.471708 1.334998 2.251400 4.203054 8.526582 0.244171
56 64.286819 35.568176 0.000000 2.318287 1.292949 2.126908 3.899277 7.841685 0.320514
57 64.198563 35.623669 0.000000 2.537319 1.350288 2.279805 4.241923 8.533612 0.205392
58 64.344017 35.577293 0.000000 2.397043 1.365715 2.330511 4.382244 8.905059 0.200556
59 64.171043 35.501255 0.000000 2.448383 1.412333 2.487396 4.848041 10.245003 0.200041
60 64.146690 35.558292 0.000000 2.926611 1.345171 2.284804 4.296545 8.774359 0.208781
61 64.293793 35.533318 0.000000 2.925332 1.396429 2.440324 4.709512 9.830657 0.200001
62 64.197006 35.393368 0.000000 3.325599 1.350331 2.283291 4.256849 8.584834 0.200000
63 64.121140 35.417828 0.000000 3.423438 1.370895 2.338879 4.381833 8.837914 0.200070
64 64.240181 35.350803 0.000000 2.966475 1.338456 2.241934 4.126010 8.184761 0.203588
65 64.409821 35.367752 0.000000 3.283044 1.294325 2.090695 3.687725 6.968655 0.201952
66 64.317566 35.375496 0.000000 3.252306 1.281464 2.054058 3.595262 6.743397 0.219480
67 64.303040 35.576412 0.000000 3.552002 1.358434 2.291607 4.237929 8.422952 0.200000
68 64.290665 35.361488 0.000000 3.198769 1.337530 2.235604 4.103732 8.117327 0.200027
69 64.361130 35.295277 0.000000 2.801488 1.352311 2.272734 4.182925 8.261968 0.200000
70 64.234070 35.310513 0.000000 2.999587 1.301342 2.138037 3.883389 7.667345 0.200000
71 64.384232 35.215385 0.000000 2.925007 1.281719 2.053496 3.591922 6.732235 0.237647
72 64.088455 35.223057 0.000000 2.944288 1.372438 2.367018 4.521945 9.375997 0.200000
73 63.820377 35.188671 0.000000 3.002484 1.371944 2.344408 4.405146 8.921234 0.200000
74 63.806820 35.269756 0.000000 2.617954 1.355153 2.281459 4.208316 8.335964 0.200000
75 63.605995 35.243477 0.000000 2.386835 1.347281 2.257287 4.149746 8.207825 0.250000
76 63.422264 35.400909 0.000000 2.264902 1.348192 2.261883 4.153510 8.182046 0.200000
77 63.478416 35.592442 0.000000 1.859388 1.307977 2.155632 3.915673 7.698983 0.200000
