%% Trajectory 20
%% frame x (pixel)     y (pixel)    z (pixel)      m0         m1           m2           m3           m4           s 
52 38.652020 57.030506 0.000000 1.435885 1.302666 2.165153 3.992790 8.021241 0.135587
53 38.568855 57.153526 0.000000 1.383932 1.312125 2.158820 3.898013 7.581657 0.125000
54 38.490833 57.059509 0.000000 1.416951 1.279267 2.048842 3.583220 6.715638 0.151535
55 38.484032 57.049755 0.000000 1.545044 1.326451 2.229622 4.137220 8.298409 0.127314
56 38.574467 56.951344 0.000000 2.011446 1.297096 2.111991 3.769125 7.231737 0.125690
57 38.726620 56.985435 0.000000 1.905539 1.318240 2.203286 4.075623 8.184724 0.134054
58 38.621605 57.006393 0.000000 2.024886 1.312325 2.182052 4.024641 8.083549 0.143802
59 38.689785 56.816490 0.000000 2.094652 1.250734 1.971740 3.402275 6.313245 0.143586
60 38.732010 56.947853 0.000000 2.220931 1.342785 2.270375 4.247012 8.621800 0.226244
61 38.560883 57.018524 0.000000 2.258211 1.295604 2.121118 3.832838 7.510715 0.150947
62 38.504852 56.971054 0.000000 2.486645 1.283522 2.078617 3.707096 7.153182 0.146463
63 38.565086 56.925854 0.000000 2.699365 1.294719 2.104452 3.753184 7.210038 0.145006
64 38.554676 56.875500 0.000000 2.692704 1.294237 2.103712 3.755503 7.230987 0.190428
65 38.688122 56.854008 0.000000 2.659023 1.293807 2.099550 3.737446 7.163311 0.172980
66 38.518864 57.010433 0.000000 2.630846 1.333616 2.233977 4.122596 8.216951 0.268053
67 38.720856 57.109818 0.000000 2.581314 1.341595 2.250789 4.151632 8.255203 0.148953
68 38.673988 57.059223 0.000000 2.150591 1.337972 2.260268 4.216870 8.516101 0.144353
69 38.608448 57.011421 0.000000 2.599742 1.347124 2.278367 4.249089 8.563519 0.199654
70 38.639675 57.016182 0.000000 2.458429 1.324409 2.205932 4.050468 8.043433 0.251210
71 38.509357 57.008137 0.000000 2.295919 1.288741 2.108519 3.822988 7.552216 0.143275
72 38.681263 57.109470 0.000000 3.054285 1.316284 2.176324 3.954289 7.747715 0.255206
73 38.705296 57.022079 0.000000 3.041385 1.352357 2.310216 4.373720 8.991994 0.285143
74 38.610676 57.028767 0.000000 2.993257 1.343024 2.270837 4.236354 8.547876 0.246776
75 38.504143 57.129597 0.000000 3.096100 1.296835 2.103421 3.730059 7.096207 0.148488
76 38.637096 57.074051 0.000000 3.326083 1.342314 2.262746 4.209605 8.479988 0.145477
77 38.491096 56.981937 0.000000 2.873498 1.320498 2.192454 4.006402 7.904014 0.142857
78 38.675953 56.928699 0.000000 3.201905 1.330942 2.231419 4.132462 8.296829 0.143759
79 38.565647 56.922737 0.000000 3.210136 1.326920 2.209252 4.048564 8.012273 0.125287
80 38.606094 56.847946 0.000000 3.252970 1.312684 2.177210 3.996935 7.979778 0.125052
81 38.641029 56.878822 0.000000 2.786410 1.290350 2.095228 3.733672 7.168876 0.142857
82 38.612244 56.766155 0.000000 3.122337 1.300964 2.151098 3.948235 7.908367 0.125271
83 38.820793 56.626472 0.000000 3.300609 1.290847 2.100031 3.764182 7.307969 0.142860
84 38.942230 56.491508 0.000000 3.259075 1.317694 2.207210 4.117453 8.403627 0.142857
85 38.937393 56.428352 0.000000 3.234852 1.325131 2.218609 4.117024 8.315742 0.150537
86 38.953655 56.256973 0.000000 2.952853 1.379306 2.398409 4.636904 9.762341 0.142857
87 39.002716 56.304867 0.000000 2.594520 1.359521 2.332024 4.436794 9.174222 0.142857
88 39.026241 56.189739 0.000000 2.293854 1.345044 2.287394 4.315589 8.859925 0.142857
89 39.229313 56.055828 0.000000 2.183889 1.375300 2.380551 4.557058 9.444460 0.142857
