%% Trajectory 19
%% frame x (pixel)     y (pixel)    z (pixel)      m0         m1           m2           m3           m4           s 
62 61.014420 9.708218 0.000000 0.834488 1.172787 1.773937 2.949342 5.314120 0.162508
64 60.970036 9.987553 0.000000 1.011334 1.243435 2.004435 3.567164 6.869730 0.166667
65 60.886295 10.149819 0.000000 1.687839 1.288774 2.092652 3.723016 7.116694 0.166673
66 60.971966 10.125650 0.000000 1.691090 1.264233 2.036904 3.618380 6.957181 0.168920
67 60.860065 10.013691 0.000000 1.702044 1.232878 1.946581 3.396146 6.440087 0.125136
68 60.809879 10.039555 0.000000 1.548589 1.233111 1.952194 3.424155 6.552882 0.213467
69 61.042820 9.967520 0.000000 1.663532 1.274273 2.076896 3.744813 7.334277 0.167409
70 60.751701 9.943926 0.000000 1.815201 1.234095 1.935665 3.338923 6.234516 0.166672
71 60.673019 9.915638 0.000000 1.762796 1.203172 1.836866 3.073685 5.556357 0.142857
72 60.658268 10.147505 0.000000 1.913595 1.193434 1.814448 3.029103 5.479673 0.166667
73 60.705418 10.049602 0.000000 1.798469 1.175726 1.771694 2.931712 5.258222 0.200010
74 60.648811 10.132630 0.000000 1.917494 1.168733 1.746030 2.862844 5.090667 0.171738
75 60.663277 10.145050 0.000000 2.471144 1.200258 1.830187 3.060761 5.535589 0.166667
76 60.889294 10.095499 0.000000 1.990024 1.223982 1.910645 3.283461 6.114170 0.166667
77 60.757908 10.092704 0.000000 2.288808 1.197940 1.832807 3.077218 5.585000 0.142857
78 60.818195 10.024336 0.000000 2.681638 1.253013 2.009406 3.573438 6.929226 0.166667
79 60.746376 10.183943 0.000000 2.727140 1.200427 1.827250 3.048151 5.494785 0.143125
80 60.542164 10.112071 0.000000 2.600305 1.210561 1.862841 3.141528 5.717632 0.166667
81 60.524864 10.023445 0.000000 2.556067 1.199784 1.841048 3.106875 5.681236 0.180900
82 60.455528 10.091441 0.000000 2.929830 1.207316 1.852787 3.118708 5.671440 0.142857
83 60.580833 9.985259 0.000000 2.906119 1.230558 1.928159 3.328018 6.230667 0.148686
84 60.622681 10.076035 0.000000 2.860485 1.212386 1.867825 3.155092 5.754011 0.167402
85 60.712212 10.051745 0.000000 3.371866 1.235237 1.934630 3.325911 6.172778 0.274030
86 60.704823 9.955057 0.000000 3.175777 1.245987 1.962088 3.382374 6.270315 0.143314
87 60.805244 9.966645 0.000000 3.206218 1.282285 2.087664 3.740872 7.235883 0.166773
88 60.741241 9.938547 0.000000 3.487470 1.242051 1.947933 3.344620 6.180027 0.224414
89 60.697926 10.015244 0.000000 3.213204 1.235752 1.950598 3.401573 6.447642 0.170859
90 60.698727 9.914481 0.000000 3.799929 1.272541 2.083140 3.802391 7.604654 0.142858
91 60.654366 9.991785 0.000000 3.627966 1.270888 2.052859 3.676462 7.183817 0.148932
92 60.552517 10.020040 0.000000 4.167496 1.276922 2.061025 3.665562 7.060797 0.112006
93 60.398952 10.066878 0.000000 4.244127 1.272450 2.038415 3.577786 6.752878 0.182639
94 60.360348 10.078056 0.000000 4.983459 1.299493 2.125417 3.825369 7.437867 0.125000
95 60.199001 10.200752 0.000000 4.653275 1.283975 2.077990 3.690383 7.057630 0.125037
96 60.139774 10.430341 0.000000 4.276464 1.274293 2.039970 3.568214 6.691454 0.142857
97 60.088814 10.550131 0.000000 4.351879 1.270706 2.026196 3.531041 6.601432 0.111111
98 60.019024 10.674500 0.000000 4.664851 1.312871 2.168641 3.946228 7.763473 0.142857
99 60.084312 10.780709 0.000000 4.641192 1.339089 2.246104 4.143853 8.245188 0.166667
100 59.982819 10.895941 0.000000 4.451002 1.345125 2.287920 4.319129 8.868035 0.142859
101 60.124893 11.369156 0.000000 4.580205 1.293154 2.098945 3.734628 7.149759 0.166667
102 60.096355 11.367772 0.000000 4.144683 1.314352 2.166045 3.918834 7.637403 0.142882
103 59.938400 11.302251 0.000000 4.816485 1.346874 2.273468 4.218849 8.436348 0.142857
105 60.122452 11.382215 0.000000 4.112020 1.309135 2.149856 3.880015 7.554403 0.142858
107 60.671566 11.197476 0.000000 2.719851 1.301957 2.134912 3.855954 7.534730 0.125074
108 60.515587 11.369899 0.000000 2.553146 1.257164 1.988664 3.439174 6.387281 0.166667
109 60.247211 11.491664 0.000000 1.842995 1.306486 2.140406 3.842596 7.415669 0.166667
110 60.774971 11.678423 0.000000 2.129450 1.331188 2.232410 4.130194 8.263997 0.200000
