%% Trajectory 22
%% frame x (pixel)     y (pixel)    z (pixel)      m0         m1           m2           m3           m4           s 
53 42.449150 68.252167 0.000000 0.837345 1.265371 2.029689 3.595774 6.926010 0.209233
55 42.418045 68.033852 0.000000 0.909706 1.404564 2.492588 4.928675 10.632108 0.450538
56 43.016724 68.245720 0.000000 0.894750 1.269036 2.059793 3.726933 7.406104 0.142857
58 42.748180 67.743317 0.000000 1.139706 1.351667 2.297324 4.305730 8.724483 0.183783
59 42.433708 68.122116 0.000000 1.218844 1.353724 2.273216 4.177263 8.235396 0.166686
60 42.689068 67.949631 0.000000 1.368171 1.340605 2.283156 4.312430 8.855439 0.207951
61 42.754368 67.847511 0.000000 1.377453 1.305918 2.164586 3.973714 7.931923 0.200005
63 42.776176 67.897018 0.000000 1.585588 1.328513 2.224298 4.116212 8.260613 0.204585
64 42.712349 67.927452 0.000000 1.624401 1.339787 2.262099 4.213730 8.485700 0.279736
65 42.700718 67.854614 0.000000 1.858804 1.263546 2.015385 3.532984 6.693045 0.200034
66 42.507175 67.957436 0.000000 1.625771 1.431213 2.579505 5.174595 11.293809 0.280055
67 42.297649 67.721466 0.000000 1.675670 1.334757 2.283269 4.372604 9.197145 0.200000
68 42.612110 67.794144 0.000000 1.162333 1.494788 2.821502 5.952470 13.668725 0.200000
69 42.630108 67.814804 0.000000 1.774570 1.372411 2.374848 4.568371 9.576911 0.216858
70 42.435886 67.834236 0.000000 2.050312 1.327465 2.237684 4.201571 8.630402 0.201584
71 42.489178 67.892120 0.000000 1.940718 1.316978 2.184031 3.989100 7.871150 0.203257
72 42.452286 67.716537 0.000000 1.962763 1.335840 2.267984 4.287841 8.859285 0.250000
73 42.540039 67.936058 0.000000 2.176577 1.307109 2.153118 3.908306 7.671878 0.291057
74 42.307083 67.929543 0.000000 2.063025 1.367891 2.343028 4.429371 9.055219 0.250000
75 42.384903 67.768913 0.000000 2.047090 1.367339 2.375520 4.605340 9.761001 0.200000
76 42.699574 67.983192 0.000000 2.154454 1.374897 2.377270 4.543176 9.398900 0.250000
77 42.634834 67.968346 0.000000 2.188370 1.377054 2.369704 4.497000 9.219088 0.250000
78 42.645321 67.629547 0.000000 2.480384 1.310029 2.159703 3.926828 7.735348 0.200000
79 42.553825 67.783585 0.000000 2.436451 1.412434 2.506064 4.939541 10.586611 0.250002
80 42.468479 67.803497 0.000000 2.291732 1.418571 2.528319 5.013984 10.825849 0.250006
81 42.440796 67.793259 0.000000 2.075780 1.358001 2.339778 4.501821 9.483251 0.250000
82 42.439793 67.970665 0.000000 1.947066 1.551919 3.006214 6.466071 15.036435 0.250000
83 42.586075 67.784622 0.000000 2.096641 1.362017 2.333239 4.432071 9.154408 0.250000
84 42.611332 67.460136 0.000000 1.465832 1.376834 2.445402 4.885585 10.730962 0.250000
85 43.057697 67.308144 0.000000 1.713070 1.377589 2.409423 4.707421 10.058160 0.251025
86 43.159824 66.820671 0.000000 1.798807 1.405488 2.492892 4.899396 10.430472 0.250017
87 43.537033 67.154732 0.000000 1.761398 1.420257 2.508955 4.880544 10.231399 0.250009
88 43.518448 67.038605 0.000000 1.992473 1.380343 2.399317 4.630128 9.717208 0.250692
89 43.700932 66.600502 0.000000 2.026193 1.425878 2.530528 4.951821 10.453647 0.391375
90 43.735462 66.549026 0.000000 1.931557 1.369395 2.353108 4.465078 9.166994 0.200136
91 43.872318 66.666664 0.000000 1.641915 1.414556 2.482817 4.807086 10.055693 0.250847
92 44.371857 66.667137 0.000000 1.498770 1.289200 2.069801 3.636236 6.866901 0.250000
