%% Trajectory 12
%% frame x (pixel)     y (pixel)    z (pixel)      m0         m1           m2           m3           m4           s 
26 37.899857 68.083099 0.000000 1.488800 1.480585 2.749860 5.685917 12.755424 0.166667
29 37.575439 68.338623 0.000000 1.537484 1.338259 2.266147 4.262654 8.739673 0.166852
30 37.560631 68.194931 0.000000 1.353201 1.345229 2.295423 4.355330 9.000117 0.168672
31 37.652039 68.271805 0.000000 1.697838 1.311647 2.160945 3.910804 7.630289 0.296941
32 37.397675 68.358688 0.000000 1.757858 1.274952 2.052438 3.632105 6.945726 0.166667
33 37.480076 68.193764 0.000000 1.889685 1.285504 2.081457 3.710129 7.157332 0.171660
34 37.551556 68.485260 0.000000 2.021406 1.282786 2.062992 3.638769 6.917450 0.145926
35 37.569401 68.169823 0.000000 1.812421 1.306457 2.128685 3.785380 7.202612 0.283335
36 37.531403 68.348625 0.000000 1.967335 1.286019 2.065233 3.621246 6.803135 0.169309
37 37.646027 68.389549 0.000000 1.764665 1.282605 2.057006 3.604151 6.771954 0.180337
38 37.723965 68.413315 0.000000 2.107640 1.300179 2.113737 3.760359 7.183916 0.144905
39 37.648727 68.284973 0.000000 1.771872 1.306227 2.140593 3.850121 7.459676 0.283814
40 37.613331 68.310303 0.000000 2.076963 1.320260 2.178334 3.942940 7.681676 0.176307
41 37.594093 68.338936 0.000000 2.190392 1.315970 2.175991 3.964973 7.819502 0.167151
42 37.652061 68.249901 0.000000 2.543706 1.287425 2.075853 3.659754 6.923358 0.200235
43 37.648495 68.399933 0.000000 2.211457 1.300996 2.111043 3.735993 7.070122 0.166678
44 37.625530 68.361359 0.000000 2.174896 1.309256 2.141885 3.833256 7.362135 0.200000
45 37.771786 68.324188 0.000000 2.453140 1.338957 2.245743 4.145666 8.260485 0.200000
46 37.618538 68.419167 0.000000 2.463319 1.287168 2.069684 3.633178 6.831668 0.202053
47 37.562183 68.364304 0.000000 2.064288 1.272830 2.028822 3.533065 6.599513 0.250000
48 37.495483 68.429062 0.000000 1.986063 1.266515 2.015539 3.504307 6.535131 0.250000
49 37.520386 68.374840 0.000000 2.434578 1.278319 2.046551 3.578612 6.707876 0.250000
50 37.617790 68.267998 0.000000 2.481562 1.297793 2.102820 3.718841 7.039565 0.250009
51 37.648872 68.316528 0.000000 2.409652 1.272519 2.031060 3.540987 6.618924 0.250000
52 37.696243 68.390457 0.000000 2.487689 1.293820 2.100796 3.740885 7.174170 0.250000
53 37.656006 68.476265 0.000000 2.383202 1.299317 2.121959 3.811297 7.396713 0.250000
54 37.815731 68.285736 0.000000 2.475550 1.331283 2.231761 4.136660 8.320288 0.200000
55 37.974957 68.395241 0.000000 2.532912 1.327019 2.229709 4.159844 8.461449 0.250000
56 38.273563 67.918762 0.000000 2.258222 1.375507 2.379787 4.553146 9.428451 0.200000
57 38.363510 67.807396 0.000000 2.177508 1.349196 2.288474 4.282265 8.663292 0.200000
58 38.374435 67.608940 0.000000 1.798113 1.318558 2.197745 4.046378 8.073243 0.166667
59 38.070137 67.470406 0.000000 1.667130 1.346593 2.280254 4.273746 8.692152 0.173431
60 37.906391 67.329109 0.000000 1.859947 1.322512 2.199135 4.034456 8.010347 0.201540
61 37.962452 67.044090 0.000000 1.586286 1.417218 2.546250 5.103228 11.138426 0.185246
62 38.429222 67.365364 0.000000 1.436455 1.322913 2.221041 4.141482 8.416542 0.142861
63 38.841049 67.438522 0.000000 1.394993 1.420466 2.539048 5.044029 10.885205 0.284032
64 38.532787 67.050194 0.000000 1.162325 1.387780 2.434685 4.732485 9.963990 0.191322
65 38.409248 66.544113 0.000000 0.829750 1.270125 2.044776 3.637917 7.030903 0.166676
