%% Trajectory 12
%% frame x (pixel)     y (pixel)    z (pixel)      m0         m1           m2           m3           m4           s 
54 45.639515 54.003273 0.000000 1.000081 1.286371 2.096200 3.763009 7.303517 0.200000
55 45.879929 53.646534 0.000000 1.345183 1.347121 2.287180 4.294751 8.744675 0.200000
56 45.770466 53.746555 0.000000 1.003230 1.270110 2.028989 3.552400 6.692538 0.200000
57 45.499798 53.849628 0.000000 1.226945 1.279814 2.058640 3.632478 6.907567 0.200000
58 45.837166 53.881714 0.000000 1.423613 1.326597 2.212052 4.056861 8.020354 0.250627
59 45.744553 53.662060 0.000000 1.868596 1.251540 1.970496 3.391581 6.271515 0.395195
60 45.925777 53.818436 0.000000 1.566703 1.360252 2.312767 4.321694 8.693926 0.201480
61 45.751873 53.737194 0.000000 1.757572 1.258681 1.989307 3.436995 6.377892 0.268260
62 45.780472 53.774479 0.000000 1.822682 1.293773 2.109422 3.790266 7.373252 0.250724
63 45.834991 53.671410 0.000000 1.928431 1.299191 2.121179 3.802247 7.343504 0.251339
64 45.827301 53.815540 0.000000 2.003394 1.289215 2.093462 3.731989 7.168790 0.167818
65 45.944336 53.840595 0.000000 2.170149 1.333221 2.238782 4.147583 8.310317 0.192459
66 45.985489 53.911541 0.000000 1.781904 1.357743 2.324507 4.404895 9.049259 0.206512
67 45.863476 53.822712 0.000000 2.215319 1.306822 2.149388 3.884843 7.568646 0.166668
68 45.986420 53.729073 0.000000 2.466961 1.334526 2.250198 4.195160 8.480931 0.166667
69 45.855934 53.729794 0.000000 2.343721 1.298240 2.118801 3.798070 7.341908 0.200000
70 45.906498 53.772800 0.000000 2.905009 1.322649 2.200382 4.031366 7.977826 0.200000
71 45.764137 53.755592 0.000000 2.804673 1.296016 2.109189 3.764758 7.234355 0.200000
72 45.876156 53.760906 0.000000 2.829660 1.313112 2.168276 3.936478 7.708278 0.200000
73 45.969063 53.816132 0.000000 2.802407 1.351843 2.302245 4.336509 8.855444 0.200000
74 46.131706 53.711277 0.000000 3.130327 1.324438 2.206805 4.050400 8.034337 0.200000
75 45.936188 53.709988 0.000000 2.746193 1.325718 2.208241 4.048750 8.014894 0.200000
76 45.968094 53.787285 0.000000 3.184916 1.330366 2.235125 4.155049 8.383873 0.200000
77 45.906326 53.659092 0.000000 2.958667 1.297571 2.125413 3.842507 7.534944 0.200000
78 45.754856 53.397366 0.000000 2.906529 1.288056 2.080642 3.675468 6.968077 0.250000
79 46.095268 53.443390 0.000000 3.190401 1.326148 2.196070 3.986501 7.782279 0.250000
80 46.058346 53.047054 0.000000 3.063114 1.385452 2.410205 4.631795 9.624170 0.200001
81 46.025528 52.975731 0.000000 2.778718 1.412393 2.503349 4.914242 10.446604 0.250003
82 46.027954 52.687855 0.000000 2.852674 1.345350 2.266602 4.205383 8.424116 0.200518
83 46.062176 52.677143 0.000000 2.864508 1.330416 2.225653 4.106982 8.200441 0.200000
84 46.079529 52.280815 0.000000 2.606909 1.350710 2.282519 4.241987 8.496032 0.250000
85 46.103680 52.226326 0.000000 2.836658 1.341052 2.258327 4.185223 8.367922 0.200151
86 45.909279 52.197285 0.000000 2.538900 1.335255 2.258076 4.239933 8.668589 0.219452
87 46.438412 52.129086 0.000000 2.221079 1.320212 2.178788 3.934571 7.620365 0.250424
88 46.525421 52.330765 0.000000 2.199501 1.286612 2.071833 3.647409 6.890146 0.200015
90 46.099857 52.638023 0.000000 1.731065 1.382100 2.388572 4.557818 9.403909 0.200128
91 45.921833 51.904354 0.000000 1.569416 1.406724 2.477618 4.830784 10.209925 0.176856
92 45.765678 51.582130 0.000000 1.170001 1.345266 2.249010 4.130974 8.179017 0.166667
