%% Trajectory 9
%% frame x (pixel)     y (pixel)    z (pixel)      m0         m1           m2           m3           m4           s 
11 43.796120 41.052723 0.000000 1.554641 1.324494 2.236155 4.189051 8.527829 0.145092
12 43.725658 41.427658 0.000000 1.854997 1.400822 2.455886 4.761861 10.004205 0.168106
13 43.814785 41.530788 0.000000 1.951761 1.390963 2.424162 4.671878 9.755333 0.183797
14 44.383011 41.440189 0.000000 2.126103 1.341271 2.230168 4.041113 7.816545 0.166800
15 43.833302 41.059437 0.000000 1.906792 1.405212 2.461267 4.736487 9.796101 0.142857
16 43.483208 41.314896 0.000000 2.121097 1.347360 2.255472 4.135147 8.138789 0.142858
18 44.136143 41.352310 0.000000 1.982690 1.393944 2.437474 4.719218 9.912378 0.149152
19 43.856663 41.721989 0.000000 2.242159 1.355031 2.297179 4.292324 8.671445 0.166667
20 44.067318 41.217648 0.000000 2.100380 1.457285 2.634632 5.243879 11.233966 0.166738
21 44.199596 41.802151 0.000000 2.329661 1.427720 2.551099 5.035779 10.739563 0.201374
22 43.974884 41.908714 0.000000 2.223459 1.448434 2.614576 5.223089 11.286597 0.125276
23 44.335178 41.623379 0.000000 1.846547 1.352556 2.270411 4.174000 8.239674 0.347362
24 44.168522 42.134705 0.000000 2.232449 1.379377 2.385335 4.558557 9.429657 0.201773
25 43.771629 42.400345 0.000000 2.115268 1.288155 2.082113 3.690251 7.040964 0.214009
26 43.920349 42.369488 0.000000 2.227722 1.395127 2.431906 4.678700 9.731475 0.143940
27 44.094627 42.479485 0.000000 2.230510 1.392156 2.433162 4.691519 9.768684 0.142866
28 43.998581 42.798038 0.000000 2.008959 1.455718 2.653942 5.366746 11.761284 0.168658
30 45.122391 42.370647 0.000000 1.363518 1.436019 2.606731 5.273924 11.613138 0.235549
32 45.681992 42.366276 0.000000 1.526284 1.466049 2.695924 5.487180 12.076867 0.166674
