%% Trajectory 12
%% frame x (pixel)     y (pixel)    z (pixel)      m0         m1           m2           m3           m4           s 
26 25.988052 27.104990 0.000000 1.994351 1.405619 2.498657 4.940720 10.619079 0.125000
28 26.011221 27.025534 0.000000 2.640207 1.487276 2.769839 5.723132 12.798542 0.131974
29 26.192396 27.275423 0.000000 2.912699 1.470384 2.667952 5.325081 11.431799 0.179162
30 26.094004 27.142355 0.000000 2.955035 1.435424 2.563878 5.054746 10.757834 0.146563
31 26.136391 27.180897 0.000000 3.344017 1.452170 2.621665 5.231775 11.281513 0.169745
32 25.946360 27.274725 0.000000 3.731453 1.462054 2.662780 5.366648 11.699418 0.144163
33 25.789284 27.220009 0.000000 4.166135 1.378138 2.385714 4.576152 9.530862 0.149999
34 25.782532 27.094246 0.000000 3.932748 1.407810 2.488283 4.876925 10.373682 0.143419
35 25.827490 27.060753 0.000000 4.203529 1.422947 2.529446 4.965825 10.529701 0.142907
36 25.913275 26.846807 0.000000 3.955586 1.414597 2.495959 4.865392 10.250875 0.131538
37 25.897467 26.864012 0.000000 4.233870 1.445278 2.600918 5.179768 11.162519 0.142858
38 25.879272 27.187273 0.000000 4.760558 1.466202 2.683665 5.439368 11.923869 0.142857
39 25.899952 27.166559 0.000000 4.509650 1.458762 2.662578 5.388010 11.809895 0.170659
40 25.959232 27.137596 0.000000 4.887359 1.506245 2.813226 5.795926 12.856575 0.166667
41 25.907181 26.880054 0.000000 4.688159 1.483475 2.726716 5.535917 12.131425 0.169095
42 25.934721 27.105314 0.000000 5.217004 1.462352 2.676540 5.441327 12.003371 0.166667
43 25.983313 27.235744 0.000000 6.032738 1.464951 2.688540 5.475555 12.081054 0.142857
44 25.866798 27.138147 0.000000 6.037936 1.422689 2.541470 5.039185 10.846959 0.142857
45 25.831690 27.031990 0.000000 5.965016 1.465048 2.686212 5.464765 12.043137 0.166667
46 25.805506 27.041336 0.000000 6.244333 1.455198 2.647213 5.341347 11.679116 0.166667
47 25.747820 27.169956 0.000000 6.780269 1.423965 2.531758 4.980261 10.606466 0.200000
48 25.726181 27.075188 0.000000 6.300935 1.441364 2.602630 5.216460 11.344859 0.200000
49 25.797419 27.163177 0.000000 7.030035 1.419804 2.521656 4.963190 10.596073 0.200000
50 25.674618 27.131441 0.000000 6.785832 1.408893 2.480333 4.824999 10.151849 0.166667
51 25.836639 27.243847 0.000000 6.380782 1.421687 2.532831 5.005612 10.737768 0.200000
52 25.864277 27.155794 0.000000 6.213265 1.437514 2.595839 5.203030 11.312802 0.166667
53 25.767071 27.299889 0.000000 6.945477 1.438007 2.582029 5.131782 11.040844 0.200000
54 25.680872 27.292522 0.000000 7.299216 1.409592 2.475464 4.800161 10.066192 0.166667
55 25.694899 27.278141 0.000000 7.677275 1.434141 2.563092 5.061227 10.803061 0.200000
56 25.648434 27.378168 0.000000 7.883701 1.413109 2.473551 4.757941 9.852132 0.250000
57 25.723568 27.407669 0.000000 7.063113 1.425150 2.512774 4.872189 10.173866 0.166667
58 25.805023 27.419456 0.000000 7.758235 1.445135 2.595716 5.149724 11.037945 0.142857
59 25.806469 27.508375 0.000000 7.566074 1.425152 2.539743 5.012336 10.719803 0.200000
60 25.814760 27.583607 0.000000 7.458036 1.456007 2.649986 5.354430 11.736674 0.111111
61 25.782728 27.710434 0.000000 8.297246 1.462955 2.655442 5.315613 11.474405 0.142857
62 25.713211 27.730644 0.000000 8.644058 1.414724 2.491245 4.835816 10.127425 0.142857
63 25.856014 27.878067 0.000000 7.830776 1.470836 2.695013 5.466147 11.986239 0.166667
65 26.334126 27.887062 0.000000 7.199324 1.524785 2.873365 5.982024 13.433268 0.166667
66 26.396856 28.051096 0.000000 6.699981 1.534441 2.897417 6.031604 13.515925 0.142857
68 26.076952 28.270554 0.000000 4.184364 1.457545 2.688046 5.556790 12.556792 0.142857
70 25.799057 29.105410 0.000000 3.309613 1.417969 2.537849 5.059551 10.985395 0.220690
71 25.792828 29.032703 0.000000 3.001882 1.384734 2.438041 4.787878 10.259359 0.134767
72 26.359905 28.712421 0.000000 2.701974 1.386310 2.391179 4.538173 9.287656 0.125532
73 25.948437 29.064228 0.000000 2.228392 1.330465 2.274486 4.349951 9.117223 0.133349
75 24.663767 28.664310 0.000000 1.195247 1.070313 1.469965 2.199498 3.587888 0.111111
