%% Trajectory 22
%% frame x (pixel)     y (pixel)    z (pixel)      m0         m1           m2           m3           m4           s 
37 53.088398 68.445244 0.000000 0.704930 1.294742 2.147569 3.971739 8.036702 0.146144
39 52.785965 68.940056 0.000000 0.987342 1.272683 2.066810 3.710726 7.236505 0.203856
40 52.701004 68.832077 0.000000 1.439227 1.306633 2.167262 3.995084 8.040972 0.166863
41 52.708149 68.556473 0.000000 1.715271 1.288427 2.084728 3.706604 7.118077 0.167671
42 52.432045 68.653122 0.000000 2.491779 1.268928 2.027080 3.553868 6.723047 0.200000
43 52.600876 68.589134 0.000000 2.573813 1.316057 2.177890 3.967278 7.810949 0.200245
44 52.720554 68.697716 0.000000 2.330533 1.283625 2.070726 3.671679 7.035055 0.125040
45 52.634674 68.571617 0.000000 2.424981 1.260510 1.997102 3.458303 6.428742 0.125000
46 52.800659 68.464668 0.000000 2.726841 1.299110 2.115937 3.774758 7.238828 0.169206
47 52.674244 68.690521 0.000000 3.083553 1.291813 2.101136 3.771044 7.344832 0.191404
48 52.540638 68.740288 0.000000 3.534146 1.303226 2.120139 3.771470 7.198868 0.200000
49 52.293236 68.623390 0.000000 3.537292 1.306534 2.133705 3.814111 7.320420 0.168563
50 52.470818 68.697350 0.000000 3.400224 1.286637 2.071573 3.640386 6.849058 0.200000
51 52.585579 68.749344 0.000000 3.434733 1.296810 2.099153 3.707894 7.009613 0.144818
52 52.645325 68.626488 0.000000 3.548864 1.314523 2.158282 3.870315 7.431744 0.200000
53 52.736748 68.604294 0.000000 3.791972 1.288110 2.079708 3.684182 7.035794 0.200000
54 52.623737 68.586853 0.000000 3.236391 1.308857 2.131869 3.785713 7.184489 0.250000
55 52.781216 68.523483 0.000000 3.642925 1.300858 2.126319 3.817091 7.389695 0.250000
56 52.746666 68.437271 0.000000 4.060291 1.297336 2.110122 3.759051 7.198780 0.200000
57 52.541027 68.252472 0.000000 4.162358 1.309204 2.141304 3.832612 7.365986 0.333333
58 52.369030 68.074928 0.000000 4.041344 1.341516 2.253476 4.164597 8.306942 0.250001
59 52.452625 67.956490 0.000000 4.505484 1.347804 2.276885 4.236351 8.510565 0.333333
60 52.443405 67.702980 0.000000 4.530301 1.302492 2.117954 3.760712 7.150911 0.250000
61 52.464989 67.449768 0.000000 4.543271 1.307644 2.128584 3.778132 7.168329 0.333378
62 52.346756 67.521248 0.000000 4.410429 1.315292 2.159393 3.872224 7.433223 0.333333
63 52.256859 67.338791 0.000000 4.627286 1.342963 2.253742 4.153833 8.247026 0.250000
64 52.281994 67.465118 0.000000 4.307418 1.308363 2.132875 3.792852 7.213228 0.333333
66 52.753593 66.851311 0.000000 4.451571 1.390629 2.433331 4.735851 10.039536 0.333333
67 52.422756 67.173492 0.000000 4.296201 1.414143 2.475145 4.759188 9.847397 0.333333
69 50.903145 67.385445 0.000000 3.187379 1.371574 2.354919 4.465581 9.167766 0.333333
70 50.555923 67.107727 0.000000 2.714755 1.472053 2.688840 5.425714 11.828592 0.333333
72 50.525875 68.277657 0.000000 1.278791 1.521612 2.867120 5.993463 13.568284 0.250035
