%% Trajectory 9
%% frame x (pixel)     y (pixel)    z (pixel)      m0         m1           m2           m3           m4           s 
19 31.256882 61.991608 0.000000 1.443470 1.328796 2.247325 4.235600 8.729300 0.111236
20 31.448759 61.881065 0.000000 1.730238 1.359060 2.306800 4.317986 8.744560 0.212369
21 31.319221 62.314922 0.000000 1.652224 1.278089 2.053768 3.629596 6.934412 0.167565
22 31.219997 62.152290 0.000000 1.383851 1.346020 2.269228 4.199140 8.354295 0.166686
23 31.204012 61.990040 0.000000 1.675327 1.349933 2.298307 4.343974 8.936656 0.192657
24 31.337622 62.032017 0.000000 1.817013 1.357325 2.303328 4.298369 8.639310 0.329423
25 31.252665 62.061996 0.000000 1.969581 1.364642 2.341254 4.443130 9.140985 0.179136
26 31.128967 62.192703 0.000000 1.804508 1.394914 2.441349 4.712965 9.818911 0.291090
27 31.414021 62.081482 0.000000 1.611364 1.319230 2.190346 4.007974 7.924446 0.170730
28 31.472687 62.140553 0.000000 1.817983 1.443261 2.595655 5.148545 11.009702 0.248391
29 31.694323 62.350990 0.000000 1.829191 1.349439 2.272476 4.197339 8.332603 0.128470
30 31.672892 62.048542 0.000000 1.433062 1.416403 2.499694 4.869020 10.237457 0.142903
31 31.903900 61.850613 0.000000 1.890609 1.401476 2.459416 4.781728 10.090899 0.276246
33 32.388611 61.799591 0.000000 2.062527 1.408028 2.470227 4.781391 9.994324 0.200318
34 32.405010 62.115231 0.000000 1.577683 1.444528 2.605863 5.226272 11.392308 0.200122
35 32.653629 61.774529 0.000000 1.633639 1.506536 2.839330 5.951646 13.532375 0.165105
36 33.229485 61.993538 0.000000 1.559479 1.500350 2.868133 6.143679 14.328168 0.309739
37 32.738831 62.110691 0.000000 1.755207 1.461568 2.656634 5.334967 11.572990 0.166761
38 32.625141 62.269180 0.000000 1.950331 1.390985 2.407739 4.582352 9.387007 0.310978
39 32.714512 61.972557 0.000000 1.730062 1.490427 2.751929 5.609962 12.330251 0.168497
40 32.430702 61.942795 0.000000 2.418072 1.373406 2.383852 4.608706 9.723473 0.219176
41 32.572014 61.993546 0.000000 2.129435 1.451342 2.616536 5.210462 11.207511 0.356350
42 32.445396 61.821278 0.000000 2.808444 1.320452 2.192883 4.012262 7.937986 0.200025
43 32.431919 61.844387 0.000000 2.674286 1.372093 2.347169 4.412447 8.932178 0.209051
44 32.398464 61.904148 0.000000 2.496889 1.319331 2.180754 3.958868 7.743505 0.166687
45 32.407619 61.805817 0.000000 2.185252 1.283759 2.075352 3.686592 7.066105 0.142857
46 32.258202 61.994667 0.000000 2.662461 1.362213 2.338007 4.427697 9.060448 0.166667
47 32.407543 62.097084 0.000000 2.794133 1.347564 2.267251 4.185412 8.310500 0.166667
48 32.441429 61.855400 0.000000 2.826845 1.351690 2.275609 4.204682 8.358854 0.200000
49 32.331249 61.970722 0.000000 2.873310 1.367049 2.360458 4.536377 9.514397 0.142857
50 32.342319 61.937275 0.000000 3.045037 1.339146 2.254756 4.193832 8.451932 0.166667
51 32.373577 62.019676 0.000000 2.526788 1.341765 2.263647 4.204785 8.430248 0.111111
52 32.552483 61.777905 0.000000 2.959457 1.294347 2.116751 3.819405 7.473821 0.142858
53 32.349163 61.755264 0.000000 3.106113 1.295948 2.116051 3.800123 7.372552 0.142857
54 32.423157 61.839622 0.000000 3.386898 1.277414 2.047675 3.595276 6.789047 0.142857
55 32.402397 61.685070 0.000000 3.144230 1.277250 2.051708 3.609366 6.826350 0.166667
56 32.530853 61.906330 0.000000 3.185771 1.309631 2.145888 3.852708 7.433113 0.125000
57 32.345062 61.761528 0.000000 3.546077 1.313866 2.163408 3.907315 7.591280 0.166667
58 32.563934 61.884785 0.000000 4.047969 1.329899 2.214948 4.048363 7.962848 0.142857
59 32.368042 61.981522 0.000000 3.838964 1.343988 2.262341 4.187615 8.349620 0.166667
60 32.481628 61.748169 0.000000 4.211056 1.285825 2.075754 3.668362 6.965766 0.142857
61 32.566448 61.792625 0.000000 4.199171 1.273398 2.031178 3.540015 6.618046 0.166667
62 32.356750 61.831608 0.000000 4.010098 1.301096 2.126466 3.815457 7.375026 0.125000
63 32.528793 61.868538 0.000000 4.556003 1.303080 2.121245 3.774550 7.200033 0.125000
64 32.458786 61.928848 0.000000 4.726542 1.302457 2.127990 3.809289 7.326395 0.125000
65 32.360283 61.786716 0.000000 4.376017 1.272928 2.038311 3.577788 6.761085 0.142857
66 32.465988 61.790913 0.000000 4.114088 1.268077 2.016536 3.504664 6.536858 0.142857
67 32.512238 61.824230 0.000000 3.910307 1.277887 2.049709 3.591324 6.743532 0.125000
68 32.546291 61.795231 0.000000 4.423731 1.273989 2.034847 3.550609 6.643318 0.166667
69 32.627346 61.597439 0.000000 4.316377 1.295974 2.106605 3.751182 7.182854 0.166667
70 32.825237 61.465698 0.000000 4.589487 1.309239 2.158093 3.919818 7.706157 0.166667
71 32.982929 61.474266 0.000000 4.331120 1.310075 2.161780 3.935298 7.761730 0.142857
72 33.242588 61.377224 0.000000 4.713566 1.287335 2.089934 3.740870 7.260625 0.166667
73 33.124737 61.206570 0.000000 4.159649 1.343493 2.269265 4.230272 8.534925 0.166667
74 33.653843 61.498974 0.000000 4.023435 1.298403 2.107183 3.741283 7.131713 0.170692
75 34.078506 61.762993 0.000000 3.767532 1.344322 2.289332 4.325963 8.886480 0.178364
76 34.049129 61.481819 0.000000 3.680212 1.310763 2.170337 3.979338 7.937351 0.169228
77 33.812027 61.070827 0.000000 3.084282 1.340851 2.260329 4.195064 8.397896 0.348357
78 33.680511 61.274025 0.000000 2.554338 1.313797 2.145041 3.816558 7.253129 0.142869
79 33.457310 61.213902 0.000000 1.857124 1.355475 2.291849 4.244326 8.431196 0.166667
80 33.755928 61.298542 0.000000 1.851454 1.306396 2.132945 3.818292 7.355603 0.143960
83 34.471348 61.142162 0.000000 1.339943 1.333929 2.216617 4.028922 7.850450 0.166667
