%% Trajectory 32
%% frame x (pixel)     y (pixel)    z (pixel)      m0         m1           m2           m3           m4           s 
67 45.887520 58.387821 0.000000 1.303316 1.339004 2.241015 4.108181 8.084604 0.200000
68 45.973354 58.388119 0.000000 1.283516 1.325292 2.230542 4.165579 8.467802 0.200000
69 46.119312 58.255943 0.000000 1.275911 1.310230 2.151709 3.876556 7.515922 0.200000
70 45.678925 58.328735 0.000000 1.858324 1.300940 2.131218 3.850235 7.537652 0.200000
71 46.034637 58.426292 0.000000 1.939280 1.348601 2.283430 4.259244 8.578428 0.200182
72 45.510429 58.286968 0.000000 1.595505 1.280542 2.066584 3.664514 7.017366 0.200000
73 45.730827 58.306778 0.000000 1.895360 1.337638 2.251888 4.185093 8.427074 0.200000
74 45.817337 58.537067 0.000000 1.623514 1.330546 2.231973 4.141070 8.343532 0.200000
75 45.870480 58.410923 0.000000 1.718006 1.291301 2.121805 3.878519 7.760349 0.200000
76 45.811363 58.134186 0.000000 2.582906 1.336733 2.230409 4.077867 8.006920 0.166667
77 45.709843 58.221519 0.000000 2.824810 1.283450 2.066173 3.638860 6.881637 0.200000
78 45.825619 58.311729 0.000000 2.517360 1.290166 2.089221 3.707250 7.076941 0.166667
79 45.864861 58.266888 0.000000 3.078514 1.312504 2.177619 4.003181 8.015177 0.200000
80 45.886517 58.324245 0.000000 2.946295 1.276416 2.063218 3.684459 7.152119 0.166667
81 46.210960 58.245300 0.000000 3.400899 1.338050 2.243675 4.141625 8.256754 0.170007
82 46.000214 58.334648 0.000000 3.211531 1.299808 2.139531 3.894111 7.701370 0.204247
83 46.048595 58.210419 0.000000 4.117683 1.368540 2.370424 4.554566 9.505822 0.200000
84 45.938854 58.212318 0.000000 3.599992 1.304693 2.140657 3.862649 7.521516 0.256227
85 45.865723 58.266922 0.000000 3.619832 1.291757 2.096087 3.737790 7.197281 0.250001
86 45.833714 58.203194 0.000000 3.743733 1.287412 2.084779 3.706388 7.103935 0.250000
87 45.710976 58.157578 0.000000 3.642421 1.279946 2.065073 3.660905 7.006924 0.166667
88 45.849487 57.978024 0.000000 3.978223 1.371826 2.372130 4.539559 9.413418 0.200000
89 45.909637 57.815495 0.000000 3.955352 1.325082 2.222481 4.139592 8.411098 0.166667
90 45.965416 57.671799 0.000000 4.036537 1.326422 2.207561 4.038454 7.963461 0.166667
91 45.886307 57.685375 0.000000 4.451217 1.312079 2.170491 3.964694 7.853537 0.142857
92 46.121922 57.498669 0.000000 3.868982 1.332406 2.229384 4.102585 8.142872 0.166667
93 46.400402 57.701420 0.000000 3.441138 1.295506 2.095952 3.699070 6.983426 0.125000
95 46.654892 57.527718 0.000000 3.523403 1.322402 2.196351 4.025990 8.000946 0.142857
96 46.767670 57.512936 0.000000 3.544701 1.333852 2.221689 4.064124 8.012842 0.166667
97 47.190083 57.666019 0.000000 4.106961 1.415323 2.508251 4.928894 10.514199 0.200000
98 47.212200 57.652374 0.000000 3.431049 1.368240 2.337699 4.403002 8.964938 0.166667
99 47.570129 57.541138 0.000000 3.499719 1.318994 2.188913 4.013038 7.983328 0.166667
101 47.460426 57.235950 0.000000 2.898175 1.433302 2.555506 5.025840 10.662809 0.142857
102 47.368965 57.194450 0.000000 2.561456 1.468815 2.693807 5.486546 12.118670 0.333922
104 46.935272 55.685886 0.000000 1.482387 1.524140 2.895484 6.117271 13.990999 0.174523
107 47.923626 55.824036 0.000000 1.221288 1.555500 3.031958 6.581847 15.481439 0.145023
