%% Trajectory 22
%% frame x (pixel)     y (pixel)    z (pixel)      m0         m1           m2           m3           m4           s 
79 60.400093 37.359505 0.000000 1.264644 1.288073 2.076266 3.658395 6.916230 0.144587
80 60.807076 37.591923 0.000000 1.809483 1.288365 2.072748 3.642837 6.863290 0.125000
81 60.682678 37.342884 0.000000 1.426576 1.290737 2.096972 3.752655 7.272902 0.142857
82 60.490490 37.461777 0.000000 1.753017 1.306571 2.138488 3.831267 7.370750 0.142857
83 60.611385 37.428596 0.000000 2.084756 1.308992 2.155691 3.910018 7.671011 0.142857
84 60.658890 37.519318 0.000000 1.744621 1.369410 2.342250 4.413959 8.975697 0.166667
85 60.502750 37.301739 0.000000 2.110514 1.294440 2.091283 3.686821 6.955869 0.200000
86 60.691624 37.457932 0.000000 2.054349 1.346175 2.266497 4.190609 8.338723 0.200000
87 60.645672 37.685757 0.000000 2.730364 1.345047 2.266688 4.203747 8.410993 0.166667
88 60.507870 37.377209 0.000000 2.693362 1.298646 2.108924 3.743546 7.126185 0.166667
89 60.588093 37.502346 0.000000 2.571327 1.267663 2.014922 3.498992 6.518700 0.200000
90 60.506874 37.550976 0.000000 3.317523 1.311257 2.144223 3.826593 7.306241 0.200000
91 60.393559 37.597301 0.000000 3.205818 1.313252 2.148618 3.832597 7.303668 0.166667
92 60.458740 37.373180 0.000000 3.427678 1.290823 2.085704 3.680444 6.957334 0.200000
93 60.631050 37.388847 0.000000 3.328409 1.308222 2.132646 3.791272 7.203994 0.166667
94 60.346615 37.372292 0.000000 3.376496 1.311404 2.140008 3.809810 7.254914 0.166667
95 60.445591 37.203213 0.000000 3.485454 1.299356 2.112063 3.756482 7.172108 0.166667
96 60.398254 37.252460 0.000000 3.080244 1.283045 2.060539 3.617699 6.816479 0.166667
97 60.610691 37.427727 0.000000 3.480470 1.301116 2.119102 3.774240 7.210119 0.166667
98 60.401791 37.324768 0.000000 3.346359 1.284117 2.062291 3.616474 6.794597 0.166667
99 60.496433 37.525661 0.000000 3.344757 1.323542 2.184433 3.946042 7.651571 0.166667
100 60.325134 37.311619 0.000000 3.409169 1.280801 2.054219 3.600599 6.770287 0.200000
101 60.519176 37.567135 0.000000 3.281151 1.305510 2.127348 3.782597 7.194914 0.142857
102 60.350060 37.560780 0.000000 3.251725 1.305635 2.125350 3.773972 7.167038 0.142857
103 60.080582 37.697353 0.000000 3.310951 1.334985 2.242555 4.161480 8.370019 0.200000
104 60.106880 37.835892 0.000000 3.482750 1.368064 2.341296 4.416777 8.999575 0.142857
105 59.871338 37.847725 0.000000 3.494535 1.363626 2.349093 4.498168 9.382160 0.166667
106 59.812584 38.112141 0.000000 3.507058 1.359175 2.323972 4.392271 8.993998 0.166997
107 59.852505 38.051537 0.000000 3.046029 1.390993 2.423923 4.671002 9.749835 0.233961
108 59.979298 38.139751 0.000000 2.696746 1.403882 2.487439 4.904766 10.530501 0.127310
109 60.132305 38.165390 0.000000 2.613557 1.392051 2.436537 4.719999 9.902930 0.125290
110 60.302452 38.271214 0.000000 2.606981 1.361335 2.330369 4.411512 9.056645 0.142885
111 60.425079 38.513844 0.000000 2.630253 1.415263 2.511997 4.938611 10.523978 0.251665
113 60.466763 39.027580 0.000000 1.962482 1.479229 2.734913 5.588053 12.298894 0.134007
114 60.982342 39.373344 0.000000 1.916159 1.571736 3.082026 6.694254 15.654122 0.112194
115 60.827675 38.952213 0.000000 2.101507 1.484045 2.747375 5.606536 12.294064 0.125000
116 60.990208 38.599174 0.000000 1.583461 1.373667 2.395364 4.653045 9.840287 0.130052
117 61.340672 38.918110 0.000000 2.031706 1.526867 2.897531 6.084729 13.768088 0.147382
