%% Trajectory 17
%% frame x (pixel)     y (pixel)    z (pixel)      m0         m1           m2           m3           m4           s 
44 54.654297 32.195496 0.000000 2.359329 1.404666 2.470077 4.809497 10.152371 0.169086
45 54.508526 32.141300 0.000000 2.260580 1.428520 2.537884 4.971666 10.509969 0.178783
46 54.529659 32.140564 0.000000 2.311581 1.425090 2.516768 4.890578 10.235588 0.200000
47 54.376518 32.174820 0.000000 3.198157 1.446269 2.600643 5.159444 11.045188 0.166667
48 54.233246 32.179924 0.000000 3.075727 1.385042 2.393733 4.550209 9.315516 0.200000
49 54.237579 32.110512 0.000000 3.121278 1.408121 2.478279 4.819591 10.138379 0.200000
50 54.337528 32.114994 0.000000 3.540828 1.430102 2.555713 5.056246 10.832933 0.200000
51 54.448807 32.047104 0.000000 3.608885 1.365902 2.335513 4.397300 8.930679 0.200000
52 54.427425 32.254829 0.000000 3.150514 1.382322 2.375233 4.477806 9.073112 0.200000
53 54.551373 32.153244 0.000000 3.125699 1.404936 2.467947 4.795083 10.091484 0.200000
54 54.585075 32.138367 0.000000 3.011783 1.474880 2.716111 5.549460 12.289392 0.200000
55 54.638557 32.105503 0.000000 3.649724 1.438966 2.584769 5.138291 11.055163 0.200000
56 54.594688 32.196785 0.000000 3.957281 1.429816 2.550868 5.039012 10.788822 0.200002
57 54.689060 32.219933 0.000000 3.722265 1.441841 2.595169 5.181511 11.226987 0.200000
58 54.552662 32.210873 0.000000 4.194303 1.397034 2.444561 4.735287 9.949298 0.200562
59 54.461575 32.212711 0.000000 3.887012 1.424582 2.540114 5.024319 10.790103 0.357072
60 54.610783 32.234814 0.000000 4.513099 1.407619 2.471998 4.797611 10.079751 0.201380
61 54.652775 32.234459 0.000000 4.318634 1.400426 2.446507 4.721413 9.862132 0.200000
62 54.739944 32.135918 0.000000 4.341172 1.450699 2.620633 5.234035 11.303147 0.315346
63 54.688602 32.247154 0.000000 4.223614 1.404276 2.471105 4.823333 10.230052 0.200000
64 54.556385 32.147095 0.000000 4.894866 1.443372 2.597383 5.172726 11.152327 0.222233
65 54.666233 32.294243 0.000000 4.881422 1.474911 2.707701 5.512519 12.166500 0.288070
66 54.594784 32.106266 0.000000 5.306519 1.455620 2.647281 5.333201 11.634857 0.200078
67 54.559559 32.200981 0.000000 5.086015 1.455392 2.642685 5.318095 11.598270 0.200000
68 54.743454 32.195107 0.000000 5.779093 1.473398 2.711130 5.536727 12.259544 0.244580
69 54.641106 32.229179 0.000000 5.439624 1.439400 2.586166 5.150226 11.124273 0.200181
70 54.635334 32.172493 0.000000 5.441164 1.469312 2.692716 5.470550 12.040100 0.200000
71 54.702129 32.172344 0.000000 5.592507 1.471437 2.697448 5.481474 12.068517 0.200060
72 54.725861 32.323246 0.000000 5.978548 1.427598 2.535930 4.973832 10.548403 0.310710
73 54.715900 32.172424 0.000000 5.235599 1.464274 2.675160 5.420527 11.907221 0.166667
74 54.804993 32.303604 0.000000 5.196152 1.478436 2.723939 5.564123 12.313176 0.142989
75 54.836399 32.360268 0.000000 5.311154 1.447770 2.622320 5.274954 11.526031 0.200000
76 54.838200 32.347679 0.000000 5.219691 1.465171 2.687316 5.475214 12.110491 0.166668
77 55.232544 32.459805 0.000000 4.791118 1.460291 2.666187 5.412712 11.943258 0.142857
78 54.914070 32.594135 0.000000 4.298518 1.506371 2.821008 5.851971 13.125843 0.166667
79 54.766151 32.735809 0.000000 4.922668 1.520156 2.873655 6.031691 13.717745 0.166667
80 54.865700 32.740433 0.000000 4.631242 1.470578 2.690808 5.450675 11.949959 0.172831
81 55.234444 32.874828 0.000000 4.892880 1.544969 2.954359 6.258520 14.324957 0.197402
83 54.814907 33.282768 0.000000 4.108496 1.493827 2.772926 5.716455 12.783487 0.186856
84 55.406849 33.344151 0.000000 3.921124 1.515214 2.847321 5.923382 13.317690 0.135906
85 55.498787 33.456417 0.000000 3.456212 1.531568 2.911985 6.141387 14.010998 0.166667
86 55.444115 33.560310 0.000000 3.204022 1.525728 2.903256 6.140083 14.062463 0.156485
87 55.429394 33.599827 0.000000 3.335788 1.570130 3.055457 6.591166 15.352081 0.125000
89 53.953178 33.420460 0.000000 2.962517 1.461330 2.679892 5.482420 12.224756 0.142857
