%% Trajectory 74
%% frame x (pixel)     y (pixel)    z (pixel)      m0         m1           m2           m3           m4           s 
76 59.726524 60.610600 0.000000 0.966191 1.225242 1.908149 3.275152 6.113151 0.125001
77 59.487175 60.500008 0.000000 1.499092 1.312119 2.204652 4.130297 8.463935 0.198916
78 59.798695 60.599564 0.000000 1.274715 1.463330 2.725889 5.694035 13.000377 0.196933
79 60.088970 60.246555 0.000000 1.679160 1.484265 2.690066 5.330600 11.299272 0.145888
81 59.040329 60.787899 0.000000 1.179053 1.456791 2.715984 5.671625 12.904941 0.166667
82 59.280209 60.821697 0.000000 1.628391 1.477335 2.700310 5.441007 11.808772 0.144830
83 59.541019 60.460300 0.000000 2.205294 1.464467 2.681731 5.459745 12.076911 0.142902
85 59.738277 61.021141 0.000000 1.747160 1.407532 2.489342 4.869187 10.293482 0.166667
86 59.634209 60.632713 0.000000 1.402913 1.447095 2.599765 5.166915 11.121922 0.166667
87 59.474483 60.300240 0.000000 1.554296 1.379023 2.408863 4.676847 9.884109 0.166667
88 59.809216 61.161270 0.000000 1.591436 1.364053 2.383169 4.658943 9.967634 0.166667
89 59.581867 60.453354 0.000000 1.767588 1.423495 2.539067 5.005604 10.671782 0.166667
90 59.466763 60.643471 0.000000 1.517559 1.463642 2.638681 5.232104 11.176337 0.135604
91 59.493023 60.716125 0.000000 1.736949 1.514753 2.834896 5.847985 12.987218 0.165625
93 58.970604 60.499840 0.000000 2.004757 1.423334 2.568227 5.166481 11.322879 0.166667
95 59.365974 60.830681 0.000000 1.775175 1.474638 2.660383 5.247281 11.066110 0.200030
98 58.173351 60.094372 0.000000 1.235876 1.378511 2.436221 4.812604 10.383265 0.166667
100 58.539242 58.713482 0.000000 1.569342 1.529890 2.882875 5.991457 13.410506 0.125000
102 57.586952 59.619755 0.000000 1.620947 1.405803 2.470306 4.807684 10.155415 0.151498
104 57.909866 59.133072 0.000000 1.441678 1.389148 2.480446 4.974772 10.930944 0.141430
106 57.469471 58.584198 0.000000 1.670743 1.368956 2.368286 4.552313 9.520014 0.167174
