%% Trajectory 8
%% frame x (pixel)     y (pixel)    z (pixel)      m0         m1           m2           m3           m4           s 
8 23.411392 56.140831 0.000000 1.133210 1.179085 1.783281 2.972330 5.400088 0.166667
9 23.495113 56.290565 0.000000 1.222713 1.142490 1.658059 2.633268 4.547319 0.166668
10 23.573246 56.454277 0.000000 1.154662 1.089734 1.513890 2.281821 3.719492 0.142866
11 23.379799 56.370235 0.000000 1.336473 1.142868 1.665398 2.653721 4.583113 0.200000
12 23.607012 56.248646 0.000000 1.530145 1.190893 1.815290 3.052062 5.596967 0.181443
13 23.478489 56.234291 0.000000 1.816001 1.216504 1.869787 3.146025 5.708331 0.200000
14 23.388781 56.269459 0.000000 1.640874 1.124967 1.618212 2.541178 4.324039 0.200000
15 23.275877 56.273117 0.000000 1.674898 1.192554 1.810979 3.013038 5.415371 0.200000
16 23.332121 56.338329 0.000000 2.074709 1.166866 1.737246 2.836905 5.028992 0.200000
17 23.399689 56.318165 0.000000 1.751267 1.146632 1.671156 2.660156 4.584501 0.200000
18 23.277740 56.320831 0.000000 2.274962 1.187400 1.793374 2.967171 5.307096 0.200000
19 23.267647 56.198715 0.000000 2.855736 1.241380 1.953601 3.378699 6.318486 0.200000
20 23.415010 56.394451 0.000000 2.772962 1.183335 1.780473 2.930735 5.209272 0.200000
21 23.475819 56.072479 0.000000 2.967825 1.236628 1.935515 3.317443 6.120181 0.200000
22 23.268711 56.185436 0.000000 2.659438 1.214111 1.873723 3.169182 5.782277 0.200000
23 23.116423 56.181412 0.000000 2.245758 1.233152 1.924577 3.291633 6.066528 0.200000
24 23.062145 56.063560 0.000000 2.648456 1.286461 2.097000 3.761000 7.279253 0.200001
25 23.217461 56.027859 0.000000 2.787686 1.299397 2.166749 4.037761 8.254372 0.200017
26 23.142239 56.040863 0.000000 3.035673 1.286674 2.118503 3.879473 7.757392 0.200000
27 23.170782 55.963390 0.000000 3.074454 1.285216 2.115198 3.877900 7.782664 0.200000
28 23.133728 55.944141 0.000000 3.206058 1.297282 2.146738 3.949070 7.929365 0.203150
29 23.080496 55.694115 0.000000 3.743188 1.265922 2.039075 3.625868 6.992593 0.166866
30 23.205151 55.536434 0.000000 3.195169 1.244791 1.953907 3.354242 6.189976 0.200520
31 23.152645 55.352795 0.000000 3.123029 1.243799 1.956625 3.378585 6.300223 0.166667
32 23.339628 55.076447 0.000000 3.324480 1.238865 1.947779 3.363948 6.277895 0.166721
33 23.394455 54.975136 0.000000 3.798609 1.276360 2.067064 3.699376 7.195034 0.365006
34 23.203405 54.763203 0.000000 3.798385 1.264551 2.027902 3.587426 6.883981 0.200983
35 23.057037 54.478882 0.000000 3.788606 1.256175 1.992719 3.459726 6.453804 0.200001
36 22.468861 54.428566 0.000000 3.873243 1.260299 1.992504 3.442433 6.385720 0.142857
37 22.569990 54.445263 0.000000 3.564108 1.270687 2.028182 3.546335 6.676166 0.142861
39 23.092447 54.257843 0.000000 2.689613 1.243456 1.963648 3.397786 6.324462 0.166684
40 22.990112 53.968723 0.000000 2.369823 1.331567 2.253319 4.218345 8.553287 0.167409
41 22.422848 54.172932 0.000000 2.053380 1.225755 1.901193 3.230402 5.917172 0.166667
43 23.434582 54.258625 0.000000 0.489864 0.987438 1.272797 1.754988 2.595738 0.166667
