%% Trajectory 10
%% frame x (pixel)     y (pixel)    z (pixel)      m0         m1           m2           m3           m4           s 
14 65.713913 42.924450 0.000000 0.887509 1.486664 2.756351 5.664779 12.595039 0.250000
15 66.162918 42.490803 0.000000 1.266175 1.455629 2.643535 5.304379 11.496131 0.200000
17 64.894966 43.374222 0.000000 1.026575 1.432420 2.580832 5.186971 11.368380 0.156117
19 65.621765 42.617485 0.000000 1.117436 1.526968 2.865413 5.924572 13.191386 0.200006
21 64.927223 42.468620 0.000000 1.813021 1.389121 2.439152 4.762446 10.129057 0.307147
22 64.800323 42.569130 0.000000 2.242545 1.369611 2.342798 4.414497 8.987782 0.200015
23 64.918945 42.735737 0.000000 2.056778 1.402147 2.440083 4.667637 9.609202 0.259748
24 64.643837 42.655609 0.000000 2.100037 1.397347 2.434988 4.675421 9.691065 0.376973
25 65.093452 42.325607 0.000000 2.036845 1.422024 2.558303 5.138335 11.260631 0.435547
26 64.765770 42.606052 0.000000 1.931569 1.406268 2.475314 4.837064 10.281887 0.200347
27 64.900574 42.549622 0.000000 2.578641 1.359780 2.317599 4.364787 8.911654 0.200003
28 64.861923 42.595879 0.000000 2.902512 1.342217 2.280696 4.309313 8.885010 0.203653
29 64.730339 42.365318 0.000000 3.067642 1.370490 2.349456 4.447249 9.113369 0.213634
30 64.712540 42.592400 0.000000 3.226472 1.353588 2.286345 4.241591 8.475743 0.200000
31 64.907204 42.417244 0.000000 3.280650 1.344236 2.277172 4.277118 8.744716 0.166863
32 64.610268 42.567322 0.000000 3.724179 1.344687 2.255383 4.149951 8.216689 0.166667
33 64.538673 42.461857 0.000000 3.845174 1.346558 2.267573 4.207637 8.442893 0.200000
34 64.531113 42.518280 0.000000 4.367323 1.326192 2.196690 3.991527 7.807721 0.200000
35 64.407310 42.516262 0.000000 4.728991 1.336037 2.216071 4.007893 7.742536 0.200000
36 64.469910 42.486057 0.000000 4.711064 1.325535 2.197052 3.993331 7.808970 0.167374
37 64.324738 42.355019 0.000000 5.005676 1.349583 2.260960 4.138385 8.107135 0.226027
38 64.188675 42.410309 0.000000 4.515087 1.337657 2.230140 4.069541 7.965654 0.250004
39 64.163353 42.434498 0.000000 5.130370 1.368666 2.334787 4.376287 8.830757 0.251844
41 63.815712 42.272907 0.000000 4.867400 1.366179 2.326612 4.356529 8.790292 0.318137
42 63.773857 42.169788 0.000000 4.620605 1.394413 2.423038 4.640443 9.596650 0.200003
43 63.645920 41.971806 0.000000 4.483240 1.417681 2.518517 4.957059 10.574845 0.254371
44 63.561020 42.184620 0.000000 4.548096 1.412341 2.485456 4.825708 10.126618 0.251588
45 63.432880 42.142139 0.000000 4.375545 1.436443 2.569540 5.075045 10.830072 0.252619
46 63.292847 42.207359 0.000000 4.003454 1.473196 2.711751 5.535167 12.239185 0.250000
47 63.300537 42.332153 0.000000 3.982954 1.415313 2.497900 4.867843 10.257648 0.200451
48 63.215706 42.158611 0.000000 3.679021 1.437790 2.568055 5.053246 10.720042 0.200000
49 63.235958 41.874054 0.000000 3.558084 1.420849 2.517545 4.921288 10.386496 0.398227
50 63.142792 41.553905 0.000000 3.282686 1.362675 2.327646 4.378400 8.882937 0.267297
51 63.125546 41.724525 0.000000 2.588643 1.447847 2.605373 5.177159 11.105318 0.200000
52 63.136040 41.763805 0.000000 2.777684 1.463400 2.652649 5.299732 11.414432 0.200000
53 62.993198 41.328648 0.000000 2.622683 1.431347 2.554448 5.028722 10.676884 0.250000
54 63.188210 41.457306 0.000000 2.591916 1.369459 2.324172 4.304926 8.520219 0.250000
55 63.118576 41.524979 0.000000 2.619931 1.428725 2.555349 5.057939 10.833754 0.200000
56 63.057880 41.288872 0.000000 1.962614 1.433734 2.592453 5.203568 11.325770 0.201541
57 63.206696 41.290520 0.000000 1.768680 1.353089 2.289608 4.263396 8.565411 0.200473
58 62.886845 40.853870 0.000000 1.275477 1.386494 2.435036 4.758535 10.122271 0.177377
59 62.987484 40.677376 0.000000 1.878888 1.424853 2.548872 5.077322 11.016068 0.219865
61 63.352055 40.425724 0.000000 1.060247 1.278370 2.091072 3.823871 7.698248 0.394108
