%% Trajectory 16
%% frame x (pixel)     y (pixel)    z (pixel)      m0         m1           m2           m3           m4           s 
57 16.583185 61.153908 0.000000 2.408810 1.258425 2.039164 3.680141 7.281152 0.142857
58 16.428389 61.317810 0.000000 2.508056 1.169138 1.747617 2.866688 5.103718 0.166667
59 16.583265 61.170898 0.000000 2.423316 1.255951 2.025611 3.630709 7.120596 0.166667
60 16.602749 61.254185 0.000000 2.378901 1.150431 1.694422 2.735003 4.788758 0.166667
61 16.399738 61.400227 0.000000 2.202956 1.169357 1.756171 2.913534 5.292094 0.166667
62 16.406357 61.351280 0.000000 2.707851 1.186097 1.784170 2.939161 5.236961 0.166667
63 16.586437 61.338337 0.000000 2.581090 1.233271 1.951294 3.442965 6.693253 0.166667
64 16.556751 61.334305 0.000000 2.937929 1.204054 1.838816 3.080269 5.582874 0.166667
65 16.697128 61.470795 0.000000 2.799240 1.234519 1.935262 3.353200 6.339028 0.143698
66 16.566959 61.313339 0.000000 3.383921 1.253495 2.000662 3.534503 6.810702 0.125000
67 16.520409 61.516041 0.000000 3.480008 1.278763 2.070122 3.705823 7.220328 0.166667
68 16.327169 61.613689 0.000000 3.561334 1.258660 1.999276 3.488756 6.575551 0.166667
69 16.333208 61.647293 0.000000 3.634272 1.273072 2.045213 3.608355 6.870514 0.166667
70 16.347826 61.777740 0.000000 3.715577 1.306522 2.188032 4.095218 8.410443 0.166667
71 16.317835 61.769024 0.000000 4.115679 1.347817 2.302950 4.385669 9.125317 0.166667
72 16.492126 61.610004 0.000000 4.441059 1.289089 2.108373 3.815735 7.509780 0.166667
73 16.466785 61.775715 0.000000 4.097239 1.306849 2.165356 3.985194 8.008148 0.166667
74 16.339394 61.894455 0.000000 4.236536 1.346408 2.299500 4.365007 9.021822 0.142857
75 16.246758 61.773792 0.000000 4.106371 1.322822 2.223783 4.151748 8.441830 0.125000
76 16.292995 62.044388 0.000000 4.673174 1.413547 2.535341 5.084994 11.134679 0.142877
77 16.433075 61.972672 0.000000 5.443707 1.409311 2.502069 4.935322 10.573489 0.166667
79 16.341461 61.963799 0.000000 5.122033 1.383360 2.420824 4.713385 9.992479 0.143569
80 16.372213 61.885830 0.000000 4.573998 1.334807 2.259926 4.256409 8.751659 0.142864
81 16.406116 61.888046 0.000000 4.560667 1.337203 2.270419 4.294983 8.884713 0.230387
82 16.475595 61.918453 0.000000 4.478117 1.351081 2.309295 4.381943 9.052660 0.168364
83 16.294598 61.822731 0.000000 3.692611 1.334641 2.265428 4.290917 8.901142 0.166764
84 16.397116 61.875088 0.000000 3.754507 1.291730 2.132714 3.926046 7.925252 0.143785
85 16.485422 61.777721 0.000000 3.771322 1.248633 1.972527 3.427090 6.446207 0.166667
86 16.312647 61.797043 0.000000 4.062769 1.276136 2.059335 3.660214 7.043622 0.166670
87 16.388792 61.692303 0.000000 3.812596 1.243732 1.959360 3.391977 6.350584 0.142857
88 16.441244 61.744923 0.000000 4.150621 1.261436 2.003212 3.487193 6.541099 0.125000
89 16.353132 61.690628 0.000000 3.770007 1.259076 1.995377 3.458938 6.440070 0.167326
90 16.326120 61.636463 0.000000 3.424780 1.236385 1.943985 3.367079 6.329021 0.142858
91 16.366940 61.654991 0.000000 3.682852 1.230341 1.925459 3.319624 6.214492 0.143342
92 16.309134 61.546741 0.000000 3.925857 1.197024 1.815923 3.015241 5.405876 0.200000
93 16.423725 61.569172 0.000000 3.898111 1.243439 1.959355 3.402815 6.418260 0.203951
94 16.604004 61.537266 0.000000 3.884989 1.196673 1.811252 2.998736 5.359126 0.250006
95 16.825891 61.566864 0.000000 3.111924 1.191670 1.801090 2.977940 5.314847 0.200000
96 16.811853 61.749329 0.000000 3.191269 1.209799 1.854874 3.114960 5.644672 0.200170
97 16.837114 61.981880 0.000000 2.922999 1.267555 2.041944 3.629781 6.994036 0.166667
98 16.995327 61.897614 0.000000 2.611442 1.262870 2.040795 3.666948 7.206133 0.200000
99 17.096079 62.337025 0.000000 3.055401 1.266014 2.026789 3.575496 6.833297 0.170602
100 17.176981 62.439137 0.000000 2.497808 1.255505 1.978922 3.416327 6.350807 0.166667
101 17.465075 62.327946 0.000000 2.416813 1.229809 1.914717 3.273677 6.055365 0.200000
102 17.734106 62.725990 0.000000 2.578966 1.257372 1.997446 3.494353 6.627512 0.166667
103 17.805984 62.812695 0.000000 1.740094 1.198146 1.830581 3.069678 5.568737 0.200000
105 17.474800 63.585743 0.000000 1.335567 1.204268 1.843690 3.091226 5.592895 0.166667
