%% Trajectory 19
%% frame x (pixel)     y (pixel)    z (pixel)      m0         m1           m2           m3           m4           s 
58 31.135149 47.322086 0.000000 0.786558 1.238485 1.989107 3.592765 7.201931 0.142857
60 31.173061 47.539474 0.000000 0.885979 1.335057 2.322522 4.574430 9.973221 0.166672
61 31.090384 47.522972 0.000000 0.974622 1.305137 2.186078 4.110256 8.521366 0.146731
62 31.224388 47.620991 0.000000 1.031450 1.262924 2.079729 3.883059 8.091863 0.156841
63 30.757914 47.441700 0.000000 1.239334 1.309176 2.192599 4.117827 8.523979 0.167483
64 30.923143 47.572170 0.000000 1.442056 1.266443 2.065738 3.779864 7.645529 0.220909
65 31.211876 47.358658 0.000000 1.729372 1.342700 2.277164 4.300241 8.878407 0.219187
66 30.811098 47.362247 0.000000 1.523881 1.282496 2.088641 3.777489 7.469478 0.142969
67 31.152302 47.497723 0.000000 1.828455 1.280005 2.100502 3.856789 7.801146 0.168319
68 31.443253 47.274364 0.000000 2.313970 1.307180 2.171468 4.016034 8.128804 0.166667
69 31.206244 47.409672 0.000000 2.439079 1.361129 2.353602 4.555055 9.672950 0.200001
70 31.111639 47.498531 0.000000 2.505212 1.375942 2.382265 4.590604 9.655187 0.166676
71 31.140251 47.419205 0.000000 2.519359 1.329560 2.246484 4.235071 8.749035 0.200000
72 31.371836 47.426228 0.000000 2.634738 1.387994 2.420893 4.687102 9.872337 0.166733
73 31.340742 47.424931 0.000000 2.782085 1.315872 2.185936 4.030580 8.111164 0.142858
74 31.384893 47.454449 0.000000 3.200469 1.277498 2.052207 3.619020 6.885853 0.142857
75 31.249680 47.425293 0.000000 2.761079 1.294653 2.111526 3.797049 7.400544 0.168912
76 31.250404 47.452671 0.000000 3.146024 1.327303 2.223752 4.118097 8.275938 0.200000
77 31.277018 47.538467 0.000000 3.100801 1.320478 2.193443 4.028731 8.039021 0.142857
78 31.226599 47.404278 0.000000 3.776939 1.299898 2.133254 3.875604 7.667082 0.142857
79 31.320944 47.436321 0.000000 3.784098 1.353490 2.323590 4.462211 9.405468 0.142857
80 31.311203 47.401054 0.000000 3.312218 1.333071 2.257563 4.269904 8.857550 0.142857
81 31.203873 47.386597 0.000000 3.374905 1.283957 2.095587 3.800763 7.539862 0.200000
82 31.448053 47.436150 0.000000 3.789154 1.327782 2.234141 4.185808 8.579997 0.166667
83 31.309139 47.188499 0.000000 4.066812 1.340059 2.263009 4.228951 8.582603 0.142857
84 31.377234 47.203888 0.000000 3.923373 1.301165 2.138648 3.880443 7.636659 0.125000
85 31.417433 47.093777 0.000000 3.759646 1.341312 2.254971 4.170603 8.321101 0.142857
86 31.581800 47.058002 0.000000 3.822040 1.342818 2.273627 4.248824 8.591145 0.166667
87 31.704317 47.041878 0.000000 3.374956 1.303747 2.136735 3.839096 7.414667 0.142857
88 31.772823 47.005489 0.000000 3.592270 1.337039 2.254304 4.191995 8.426676 0.125000
89 31.898560 47.143440 0.000000 3.782937 1.352021 2.312644 4.392415 9.080548 0.142857
90 32.026756 47.066341 0.000000 3.480676 1.364494 2.355254 4.514796 9.410757 0.125000
91 32.138630 46.905502 0.000000 2.834905 1.340539 2.267896 4.249596 8.647737 0.142857
92 32.439651 46.933857 0.000000 2.896772 1.295065 2.115530 3.811374 7.441817 0.248538
93 32.693428 47.066628 0.000000 3.410189 1.341584 2.252405 4.151448 8.233720 0.142857
94 33.037231 47.254570 0.000000 3.036588 1.350848 2.318559 4.444864 9.332875 0.142857
95 33.062374 47.148659 0.000000 2.227442 1.395584 2.470982 4.876061 10.488501 0.166735
98 33.292206 48.096420 0.000000 1.391382 1.427672 2.669715 5.688437 13.395072 0.166667
