%% Trajectory 11
%% frame x (pixel)     y (pixel)    z (pixel)      m0         m1           m2           m3           m4           s 
22 35.369850 68.427338 0.000000 0.972656 1.327223 2.233966 4.165454 8.446681 0.251932
24 35.527416 68.848686 0.000000 0.922046 1.394322 2.477862 4.908303 10.596867 0.200147
25 35.265892 68.764603 0.000000 1.001714 1.285549 2.131233 3.965616 8.147577 0.250000
26 35.442291 68.539833 0.000000 1.079093 1.329303 2.210505 4.048699 8.022755 0.250000
27 35.238346 68.565598 0.000000 1.191615 1.417851 2.540623 5.077639 11.067980 0.250000
28 35.161221 68.705276 0.000000 1.407220 1.348362 2.296811 4.347453 8.973322 0.200000
29 35.517601 68.898346 0.000000 1.323187 1.376307 2.368963 4.507288 9.299089 0.200009
30 35.276825 68.595383 0.000000 1.428934 1.372880 2.357364 4.481070 9.253192 0.250000
31 35.299767 68.632584 0.000000 1.721569 1.306657 2.163194 3.982759 8.019810 0.200000
32 35.356518 68.650246 0.000000 1.648623 1.282527 2.091492 3.794043 7.539859 0.200000
33 35.167946 68.588112 0.000000 1.600657 1.273638 2.052799 3.654861 7.074794 0.166667
34 35.554775 68.714462 0.000000 1.300023 1.411087 2.505908 4.960711 10.711762 0.200009
35 35.170921 68.656532 0.000000 1.726851 1.354632 2.311385 4.377299 9.026878 0.200003
36 35.251034 68.684547 0.000000 1.627308 1.361601 2.312288 4.314496 8.673222 0.200000
37 35.593491 68.481308 0.000000 2.109051 1.392307 2.391814 4.495733 9.057790 0.195394
38 35.531456 68.816414 0.000000 2.105216 1.359549 2.314147 4.346820 8.835591 0.142909
39 35.290108 68.430336 0.000000 2.206638 1.373788 2.360852 4.473982 9.164962 0.166667
40 35.279560 68.651680 0.000000 2.128044 1.338309 2.235178 4.091871 8.052036 0.166667
41 35.233707 68.712257 0.000000 1.867763 1.410866 2.490556 4.876575 10.373280 0.195374
42 35.196907 68.950294 0.000000 1.636331 1.378806 2.384268 4.553664 9.408915 0.152245
43 35.151333 68.850952 0.000000 2.115401 1.350684 2.291024 4.284377 8.663304 0.173457
44 35.574898 68.499947 0.000000 2.028548 1.328536 2.227229 4.121795 8.262976 0.166704
45 35.161205 68.964912 0.000000 2.197450 1.379695 2.392985 4.596554 9.578454 0.192939
46 35.332596 68.580795 0.000000 2.261308 1.336948 2.226773 4.067765 7.997209 0.142867
47 35.314060 68.590942 0.000000 2.702480 1.341074 2.242980 4.120791 8.160303 0.134523
48 35.496769 68.601624 0.000000 2.752711 1.346318 2.244744 4.083875 7.943137 0.161946
49 35.477398 68.630592 0.000000 2.932424 1.365117 2.299877 4.216447 8.234931 0.167485
50 35.296604 68.520378 0.000000 3.077906 1.333121 2.216344 4.034607 7.886295 0.149561
51 35.285065 68.372482 0.000000 2.805911 1.326930 2.203686 4.020108 7.906911 0.125002
52 35.303505 68.439590 0.000000 3.406133 1.382491 2.381226 4.510907 9.212085 0.176226
53 35.348995 68.505035 0.000000 2.795670 1.339975 2.238792 4.095305 8.042437 0.142864
54 35.250385 68.501282 0.000000 2.782822 1.353401 2.291288 4.268514 8.582177 0.200001
55 35.310329 68.317589 0.000000 3.311955 1.377997 2.359298 4.428206 8.927763 0.166667
56 35.120316 68.178200 0.000000 3.101350 1.403263 2.470824 4.822845 10.216561 0.166667
57 35.492950 67.910515 0.000000 2.735061 1.445781 2.598774 5.161651 11.080439 0.148879
58 35.463669 67.905426 0.000000 3.198898 1.475040 2.690954 5.410769 11.724514 0.142857
59 35.628170 67.901344 0.000000 3.371502 1.387271 2.401566 4.576322 9.402113 0.142857
60 35.724140 67.675613 0.000000 2.922399 1.493718 2.752617 5.583080 12.182132 0.142857
61 36.339462 67.510597 0.000000 2.916362 1.493993 2.761189 5.635805 12.412807 0.200000
62 36.290886 67.364624 0.000000 3.519502 1.486125 2.751034 5.649885 12.568288 0.166675
63 36.716282 67.349251 0.000000 2.897665 1.521687 2.853520 5.898758 13.127870 0.166667
64 37.398560 67.010498 0.000000 3.059493 1.522686 2.870545 5.982468 13.445472 0.142858
65 37.457043 66.832344 0.000000 2.588339 1.440161 2.567771 5.040986 10.661860 0.166901
67 36.975952 68.375862 0.000000 2.558548 1.467652 2.676883 5.393781 11.733705 0.166671
69 36.562260 67.718086 0.000000 2.563118 1.385784 2.403899 4.597331 9.491877 0.255126
71 36.865414 68.292519 0.000000 1.988513 1.464953 2.643130 5.234082 11.121922 0.143247
