%% Trajectory 32
%% frame x (pixel)     y (pixel)    z (pixel)      m0         m1           m2           m3           m4           s 
74 59.967667 59.530956 0.000000 1.637384 1.209276 1.902330 3.333740 6.406881 0.139507
75 59.937336 59.858780 0.000000 2.203938 1.255529 2.012202 3.567029 6.882576 0.111214
76 60.136909 59.671032 0.000000 2.606370 1.209470 1.876971 3.219633 6.018497 0.119129
77 59.979046 59.566925 0.000000 2.928328 1.255170 2.006444 3.534930 6.740741 0.112536
78 60.461720 59.790531 0.000000 3.234554 1.219802 1.881413 3.175003 5.772498 0.112783
79 60.256165 59.778831 0.000000 3.823754 1.263667 2.012981 3.519210 6.637455 0.111112
80 60.115200 59.815392 0.000000 3.721576 1.275631 2.065678 3.700186 7.206400 0.120643
81 60.144115 59.687168 0.000000 3.909284 1.265449 2.012413 3.507026 6.581235 0.139706
83 60.033421 59.847504 0.000000 4.994144 1.338338 2.245918 4.145915 8.250006 0.147353
84 60.075005 59.990612 0.000000 5.703452 1.383112 2.405400 4.616644 9.567954 0.166677
85 59.988029 60.072956 0.000000 5.725568 1.371329 2.367975 4.532452 9.415261 0.169690
86 60.052700 60.163174 0.000000 5.782724 1.350025 2.306115 4.364923 8.968153 0.166667
88 59.746853 60.627712 0.000000 6.307592 1.306287 2.136390 3.825535 7.359583 0.166720
89 59.696804 60.769371 0.000000 6.762067 1.319775 2.166963 3.875724 7.397362 0.166667
90 59.732357 60.804005 0.000000 6.406064 1.362280 2.318377 4.339755 8.762680 0.166671
91 59.885208 61.215954 0.000000 6.772755 1.341338 2.266409 4.239766 8.614435 0.166671
92 59.703686 61.517998 0.000000 6.958348 1.320833 2.202911 4.065868 8.158319 0.166841
94 58.710526 61.323723 0.000000 5.607500 1.318048 2.179341 3.967445 7.803526 0.200000
95 58.814430 61.238415 0.000000 5.574577 1.350371 2.306590 4.376443 9.039365 0.204355
97 58.946384 61.067322 0.000000 3.846928 1.401634 2.484150 4.907785 10.564386 0.253099
98 58.763973 60.591618 0.000000 3.948049 1.366871 2.335365 4.389774 8.889779 0.354826
99 58.903324 60.998997 0.000000 3.395599 1.425390 2.558287 5.110173 11.093193 0.251179
101 59.059383 60.648766 0.000000 2.988759 1.550320 2.960596 6.225317 14.070434 0.303356
102 59.179276 60.591633 0.000000 2.977134 1.591985 3.112656 6.694698 15.450212 0.166667
104 58.853691 59.482155 0.000000 1.990121 1.432818 2.602748 5.281798 11.688082 0.186988
106 59.312794 61.009033 0.000000 2.305388 1.547997 2.972526 6.307302 14.406653 0.200000
109 59.353539 62.716537 0.000000 1.661991 1.526296 2.873583 5.947271 13.213613 0.284091
110 60.065929 62.430183 0.000000 1.633137 1.543960 2.944167 6.198356 14.051047 0.142934
