%% Trajectory 27
%% frame x (pixel)     y (pixel)    z (pixel)      m0         m1           m2           m3           m4           s 
52 55.373833 72.032974 0.000000 0.927127 1.445276 2.642365 5.350514 11.698367 0.125246
53 55.432922 72.009140 0.000000 1.083920 1.304910 2.144507 3.861922 7.472438 0.166667
54 55.687054 71.695419 0.000000 1.203776 1.452441 2.683924 5.573601 12.672283 0.166681
56 55.330505 71.896240 0.000000 1.719294 1.243363 1.962805 3.395767 6.320902 0.200000
58 55.511967 71.933022 0.000000 2.649311 1.271839 2.041188 3.593985 6.818106 0.200006
59 55.478901 72.045898 0.000000 2.765858 1.304275 2.120522 3.761364 7.135624 0.200000
60 55.378975 71.972832 0.000000 3.312388 1.303260 2.148115 3.920592 7.787152 0.200000
61 55.338062 71.840691 0.000000 3.872452 1.300237 2.119091 3.789739 7.301566 0.142857
62 55.091202 71.846519 0.000000 3.938297 1.361603 2.327889 4.386926 8.925192 0.200000
63 55.493347 71.829086 0.000000 3.747039 1.304329 2.119634 3.757220 7.121696 0.333333
64 55.359985 71.942627 0.000000 3.513629 1.336341 2.241278 4.144205 8.287047 0.333333
65 55.193165 71.915688 0.000000 4.344821 1.355582 2.303884 4.306177 8.669058 0.250000
66 55.187244 71.796143 0.000000 4.945285 1.289098 2.087465 3.706207 7.080530 0.250000
67 55.307365 71.824478 0.000000 5.179913 1.295452 2.104019 3.742670 7.155470 0.333333
68 55.229782 71.872787 0.000000 4.975965 1.330962 2.226165 4.099236 8.149720 0.333333
69 55.205257 71.878624 0.000000 5.579299 1.336315 2.242925 4.148472 8.291784 0.333333
70 55.175995 71.873299 0.000000 5.175067 1.327436 2.213920 4.061946 8.037691 0.250000
71 55.228363 71.852203 0.000000 5.358776 1.308711 2.151092 3.875614 7.503708 0.200000
72 55.248039 71.899864 0.000000 5.267629 1.322563 2.196700 4.011903 7.902580 0.250000
73 55.199188 71.785431 0.000000 5.624355 1.316382 2.187383 4.014664 7.989768 0.250000
74 55.262440 72.032936 0.000000 5.635733 1.332698 2.234333 4.135666 8.289030 0.250000
75 55.147579 71.967812 0.000000 5.644829 1.353992 2.308276 4.346685 8.857560 0.250000
76 55.231209 71.679886 0.000000 5.453001 1.292736 2.089761 3.687044 6.962154 0.250000
77 55.315498 71.811226 0.000000 5.640395 1.296012 2.106241 3.750643 7.182516 0.250000
78 55.297047 71.708176 0.000000 6.005384 1.287597 2.075172 3.656186 6.910370 0.250000
79 55.253712 71.856766 0.000000 6.162403 1.309824 2.155637 3.901981 7.625353 0.250000
80 55.288628 71.828667 0.000000 6.970584 1.314520 2.158016 3.876748 7.472826 0.250000
81 55.292953 71.610596 0.000000 6.752637 1.281613 2.055736 3.600190 6.754823 0.250000
82 55.154564 71.779228 0.000000 6.492595 1.311959 2.152870 3.869003 7.465733 0.200000
83 55.143433 71.614326 0.000000 6.348662 1.293310 2.091554 3.697439 7.010016 0.250000
84 55.009491 71.464340 0.000000 6.652924 1.329376 2.213896 4.048850 7.971493 0.200000
85 54.863655 71.252899 0.000000 6.788516 1.316167 2.166602 3.912021 7.603030 0.200000
86 54.808388 71.059326 0.000000 6.644017 1.345738 2.271408 4.216898 8.438425 0.200000
87 54.752998 70.974411 0.000000 7.008809 1.358898 2.321112 4.387994 8.999491 0.200000
88 54.693184 70.823456 0.000000 6.657273 1.302964 2.130873 3.826503 7.405939 0.250000
89 54.675156 70.736641 0.000000 6.319407 1.324341 2.199697 4.026718 7.976441 0.309045
90 54.859612 70.255325 0.000000 5.815042 1.336491 2.238708 4.128573 8.220776 0.250000
91 54.913818 69.907257 0.000000 5.698209 1.368479 2.359128 4.510436 9.365801 0.250128
93 53.960598 70.386711 0.000000 4.652177 1.342317 2.253043 4.157792 8.273698 0.250000
94 53.671902 70.304092 0.000000 4.432465 1.318315 2.166743 3.887605 7.464947 0.200000
96 53.437134 70.538109 0.000000 2.944405 1.262557 1.997481 3.454741 6.418261 0.202591
98 53.780720 69.869972 0.000000 1.518678 1.291504 2.126366 3.879049 7.697938 0.203984
