%% Trajectory 10
%% frame x (pixel)     y (pixel)    z (pixel)      m0         m1           m2           m3           m4           s 
10 48.419395 16.565941 0.000000 0.746232 1.322566 2.213999 4.113843 8.338293 0.190719
11 48.350895 16.409294 0.000000 1.052764 1.258438 2.013239 3.555826 6.825644 0.169370
12 48.330265 16.536280 0.000000 1.192248 1.287921 2.085085 3.705234 7.100972 0.168460
13 48.567261 16.661839 0.000000 1.143065 1.347229 2.270645 4.220468 8.489664 0.329207
14 48.422745 16.693069 0.000000 1.282276 1.250847 1.967792 3.385058 6.258246 0.175804
15 48.377617 16.542818 0.000000 1.549044 1.274355 2.035784 3.552186 6.644731 0.174907
16 48.199192 16.579958 0.000000 1.409589 1.265856 2.011886 3.495112 6.517056 0.166720
17 48.459946 16.699022 0.000000 1.440615 1.267069 2.015035 3.502632 6.536295 0.168417
18 48.327507 16.628843 0.000000 1.678192 1.286338 2.099705 3.793876 7.465519 0.196942
19 48.360882 16.648123 0.000000 1.643499 1.309882 2.145615 3.842740 7.379511 0.216455
20 48.429115 16.584970 0.000000 1.621979 1.239386 1.934949 3.305167 6.075208 0.166710
21 48.376907 16.651505 0.000000 1.543811 1.241871 1.950222 3.349661 6.184307 0.226410
22 48.462685 16.501389 0.000000 1.710347 1.263342 2.012494 3.509536 6.579053 0.208810
23 48.361271 16.863070 0.000000 1.818747 1.313419 2.172192 3.958467 7.800251 0.282375
24 48.401768 17.038273 0.000000 1.877166 1.349146 2.284841 4.258310 8.553123 0.231521
25 48.720001 17.013916 0.000000 1.937515 1.335050 2.240693 4.141972 8.269337 0.305011
26 48.799019 17.127243 0.000000 1.801394 1.357433 2.305618 4.295115 8.594286 0.166671
27 48.855484 17.213087 0.000000 1.767930 1.324635 2.188673 3.971845 7.772376 0.166770
28 48.797787 17.313480 0.000000 1.690283 1.289358 2.084869 3.679635 6.948747 0.167136
29 49.280682 17.289791 0.000000 1.708397 1.275449 2.046818 3.604826 6.845948 0.166667
31 49.203064 17.797239 0.000000 1.815129 1.356291 2.300008 4.296404 8.671156 0.200297
32 49.332375 17.663023 0.000000 1.738928 1.275374 2.046650 3.611466 6.892611 0.166667
33 49.065907 17.564638 0.000000 1.148351 1.330360 2.258532 4.282320 8.896619 0.263714
34 49.193760 17.869801 0.000000 0.837325 1.270103 2.073001 3.784042 7.603072 0.171481
35 49.508972 17.676403 0.000000 1.222685 1.324122 2.181694 3.930588 7.595080 0.213553
37 50.513855 16.691708 0.000000 0.934077 1.371324 2.333734 4.387673 8.947131 0.197031
