%% Trajectory 16
%% frame x (pixel)     y (pixel)    z (pixel)      m0         m1           m2           m3           m4           s 
49 30.610729 49.589672 0.000000 0.807192 1.309721 2.141821 3.830983 7.350737 0.141272
50 30.283693 49.613338 0.000000 0.846941 1.307950 2.162868 3.958161 7.876558 0.166674
51 30.842220 49.171139 0.000000 0.872145 1.377537 2.414823 4.744841 10.229733 0.130318
52 30.486580 49.090973 0.000000 0.888720 1.322607 2.186460 3.964698 7.730949 0.166894
53 30.188910 49.354847 0.000000 0.931019 1.457670 2.662663 5.392182 11.824881 0.170376
54 30.492449 49.181110 0.000000 1.128882 1.372410 2.395009 4.672176 9.974175 0.169718
55 30.331285 49.292950 0.000000 1.057078 1.324618 2.212489 4.092820 8.234030 0.206276
56 30.682789 49.397408 0.000000 1.701523 1.383867 2.385444 4.530638 9.292924 0.145428
57 30.646633 49.481152 0.000000 1.721766 1.310172 2.151822 3.880445 7.543880 0.325173
58 30.652435 49.221386 0.000000 1.448960 1.323621 2.200650 4.032670 7.998716 0.200012
59 30.496336 49.455090 0.000000 1.706639 1.352802 2.281660 4.216196 8.367588 0.209014
60 30.641701 49.191303 0.000000 2.125800 1.327881 2.210248 4.042154 7.968447 0.328304
61 30.626684 49.249630 0.000000 1.857315 1.390874 2.441113 4.770306 10.165024 0.203991
62 30.645599 49.278236 0.000000 2.131202 1.344732 2.249535 4.119514 8.095913 0.214182
63 30.727285 49.184513 0.000000 2.347459 1.329980 2.225190 4.115786 8.265235 0.372358
64 30.505518 49.172993 0.000000 2.176286 1.302717 2.115900 3.747944 7.098305 0.202308
65 30.543034 49.209229 0.000000 2.658055 1.294805 2.091694 3.687318 6.957119 0.215219
66 30.737438 49.242176 0.000000 2.479697 1.310688 2.152598 3.879649 7.530848 0.238546
67 30.716124 49.113049 0.000000 2.425392 1.336972 2.249748 4.177774 8.398376 0.234851
68 30.556555 49.126202 0.000000 2.514348 1.345051 2.261648 4.179232 8.320105 0.200002
69 30.562847 49.076141 0.000000 2.569076 1.312827 2.169932 3.956025 7.814878 0.200671
70 30.817249 49.064285 0.000000 2.700434 1.363685 2.337842 4.429080 9.085216 0.247996
71 30.748592 48.941597 0.000000 2.687593 1.366905 2.342433 4.426381 9.036278 0.236212
72 30.551010 48.893448 0.000000 2.144109 1.287818 2.080022 3.673364 6.958823 0.166667
73 30.816172 48.763298 0.000000 2.648421 1.361274 2.318668 4.353176 8.834099 0.230165
74 31.177143 48.941635 0.000000 2.247361 1.387782 2.418387 4.668052 9.772210 0.232792
75 31.288767 48.827477 0.000000 2.539737 1.335893 2.223570 4.052849 7.930997 0.262280
76 31.591120 48.936680 0.000000 2.380634 1.389242 2.420722 4.661524 9.715807 0.169713
77 31.742994 48.847923 0.000000 2.026409 1.366230 2.343138 4.440922 9.117992 0.200108
78 31.863491 48.739353 0.000000 2.111910 1.360905 2.331321 4.431057 9.163943 0.202342
79 32.387550 48.850822 0.000000 2.383575 1.309178 2.145429 3.858333 7.475193 0.200000
80 32.424561 49.363117 0.000000 1.934415 1.363278 2.341920 4.465664 9.271808 0.166667
81 32.591972 49.720577 0.000000 1.900783 1.394295 2.453162 4.807060 10.270587 0.250030
82 32.501122 49.171467 0.000000 1.509247 1.418671 2.519742 4.949083 10.509212 0.184378
83 32.465405 49.281750 0.000000 1.474347 1.434657 2.580638 5.143908 11.111066 0.200000
84 32.840527 48.937885 0.000000 1.143563 1.424305 2.534228 5.002793 10.720239 0.200005
