%% Trajectory 14
%% frame x (pixel)     y (pixel)    z (pixel)      m0         m1           m2           m3           m4           s 
71 42.573872 48.095299 0.000000 1.345036 1.305817 2.209394 4.248405 9.114480 0.166667
72 42.608463 48.277538 0.000000 1.104610 1.169854 1.753885 2.911788 5.315913 0.166667
73 42.551544 48.047962 0.000000 1.493243 1.296466 2.180841 4.133033 8.668806 0.166667
74 42.412621 48.057571 0.000000 2.004134 1.282785 2.087409 3.758923 7.362493 0.166667
75 42.433701 47.950371 0.000000 2.169371 1.309662 2.189955 4.070681 8.257790 0.166667
76 42.463833 48.253227 0.000000 2.320063 1.246739 1.962641 3.395878 6.359966 0.142857
77 42.584465 48.153625 0.000000 2.504126 1.271148 2.026571 3.532830 6.612063 0.166667
78 42.588818 48.186943 0.000000 2.786615 1.239937 1.936921 3.309400 6.082584 0.142857
79 42.647724 48.372772 0.000000 3.302216 1.315047 2.172510 3.958987 7.819273 0.121895
80 42.582623 48.283463 0.000000 3.233481 1.337029 2.240508 4.144111 8.308484 0.259179
81 42.574425 48.391991 0.000000 3.333954 1.280849 2.070653 3.685079 7.097582 0.125000
82 42.678970 48.371071 0.000000 4.141421 1.278688 2.045610 3.574244 6.695094 0.142857
83 42.576672 48.189354 0.000000 3.769199 1.301376 2.129292 3.827956 7.420464 0.125000
84 42.490700 48.425236 0.000000 3.390413 1.342823 2.266166 4.227462 8.557958 0.142867
85 42.387993 48.130630 0.000000 3.476073 1.330640 2.243048 4.200002 8.573036 0.224495
86 42.618595 48.391499 0.000000 4.088913 1.349261 2.294640 4.332061 8.907141 0.166686
87 42.482334 48.421352 0.000000 3.997558 1.338997 2.278349 4.322605 8.976187 0.166667
88 42.616383 48.333118 0.000000 3.363172 1.379896 2.406721 4.673213 9.898460 0.413806
89 42.692284 48.033180 0.000000 3.472782 1.335843 2.298779 4.445287 9.467606 0.276053
90 42.961243 48.332218 0.000000 4.086899 1.445495 2.639092 5.369251 11.881357 0.200028
92 43.337692 47.746475 0.000000 3.284912 1.347527 2.357612 4.676105 10.277761 0.166973
93 43.485935 47.716286 0.000000 4.050366 1.368838 2.398730 4.727229 10.252566 0.199841
95 43.979034 46.286503 0.000000 3.269680 1.385059 2.456818 4.898947 10.723110 0.142873
96 44.237400 46.524265 0.000000 2.735754 1.327968 2.251175 4.262515 8.849584 0.125695
98 44.187176 45.161217 0.000000 2.667296 1.545798 2.956788 6.243545 14.190581 0.166667
99 44.344997 45.405411 0.000000 1.833824 1.551552 2.997279 6.422135 14.863165 0.142857
