%% Trajectory 15
%% frame x (pixel)     y (pixel)    z (pixel)      m0         m1           m2           m3           m4           s 
48 41.640701 52.740025 0.000000 0.827079 1.246318 1.972904 3.418880 6.366416 0.200000
50 41.608768 52.320667 0.000000 1.212404 1.289834 2.090897 3.714453 7.099455 0.200000
51 41.138794 52.238018 0.000000 1.414277 1.316708 2.184798 4.011094 7.998956 0.200022
52 40.976151 52.454967 0.000000 1.592811 1.316925 2.192254 4.020358 7.965643 0.200035
53 41.041103 52.319817 0.000000 1.538019 1.344926 2.239662 4.072526 7.923782 0.166683
54 41.270660 52.385632 0.000000 2.066606 1.318176 2.170914 3.904851 7.516903 0.200348
55 41.253254 52.469700 0.000000 1.815769 1.262472 2.011731 3.504079 6.547606 0.166697
56 41.198067 52.429695 0.000000 1.951005 1.243140 1.948563 3.341080 6.160136 0.200002
57 41.103596 52.455376 0.000000 2.673214 1.283721 2.087997 3.758355 7.365712 0.170154
58 41.205868 52.284393 0.000000 2.733361 1.346399 2.268101 4.204114 8.409687 0.374916
59 41.209156 52.311138 0.000000 2.990618 1.339294 2.253502 4.189016 8.446154 0.263423
60 41.019630 52.231800 0.000000 2.712426 1.349031 2.298959 4.351256 8.971374 0.250464
61 41.007046 52.136562 0.000000 3.070321 1.375111 2.380392 4.575987 9.570502 0.253447
62 40.705803 52.204922 0.000000 2.979396 1.346234 2.261374 4.170450 8.279290 0.342659
63 40.887371 52.040752 0.000000 3.628793 1.412886 2.490216 4.832222 10.101455 0.200858
64 40.960613 52.251137 0.000000 3.833607 1.360312 2.340502 4.474591 9.313271 0.489241
65 40.803951 52.206799 0.000000 4.006657 1.355585 2.297537 4.278465 8.580229 0.403906
66 40.989624 52.175293 0.000000 4.246251 1.410446 2.505779 4.947882 10.619553 0.250000
67 41.046215 52.217213 0.000000 4.517433 1.413611 2.513516 4.969787 10.690057 0.250000
68 41.101486 52.270275 0.000000 4.964778 1.375175 2.374206 4.531299 9.366171 0.250000
69 41.169094 52.236233 0.000000 5.467781 1.341586 2.266953 4.239187 8.607905 0.250000
70 41.251945 52.296715 0.000000 6.117403 1.337706 2.236602 4.110568 8.146687 0.166667
71 41.298061 52.316952 0.000000 5.857506 1.340435 2.245624 4.135148 8.211038 0.166667
72 41.413292 52.209270 0.000000 6.369967 1.354967 2.289186 4.245577 8.473413 0.250000
73 41.426468 52.213314 0.000000 6.586196 1.346755 2.256665 4.138480 8.141466 0.200000
74 41.468800 52.122795 0.000000 6.809889 1.384798 2.387273 4.521804 9.216537 0.250000
75 41.698395 52.236198 0.000000 7.410472 1.349384 2.265970 4.167090 8.225309 0.200000
76 41.777760 52.161228 0.000000 7.095329 1.365428 2.319977 4.322783 8.654243 0.200000
77 41.924587 52.182705 0.000000 6.901495 1.407283 2.466690 4.760623 9.902096 0.125000
78 42.003799 51.898113 0.000000 6.115802 1.389064 2.425534 4.688650 9.820501 0.125000
79 42.084682 51.962128 0.000000 5.978421 1.392990 2.441737 4.744162 9.998505 0.142857
80 42.233307 51.789577 0.000000 6.022132 1.321140 2.189360 3.991175 7.854715 0.166667
81 42.287971 51.724373 0.000000 5.522940 1.304144 2.137473 3.844781 7.449090 0.200000
82 42.383175 51.549007 0.000000 4.773159 1.311145 2.150900 3.866804 7.474454 0.166667
83 42.474232 51.590977 0.000000 4.890292 1.316999 2.164147 3.883487 7.458878 0.142857
84 42.629040 51.450817 0.000000 4.049098 1.304092 2.127288 3.791179 7.237265 0.166667
85 42.906372 51.246574 0.000000 4.242928 1.366592 2.331217 4.375497 8.851611 0.166667
87 43.330921 51.488884 0.000000 2.498713 1.321223 2.178737 3.934184 7.626950 0.157829
89 43.726448 50.971203 0.000000 0.846429 1.328938 2.286133 4.406580 9.291553 0.112498
90 43.048550 50.921864 0.000000 0.746427 1.346413 2.307284 4.389215 9.066736 0.146197
92 43.083733 50.741413 0.000000 0.457259 1.071869 1.513549 2.351609 4.003538 0.166667
