%% Trajectory 7
%% frame x (pixel)     y (pixel)    z (pixel)      m0         m1           m2           m3           m4           s 
9 58.450661 33.903450 0.000000 1.023718 1.443408 2.622737 5.290024 11.566921 0.279254
11 58.079601 33.568981 0.000000 1.168498 1.396168 2.424788 4.625854 9.487757 0.202152
12 57.615299 33.679115 0.000000 1.078860 1.316078 2.170864 3.955637 7.823422 0.241138
13 57.645988 33.457790 0.000000 1.105500 1.482281 2.764908 5.720245 12.776373 0.200598
14 57.758457 33.311676 0.000000 0.999976 1.372817 2.377590 4.589673 9.670547 0.200000
15 57.535965 33.514565 0.000000 1.359708 1.336277 2.283498 4.350738 9.044333 0.250000
16 57.618347 34.144939 0.000000 1.096358 1.342051 2.262350 4.231187 8.613503 0.218837
17 57.573662 33.910812 0.000000 1.291774 1.434031 2.589705 5.211020 11.407147 0.326958
18 57.506660 33.954651 0.000000 1.150550 1.374135 2.411528 4.750835 10.269412 0.200000
19 57.828171 33.806366 0.000000 1.275029 1.402279 2.485552 4.926287 10.682595 0.201939
21 57.127785 34.117374 0.000000 1.327471 1.366051 2.341994 4.452490 9.203182 0.321900
22 56.998787 34.131153 0.000000 1.557496 1.371995 2.369981 4.543666 9.460918 0.243338
23 57.317745 33.959351 0.000000 1.886715 1.359535 2.336194 4.459336 9.254927 0.233308
24 57.215878 34.152847 0.000000 2.335673 1.368250 2.326521 4.346939 8.753411 0.200000
25 56.944492 34.032631 0.000000 2.495667 1.367669 2.381462 4.625032 9.798491 0.200000
26 56.930878 34.117104 0.000000 2.765435 1.325733 2.232653 4.183053 8.549347 0.200000
27 56.969109 33.925865 0.000000 2.897490 1.398383 2.454410 4.766462 10.022949 0.250000
28 57.025784 34.175999 0.000000 3.011999 1.363230 2.355330 4.533736 9.520260 0.250000
29 56.911213 33.889488 0.000000 2.946221 1.388766 2.423474 4.675054 9.759846 0.250445
30 56.969963 34.002544 0.000000 2.938484 1.395576 2.456898 4.802834 10.192305 0.250000
31 57.002949 33.883041 0.000000 2.985405 1.381588 2.396631 4.596473 9.544220 0.166667
32 56.924416 33.930538 0.000000 3.547112 1.395446 2.445516 4.746774 9.986671 0.166667
33 56.762650 34.221752 0.000000 3.166766 1.365997 2.343715 4.447604 9.147622 0.142857
34 56.901711 34.136345 0.000000 3.045761 1.381133 2.408667 4.679398 9.911829 0.142857
35 56.776825 34.040279 0.000000 3.037791 1.348045 2.301900 4.369350 9.036163 0.170324
36 56.813553 33.981297 0.000000 3.453395 1.385708 2.411570 4.653808 9.750943 0.142859
37 56.913841 34.099430 0.000000 3.270906 1.358527 2.331780 4.447354 9.232494 0.203260
38 56.837433 34.073307 0.000000 3.585402 1.313770 2.181185 4.006288 7.986991 0.125297
39 56.795883 34.092968 0.000000 3.269100 1.369377 2.360709 4.516744 9.397130 0.125016
40 56.863377 33.867062 0.000000 3.139236 1.380151 2.387110 4.558578 9.416512 0.125751
41 56.798527 33.968975 0.000000 2.781526 1.370692 2.374855 4.583480 9.649984 0.111625
42 56.892464 34.068329 0.000000 2.752575 1.374551 2.381372 4.581632 9.584672 0.125272
43 56.951458 33.700890 0.000000 2.827315 1.372044 2.356107 4.459103 9.111825 0.142947
44 56.894733 33.880390 0.000000 3.295806 1.355612 2.308660 4.331695 8.774223 0.166056
45 56.817081 34.152031 0.000000 3.289786 1.337698 2.270193 4.287846 8.840268 0.189416
46 56.803944 34.288864 0.000000 3.472195 1.323215 2.211092 4.083911 8.178745 0.155732
47 56.874470 34.390305 0.000000 3.558912 1.296820 2.121908 3.826006 7.465867 0.156394
48 56.856804 34.369682 0.000000 3.558089 1.322878 2.214812 4.112632 8.315153 0.133847
49 56.579731 34.687160 0.000000 2.896796 1.283034 2.060796 3.614690 6.792829 0.111127
50 56.518078 34.770157 0.000000 3.178794 1.322499 2.189002 3.983822 7.825518 0.325888
51 56.582001 34.878525 0.000000 3.464231 1.322619 2.188748 3.979522 7.798969 0.160691
53 55.798542 35.740192 0.000000 2.694222 1.382042 2.393354 4.576060 9.462048 0.125000
54 56.055408 36.048107 0.000000 2.601890 1.412613 2.516591 4.975925 10.665516 0.112898