%% Trajectory 19
%% frame x (pixel)     y (pixel)    z (pixel)      m0         m1           m2           m3           m4           s 
39 85.213997 76.628456 0.000000 1.923757 1.308089 2.148773 3.882174 7.574378 0.125115
40 85.167229 76.865051 0.000000 2.231109 1.360157 2.306049 4.287117 8.559682 0.143479
41 85.117599 76.896996 0.000000 2.527231 1.396103 2.437467 4.695796 9.773661 0.142857
42 85.071854 76.671799 0.000000 2.647230 1.293837 2.108926 3.785075 7.350344 0.176084
43 85.429863 76.841843 0.000000 2.495379 1.292878 2.090953 3.698325 7.019364 0.214314
44 85.068382 76.917221 0.000000 3.009605 1.353948 2.313457 4.376588 8.983364 0.120506
45 85.028221 76.846596 0.000000 2.626099 1.354668 2.326265 4.437336 9.215990 0.145499
46 85.079521 77.028969 0.000000 3.257564 1.379478 2.391315 4.581210 9.493244 0.125071
47 84.974129 76.904854 0.000000 3.456746 1.347352 2.300719 4.365381 9.018095 0.211710
48 85.130127 76.779564 0.000000 3.748323 1.290305 2.102216 3.779468 7.368947 0.180959
49 85.057556 76.782990 0.000000 3.386554 1.321822 2.212480 4.101549 8.264506 0.166672
50 85.108093 76.697365 0.000000 3.282109 1.263384 2.017457 3.544708 6.738896 0.142938
52 84.930786 76.404755 0.000000 4.083803 1.276665 2.068479 3.714383 7.277569 0.200000
53 84.771271 76.316124 0.000000 3.918595 1.278840 2.059483 3.640374 6.939711 0.166667
54 84.577576 76.119781 0.000000 3.772487 1.299714 2.117372 3.777630 7.240090 0.200000
55 84.625633 75.820877 0.000000 3.577123 1.321215 2.200130 4.027522 7.942511 0.236945
56 84.526924 75.756439 0.000000 3.469141 1.297569 2.112183 3.771445 7.249190 0.201015
57 84.570358 75.664207 0.000000 3.943306 1.332684 2.232791 4.122983 8.230306 0.203480
58 84.571701 75.633781 0.000000 4.223700 1.364916 2.344102 4.454141 9.179497 0.200000
59 84.400291 75.656433 0.000000 3.950288 1.389237 2.428474 4.709121 9.921200 0.212028
60 84.522469 75.377426 0.000000 3.772986 1.384624 2.422387 4.711738 9.975335 0.223155
61 84.560326 75.180656 0.000000 3.423357 1.420670 2.521954 4.949297 10.504377 0.172010
62 84.209000 75.223450 0.000000 3.105807 1.388979 2.445960 4.810763 10.345776 0.142858
63 83.718483 75.122101 0.000000 2.517442 1.450307 2.637213 5.314707 11.594687 0.261387
64 83.487595 75.144073 0.000000 2.603455 1.488147 2.774450 5.739443 12.852225 0.166667
65 83.510429 74.912872 0.000000 2.082090 1.396458 2.463440 4.816527 10.202342 0.171721
66 83.359085 74.660622 0.000000 1.552376 1.564205 3.019592 6.440998 14.794252 0.166667
68 83.593163 74.111618 0.000000 1.959348 1.623073 3.240494 7.129134 16.834436 0.166667
