%% Trajectory 12
%% frame x (pixel)     y (pixel)    z (pixel)      m0         m1           m2           m3           m4           s 
12 51.395397 48.990482 0.000000 2.079304 1.515453 2.871799 6.041477 13.749485 0.166667
14 50.589527 48.761215 0.000000 1.819169 1.255797 1.983066 3.430150 6.388983 0.200000
15 50.817951 48.816883 0.000000 1.896815 1.340026 2.274073 4.288531 8.814365 0.200000
16 50.607422 48.703270 0.000000 2.165270 1.314804 2.201571 4.120224 8.472084 0.200663
17 51.138100 48.749931 0.000000 1.863449 1.423513 2.589885 5.276285 11.736501 0.285285
18 50.675877 48.832836 0.000000 1.658516 1.327090 2.248590 4.235897 8.703388 0.168559
19 50.737560 48.675652 0.000000 2.260149 1.341150 2.281654 4.322217 8.947345 0.200000
20 50.819874 48.637577 0.000000 2.357275 1.289806 2.115699 3.864378 7.735912 0.166667
21 50.683128 48.724350 0.000000 2.884787 1.270476 2.041884 3.629567 7.026837 0.166667
22 50.802441 48.767242 0.000000 2.864576 1.343914 2.284376 4.309498 8.850102 0.166667
23 50.890255 48.770363 0.000000 3.527641 1.312108 2.179546 4.009151 8.020839 0.200000
24 50.887268 48.721680 0.000000 4.078617 1.355433 2.304955 4.321255 8.758882 0.166667
25 51.098862 48.763378 0.000000 3.974859 1.378059 2.410082 4.701100 10.009295 0.142857
26 50.998672 48.647892 0.000000 4.017636 1.334412 2.273459 4.318784 8.972572 0.200000
27 51.167744 48.749908 0.000000 4.445729 1.352124 2.313948 4.393381 9.069420 0.200000
28 50.990540 48.709633 0.000000 4.757619 1.347549 2.297105 4.353956 9.002916 0.166667
29 51.231277 48.636360 0.000000 5.197547 1.371007 2.363146 4.513512 9.363409 0.166668
30 51.085426 48.545784 0.000000 5.004179 1.326177 2.211666 4.059836 8.045306 0.166667
31 51.176540 48.785492 0.000000 5.376247 1.333809 2.238026 4.147058 8.325452 0.166667
32 51.140034 48.683395 0.000000 5.837608 1.351295 2.295414 4.307966 8.761179 0.320145
33 51.228703 48.611126 0.000000 6.481285 1.366286 2.341208 4.435419 9.109314 0.166667
34 51.472912 48.730282 0.000000 6.111363 1.330714 2.224676 4.102882 8.195188 0.166672
35 51.547821 48.413815 0.000000 6.733724 1.332531 2.214141 4.031686 7.889953 0.166667
36 51.581928 48.436001 0.000000 7.043904 1.332029 2.221462 4.073379 8.059232 0.166667
37 51.673237 48.361832 0.000000 6.700262 1.333037 2.225699 4.087349 8.100789 0.166667
38 51.857868 48.307739 0.000000 6.565744 1.372924 2.366135 4.513308 9.337477 0.166667
39 51.770805 48.377022 0.000000 6.328795 1.368061 2.344384 4.440559 9.116179 0.166667
41 52.398228 48.280437 0.000000 6.537376 1.422443 2.525676 4.961386 10.559690 0.142857
42 52.426075 48.456818 0.000000 6.679023 1.425680 2.544666 5.039570 10.842760 0.142857
43 51.947235 48.527500 0.000000 6.552889 1.391261 2.433704 4.727238 9.987852 0.142857
44 52.136887 48.415073 0.000000 5.959798 1.439354 2.592005 5.177270 11.222528 0.166667
45 51.981476 48.408298 0.000000 5.010371 1.426587 2.560121 5.116501 11.134080 0.166667
46 51.727879 48.597172 0.000000 5.799603 1.377447 2.384445 4.577463 9.554850 0.166667
47 51.721237 48.858902 0.000000 5.139786 1.403557 2.464206 4.795101 10.126768 0.166667
48 51.739708 48.793312 0.000000 4.381288 1.395942 2.444070 4.739198 9.963721 0.199406
49 51.755505 48.844177 0.000000 4.603508 1.414760 2.500838 4.891940 10.363042 0.176072
50 51.765942 48.509102 0.000000 4.755127 1.374070 2.357014 4.460897 9.137475 0.203527
51 51.661793 48.400875 0.000000 4.691792 1.367134 2.343172 4.435995 9.098048 0.210191
52 51.595184 48.198704 0.000000 4.764576 1.335130 2.223947 4.064827 7.995885 0.346834
53 51.588585 48.107109 0.000000 4.628354 1.378221 2.369533 4.487153 9.175392 0.200142
54 51.672096 48.140240 0.000000 4.725550 1.368784 2.346701 4.442319 9.100475 0.200056
55 51.628189 48.273247 0.000000 4.932627 1.327719 2.202554 4.012601 7.879089 0.319522
56 51.701649 48.278625 0.000000 4.940539 1.334098 2.244025 4.170681 8.400515 0.213043
58 51.899673 47.774139 0.000000 6.432383 1.398277 2.438222 4.677538 9.666591 0.200000
59 51.937977 48.067169 0.000000 6.626761 1.402251 2.475845 4.855998 10.349424 0.166667
60 51.948250 48.086987 0.000000 6.330496 1.429019 2.551643 5.050407 10.834914 0.166667
61 51.958008 48.176510 0.000000 6.293618 1.421403 2.520372 4.940524 10.475053 0.200000
63 52.325260 48.094090 0.000000 5.451517 1.416425 2.505008 4.901754 10.395205 0.166685
64 52.389473 47.646385 0.000000 6.098927 1.415634 2.506808 4.916584 10.458322 0.166667
65 52.591396 47.612820 0.000000 5.842362 1.393900 2.436582 4.717943 9.918797 0.166667
66 52.745342 47.392906 0.000000 5.811921 1.432710 2.561602 5.074710 10.905138 0.200000
68 53.088558 47.773300 0.000000 4.309525 1.400915 2.467891 4.819713 10.207778 0.168605
69 52.818195 47.418831 0.000000 4.616376 1.401025 2.458072 4.781715 10.106205 0.145420
70 52.695824 47.619938 0.000000 4.516288 1.382274 2.392006 4.579368 9.506570 0.142866
73 53.972801 49.875969 0.000000 2.450474 1.425265 2.568642 5.150376 11.216268 0.142857
75 54.728146 50.512939 0.000000 1.811270 1.629752 3.247988 7.120594 16.704296 0.146455
78 55.865250 48.036594 0.000000 0.900998 1.347677 2.308771 4.399515 9.120345 0.205583
