%% Trajectory 8
%% frame x (pixel)     y (pixel)    z (pixel)      m0         m1           m2           m3           m4           s 
7 17.640478 55.164539 0.000000 1.523196 1.245490 1.965135 3.420839 6.474900 0.166667
8 17.164713 54.999973 0.000000 1.480415 1.279301 2.109079 3.894172 7.907351 0.166667
9 17.193298 54.902275 0.000000 1.452626 1.248221 1.993545 3.537737 6.863957 0.166667
10 17.030106 55.180996 0.000000 1.875692 1.326387 2.225515 4.130190 8.316333 0.166668
11 17.098730 55.078773 0.000000 1.791398 1.360132 2.362339 4.556717 9.536998 0.224896
12 17.172949 55.011177 0.000000 2.212404 1.303823 2.162035 3.984257 8.005505 0.169154
13 17.159157 55.076729 0.000000 1.976564 1.317067 2.233290 4.240598 8.830428 0.235855
14 17.082031 55.154884 0.000000 1.847672 1.299852 2.111470 3.742994 7.097470 0.166667
15 17.177004 55.091763 0.000000 2.142598 1.329777 2.264318 4.301427 8.920687 0.182481
16 17.208364 55.002800 0.000000 2.388914 1.292726 2.130871 3.895500 7.748252 0.167291
17 17.208416 55.008282 0.000000 2.230474 1.281613 2.089065 3.768315 7.386537 0.363645
18 17.269447 54.957901 0.000000 2.405307 1.276396 2.075738 3.748286 7.385856 0.168774
19 17.061676 54.881653 0.000000 2.351664 1.303996 2.155953 3.940117 7.807736 0.175114
20 16.964844 54.958134 0.000000 2.079712 1.338361 2.275011 4.283360 8.745985 0.150637
21 17.109997 54.773926 0.000000 2.582543 1.273893 2.050586 3.636816 6.986755 0.209985
22 17.159569 54.789623 0.000000 2.619940 1.273837 2.048043 3.625365 6.944461 0.166667
23 17.033783 54.734520 0.000000 2.811059 1.337184 2.248988 4.184194 8.450973 0.166667
24 17.043594 54.820702 0.000000 2.579409 1.350327 2.300736 4.341773 8.898793 0.144031
25 16.868048 54.741673 0.000000 2.469923 1.309803 2.140593 3.829305 7.353332 0.166909
26 16.967695 54.846249 0.000000 2.706662 1.318334 2.183716 3.982217 7.838710 0.268627
27 16.979168 54.709805 0.000000 3.256327 1.340384 2.271825 4.265272 8.697480 0.200000
28 17.012135 54.682056 0.000000 2.387065 1.291244 2.108359 3.811625 7.504036 0.189555
29 17.090004 54.862652 0.000000 2.874439 1.301191 2.146885 3.915484 7.745066 0.201291
30 16.906464 54.753666 0.000000 2.637848 1.282278 2.068280 3.653622 6.936135 0.239124
31 17.036797 54.675709 0.000000 2.723740 1.334456 2.234010 4.117885 8.194895 0.268285
32 17.122152 54.819603 0.000000 2.629342 1.291756 2.112966 3.802751 7.387242 0.224060
33 16.904924 54.775002 0.000000 3.135102 1.335492 2.231037 4.093959 8.091423 0.166757
34 16.945324 54.643875 0.000000 3.090879 1.317547 2.173554 3.929107 7.631346 0.205417
35 16.920422 54.730820 0.000000 2.716434 1.348795 2.273322 4.209478 8.395394 0.226554
36 16.966045 54.610920 0.000000 2.624511 1.302592 2.149643 3.922649 7.771515 0.166668
37 16.916780 54.702473 0.000000 2.554640 1.316300 2.177442 3.958828 7.758165 0.142858
38 16.671360 54.687366 0.000000 3.062491 1.290903 2.081199 3.663258 6.906982 0.258915
39 16.753750 54.556080 0.000000 2.908486 1.311350 2.156509 3.887792 7.538224 0.166704
40 17.045279 54.664783 0.000000 2.709039 1.323034 2.201333 4.048064 8.072049 0.194473
41 16.826851 54.653656 0.000000 3.195037 1.270215 2.019874 3.510801 6.550264 0.143061
42 17.020121 54.611145 0.000000 3.108570 1.350522 2.302175 4.350372 8.936889 0.128672
43 16.871119 54.627319 0.000000 2.879096 1.316411 2.167102 3.906889 7.565206 0.173560
44 16.711922 54.652767 0.000000 2.874494 1.281113 2.059685 3.616755 6.804345 0.154949
45 16.888472 54.824032 0.000000 2.832644 1.313060 2.171799 3.962292 7.827931 0.250967
46 16.601986 54.482117 0.000000 2.828130 1.292996 2.101943 3.757149 7.256850 0.211714
47 16.530886 54.476757 0.000000 3.392783 1.289694 2.079133 3.659180 6.896208 0.178900
48 16.283768 54.496586 0.000000 2.644520 1.288365 2.092030 3.752281 7.314243 0.178662
49 16.622614 54.164715 0.000000 2.761755 1.329412 2.207757 4.021404 7.883385 0.142860
50 16.711489 53.949211 0.000000 2.969175 1.335298 2.240216 4.140695 8.265468 0.144620
51 16.845806 53.915077 0.000000 3.014452 1.351806 2.292607 4.294154 8.705747 0.125000
52 16.813271 53.772091 0.000000 2.448236 1.325639 2.201404 4.010633 7.858627 0.158453
53 16.885056 53.553570 0.000000 2.525729 1.346411 2.243609 4.077546 7.917887 0.223650
55 17.538662 54.004383 0.000000 1.902573 1.372753 2.372225 4.525276 9.330070 0.207174
56 17.605862 54.400738 0.000000 1.649031 1.276307 2.053039 3.635668 6.971419 0.159908
