%% Trajectory 11
%% frame x (pixel)     y (pixel)    z (pixel)      m0         m1           m2           m3           m4           s 
15 64.682144 54.343121 0.000000 1.780511 1.303858 2.138401 3.864413 7.554382 0.366543
16 64.578941 54.523907 0.000000 2.172084 1.246241 1.954753 3.354446 6.192448 0.200000
17 64.506447 54.362087 0.000000 2.103151 1.273923 2.043102 3.595850 6.824755 0.200000
18 64.828659 54.549404 0.000000 2.353177 1.279654 2.055978 3.616875 6.839841 0.200000
19 64.758171 54.582642 0.000000 2.477828 1.280365 2.065265 3.668463 7.055879 0.166667
20 64.790009 54.612190 0.000000 2.336548 1.287565 2.077262 3.672945 6.990006 0.200000
21 64.728958 54.433804 0.000000 2.732122 1.299305 2.122360 3.814176 7.404716 0.166667
22 64.833832 54.631554 0.000000 2.432023 1.291378 2.115298 3.841531 7.604773 0.142858
23 64.835144 54.572800 0.000000 2.975508 1.277367 2.062760 3.671457 7.082189 0.259841
24 64.661133 54.631554 0.000000 3.313942 1.261736 1.997647 3.456627 6.420922 0.200000
25 64.779785 54.383606 0.000000 3.512766 1.311314 2.167105 3.953511 7.815606 0.200000
26 64.590256 54.532711 0.000000 3.669897 1.275335 2.039375 3.565766 6.692797 0.200000
27 64.708527 54.687851 0.000000 3.879513 1.280459 2.068954 3.680631 7.086977 0.200000
28 64.751366 54.830364 0.000000 3.579292 1.282130 2.071370 3.670395 7.001037 0.250000
29 64.688026 54.725025 0.000000 3.929291 1.285517 2.080754 3.704265 7.129253 0.250000
30 64.651352 54.786045 0.000000 3.726595 1.275365 2.042249 3.583743 6.770329 0.200000
31 64.700363 54.617153 0.000000 4.058489 1.282068 2.069151 3.669759 7.030009 0.200000
32 64.617310 54.756935 0.000000 3.787739 1.278687 2.052188 3.607465 6.821470 0.250000
33 64.619026 54.730507 0.000000 3.931648 1.265411 2.013713 3.513060 6.605418 0.200000
34 64.743248 54.697258 0.000000 4.061362 1.280954 2.068981 3.675593 7.059457 0.200000
35 64.746468 54.704491 0.000000 4.515136 1.312714 2.160804 3.909809 7.635857 0.166667
36 64.621925 54.715687 0.000000 4.262156 1.285979 2.068491 3.634639 6.846747 0.200000
37 64.627846 54.833305 0.000000 4.662519 1.306485 2.140238 3.847681 7.452482 0.142857
38 64.564201 54.839916 0.000000 4.896116 1.299032 2.114189 3.771154 7.236052 0.166667
39 64.477615 54.847614 0.000000 4.895300 1.345219 2.269203 4.219033 8.481091 0.166667
40 64.735573 54.762600 0.000000 4.469816 1.289583 2.094301 3.740684 7.220213 0.142857
41 64.614098 54.777416 0.000000 4.037311 1.289437 2.096231 3.747697 7.238536 0.142857
42 64.582809 54.852654 0.000000 4.395072 1.276143 2.051681 3.617389 6.869470 0.142857
43 64.547546 54.804142 0.000000 3.891241 1.269475 2.028616 3.557434 6.729902 0.142941
44 64.711151 54.872742 0.000000 4.315628 1.298973 2.128815 3.844510 7.512015 0.142864
45 64.634666 54.857964 0.000000 4.709261 1.272015 2.033274 3.556435 6.682840 0.166667
46 64.652153 54.777470 0.000000 4.419586 1.269055 2.031812 3.576972 6.809289 0.166667
47 64.667702 54.865494 0.000000 5.278778 1.286755 2.080907 3.689571 7.041575 0.145328
48 64.652542 54.694210 0.000000 5.078141 1.270432 2.032149 3.566652 6.751008 0.142937
49 64.831223 54.743835 0.000000 5.244688 1.283745 2.085279 3.742967 7.301625 0.166667
50 64.654755 54.814831 0.000000 5.280122 1.270358 2.034892 3.580975 6.805103 0.142857
51 64.532417 54.729431 0.000000 5.639289 1.241001 1.940607 3.319557 6.108062 0.142857
52 64.503937 54.694729 0.000000 5.535809 1.250839 1.966953 3.383222 6.257856 0.142857
53 64.310005 54.805553 0.000000 4.926125 1.280374 2.058906 3.623387 6.848680 0.175261
54 63.997280 54.752075 0.000000 5.438906 1.358241 2.335937 4.475673 9.365408 0.166668
55 63.726524 54.709408 0.000000 4.979464 1.307604 2.158283 3.936681 7.797241 0.166667
56 63.659794 54.947838 0.000000 4.361652 1.316488 2.182355 3.979196 7.826928 0.142875
57 63.536808 55.083500 0.000000 4.016327 1.268808 2.020742 3.517024 6.567263 0.142898
58 63.350056 55.143997 0.000000 4.648269 1.317524 2.182829 3.983536 7.860707 0.271573
59 63.168667 55.299335 0.000000 3.901507 1.319843 2.201125 4.069427 8.193894 0.166667
60 62.682041 54.969376 0.000000 3.416374 1.331604 2.245488 4.195718 8.521287 0.142857
61 62.817715 55.147923 0.000000 3.313133 1.302509 2.148487 3.924002 7.797035 0.200000
63 62.643559 55.130066 0.000000 2.478111 1.252026 1.979964 3.427410 6.378938 0.142857
64 62.455067 54.828377 0.000000 1.924696 1.273460 2.050904 3.629977 6.935607 0.125000
