%% Trajectory 7
%% frame x (pixel)     y (pixel)    z (pixel)      m0         m1           m2           m3           m4           s 
8 67.660156 35.220055 0.000000 1.197836 1.535398 2.936668 6.247485 14.411620 0.200000
11 68.679680 35.283119 0.000000 1.318855 1.487290 2.744595 5.617198 12.464356 0.179493
12 68.570091 35.356800 0.000000 1.524515 1.406858 2.459596 4.731853 9.815554 0.166706
13 68.576073 35.060131 0.000000 1.567229 1.466032 2.676118 5.417930 11.895936 0.250000
14 68.488579 34.922810 0.000000 1.213361 1.444274 2.588697 5.119701 10.922710 0.169588
16 68.460197 35.463558 0.000000 1.210517 1.553226 2.954777 6.202728 14.032675 0.340880
18 67.619392 35.349812 0.000000 1.538212 1.487319 2.733580 5.546891 12.150415 0.303709
19 68.018738 34.744709 0.000000 1.340173 1.498330 2.799263 5.781537 12.876170 0.200000
21 67.695152 34.977600 0.000000 1.408646 1.547811 2.931512 6.083595 13.507090 0.210002
22 67.616737 34.953602 0.000000 1.198114 1.432523 2.563580 5.088119 10.951747 0.142900
23 66.970749 35.221783 0.000000 1.310091 1.429474 2.592368 5.244710 11.544765 0.220311
24 67.412735 35.116257 0.000000 1.488929 1.465400 2.642813 5.236645 11.149229 0.166667
25 66.774361 35.427258 0.000000 1.397979 1.448099 2.602659 5.167964 11.085664 0.155174
26 66.758316 35.405834 0.000000 1.365708 1.478243 2.724924 5.562182 12.273990 0.200000
27 66.363411 35.418221 0.000000 1.582762 1.416933 2.528880 5.020474 10.848921 0.142857
28 66.447624 35.372501 0.000000 1.374633 1.370016 2.391001 4.655316 9.902039 0.142861
29 65.860939 35.468849 0.000000 1.582797 1.375013 2.373216 4.533136 9.387413 0.167493
30 65.689514 35.068310 0.000000 1.496741 1.429964 2.570785 5.141549 11.183191 0.200000
31 65.814285 35.162712 0.000000 1.428489 1.428199 2.589040 5.245309 11.594584 0.166667
33 65.821732 35.534241 0.000000 1.400111 1.385557 2.377179 4.473390 9.045012 0.201190
