%% Trajectory 9
%% frame x (pixel)     y (pixel)    z (pixel)      m0         m1           m2           m3           m4           s 
11 18.047874 60.650600 0.000000 1.422973 1.608826 3.186012 6.943752 16.227072 0.142857
12 17.886860 60.675564 0.000000 1.637706 1.417207 2.532653 5.029360 10.846646 0.111145
13 17.831934 60.505135 0.000000 2.228055 1.368765 2.356449 4.490036 9.281646 0.142857
14 17.869444 60.481503 0.000000 2.080054 1.429029 2.552174 5.045622 10.801762 0.166667
15 18.182188 61.118549 0.000000 2.192081 1.462573 2.660259 5.346005 11.595304 0.142858
16 17.926046 60.957905 0.000000 2.481141 1.439662 2.599201 5.199666 11.260944 0.142857
17 18.012812 60.642872 0.000000 2.985652 1.445785 2.612458 5.226294 11.310998 0.142857
18 18.122641 60.836288 0.000000 2.743407 1.440609 2.605242 5.236452 11.434754 0.142857
19 18.177496 60.683315 0.000000 3.202916 1.447850 2.627659 5.284953 11.510382 0.166667
20 18.144531 60.646629 0.000000 3.453795 1.369594 2.343328 4.410823 8.950604 0.142857
21 18.184460 60.861748 0.000000 3.635747 1.390849 2.407732 4.587480 9.428308 0.142857
22 18.248180 61.101906 0.000000 3.954264 1.417507 2.522666 4.985807 10.699381 0.142857
23 18.292847 60.894951 0.000000 4.189731 1.447222 2.599652 5.152074 11.022108 0.166676
24 18.301668 61.167023 0.000000 3.783516 1.439203 2.605981 5.251078 11.503013 0.166667
25 18.364889 61.230152 0.000000 4.133915 1.397659 2.454480 4.785426 10.136490 0.200000
26 18.462114 61.456825 0.000000 3.869839 1.375982 2.362202 4.467252 9.120023 0.142857
27 18.678371 61.501183 0.000000 4.375681 1.315832 2.152559 3.837479 7.305977 0.166667
28 18.666641 61.527348 0.000000 4.167572 1.315026 2.160876 3.886719 7.507248 0.200000
29 18.588930 61.556934 0.000000 4.400456 1.341351 2.233399 4.062158 7.910843 0.166667
30 18.599010 61.559456 0.000000 4.302279 1.324127 2.192951 3.996029 7.867933 0.200000
31 18.622829 61.991486 0.000000 4.063998 1.356423 2.313568 4.356448 8.874087 0.200000
32 19.061939 62.403015 0.000000 4.507043 1.380129 2.390648 4.578514 9.491572 0.200000
34 19.365046 62.372932 0.000000 3.486631 1.389475 2.422095 4.659582 9.677485 0.200000
35 19.316612 62.535961 0.000000 3.103701 1.370684 2.346185 4.424382 9.005801 0.166670
37 19.501766 62.725315 0.000000 1.572810 1.349665 2.311854 4.404061 9.152765 0.166667
38 19.959286 62.495575 0.000000 1.334988 1.451088 2.674268 5.492826 12.257979 0.149080
