%% Trajectory 22
%% frame x (pixel)     y (pixel)    z (pixel)      m0         m1           m2           m3           m4           s 
55 28.125277 54.809505 0.000000 2.206383 1.358455 2.330510 4.432893 9.160933 0.125305
56 28.039236 55.060783 0.000000 2.251088 1.415635 2.521031 4.986742 10.713109 0.126741
57 28.251701 54.849197 0.000000 2.387434 1.373010 2.378350 4.574583 9.568249 0.126147
59 28.305538 55.029572 0.000000 3.313671 1.402299 2.460568 4.773353 10.022726 0.125134
60 28.140568 54.957935 0.000000 3.648765 1.424169 2.544158 5.038177 10.814299 0.180549
61 28.089109 54.953011 0.000000 3.547979 1.422885 2.548980 5.069761 10.942307 0.148357
62 28.197178 55.025387 0.000000 3.817058 1.384423 2.409939 4.643602 9.696149 0.221854
63 28.043074 54.933262 0.000000 4.558642 1.394627 2.441339 4.732657 9.943095 0.142857
64 28.240866 54.952679 0.000000 4.690875 1.372805 2.366624 4.507895 9.291656 0.166667
65 28.150917 54.952888 0.000000 4.707133 1.397564 2.452565 4.771450 10.072599 0.166993
66 28.259642 54.881649 0.000000 4.996226 1.391150 2.430475 4.705467 9.885351 0.179222
67 28.185339 55.006973 0.000000 5.441850 1.410101 2.488091 4.851373 10.227229 0.166667
68 28.312954 54.929768 0.000000 5.711642 1.402721 2.465038 4.796047 10.113328 0.200000
69 28.194532 54.806648 0.000000 5.960064 1.366017 2.334556 4.398495 8.954097 0.200005
70 28.186535 54.919765 0.000000 6.326622 1.394827 2.435604 4.700116 9.814033 0.166667
71 28.167509 54.902340 0.000000 6.453150 1.382089 2.388289 4.548284 9.347800 0.166667
72 28.283033 54.823784 0.000000 6.890030 1.373783 2.358397 4.460992 9.110785 0.166667
73 28.190327 54.910301 0.000000 6.012893 1.382299 2.385143 4.534394 9.303511 0.142857
74 28.250011 54.804676 0.000000 6.914760 1.382448 2.392133 4.574281 9.470975 0.166667
75 28.304489 54.778698 0.000000 7.378453 1.371601 2.350273 4.438356 9.053498 0.142857
76 28.190224 54.746986 0.000000 6.956844 1.382763 2.392082 4.567995 9.434100 0.166667
77 28.164988 54.726261 0.000000 7.352901 1.361826 2.319484 4.349897 8.805390 0.200000
78 28.217810 54.820007 0.000000 6.810417 1.377851 2.378188 4.535521 9.364091 0.166667
79 28.229059 54.677845 0.000000 7.357960 1.372210 2.357764 4.472296 9.181943 0.166667
80 28.294207 54.725765 0.000000 7.578169 1.378152 2.373662 4.509931 9.265297 0.166667
81 28.256380 54.674168 0.000000 8.085372 1.365306 2.333269 4.397636 8.962789 0.166667
82 28.222031 54.725365 0.000000 7.638227 1.378939 2.371165 4.494898 9.206777 0.166667
83 28.199366 54.726948 0.000000 7.665634 1.349243 2.275714 4.222902 8.454622 0.200000
84 28.243135 54.739101 0.000000 8.014435 1.356508 2.294905 4.264191 8.530512 0.166667
85 28.285501 54.756027 0.000000 8.441141 1.379131 2.370389 4.486670 9.167683 0.200000
86 28.232876 54.785709 0.000000 8.098150 1.384374 2.392520 4.559453 9.388582 0.166667
87 28.277695 54.704159 0.000000 7.982697 1.359140 2.313336 4.342426 8.816521 0.166667
88 28.250631 54.771370 0.000000 8.062492 1.376649 2.359190 4.443351 9.013032 0.200000
89 28.199808 54.822514 0.000000 8.131442 1.377971 2.372328 4.498561 9.205678 0.166667
90 28.245625 54.858265 0.000000 8.213193 1.387311 2.408460 4.619828 9.591178 0.166667
91 28.290703 54.865135 0.000000 8.307618 1.386642 2.404242 4.601254 9.521735 0.166667
92 28.291710 54.916405 0.000000 8.270825 1.401573 2.452097 4.733850 9.873638 0.166667
93 28.340187 54.858387 0.000000 8.217292 1.410196 2.476675 4.799107 10.047585 0.166667
94 28.429132 54.869652 0.000000 8.023583 1.400252 2.434316 4.650251 9.559486 0.166667
95 28.476055 54.946270 0.000000 7.348835 1.389292 2.410112 4.609331 9.518005 0.166667
96 28.452110 54.963360 0.000000 7.200859 1.416785 2.509074 4.913789 10.413494 0.142857
97 28.672396 54.866394 0.000000 7.502856 1.399441 2.439811 4.687705 9.721272 0.166667
98 28.835329 54.892796 0.000000 7.231697 1.439139 2.568591 5.050588 10.704866 0.142857
99 29.255960 54.756145 0.000000 7.167015 1.423096 2.517754 4.910319 10.336841 0.142857
100 29.310478 54.702129 0.000000 6.966546 1.396640 2.418680 4.593594 9.371117 0.166667
101 29.380270 54.681053 0.000000 6.546093 1.371907 2.334855 4.345453 8.664318 0.166667
102 29.624454 54.744987 0.000000 6.386085 1.379830 2.363680 4.444233 8.985573 0.142857
103 29.689363 54.621025 0.000000 6.458155 1.407661 2.457646 4.712993 9.720921 0.142857
105 30.413671 54.692886 0.000000 6.744562 1.473107 2.676862 5.356924 11.553035 0.166667
107 30.327662 55.101852 0.000000 5.472730 1.454103 2.631572 5.267260 11.401073 0.158806
109 31.148363 54.858131 0.000000 5.021845 1.456298 2.623563 5.203653 11.117195 0.269194
110 30.921955 55.154133 0.000000 4.320627 1.468015 2.673060 5.362032 11.579059 0.166667
111 31.334665 55.441082 0.000000 3.896763 1.448094 2.596128 5.125321 10.900659 0.211249
