%% Trajectory 11
%% frame x (pixel)     y (pixel)    z (pixel)      m0         m1           m2           m3           m4           s 
27 25.270527 37.578274 0.000000 1.587432 1.240009 1.950822 3.384377 6.382533 0.200000
28 25.477839 37.647972 0.000000 1.471265 1.260903 2.001436 3.473315 6.471103 0.200000
29 25.231977 37.804531 0.000000 1.588446 1.290615 2.110823 3.826754 7.560236 0.200000
30 25.248684 37.558273 0.000000 1.987714 1.235610 1.927236 3.295926 6.086747 0.200004
31 25.343327 37.659149 0.000000 2.226107 1.251680 1.974324 3.417187 6.386689 0.200030
32 25.329271 37.600025 0.000000 2.083628 1.259084 2.003358 3.510767 6.666537 0.200006
33 25.347416 37.777966 0.000000 1.924015 1.240816 1.954310 3.395724 6.410772 0.200000
34 25.292690 37.685329 0.000000 2.532685 1.274750 2.043807 3.593713 6.809391 0.205056
35 25.377449 37.759438 0.000000 2.909598 1.280160 2.066229 3.666405 7.025410 0.200000
36 25.241861 37.795830 0.000000 2.914688 1.269730 2.032151 3.575016 6.795960 0.200011
37 25.299770 37.499615 0.000000 3.022157 1.283319 2.069035 3.653978 6.938653 0.250009
38 25.169487 37.606396 0.000000 2.946099 1.267482 2.021444 3.540318 6.695682 0.200000
39 25.344959 37.538681 0.000000 3.484665 1.272824 2.037615 3.576837 6.763490 0.250000
40 25.261402 37.626137 0.000000 3.401267 1.288489 2.084239 3.697767 7.064326 0.250000
41 25.227518 37.693634 0.000000 3.703309 1.298626 2.120195 3.806983 7.380097 0.250058
42 25.215994 37.648190 0.000000 4.143218 1.309768 2.156761 3.908289 7.648830 0.250004
43 25.210337 37.510780 0.000000 4.181682 1.285237 2.067021 3.634576 6.858033 0.250044
44 25.277870 37.516140 0.000000 4.009887 1.302419 2.125189 3.804284 7.331411 0.250015
45 25.393539 37.556801 0.000000 4.461242 1.293461 2.090172 3.691495 6.991120 0.252468
46 25.313990 37.525829 0.000000 4.345985 1.289054 2.083941 3.690078 7.024047 0.254269
47 25.279427 37.482483 0.000000 4.575799 1.298429 2.111747 3.760321 7.192497 0.250010
48 25.296383 37.451046 0.000000 4.380952 1.300305 2.119970 3.791005 7.297736 0.250033
49 25.208418 37.503780 0.000000 4.334502 1.272702 2.038049 3.577304 6.761837 0.250078
50 25.344057 37.519108 0.000000 4.400179 1.270626 2.025820 3.530935 6.606277 0.250029
51 25.199640 37.465073 0.000000 4.833529 1.287430 2.082309 3.704210 7.124897 0.250089
52 25.355213 37.515423 0.000000 5.005462 1.286954 2.074820 3.659883 6.932207 0.202275
53 25.291315 37.470661 0.000000 5.443747 1.308130 2.136550 3.815285 7.305049 0.200000
54 25.304449 37.568966 0.000000 4.984738 1.293475 2.092023 3.698676 7.013018 0.168398
55 25.223686 37.427273 0.000000 5.140674 1.294556 2.096142 3.712442 7.058272 0.200000
56 25.366140 37.186108 0.000000 5.140184 1.308875 2.135370 3.800976 7.236058 0.200000
57 25.559914 37.106449 0.000000 4.958243 1.310591 2.143626 3.832676 7.345683 0.166667
58 25.500620 36.910423 0.000000 5.174487 1.303332 2.121817 3.779192 7.224300 0.250000
59 25.699463 36.672913 0.000000 4.819556 1.295118 2.099252 3.715482 7.041831 0.200000
60 25.786566 36.688820 0.000000 4.942945 1.305777 2.130114 3.799086 7.266608 0.250000
61 25.801704 36.376358 0.000000 4.720910 1.295818 2.105510 3.753647 7.211398 0.200000
62 25.562878 36.025356 0.000000 4.108377 1.368753 2.348314 4.447355 9.112058 0.142857
63 25.786699 35.909515 0.000000 3.448947 1.368567 2.358130 4.504502 9.353381 0.200000
65 25.288754 35.229225 0.000000 2.846611 1.324000 2.185694 3.943172 7.619418 0.200000
66 25.611259 35.528214 0.000000 2.696903 1.342557 2.259598 4.200731 8.468995 0.167480
68 26.657036 35.438637 0.000000 1.149979 1.273393 2.039756 3.590103 6.827741 0.166678
