%% Trajectory 10
%% frame x (pixel)     y (pixel)    z (pixel)      m0         m1           m2           m3           m4           s 
24 40.786407 35.818455 0.000000 2.338924 1.360977 2.319262 4.351645 8.808353 0.166689
26 40.974838 35.714283 0.000000 2.157719 1.415012 2.504777 4.909530 10.429038 0.199856
27 40.993279 35.619896 0.000000 1.983823 1.362759 2.328008 4.385545 8.928726 0.142907
28 41.012581 35.578522 0.000000 2.200190 1.387755 2.407185 4.597833 9.464794 0.198478
29 40.710415 35.779411 0.000000 2.336426 1.327884 2.215148 4.079595 8.145746 0.146589
30 40.638943 35.835190 0.000000 2.244035 1.348083 2.263348 4.159675 8.200271 0.143220
31 40.701996 35.736950 0.000000 2.093954 1.347605 2.269224 4.194452 8.343372 0.167323
32 40.921196 35.578350 0.000000 2.336221 1.350854 2.275263 4.211111 8.401103 0.167300
33 40.860538 35.706161 0.000000 1.875576 1.358309 2.304174 4.295615 8.626709 0.205213
34 40.779263 35.910736 0.000000 2.144846 1.356487 2.301971 4.302086 8.676675 0.149991
35 40.730167 35.453766 0.000000 2.335144 1.345098 2.243649 4.081657 7.932704 0.142867
36 41.107437 35.682072 0.000000 2.526273 1.370094 2.348107 4.440612 9.087995 0.168810
37 41.078705 35.758598 0.000000 2.586762 1.402313 2.451620 4.722656 9.815619 0.158246
38 41.113632 35.636620 0.000000 2.428980 1.385462 2.396996 4.563327 9.365602 0.200199
39 41.048283 35.807808 0.000000 2.457669 1.388522 2.414928 4.639132 9.641476 0.167046
40 41.050121 35.739445 0.000000 2.353846 1.385780 2.395547 4.560087 9.362407 0.166732
41 40.913158 35.678982 0.000000 2.265257 1.411673 2.486922 4.846668 10.232223 0.200000
42 40.777119 35.874043 0.000000 2.427066 1.344892 2.259385 4.170927 8.293567 0.166732
43 41.064713 35.901798 0.000000 2.759995 1.405505 2.455428 4.713810 9.728788 0.201166
44 41.254211 35.852333 0.000000 2.271021 1.391906 2.415976 4.618419 9.521145 0.166667
45 41.387245 35.912262 0.000000 2.673880 1.343481 2.250000 4.130310 8.148341 0.344103
46 41.555016 36.128906 0.000000 2.525820 1.402446 2.458368 4.768000 10.022221 0.166822
47 41.872772 36.103573 0.000000 2.486753 1.431834 2.551790 5.018548 10.656173 0.202511
48 42.000034 36.113770 0.000000 2.439798 1.454065 2.655094 5.391687 11.887495 0.227729
49 42.078758 36.214893 0.000000 2.645247 1.403448 2.478927 4.867157 10.392847 0.172399
50 42.372459 36.272938 0.000000 2.388473 1.410551 2.484711 4.842965 10.226078 0.228582
51 42.644173 36.376938 0.000000 2.269415 1.395647 2.424433 4.627831 9.508440 0.167646
52 42.168087 36.514565 0.000000 1.887675 1.494847 2.749528 5.561898 12.099565 0.166668
53 42.137985 36.735325 0.000000 1.850490 1.456595 2.632165 5.238565 11.231637 0.298448
54 41.627930 37.450714 0.000000 1.900064 1.477191 2.683592 5.356825 11.501792 0.143749
