%% Trajectory 15
%% frame x (pixel)     y (pixel)    z (pixel)      m0         m1           m2           m3           m4           s 
26 50.264759 54.459778 0.000000 1.592444 1.268604 2.017984 3.506464 6.534750 0.250000
27 50.276413 54.443680 0.000000 1.530459 1.268134 2.013515 3.494977 6.513762 0.250000
28 50.337318 54.272110 0.000000 1.472606 1.274968 2.033015 3.539599 6.606672 0.250000
29 50.302658 54.334488 0.000000 1.442371 1.268379 2.017939 3.509127 6.549547 0.250000
31 50.130856 54.490807 0.000000 1.195097 1.253232 1.974017 3.406271 6.330708 0.250000
32 50.146881 54.318893 0.000000 1.487406 1.274500 2.035034 3.549950 6.641353 0.250000
33 50.385979 54.558651 0.000000 1.678800 1.230118 1.908974 3.241976 5.930196 0.250000
34 50.377224 54.492397 0.000000 1.477767 1.263108 2.003438 3.473576 6.465933 0.250000
35 50.367294 54.720131 0.000000 1.443419 1.260407 1.996076 3.454859 6.419387 0.250000
36 50.202477 54.567390 0.000000 1.725155 1.260825 2.005038 3.496663 6.573543 0.250000
37 50.308769 54.678307 0.000000 1.469424 1.232469 1.929459 3.322541 6.198309 0.250000
38 50.137306 54.531528 0.000000 2.257925 1.252770 1.972733 3.396747 6.285491 0.250001
39 50.269497 54.733337 0.000000 2.257218 1.277374 2.053830 3.619659 6.865119 0.250000
40 50.201950 54.526814 0.000000 2.582837 1.242098 1.938561 3.309001 6.076896 0.250000
41 50.116531 54.503834 0.000000 2.749005 1.295021 2.102245 3.737866 7.145719 0.250000
42 50.322723 54.542625 0.000000 2.528698 1.255273 1.980857 3.417569 6.334457 0.250319
43 50.222401 54.628284 0.000000 2.335200 1.248125 1.965066 3.382979 6.257340 0.395911
44 50.243595 54.622158 0.000000 2.741352 1.299610 2.117519 3.787793 7.305606 0.334129
45 50.342155 54.616924 0.000000 2.766953 1.248335 1.959278 3.362260 6.201929 0.250000
46 50.306118 54.583714 0.000000 3.214872 1.279375 2.047009 3.577221 6.701681 0.200000
47 50.338436 54.607677 0.000000 3.264022 1.263629 2.012031 3.518546 6.647419 0.200000
48 50.403561 54.584095 0.000000 2.770282 1.264841 2.007942 3.483532 6.486385 0.166667
49 50.357914 54.551933 0.000000 2.725460 1.304611 2.118316 3.751434 7.104365 0.250000
50 50.274010 54.498100 0.000000 2.808805 1.292594 2.106318 3.783529 7.364364 0.333333
51 50.199051 54.563145 0.000000 2.991428 1.266842 2.020759 3.540079 6.698019 0.200000
52 50.210464 54.503891 0.000000 3.030017 1.324883 2.208472 4.065494 8.117240 0.200000
53 50.424377 54.504322 0.000000 3.147976 1.303344 2.120827 3.766124 7.156217 0.200000
54 50.447147 54.647923 0.000000 2.967071 1.279560 2.051172 3.590738 6.735895 0.200000
55 50.574524 54.462799 0.000000 3.247154 1.283306 2.060213 3.610843 6.779158 0.250000
56 50.515003 54.292046 0.000000 2.826966 1.312245 2.146353 3.827333 7.292277 0.200000
57 50.431530 54.185410 0.000000 2.649630 1.351881 2.301031 4.338561 8.888460 0.200000
58 50.477989 53.833538 0.000000 2.645567 1.333614 2.222817 4.070627 8.031879 0.142857
59 50.401779 53.771240 0.000000 2.329323 1.326976 2.211708 4.061272 8.060839 0.142857
60 50.849152 53.797832 0.000000 2.345335 1.392599 2.439523 4.732923 9.954454 0.166667
61 50.817207 53.454212 0.000000 2.767519 1.395967 2.424263 4.633655 9.547347 0.166667
62 50.993450 53.116863 0.000000 2.282930 1.438474 2.582006 5.111871 10.915596 0.142857
63 51.160645 53.422871 0.000000 1.712886 1.435125 2.567072 5.088120 10.933815 0.166737
64 50.690701 53.390297 0.000000 1.494792 1.389159 2.423184 4.707616 9.981860 0.216322
65 51.078869 53.760807 0.000000 1.234880 1.478836 2.731192 5.591092 12.387040 0.125004
