%% Trajectory 23
%% frame x (pixel)     y (pixel)    z (pixel)      m0         m1           m2           m3           m4           s 
46 42.349255 76.179550 0.000000 1.090596 1.393554 2.486066 4.992821 11.026774 0.259344
49 41.960880 76.416313 0.000000 1.241451 1.454059 2.640520 5.313092 11.574592 0.143224
50 41.710163 75.956116 0.000000 1.596369 1.422127 2.547894 5.073952 10.978690 0.168815
51 42.150341 75.799644 0.000000 1.672959 1.465713 2.660750 5.322446 11.472162 0.174642
52 42.032536 76.102814 0.000000 1.588050 1.413691 2.499320 4.881036 10.301039 0.231138
53 42.218613 76.077843 0.000000 1.552626 1.410394 2.475471 4.802868 10.091274 0.128302
54 42.199490 76.184563 0.000000 1.753511 1.465483 2.696811 5.506077 12.183192 0.274431
55 41.659904 76.131081 0.000000 1.905268 1.389912 2.443151 4.789512 10.254469 0.143279
56 41.612350 76.166946 0.000000 1.533269 1.488483 2.792475 5.840830 13.273827 0.235774
57 41.640747 76.306664 0.000000 1.699743 1.254974 1.991682 3.474396 6.556437 0.166669
58 41.810272 76.122383 0.000000 2.164046 1.366277 2.340635 4.429667 9.075036 0.190166
59 42.326946 75.904343 0.000000 1.802122 1.339941 2.276620 4.295355 8.826929 0.166691
60 42.358234 76.183960 0.000000 2.136170 1.444544 2.600640 5.180928 11.174463 0.142949
61 42.172897 75.861694 0.000000 1.933956 1.445401 2.632843 5.351304 11.846391 0.166773
62 41.927937 76.035820 0.000000 2.608942 1.408643 2.493808 4.899782 10.449740 0.166690
63 41.710262 76.024239 0.000000 2.165693 1.410313 2.518041 5.016575 10.899122 0.170926
64 41.870308 76.240341 0.000000 2.035550 1.356427 2.320959 4.402277 9.068031 0.167298
66 42.034382 76.089386 0.000000 2.825020 1.413260 2.487288 4.826400 10.104517 0.166726
67 41.944057 76.346001 0.000000 2.798388 1.324544 2.206535 4.053655 8.058319 0.168577
69 41.845325 75.988358 0.000000 3.158939 1.419463 2.529091 5.004908 10.764274 0.200000
70 41.844349 76.046700 0.000000 3.031137 1.387789 2.413572 4.628360 9.575285 0.179581
71 41.780930 76.121101 0.000000 3.128407 1.418932 2.511819 4.916234 10.413291 0.177792
72 41.731560 76.103737 0.000000 3.292476 1.358007 2.325201 4.416580 9.125015 0.173011
73 41.734325 76.020050 0.000000 3.310257 1.352874 2.298827 4.321648 8.813128 0.166667
74 41.874630 76.214676 0.000000 3.678720 1.332530 2.232351 4.128879 8.275846 0.167205
75 41.955364 76.153030 0.000000 3.366955 1.390495 2.419847 4.652760 9.675146 0.171499
77 41.976135 76.099327 0.000000 4.230221 1.424846 2.526997 4.939926 10.410316 0.166667
78 42.230740 75.898773 0.000000 3.725343 1.428996 2.526648 4.912210 10.276864 0.397622
79 42.207291 75.550797 0.000000 3.751982 1.371643 2.330119 4.323040 8.577421 0.222166
80 42.045437 75.485870 0.000000 4.102291 1.360160 2.311690 4.326524 8.739222 0.201277
81 42.197636 75.197136 0.000000 4.370333 1.363214 2.312791 4.304389 8.612321 0.200706
82 42.353909 75.113449 0.000000 3.843293 1.420159 2.513155 4.903541 10.324636 0.234702
83 42.309280 74.880554 0.000000 3.671194 1.363320 2.323978 4.362733 8.841780 0.277801
84 42.449963 74.704437 0.000000 3.896178 1.353074 2.285846 4.242003 8.479628 0.171996
85 42.552238 74.417747 0.000000 3.355248 1.379146 2.365812 4.457535 9.042562 0.187466
86 42.831429 74.671593 0.000000 3.243629 1.357029 2.307966 4.326942 8.763154 0.166667
87 43.020489 74.693092 0.000000 3.409766 1.417817 2.519386 4.955706 10.559844 0.166667
88 42.828636 74.444786 0.000000 2.793667 1.443891 2.581197 5.092553 10.857760 0.167262
89 43.042984 74.576546 0.000000 3.178303 1.443657 2.596002 5.154263 11.049480 0.200000
91 41.954556 74.286957 0.000000 2.404659 1.404551 2.474732 4.828207 10.219042 0.201832
92 41.484329 74.099289 0.000000 2.461723 1.436365 2.566228 5.053025 10.730280 0.200000
93 41.556953 74.285881 0.000000 2.545375 1.440335 2.578830 5.102416 10.921115 0.200000
