%% Trajectory 10
%% frame x (pixel)     y (pixel)    z (pixel)      m0         m1           m2           m3           m4           s 
56 74.124481 29.307207 0.000000 1.378643 1.406348 2.497302 4.930062 10.586924 0.250000
57 73.915016 28.969151 0.000000 1.431774 1.485874 2.746412 5.604392 12.330866 0.250000
58 73.728531 28.548159 0.000000 1.487061 1.338827 2.263214 4.243619 8.661490 0.250000
59 73.578758 29.004038 0.000000 1.482218 1.450830 2.625459 5.256803 11.380881 0.250000
60 73.824547 28.879124 0.000000 1.462375 1.426087 2.563270 5.132040 11.192084 0.250000
61 73.516563 28.849375 0.000000 2.105305 1.367088 2.334757 4.394817 8.938428 0.250000
62 73.529442 28.888979 0.000000 1.831152 1.522730 2.858260 5.918398 13.200016 0.200000
63 73.591072 28.919685 0.000000 2.007362 1.400560 2.460856 4.774820 10.014632 0.250000
64 73.758926 29.072836 0.000000 2.265374 1.441822 2.586032 5.126445 10.986098 0.250000
65 73.841614 28.999651 0.000000 2.365201 1.506828 2.816199 5.818552 12.972387 0.166667
66 73.609886 29.060560 0.000000 2.654728 1.478107 2.726959 5.571752 12.307976 0.200000
67 73.468056 29.238232 0.000000 2.389561 1.400604 2.439995 4.675024 9.649226 0.200000
68 73.770653 28.971130 0.000000 2.371446 1.436100 2.583169 5.160914 11.192876 0.200000
69 73.615715 29.302805 0.000000 2.624350 1.393920 2.421062 4.638298 9.604326 0.200000
70 73.926491 29.115383 0.000000 2.361754 1.439719 2.596944 5.194181 11.258055 0.200027
71 73.910233 29.156580 0.000000 2.720031 1.437296 2.577999 5.122023 11.019967 0.166701
72 73.749840 29.290449 0.000000 3.031760 1.379924 2.384980 4.558091 9.435340 0.166667
73 73.602081 29.344339 0.000000 2.911830 1.361487 2.320691 4.370762 8.922507 0.166667
74 73.772789 29.432001 0.000000 2.626498 1.427248 2.523607 4.908625 10.284015 0.166710
75 73.259277 29.541403 0.000000 2.985779 1.424856 2.534339 4.987967 10.629894 0.166669
76 73.530418 29.591623 0.000000 3.158522 1.409965 2.477263 4.798399 10.034739 0.142857
77 73.240387 29.813505 0.000000 3.212509 1.467712 2.679622 5.412695 11.822049 0.166667
78 72.827827 29.969320 0.000000 3.377525 1.488686 2.763916 5.681154 12.614548 0.142857
79 72.700333 29.873730 0.000000 3.229584 1.410249 2.482796 4.833893 10.191628 0.111816
80 72.638466 29.835409 0.000000 3.043459 1.388325 2.404412 4.590909 9.472692 0.238142
81 72.577263 30.075035 0.000000 2.460962 1.337989 2.250904 4.179999 8.399517 0.167063
82 72.755539 30.065325 0.000000 2.562063 1.407646 2.475316 4.815627 10.146352 0.238518
83 72.596825 30.680220 0.000000 2.553274 1.482064 2.739940 5.618422 12.477889 0.136782
85 72.775383 30.425251 0.000000 1.523962 1.467272 2.682949 5.432871 11.895770 0.143203
