%% Trajectory 34
%% frame x (pixel)     y (pixel)    z (pixel)      m0         m1           m2           m3           m4           s 
72 26.403967 73.872078 0.000000 1.307148 1.579046 3.084610 6.672187 15.583132 0.166667
74 27.790760 74.291878 0.000000 1.151213 1.433458 2.551188 4.998430 10.542530 0.186141
76 28.255159 74.695312 0.000000 1.190718 1.358409 2.301805 4.292422 8.639114 0.148322
77 27.706362 74.575012 0.000000 1.345823 1.403299 2.458212 4.733843 9.811374 0.144631
80 27.525295 74.636238 0.000000 1.999943 1.279963 2.053324 3.610853 6.840405 0.344494
81 27.553238 74.435547 0.000000 1.621374 1.362905 2.317594 4.348732 8.833138 0.166674
82 27.833214 74.123116 0.000000 2.089656 1.444307 2.601982 5.179622 11.137056 0.166667
83 27.559629 74.381889 0.000000 2.152338 1.281965 2.074394 3.701054 7.161924 0.167560
84 27.783751 74.266403 0.000000 1.913999 1.433573 2.579716 5.147700 11.133875 0.166667
85 27.456327 74.565765 0.000000 1.500456 1.295996 2.106519 3.770107 7.304384 0.166667
86 27.669628 74.311256 0.000000 2.057398 1.316537 2.169152 3.932096 7.702958 0.166689
87 27.541059 74.180679 0.000000 2.247456 1.378807 2.358610 4.423081 8.906511 0.166667
88 27.649229 73.982658 0.000000 2.571574 1.367581 2.360520 4.508499 9.335278 0.185761
89 27.597139 74.055069 0.000000 2.245063 1.433568 2.565009 5.063246 10.788910 0.166667
90 27.707142 74.097816 0.000000 2.418540 1.386450 2.394519 4.544991 9.283200 0.166667
91 27.634993 73.962601 0.000000 2.279338 1.388544 2.419659 4.659907 9.711659 0.261274
92 27.789286 73.824936 0.000000 2.498771 1.380348 2.368041 4.461724 9.047262 0.200000
93 27.931509 73.499336 0.000000 2.574535 1.391885 2.405985 4.572985 9.359838 0.166667
94 28.008799 73.530045 0.000000 2.154383 1.397397 2.460851 4.808933 10.205866 0.166668
95 28.301758 73.274086 0.000000 2.484892 1.351023 2.291577 4.289008 8.690577 0.142857
97 28.880741 72.671608 0.000000 1.978714 1.441822 2.607762 5.233585 11.391144 0.192691
98 28.642891 72.523903 0.000000 1.523150 1.504802 2.790548 5.682375 12.418215 0.166667
