%% Trajectory 10
%% frame x (pixel)     y (pixel)    z (pixel)      m0         m1           m2           m3           m4           s 
17 32.599194 53.370361 0.000000 1.933237 1.485213 2.782417 5.817377 13.222218 0.142975
18 32.272999 53.853325 0.000000 1.830906 1.387478 2.410827 4.643356 9.714228 0.181107
19 32.588589 53.571514 0.000000 1.447103 1.400289 2.459580 4.780727 10.070806 0.168227
21 32.223507 53.571976 0.000000 1.881199 1.448763 2.627765 5.281297 11.494320 0.200001
22 32.346054 53.655285 0.000000 2.130263 1.457764 2.682956 5.516950 12.368978 0.200000
23 32.223934 53.688492 0.000000 2.575325 1.423772 2.513252 4.890478 10.272937 0.200275
24 32.500896 53.776196 0.000000 2.626323 1.380640 2.371937 4.484665 9.145027 0.200019
25 32.272465 53.477737 0.000000 2.476299 1.449273 2.586762 5.077579 10.731492 0.200000
26 32.521885 53.557087 0.000000 2.972034 1.419616 2.530471 5.018509 10.841705 0.200000
27 32.427170 53.515629 0.000000 3.180445 1.433607 2.543724 4.972300 10.486040 0.200000
29 32.872597 53.008179 0.000000 2.936633 1.514919 2.854870 5.963507 13.468615 0.166766
30 33.091190 52.991837 0.000000 2.857321 1.505649 2.819132 5.848824 13.128013 0.177659
31 32.925976 53.376846 0.000000 2.952707 1.457235 2.636310 5.262999 11.334081 0.168115
32 32.762478 52.871983 0.000000 2.654926 1.472110 2.677171 5.368212 11.606488 0.166667
33 32.647820 52.676163 0.000000 3.023171 1.365763 2.334706 4.398517 8.951196 0.162439
34 32.550125 52.669697 0.000000 2.665970 1.375980 2.372751 4.524905 9.357236 0.146886
35 32.436340 52.560879 0.000000 3.012811 1.387189 2.392370 4.545074 9.327406 0.142857
36 32.539360 52.667542 0.000000 3.381728 1.322888 2.182330 3.933307 7.592257 0.166396
37 32.752651 52.696064 0.000000 3.395264 1.344028 2.255847 4.152743 8.220467 0.142858
38 32.734829 52.818802 0.000000 3.089918 1.385746 2.400210 4.585388 9.462876 0.143326
39 32.759312 52.895363 0.000000 2.872433 1.371618 2.340706 4.394041 8.892803 0.233268
40 32.821815 52.678249 0.000000 2.200518 1.339909 2.243000 4.129639 8.198836 0.125008
41 33.035755 52.301231 0.000000 2.078931 1.394026 2.439548 4.738260 10.005429 0.143922
