%% Trajectory 12
%% frame x (pixel)     y (pixel)    z (pixel)      m0         m1           m2           m3           m4           s 
45 29.056959 57.574429 0.000000 0.947872 1.362273 2.343578 4.456883 9.181706 0.166667
47 29.313885 57.711178 0.000000 1.185474 1.344367 2.256254 4.159125 8.260815 0.200000
48 29.428267 57.713741 0.000000 0.974061 1.298528 2.137404 3.892004 7.703537 0.200000
49 29.266232 57.870792 0.000000 0.899147 1.408360 2.465068 4.758544 9.929289 0.200000
50 29.491484 57.456978 0.000000 1.200195 1.341316 2.260282 4.208481 8.494639 0.200000
51 29.346176 57.805080 0.000000 1.249409 1.304722 2.140353 3.873394 7.598653 0.200000
52 29.064293 57.564514 0.000000 1.339859 1.333877 2.253499 4.235813 8.697668 0.200000
53 29.212393 57.771484 0.000000 1.679935 1.356825 2.295371 4.264092 8.529411 0.200136
54 29.318026 57.713455 0.000000 1.736859 1.372209 2.364218 4.512104 9.354328 0.166682
55 29.410933 57.639824 0.000000 2.072439 1.369318 2.330983 4.358822 8.776922 0.174138
56 29.111141 57.814423 0.000000 2.168819 1.405624 2.464314 4.765670 9.953830 0.266600
57 29.350319 57.716866 0.000000 1.891080 1.345524 2.259382 4.174676 8.327682 0.168378
58 29.106108 57.597858 0.000000 2.096653 1.372587 2.353088 4.441445 9.043378 0.167085
59 29.232286 57.719650 0.000000 2.514641 1.403782 2.447832 4.704233 9.759939 0.166667
60 29.394506 57.670387 0.000000 2.411226 1.343392 2.257183 4.172763 8.326115 0.166667
61 29.354548 57.819817 0.000000 2.617361 1.375890 2.361945 4.471607 9.149710 0.200000
62 29.461462 57.753925 0.000000 2.942121 1.381496 2.367341 4.440024 8.926517 0.200004
63 29.380709 57.842098 0.000000 2.816261 1.435833 2.555235 5.007679 10.579165 0.250144
64 29.517973 57.723778 0.000000 2.654934 1.384899 2.373231 4.450619 8.946450 0.200000
65 29.581327 57.853291 0.000000 2.734160 1.446295 2.587909 5.098768 10.825986 0.200000
66 29.665739 57.597713 0.000000 2.855836 1.443084 2.572778 5.034652 10.583172 0.166667
67 29.770067 57.387970 0.000000 2.802556 1.407888 2.456965 4.713274 9.735626 0.200000
68 29.946533 57.708775 0.000000 2.566656 1.438027 2.573724 5.092434 10.899053 0.166667
69 29.983875 57.546738 0.000000 2.388395 1.440473 2.591019 5.160336 11.131643 0.166667
70 29.945509 57.541267 0.000000 2.727416 1.437299 2.568963 5.068852 10.803957 0.166671
71 30.158422 57.546635 0.000000 2.552833 1.405643 2.462137 4.763865 9.975480 0.142857
72 30.180475 57.133930 0.000000 2.895251 1.462949 2.662200 5.349002 11.600888 0.142857
73 30.037706 56.869839 0.000000 3.222420 1.450327 2.621317 5.236726 11.302689 0.125000
74 29.613079 57.128155 0.000000 3.018341 1.375742 2.354113 4.424150 8.948760 0.166667
75 29.778625 57.056808 0.000000 2.275281 1.429936 2.539294 4.970784 10.493760 0.142858
76 29.818386 57.096165 0.000000 2.579524 1.426860 2.544838 5.021578 10.719585 0.166667
77 29.726002 56.848591 0.000000 2.547803 1.459378 2.646137 5.304725 11.500719 0.166667
78 29.648663 57.058743 0.000000 2.002283 1.461385 2.653635 5.325313 11.541921 0.203900
79 29.359768 56.896557 0.000000 1.676819 1.447739 2.632323 5.310498 11.615252 0.177977
80 29.019291 56.990444 0.000000 1.502091 1.472563 2.721828 5.599430 12.509652 0.166667
82 28.990791 56.466892 0.000000 1.678645 1.404492 2.497855 4.960455 10.755572 0.148755
83 29.131628 56.588161 0.000000 1.544463 1.313607 2.184153 4.016420 8.016947 0.200012
84 28.916916 56.715763 0.000000 1.634519 1.369948 2.363475 4.534760 9.491308 0.171668
85 28.783871 56.815331 0.000000 1.657013 1.348105 2.300481 4.357380 8.987352 0.166702
86 28.780836 56.831268 0.000000 1.651050 1.321146 2.186173 3.966831 7.742145 0.142857
87 28.910625 56.658237 0.000000 1.798077 1.377323 2.386841 4.583776 9.561085 0.202292
88 29.239685 56.538914 0.000000 1.810554 1.311214 2.161040 3.924847 7.712556 0.142912
89 29.154291 56.558090 0.000000 2.048363 1.357415 2.324810 4.407146 9.058271 0.140088
90 29.540455 56.402172 0.000000 1.996855 1.318047 2.177972 3.956837 7.756143 0.204440
91 29.523867 56.716320 0.000000 1.746254 1.354615 2.317952 4.411340 9.158792 0.166681
92 29.754333 56.594238 0.000000 1.858268 1.309445 2.147580 3.871891 7.536577 0.166668
93 29.966417 56.214207 0.000000 1.365955 1.379830 2.404729 4.658076 9.814132 0.200738
94 29.817148 56.231331 0.000000 1.582254 1.343830 2.280254 4.297549 8.825008 0.181091
95 30.143154 55.984417 0.000000 1.418106 1.346664 2.298586 4.340063 8.878476 0.204335
96 29.899202 55.398739 0.000000 1.061430 1.286548 2.142767 4.006761 8.266738 0.200000
