%% Trajectory 11
%% frame x (pixel)     y (pixel)    z (pixel)      m0         m1           m2           m3           m4           s 
6 70.060158 41.108341 0.000000 1.653022 1.342727 2.300642 4.378105 9.055183 0.144344
7 70.028763 41.303440 0.000000 1.705162 1.287152 2.098652 3.754874 7.225830 0.124356
8 70.129532 40.988792 0.000000 2.342203 1.370063 2.393371 4.676426 9.990428 0.125114
9 70.115944 41.069115 0.000000 2.778216 1.345100 2.305276 4.405808 9.191379 0.145083
10 70.071091 40.990391 0.000000 2.671952 1.330525 2.265967 4.316987 9.007421 0.174604
11 70.003036 41.352245 0.000000 2.967311 1.321545 2.208698 4.068521 8.091743 0.161049
12 70.079102 41.311146 0.000000 2.762183 1.390980 2.437073 4.723332 9.901575 0.143581
14 70.419014 41.063423 0.000000 3.421405 1.348864 2.288210 4.291937 8.731443 0.125031
15 70.007019 41.163139 0.000000 3.768798 1.335277 2.250934 4.195686 8.471792 0.176214
16 70.153763 40.925438 0.000000 4.145135 1.386011 2.415197 4.666079 9.782191 0.142857
17 70.229500 40.944546 0.000000 3.881635 1.328975 2.237509 4.177929 8.483782 0.142857
18 70.191544 40.928162 0.000000 4.110770 1.362739 2.333463 4.411983 9.019841 0.166849
19 70.179588 41.049301 0.000000 3.952092 1.387929 2.424154 4.692698 9.858880 0.142858
20 70.231590 40.872452 0.000000 4.668795 1.407086 2.493628 4.915897 10.543164 0.142857
21 70.236641 41.102993 0.000000 5.165822 1.351652 2.289872 4.279502 8.655040 0.142857
22 70.056152 40.996510 0.000000 5.021606 1.418014 2.530081 5.007740 10.742923 0.142857
23 70.197227 40.861824 0.000000 5.222038 1.381221 2.388145 4.554199 9.377594 0.142857
24 70.263367 41.090038 0.000000 5.805054 1.385441 2.399747 4.594078 9.530705 0.142857
25 70.241951 40.938595 0.000000 5.516690 1.372998 2.360492 4.476082 9.169497 0.125000
26 70.218559 41.095131 0.000000 5.372579 1.378265 2.387161 4.577639 9.527868 0.142857
27 70.040123 41.203003 0.000000 5.046449 1.375911 2.381808 4.565199 9.481569 0.142857
28 70.212975 41.198528 0.000000 5.077973 1.353494 2.296412 4.295515 8.690875 0.142857
29 70.153870 41.155323 0.000000 5.670898 1.381820 2.385257 4.539481 9.336868 0.142861
30 70.170700 41.192852 0.000000 5.970110 1.358211 2.311149 4.338280 8.810999 0.166680
31 70.141129 41.266003 0.000000 5.895274 1.378674 2.384125 4.560126 9.453914 0.142858
32 70.039749 41.177040 0.000000 5.379934 1.393313 2.448850 4.778063 10.120090 0.142857
33 70.018112 41.220707 0.000000 5.272350 1.410626 2.496393 4.890460 10.367843 0.125000
34 70.128044 41.238384 0.000000 4.535493 1.374772 2.366192 4.498163 9.261958 0.128708
35 69.999695 41.347603 0.000000 5.201655 1.336428 2.256642 4.213419 8.524022 0.125033
36 69.896721 41.443611 0.000000 5.166902 1.280000 2.072886 3.698659 7.140936 0.125000
37 69.960846 41.554207 0.000000 4.702286 1.305664 2.139288 3.846674 7.444008 0.125510
38 70.031876 41.424576 0.000000 5.116868 1.315702 2.169287 3.923915 7.637259 0.125001
39 69.965096 41.479813 0.000000 4.950608 1.316674 2.175618 3.951361 7.736382 0.193609
40 70.139221 41.635487 0.000000 4.752629 1.294828 2.107502 3.769443 7.274930 0.154534
41 69.930130 41.600475 0.000000 5.141695 1.281432 2.068289 3.662860 6.988812 0.132876
42 69.943687 41.458958 0.000000 5.522163 1.301973 2.124959 3.799756 7.304475 0.142857
43 70.043907 41.457981 0.000000 5.322969 1.311079 2.152064 3.869950 7.476332 0.142857
44 70.043945 41.503517 0.000000 5.334260 1.294863 2.096804 3.709914 7.035215 0.142857
45 69.987480 41.456821 0.000000 5.234765 1.331283 2.225171 4.089181 8.098319 0.142857
46 70.022964 41.548832 0.000000 5.163150 1.280352 2.060264 3.635678 6.910043 0.142857
47 69.946182 41.422554 0.000000 5.048442 1.294984 2.097254 3.711603 7.040058 0.142857
48 69.938469 41.472519 0.000000 5.371082 1.288766 2.086894 3.705317 7.082523 0.167700
49 70.155106 41.526588 0.000000 5.473475 1.299178 2.110405 3.745984 7.125483 0.166667
50 70.063629 41.552834 0.000000 5.016563 1.296528 2.110900 3.770639 7.255177 0.191854
51 70.122902 41.542812 0.000000 5.075833 1.275727 2.041768 3.573947 6.718153 0.200000
52 70.171791 41.435390 0.000000 5.223858 1.262436 2.004121 3.478377 6.481276 0.206393
53 70.135124 41.346352 0.000000 5.554381 1.296479 2.109842 3.765485 7.233690 0.166683
54 70.139809 41.221439 0.000000 5.587112 1.330370 2.221273 4.082992 8.104609 0.169859
55 70.237793 41.195652 0.000000 4.997611 1.329971 2.216338 4.062201 8.034287 0.166667
56 70.312706 40.860020 0.000000 5.269051 1.335913 2.245019 4.162753 8.354653 0.166667
57 70.316544 40.798199 0.000000 4.602828 1.313779 2.171493 3.952187 7.775403 0.322407
58 70.154137 40.596657 0.000000 4.799430 1.336175 2.232993 4.095222 8.080409 0.166667
59 70.239532 40.510033 0.000000 5.300441 1.337356 2.239046 4.118083 8.159321 0.166667
60 70.163780 40.417255 0.000000 4.887550 1.350730 2.280626 4.241803 8.521618 0.145488
61 70.391083 40.402691 0.000000 4.421953 1.321181 2.210632 4.101170 8.287128 0.142949
63 70.060982 40.004456 0.000000 5.129719 1.446905 2.631248 5.325844 11.717188 0.142900
