%% Trajectory 19
%% frame x (pixel)     y (pixel)    z (pixel)      m0         m1           m2           m3           m4           s 
72 57.528179 44.483318 0.000000 1.776464 1.263397 2.002838 3.478751 6.510628 0.130575
73 57.567127 44.340321 0.000000 1.846788 1.291580 2.088249 3.697350 7.037774 0.126364
75 57.408504 44.314331 0.000000 2.047516 1.303970 2.120906 3.763776 7.145483 0.128368
76 57.544205 44.489716 0.000000 2.205518 1.275319 2.037266 3.552949 6.640008 0.125152
77 57.586216 44.520405 0.000000 2.178688 1.279895 2.050518 3.586429 6.720267 0.178751
78 57.470558 44.495068 0.000000 2.070440 1.294340 2.088997 3.677859 6.928448 0.212211
79 57.502598 44.483650 0.000000 2.061372 1.272372 2.029403 3.537248 6.616527 0.200000
80 57.543037 44.472088 0.000000 2.492484 1.269360 2.017315 3.502533 6.524685 0.166667
81 57.532345 44.493408 0.000000 2.259781 1.269638 2.019833 3.518261 6.595200 0.166676
82 57.851974 44.408508 0.000000 2.060824 1.313256 2.167826 3.950981 7.812768 0.200000
83 57.728642 44.501339 0.000000 2.023105 1.300578 2.115897 3.770294 7.220474 0.294862
84 57.533268 44.414612 0.000000 2.303952 1.279789 2.048431 3.580048 6.705614 0.256447
85 57.381363 44.462330 0.000000 1.979850 1.310055 2.134391 3.789910 7.189774 0.168502
86 57.239761 44.578762 0.000000 2.210602 1.294398 2.092899 3.704783 7.048593 0.166667
87 57.191620 44.747047 0.000000 2.123760 1.333969 2.225616 4.084747 8.086931 0.166668
88 57.153072 44.846737 0.000000 2.204437 1.387307 2.399952 4.569684 9.378129 0.166675
89 57.152935 45.063282 0.000000 1.927953 1.367957 2.341888 4.420582 9.017184 0.166972
90 56.890285 45.226425 0.000000 1.980909 1.337147 2.252546 4.198393 8.490621 0.200000
91 56.659794 45.282879 0.000000 1.859422 1.242675 1.957850 3.403316 6.432261 0.200000
92 56.596325 45.161869 0.000000 1.529759 1.227161 1.905234 3.239607 5.938295 0.250000
93 56.408394 45.515209 0.000000 1.278612 1.268828 2.010500 3.481636 6.474719 0.200000
94 56.283070 45.357666 0.000000 1.178533 1.240140 1.941858 3.334161 6.173662 0.200000
