%% Trajectory 13
%% frame x (pixel)     y (pixel)    z (pixel)      m0         m1           m2           m3           m4           s 
28 63.326469 41.274368 0.000000 1.033206 1.330962 2.247062 4.221929 8.667476 0.200000
30 63.539433 41.253300 0.000000 1.076178 1.202707 1.841857 3.100579 5.665189 0.200000
31 63.654678 41.479290 0.000000 1.504238 1.308946 2.152395 3.891874 7.596858 0.200019
32 63.596542 41.416153 0.000000 1.609729 1.287387 2.070065 3.638790 6.863903 0.200000
33 63.373638 41.514126 0.000000 1.561940 1.275736 2.047488 3.609564 6.872332 0.166667
34 63.514233 41.345600 0.000000 1.963282 1.279256 2.059923 3.642366 6.951683 0.250000
35 63.452068 41.283646 0.000000 2.435349 1.277851 2.042346 3.566690 6.681024 0.250000
36 63.498646 41.467079 0.000000 2.665156 1.249289 1.961632 3.368105 6.216975 0.250000
37 63.522202 41.434891 0.000000 3.266762 1.271770 2.033734 3.560884 6.705139 0.200000
38 63.412121 41.430382 0.000000 3.137439 1.262905 2.000452 3.463845 6.440738 0.250000
39 63.599316 41.499290 0.000000 3.133124 1.298167 2.103615 3.720288 7.041500 0.250000
40 63.359596 41.531937 0.000000 3.836419 1.265180 2.010044 3.490197 6.504154 0.333333
41 63.570255 41.543030 0.000000 3.787793 1.254129 1.978500 3.412866 6.325080 0.250000
42 63.522434 41.469913 0.000000 3.532076 1.289065 2.075246 3.646790 6.862877 0.250000
43 63.445595 41.611870 0.000000 4.074707 1.312173 2.159599 3.903369 7.600582 0.200000
44 63.399170 41.429600 0.000000 4.202241 1.267257 2.016175 3.505549 6.540353 0.250000
45 63.394627 41.607613 0.000000 4.273139 1.295751 2.104723 3.745766 7.167101 0.333333
46 63.078579 41.936565 0.000000 4.141892 1.360668 2.320003 4.363733 8.870352 0.250000
47 63.010109 42.197334 0.000000 4.075622 1.374629 2.364994 4.494646 9.240024 0.250000
48 62.920444 42.362484 0.000000 4.443888 1.353620 2.306453 4.351346 8.913124 0.200000
49 62.830685 42.510677 0.000000 3.961387 1.334241 2.225542 4.076424 8.040965 0.212465
50 62.622791 42.543777 0.000000 3.360517 1.332876 2.214025 4.015219 7.791134 0.200000
51 62.653881 42.690243 0.000000 3.011859 1.300088 2.106573 3.724645 7.046855 0.200000
52 62.612289 43.255318 0.000000 3.149245 1.350525 2.283294 4.249084 8.533678 0.166816
53 62.605015 43.691208 0.000000 3.126481 1.364138 2.317278 4.323376 8.685963 0.200000
54 62.800453 43.542332 0.000000 2.517806 1.345320 2.257255 4.147703 8.176965 0.166667
56 63.476898 44.092041 0.000000 1.886089 1.333786 2.232345 4.106598 8.140111 0.167187
