%% Trajectory 19
%% frame x (pixel)     y (pixel)    z (pixel)      m0         m1           m2           m3           m4           s 
42 57.010765 26.462143 0.000000 1.717642 1.324890 2.199742 4.009016 7.862696 0.320923
43 56.742302 26.465225 0.000000 1.974428 1.382420 2.392315 4.576395 9.485614 0.287850
44 56.731636 26.470364 0.000000 2.011099 1.362202 2.348863 4.512150 9.469296 0.149557
45 56.921703 26.474724 0.000000 1.983450 1.356565 2.300215 4.291436 8.637479 0.136690
46 56.749073 26.480526 0.000000 2.324743 1.413177 2.503541 4.918020 10.490089 0.222583
47 56.794277 26.561716 0.000000 2.099521 1.351290 2.274523 4.200858 8.349761 0.125004
48 56.845940 26.637106 0.000000 2.768355 1.347422 2.257934 4.133012 8.095594 0.137291
49 56.878487 26.662640 0.000000 2.489989 1.381647 2.376307 4.490952 9.135214 0.131215
50 56.886990 26.611013 0.000000 2.691640 1.363291 2.313647 4.299976 8.571301 0.217501
51 56.663586 26.658302 0.000000 2.787271 1.414404 2.489803 4.832238 10.126633 0.145400
52 56.884342 26.599817 0.000000 3.092326 1.404635 2.464752 4.781781 10.046295 0.125497
53 56.812187 26.617605 0.000000 3.382221 1.336834 2.227747 4.062263 7.943429 0.165312
54 56.849796 26.441553 0.000000 3.311663 1.364753 2.315819 4.306772 8.602368 0.128394
55 56.921131 26.407494 0.000000 3.360081 1.388902 2.422922 4.676675 9.779234 0.146048
56 56.863152 26.535694 0.000000 3.567095 1.378053 2.371697 4.493834 9.185940 0.374342
57 56.791710 26.420071 0.000000 3.719882 1.391432 2.419061 4.648800 9.678335 0.152753
58 56.744595 26.564396 0.000000 3.713040 1.368787 2.330067 4.348427 8.714979 0.264862
59 56.781345 26.448021 0.000000 3.896904 1.324659 2.187394 3.943927 7.608958 0.171395
60 56.790180 26.533859 0.000000 4.048459 1.286305 2.069694 3.635085 6.836567 0.126215
61 56.790443 26.456560 0.000000 4.094471 1.347196 2.254227 4.127510 8.107658 0.257910
62 56.960335 26.499949 0.000000 3.732448 1.377553 2.362734 4.452208 9.027448 0.248751
63 56.964603 26.463737 0.000000 3.766915 1.376125 2.375054 4.524293 9.312904 0.159379
64 56.833500 26.585436 0.000000 4.129083 1.368645 2.345388 4.436571 9.082305 0.211192
65 56.826130 26.435987 0.000000 3.824844 1.311121 2.143156 3.822503 7.291243 0.201465
66 56.997883 26.511873 0.000000 4.152197 1.370714 2.349536 4.435379 9.031761 0.183467
67 56.972923 26.696507 0.000000 4.855993 1.361397 2.317025 4.339278 8.760329 0.183747
68 56.946529 26.652760 0.000000 5.110677 1.383968 2.396998 4.581604 9.464632 0.143349
69 56.949883 26.547665 0.000000 5.039083 1.369224 2.342659 4.408587 8.937839 0.142857
70 56.954613 26.634289 0.000000 4.835034 1.387234 2.405303 4.599574 9.499181 0.142863
71 57.037395 26.704611 0.000000 5.143277 1.424739 2.536019 4.989690 10.615408 0.143039
72 56.917889 26.536894 0.000000 5.459685 1.403191 2.462012 4.772505 10.004161 0.142869
73 56.926796 26.702499 0.000000 5.782338 1.385333 2.400585 4.589850 9.483440 0.148055
74 57.104210 26.597763 0.000000 5.419259 1.395187 2.420182 4.613521 9.463687 0.169742
75 56.883083 26.587364 0.000000 5.920282 1.359252 2.304208 4.288189 8.584879 0.142857
76 56.916695 26.683887 0.000000 6.417754 1.396922 2.429364 4.645843 9.564427 0.166667
77 56.939377 26.650061 0.000000 5.466727 1.372203 2.348190 4.418408 8.956017 0.125000
78 56.978882 26.755726 0.000000 5.424016 1.435751 2.567855 5.067393 10.788994 0.125453
79 56.967232 26.564711 0.000000 5.694194 1.404959 2.460899 4.748523 9.880157 0.125000
80 57.209061 26.662205 0.000000 5.647462 1.399836 2.437598 4.665720 9.611206 0.167689
81 57.107674 26.777472 0.000000 5.142575 1.453767 2.624429 5.218822 11.175999 0.125001
82 57.062695 26.823771 0.000000 5.319484 1.429555 2.547261 5.010797 10.647408 0.125465
83 57.127815 27.088604 0.000000 5.585819 1.481881 2.741688 5.624884 12.487879 0.142877
84 56.857426 26.905550 0.000000 5.246371 1.475363 2.705037 5.484864 12.014316 0.146546
85 56.610237 26.813711 0.000000 5.532755 1.466183 2.686262 5.461339 12.036390 0.142857
86 56.741333 27.205034 0.000000 5.779243 1.474056 2.689783 5.415162 11.759020 0.210105
87 56.767269 27.198912 0.000000 5.779041 1.499125 2.778643 5.682536 12.526769 0.169181
88 56.730034 27.243629 0.000000 5.843625 1.536987 2.920145 6.134665 13.904043 0.200000
89 56.777439 27.311302 0.000000 5.565926 1.537131 2.918389 6.121061 13.836424 0.200000
90 56.429691 27.214211 0.000000 5.677832 1.456012 2.631980 5.258077 11.359252 0.166926
91 56.312801 26.907204 0.000000 5.882027 1.449695 2.617163 5.219864 11.248711 0.184044
92 56.407246 27.028173 0.000000 5.180967 1.447998 2.611796 5.211711 11.252776 0.166667
93 56.224056 27.025017 0.000000 4.725302 1.453988 2.632678 5.279788 11.463487 0.166667
94 56.113613 26.984352 0.000000 4.977825 1.443390 2.615606 5.271677 11.542438 0.142858
95 55.816525 27.061043 0.000000 5.293599 1.476707 2.691659 5.401287 11.668183 0.200000
96 56.012978 27.150362 0.000000 4.536437 1.415816 2.537443 5.079154 11.092884 0.200000
97 55.907196 27.303425 0.000000 4.651811 1.468101 2.708939 5.566798 12.428400 0.166683
98 55.702671 27.345369 0.000000 4.958389 1.430708 2.525689 4.889964 10.164936 0.166667
99 55.720234 27.401598 0.000000 4.872874 1.366813 2.318286 4.307076 8.593616 0.200000
101 55.706135 27.777855 0.000000 2.727914 1.458123 2.601567 5.067068 10.543960 0.166667
103 54.952576 27.692520 0.000000 2.687682 1.447821 2.628495 5.310312 11.658181 0.166671
