%% Trajectory 33
%% frame x (pixel)     y (pixel)    z (pixel)      m0         m1           m2           m3           m4           s 
65 79.562744 37.492348 0.000000 1.006626 1.352671 2.296154 4.306369 8.757510 0.200000
66 79.141960 37.710651 0.000000 1.299893 1.483696 2.749615 5.653679 12.591059 0.168145
67 79.097343 37.945782 0.000000 0.887573 1.396942 2.479687 4.912077 10.614449 0.200176
68 79.264465 37.797588 0.000000 1.206808 1.370394 2.364909 4.525099 9.411418 0.166672
69 79.128021 37.724277 0.000000 1.112073 1.418692 2.526978 4.992974 10.701468 0.166820
70 79.087067 37.758953 0.000000 1.315115 1.422948 2.544232 5.050507 10.888287 0.213342
71 79.264473 37.620022 0.000000 1.284017 1.368677 2.356021 4.486784 9.267914 0.174553
73 78.718201 37.242134 0.000000 1.600483 1.334842 2.232129 4.110375 8.180650 0.215509
75 79.238876 37.794800 0.000000 1.405691 1.367274 2.327436 4.355477 8.781343 0.200317
76 79.197571 37.796124 0.000000 1.954956 1.395976 2.429002 4.664413 9.687118 0.174909
77 79.384422 37.414154 0.000000 2.031224 1.379118 2.368124 4.477666 9.140275 0.167261
78 79.566116 37.804035 0.000000 1.980171 1.320948 2.202213 4.057432 8.112771 0.166667
79 79.371384 37.607399 0.000000 1.983561 1.324834 2.196181 3.992120 7.805653 0.166827
80 79.254608 37.647049 0.000000 2.061892 1.311628 2.167599 3.957466 7.845081 0.253689
81 79.277122 37.708111 0.000000 2.020036 1.337632 2.235057 4.108191 8.152595 0.166674
82 79.399902 37.507702 0.000000 2.241882 1.328015 2.198717 3.982841 7.739120 0.200002
83 79.386765 37.557354 0.000000 2.010948 1.340919 2.235841 4.072594 7.943127 0.143176
84 78.816071 37.136192 0.000000 2.138471 1.416903 2.505818 4.898766 10.368105 0.247605
85 78.793320 37.011856 0.000000 1.593669 1.414589 2.506277 4.895386 10.309757 0.143065
86 78.333084 37.006466 0.000000 1.913169 1.458360 2.644744 5.298118 11.459038 0.166971
87 78.687546 37.361492 0.000000 1.984591 1.481992 2.707186 5.443944 11.787499 0.166715
89 78.975197 36.683411 0.000000 1.760661 1.502115 2.807711 5.810616 12.996255 0.166671
91 77.838715 36.085327 0.000000 1.586875 1.441353 2.624497 5.309877 11.656925 0.166667
92 77.688530 36.797520 0.000000 1.605443 1.392181 2.426277 4.671608 9.733287 0.142857
94 76.933990 38.154709 0.000000 1.189145 1.545528 2.939507 6.152678 13.835925 0.142875
95 76.653633 38.605755 0.000000 0.869046 1.425401 2.544503 5.038905 10.828274 0.142892
