%% Trajectory 15
%% frame x (pixel)     y (pixel)    z (pixel)      m0         m1           m2           m3           m4           s 
33 91.173851 29.066938 0.000000 2.379295 1.313466 2.173211 3.961514 7.801925 0.125000
34 91.200684 28.820045 0.000000 2.148695 1.288272 2.090788 3.725026 7.152781 0.125000
35 91.122009 28.450363 0.000000 2.294071 1.316012 2.198888 4.093887 8.349708 0.125000
36 91.003250 28.683458 0.000000 2.366381 1.346871 2.297091 4.351275 8.978487 0.125000
37 91.026871 28.571728 0.000000 2.624954 1.305071 2.139518 3.859884 7.528369 0.151007
38 91.125610 28.575012 0.000000 2.760514 1.318243 2.185230 3.988179 7.867015 0.125273
39 91.255104 28.555012 0.000000 2.770396 1.244061 1.951094 3.347386 6.176075 0.125000
40 91.245956 28.714310 0.000000 2.431711 1.280397 2.057678 3.612418 6.795700 0.142857
41 91.255089 28.491333 0.000000 2.769003 1.288730 2.082204 3.682133 6.995659 0.125000
42 91.209412 28.644215 0.000000 2.705585 1.262749 2.005244 3.480868 6.485929 0.142857
43 91.140640 28.722517 0.000000 2.593015 1.311870 2.151918 3.858934 7.416415 0.142857
44 91.118996 28.751451 0.000000 2.543126 1.287732 2.084287 3.694648 7.036867 0.142857
45 91.133553 28.689907 0.000000 2.250938 1.280072 2.061188 3.647229 6.971504 0.142857
46 91.256844 28.741173 0.000000 2.757625 1.285783 2.074435 3.655901 6.902329 0.142960
47 91.088219 28.701117 0.000000 3.201396 1.308098 2.147192 3.869065 7.508878 0.160698
48 91.146538 28.716440 0.000000 3.248529 1.310364 2.160377 3.925517 7.721164 0.166667
49 90.980186 28.898251 0.000000 3.238464 1.353247 2.315665 4.391882 9.041535 0.166667
50 91.082512 28.893772 0.000000 3.521263 1.322625 2.203791 4.050689 8.054971 0.166667
51 91.149681 28.860575 0.000000 3.341926 1.319143 2.191978 4.016026 7.961829 0.200000
52 91.212036 28.937777 0.000000 3.840810 1.329569 2.219543 4.079343 8.093884 0.200000
53 91.156548 28.808311 0.000000 4.231804 1.316280 2.175025 3.952977 7.751629 0.166667
54 91.292435 28.835430 0.000000 3.673521 1.260003 1.997570 3.464558 6.457195 0.166667
55 91.137642 28.891441 0.000000 4.328336 1.301820 2.135037 3.852294 7.504162 0.166667
56 91.249527 28.843973 0.000000 4.299938 1.296402 2.107383 3.757986 7.219158 0.166667
57 91.205223 28.905907 0.000000 4.569077 1.310785 2.156763 3.897904 7.587824 0.322407
58 91.331825 28.877428 0.000000 4.328328 1.273768 2.037198 3.560386 6.672647 0.166667
59 91.274246 28.683483 0.000000 4.469374 1.259074 1.990655 3.440211 6.384425 0.166667
60 91.229050 28.678003 0.000000 4.978337 1.266711 2.012956 3.495107 6.511310 0.145488
61 91.272560 28.764872 0.000000 4.703399 1.244997 1.950203 3.340201 6.150801 0.142949
62 91.270477 28.787867 0.000000 4.333505 1.280398 2.060464 3.631255 6.881359 0.142857
63 91.213463 28.763538 0.000000 4.715533 1.275334 2.040936 3.571291 6.707882 0.142857
64 91.271858 28.783348 0.000000 5.248629 1.276520 2.042332 3.568308 6.681497 0.142858
65 91.255135 28.728605 0.000000 5.200441 1.275665 2.049526 3.617256 6.894212 0.166667
66 91.154053 28.656498 0.000000 4.966928 1.300759 2.122564 3.803215 7.349575 0.166667
67 91.259850 28.799871 0.000000 5.239580 1.284312 2.063281 3.620359 6.807656 0.166667
68 91.184433 28.746700 0.000000 4.978282 1.263359 2.006712 3.485239 6.499033 0.166667
69 91.134987 28.726576 0.000000 5.493087 1.301902 2.126409 3.805512 7.321267 0.166667
70 91.090195 28.746357 0.000000 6.013928 1.326995 2.213557 4.073755 8.118683 0.166667
71 91.105331 28.687435 0.000000 6.099444 1.293723 2.103780 3.759527 7.253873 0.142857
72 91.050659 28.803320 0.000000 5.879255 1.347768 2.293614 4.316457 8.805677 0.142857
73 91.024025 28.737476 0.000000 5.712702 1.328983 2.230952 4.149867 8.395429 0.168635
74 90.975288 28.602011 0.000000 5.749722 1.327014 2.222970 4.120496 8.296929 0.166667
75 90.648697 28.689125 0.000000 6.507740 1.294778 2.092951 3.691165 6.965470 0.166669
76 90.520889 28.656668 0.000000 5.651567 1.290623 2.083604 3.673679 6.938512 0.142857
77 90.380638 28.595201 0.000000 5.792484 1.288483 2.078919 3.661062 6.901351 0.200000
78 90.128105 28.605564 0.000000 6.378309 1.404790 2.488071 4.900449 10.495483 0.166667
79 89.919701 28.668295 0.000000 6.908928 1.451909 2.644574 5.346794 11.719521 0.142859
80 89.844879 28.657137 0.000000 5.975875 1.396784 2.430290 4.664819 9.680439 0.168439
81 89.833672 28.697206 0.000000 6.148988 1.419373 2.513513 4.922465 10.438016 0.143365
83 89.446892 28.559874 0.000000 5.633052 1.419764 2.501067 4.836186 10.048926 0.153434
85 89.634956 27.458498 0.000000 3.551332 1.438862 2.585368 5.145972 11.100704 0.201150
86 89.541557 27.483046 0.000000 2.855429 1.593459 3.133691 6.805680 15.896551 0.156935
