%% Trajectory 17
%% frame x (pixel)     y (pixel)    z (pixel)      m0         m1           m2           m3           m4           s 
41 35.413147 51.523945 0.000000 0.596888 1.325255 2.207202 4.059951 8.095633 0.200000
43 35.275074 52.128677 0.000000 0.677767 1.269097 2.041671 3.609751 6.886380 0.142896
44 35.213837 51.893215 0.000000 0.658172 1.365785 2.352552 4.486926 9.279817 0.166673
45 35.253063 51.938564 0.000000 1.183210 1.394407 2.447264 4.766537 10.086184 0.166678
46 35.083561 52.220757 0.000000 0.871205 1.369094 2.353142 4.482311 9.278507 0.200000
47 34.745598 51.983051 0.000000 1.001773 1.447879 2.626604 5.274999 11.455399 0.200000
48 35.312714 51.777630 0.000000 1.122905 1.396017 2.448140 4.750270 9.983797 0.169487
49 35.106628 51.833927 0.000000 1.142895 1.428839 2.525993 4.902540 10.216866 0.200633
50 35.078552 52.102970 0.000000 1.033347 1.341577 2.284013 4.327611 8.943863 0.238269
51 35.186718 51.945549 0.000000 1.067406 1.411125 2.497215 4.888552 10.350836 0.188855
52 35.007534 52.107826 0.000000 1.418723 1.422245 2.537699 5.016608 10.746240 0.360655
53 35.164639 51.947567 0.000000 1.155005 1.340259 2.274350 4.268270 8.675939 0.199556
54 35.191174 51.790211 0.000000 1.229699 1.341641 2.245321 4.132555 8.203865 0.303209
55 35.201736 51.947464 0.000000 1.113603 1.312556 2.164458 3.931839 7.718020 0.259032
56 34.988552 51.587128 0.000000 1.068937 1.362869 2.330580 4.400754 8.989202 0.233077
57 35.113369 51.856754 0.000000 1.058378 1.371224 2.368729 4.535841 9.420676 0.269538
58 34.993599 51.685040 0.000000 1.309256 1.389831 2.420005 4.654653 9.683988 0.200064
59 35.126049 51.742607 0.000000 1.521445 1.346741 2.281057 4.274113 8.688962 0.250000
60 35.420765 51.560272 0.000000 1.389181 1.332820 2.204123 3.981097 7.698194 0.250000
61 35.469112 51.503250 0.000000 1.438374 1.340791 2.231136 4.063446 7.942633 0.250000
62 35.243782 51.715477 0.000000 1.479331 1.352978 2.283092 4.237433 8.481963 0.250000
63 35.544815 51.617668 0.000000 1.302275 1.310413 2.153685 3.885927 7.557413 0.200000
64 35.705784 51.326912 0.000000 1.200059 1.343445 2.237621 4.071199 7.928642 0.333333
65 35.547657 51.212456 0.000000 1.337553 1.330844 2.207747 4.015335 7.849377 0.200000
66 36.038994 51.289402 0.000000 1.149977 1.343858 2.254117 4.149209 8.216342 0.250000
67 36.159595 50.767521 0.000000 0.801820 1.435676 2.610926 5.274374 11.554904 0.254130
68 35.966942 50.657166 0.000000 1.035493 1.439627 2.600954 5.203548 11.265826 0.250004
69 36.031101 50.665974 0.000000 0.898910 1.348559 2.304010 4.368493 9.005122 0.250000
72 35.578224 50.647095 0.000000 0.926725 1.363342 2.326125 4.381496 8.938098 0.200000
