%% Trajectory 5
%% frame x (pixel)     y (pixel)    z (pixel)      m0         m1           m2           m3           m4           s 
13 64.409531 65.016548 0.000000 1.342401 1.312986 2.163593 3.918139 7.648098 0.250000
15 64.506805 65.100456 0.000000 1.333776 1.285541 2.072518 3.658515 6.940633 0.250037
17 64.634102 65.156975 0.000000 1.333783 1.253971 1.982224 3.426483 6.361877 0.274818
18 64.495934 65.092651 0.000000 1.417376 1.315095 2.172038 3.944629 7.728351 0.252050
19 64.525116 64.974922 0.000000 1.444539 1.296809 2.117954 3.801784 7.363520 0.333333
20 64.310349 65.062538 0.000000 1.545410 1.317772 2.186300 4.000319 7.922116 0.250001
21 64.410088 65.043083 0.000000 1.667657 1.313923 2.167241 3.935824 7.728622 0.333333
22 64.386353 64.985100 0.000000 1.873505 1.318496 2.181091 3.963046 7.758909 0.333333
23 64.460838 65.100670 0.000000 1.522750 1.320043 2.183944 3.971761 7.790653 0.250436
24 64.249161 65.152466 0.000000 1.994445 1.307168 2.151778 3.898436 7.626238 0.250000
25 64.342422 65.228195 0.000000 1.866472 1.284947 2.070154 3.646502 6.890563 0.250000
26 64.152336 65.149551 0.000000 2.099853 1.323660 2.197742 4.009173 7.878256 0.250000
27 64.334946 64.992897 0.000000 2.446455 1.337375 2.251858 4.187777 8.435587 0.333333
28 64.371269 65.039688 0.000000 2.120341 1.324129 2.208189 4.061572 8.085821 0.333333
29 64.327957 65.030807 0.000000 2.260164 1.333630 2.231274 4.107659 8.159410 0.250000
30 64.220024 65.117149 0.000000 2.528014 1.329735 2.220525 4.081977 8.098204 0.200000
31 64.185173 65.149643 0.000000 2.259812 1.320654 2.190354 3.992433 7.840942 0.200000
32 64.229019 65.155540 0.000000 2.528047 1.316025 2.176043 3.955884 7.753676 0.200000
33 64.270508 65.221603 0.000000 2.658764 1.296330 2.108212 3.760196 7.218597 0.200000
34 64.185570 65.097603 0.000000 2.745328 1.311211 2.161420 3.916883 7.653514 0.200000
35 64.194328 65.055031 0.000000 2.725921 1.336027 2.243801 4.157274 8.332181 0.200000
36 64.195808 65.112007 0.000000 2.776168 1.313557 2.167102 3.933018 7.702983 0.200000
37 64.211472 64.986679 0.000000 2.972760 1.340157 2.259635 4.206295 8.474314 0.200000
38 64.174805 65.086159 0.000000 2.703612 1.332274 2.227016 4.094545 8.114915 0.333525
39 64.204369 65.164223 0.000000 3.013288 1.310689 2.157925 3.904486 7.615923 0.250000
40 64.185051 65.145454 0.000000 3.177847 1.322339 2.195599 4.012926 7.918900 0.200000
41 64.202477 65.093567 0.000000 3.092476 1.333767 2.242165 4.165918 8.388521 0.166667
42 64.059280 65.126534 0.000000 2.824573 1.350318 2.294888 4.311714 8.774409 0.200000
43 63.819489 65.171761 0.000000 2.891960 1.334622 2.222869 4.051404 7.916237 0.200239
44 63.831741 65.280792 0.000000 2.870540 1.302161 2.119891 3.774557 7.209139 0.232124
45 63.746689 65.165260 0.000000 2.800648 1.320059 2.183492 3.968980 7.779726 0.329293
46 63.747437 65.078384 0.000000 2.744512 1.335797 2.237903 4.120801 8.174470 0.229516
47 63.531425 64.983246 0.000000 2.543365 1.315632 2.171822 3.934969 7.673871 0.166668
48 63.668526 64.925583 0.000000 2.546982 1.321580 2.196333 4.014444 7.914474 0.200177
49 63.608612 64.562813 0.000000 2.862530 1.307213 2.129025 3.781960 7.183196 0.200466
50 63.475605 64.399651 0.000000 2.937132 1.282444 2.058934 3.610558 6.786799 0.200003
51 63.725704 64.252617 0.000000 2.574849 1.299692 2.118561 3.782207 7.256882 0.236096
52 63.589638 64.162849 0.000000 3.081967 1.298992 2.105264 3.722139 7.039216 0.200013
53 63.628719 64.008293 0.000000 2.985491 1.368287 2.346884 4.444268 9.105989 0.200533
54 63.358307 63.757645 0.000000 2.759091 1.322212 2.178794 3.917225 7.529839 0.202008
55 62.870930 63.877647 0.000000 2.780948 1.357863 2.316067 4.363087 8.896378 0.298972
56 62.434444 64.152946 0.000000 2.417490 1.308662 2.137332 3.813284 7.287196 0.200000
57 62.252644 64.464127 0.000000 2.337908 1.296880 2.108863 3.761995 7.230247 0.166679
58 62.476822 63.901089 0.000000 1.918020 1.343504 2.252904 4.137819 8.156565 0.258516
59 62.885132 64.019867 0.000000 1.553059 1.401883 2.456869 4.747961 9.897538 0.169694
