%% Trajectory 10
%% frame x (pixel)     y (pixel)    z (pixel)      m0         m1           m2           m3           m4           s 
5 62.340836 18.103432 0.000000 1.344716 1.274790 2.064590 3.691794 7.167910 0.114277
7 62.395458 18.421906 0.000000 1.660682 1.223234 1.895605 3.222760 5.922113 0.123948
8 62.532059 18.316172 0.000000 1.565759 1.199155 1.819453 3.022529 5.424652 0.125000
9 62.640171 18.281813 0.000000 1.746369 1.269892 2.019295 3.517056 6.596623 0.142857
10 62.365860 18.214672 0.000000 1.820894 1.253955 1.995340 3.502520 6.677729 0.166667
11 62.488159 18.142435 0.000000 1.982229 1.269872 2.031493 3.561510 6.721069 0.142857
12 62.464642 18.378197 0.000000 1.906571 1.255021 1.994025 3.495712 6.662034 0.142857
13 62.350388 18.393036 0.000000 2.630813 1.290662 2.081946 3.667409 6.921422 0.142960
14 62.553551 18.277697 0.000000 2.684058 1.298779 2.125327 3.836053 7.506735 0.125001
15 62.482567 18.528107 0.000000 3.109427 1.277383 2.046012 3.588520 6.771395 0.168345
16 62.524567 18.566450 0.000000 2.847361 1.266149 2.014515 3.504093 6.544940 0.143583
17 62.388332 18.644285 0.000000 3.200683 1.256413 1.993541 3.474598 6.544487 0.181632
18 62.352146 18.588556 0.000000 3.923508 1.265883 2.015168 3.515851 6.608840 0.166849
19 62.412998 18.747263 0.000000 3.545370 1.301855 2.130777 3.837328 7.469501 0.142858
20 62.431641 18.738930 0.000000 3.879844 1.257958 1.992544 3.450061 6.413118 0.142857
21 62.548199 18.695793 0.000000 4.119101 1.266727 2.012347 3.492815 6.504817 0.142857
22 62.481461 18.715137 0.000000 4.122176 1.286652 2.071193 3.640652 6.855632 0.142857
23 62.571819 18.537243 0.000000 4.194658 1.287278 2.082886 3.701005 7.096012 0.142857
24 62.596218 18.561399 0.000000 4.224468 1.268631 2.016563 3.502766 6.529560 0.142857
25 62.608894 18.570822 0.000000 3.923503 1.258218 1.991648 3.446903 6.406347 0.125000
26 62.495377 18.693041 0.000000 4.266002 1.276160 2.042912 3.577013 6.725986 0.142857
27 62.570511 18.620272 0.000000 4.331731 1.305496 2.145711 3.892428 7.660615 0.142857
28 62.631393 18.715950 0.000000 4.407607 1.276101 2.047863 3.604262 6.834451 0.142857
29 62.486202 18.744560 0.000000 4.482574 1.313055 2.155827 3.880900 7.518684 0.142857
30 62.537395 18.646332 0.000000 4.658966 1.260332 1.998295 3.463145 6.442481 0.166667
31 62.380215 18.666321 0.000000 4.571142 1.291311 2.100219 3.760900 7.288581 0.142857
32 62.560230 18.706446 0.000000 4.566036 1.276641 2.042874 3.571238 6.693369 0.243604
33 62.605206 18.690544 0.000000 4.294629 1.273586 2.035189 3.553099 6.651264 0.128521
34 62.473690 18.600973 0.000000 4.937037 1.285761 2.070888 3.645928 6.885862 0.125001
35 62.608597 18.779892 0.000000 4.801201 1.322839 2.189489 3.974705 7.762242 0.125033
36 62.504028 18.546635 0.000000 4.342954 1.277089 2.042949 3.569455 6.685369 0.125000
37 62.738476 18.643827 0.000000 5.033696 1.301980 2.124472 3.800391 7.314171 0.125510
38 62.723709 18.535488 0.000000 4.640986 1.265952 2.012862 3.496589 6.515906 0.125000
39 63.047215 18.357801 0.000000 5.005984 1.343957 2.270963 4.244035 8.605949 0.204247
40 62.945232 18.482998 0.000000 4.567271 1.335774 2.236893 4.125811 8.223336 0.154125
41 63.133793 18.734222 0.000000 4.989333 1.337316 2.247384 4.168191 8.372751 0.133417
42 63.224895 18.726871 0.000000 4.971250 1.326803 2.196024 3.978874 7.738243 0.142857
43 63.418880 18.870701 0.000000 4.493755 1.324585 2.196912 4.003091 7.863072 0.158946
44 63.417877 18.877480 0.000000 4.590896 1.324955 2.202393 4.023695 7.928995 0.143333
45 63.651848 18.972645 0.000000 3.856073 1.351149 2.294127 4.305997 8.763523 0.144720
46 63.669594 18.996748 0.000000 4.069990 1.350563 2.295095 4.311275 8.779577 0.142857
47 63.728756 19.169802 0.000000 3.328116 1.356117 2.307034 4.337778 8.842925 0.160698
49 64.247269 18.449272 0.000000 2.293959 1.372770 2.383682 4.607740 9.713537 0.166667
