%% Trajectory 13
%% frame x (pixel)     y (pixel)    z (pixel)      m0         m1           m2           m3           m4           s 
16 87.343750 38.242332 0.000000 1.440952 1.259743 2.010777 3.536017 6.741124 0.136274
17 87.799355 38.732800 0.000000 1.230270 1.216237 1.903102 3.298232 6.245728 0.154595
20 87.295502 38.461105 0.000000 1.466144 1.243972 1.956830 3.398117 6.425012 0.142857
21 87.281235 38.264511 0.000000 2.032450 1.320279 2.198808 4.046804 8.076662 0.143974
22 87.273514 38.756443 0.000000 2.075232 1.332063 2.232557 4.142673 8.359351 0.125107
23 87.360435 38.737331 0.000000 2.357013 1.278764 2.046885 3.578324 6.705647 0.282697
24 87.448196 38.833374 0.000000 2.772811 1.294079 2.105419 3.763897 7.259512 0.232580
25 87.424583 38.852158 0.000000 2.888300 1.309439 2.175464 4.009482 8.053959 0.263664
26 87.495895 38.678513 0.000000 3.149278 1.260619 2.002036 3.483129 6.523534 0.177339
28 87.377937 38.798283 0.000000 3.123354 1.247568 1.954583 3.349211 6.172462 0.125042
29 87.720314 38.685688 0.000000 3.335061 1.270419 2.043006 3.622351 6.966519 0.125584
30 87.385635 38.742100 0.000000 3.732595 1.250645 1.966458 3.381665 6.251875 0.142864
31 87.592850 38.773582 0.000000 4.455375 1.293468 2.101850 3.749068 7.208134 0.153647
32 87.465248 38.724895 0.000000 4.787714 1.272229 2.037248 3.573227 6.741921 0.147075
33 87.482849 38.896355 0.000000 5.312836 1.298393 2.111765 3.757931 7.175946 0.143504
34 87.530838 38.897160 0.000000 4.810142 1.274120 2.040559 3.572466 6.707394 0.189532
35 87.427483 38.846569 0.000000 5.179255 1.274279 2.038700 3.564745 6.684608 0.178611
36 87.517639 38.699818 0.000000 5.058414 1.254169 1.977741 3.409672 6.314865 0.171707
37 87.486115 38.743271 0.000000 5.505250 1.288402 2.077811 3.660641 6.912135 0.270388
38 87.411293 38.751431 0.000000 5.970288 1.276257 2.041162 3.564944 6.673238 0.142857
39 87.447502 38.694386 0.000000 5.635236 1.279077 2.064349 3.670851 7.073962 0.268629
40 87.469620 38.781834 0.000000 5.957134 1.274521 2.034384 3.548314 6.638620 0.159577
41 87.407593 38.855606 0.000000 6.339369 1.293402 2.089995 3.686452 6.960529 0.150731
42 87.430031 38.873703 0.000000 6.520399 1.291371 2.087910 3.689602 6.989752 0.125003
43 87.297119 38.828144 0.000000 6.641669 1.286500 2.078091 3.680278 7.017267 0.142857
44 87.345566 38.778809 0.000000 7.103043 1.270056 2.022557 3.520190 6.574221 0.169299
45 87.244987 38.883526 0.000000 6.789740 1.323224 2.194319 3.995038 7.829775 0.324160
46 86.982170 38.828213 0.000000 6.644085 1.350321 2.305272 4.363847 8.973893 0.226221
47 86.881088 38.831245 0.000000 6.644234 1.325977 2.220811 4.116465 8.286153 0.222508
48 86.613480 38.952755 0.000000 6.387271 1.317345 2.174137 3.940563 7.691410 0.280265
49 86.556976 38.964497 0.000000 6.187756 1.324070 2.195964 3.996227 7.824325 0.450792
50 86.448540 38.841225 0.000000 5.757825 1.286642 2.073407 3.652326 6.899810 0.222372
51 86.505226 38.781860 0.000000 5.400344 1.317941 2.193592 4.038994 8.081412 0.200253
53 85.648163 38.553967 0.000000 4.054609 1.330510 2.250419 4.254709 8.831763 0.166671
55 85.752884 37.897041 0.000000 3.275244 1.433984 2.586843 5.194153 11.346783 0.166667
