%% Trajectory 17
%% frame x (pixel)     y (pixel)    z (pixel)      m0         m1           m2           m3           m4           s 
26 54.073040 34.126373 0.000000 0.691066 1.384906 2.488087 5.020041 11.073165 0.238037
28 54.465710 34.715961 0.000000 1.532736 1.531404 2.944563 6.315179 14.698751 0.142857
29 54.443966 34.398685 0.000000 1.030099 1.408218 2.489122 4.882003 10.378178 0.179168
30 53.968525 34.485889 0.000000 1.683463 1.401133 2.466251 4.819190 10.235868 0.142857
31 54.565758 34.627846 0.000000 1.606310 1.309482 2.139004 3.809645 7.248924 0.145417
32 54.303207 34.322586 0.000000 2.117292 1.345467 2.268598 4.212773 8.443225 0.125000
33 54.235508 34.191170 0.000000 2.077204 1.412138 2.499714 4.890696 10.339918 0.166667
34 54.231804 34.675846 0.000000 2.060059 1.316366 2.164063 3.897615 7.543647 0.200000
35 54.150600 34.214569 0.000000 2.412443 1.307876 2.162569 3.952901 7.837668 0.166667
36 54.263294 34.160049 0.000000 2.826740 1.312893 2.160154 3.901675 7.589074 0.200000
37 53.985027 34.006626 0.000000 3.331787 1.390295 2.431959 4.706788 9.858549 0.250165
38 53.915417 34.494095 0.000000 3.900991 1.338408 2.238145 4.107583 8.111980 0.200000
39 53.754410 34.279514 0.000000 3.626514 1.318186 2.169005 3.903515 7.533654 0.250282
40 53.908077 34.290493 0.000000 3.657627 1.315070 2.178960 3.988027 7.916173 0.166667
41 53.949966 34.386349 0.000000 4.052963 1.291509 2.101060 3.756131 7.242414 0.200000
42 53.847881 34.477028 0.000000 4.230937 1.355913 2.292810 4.252548 8.476837 0.250000
44 53.698341 34.146576 0.000000 4.180435 1.357662 2.315013 4.356804 8.871921 0.191805
45 53.519707 34.302998 0.000000 4.088060 1.268095 2.017186 3.507175 6.544483 0.250154
46 53.477478 34.136013 0.000000 4.152620 1.306012 2.148592 3.898103 7.660172 0.200000
47 53.533600 34.544411 0.000000 4.187764 1.262541 1.999250 3.459623 6.427042 0.200028
48 53.459743 34.768440 0.000000 4.445312 1.279521 2.045073 3.569249 6.677940 0.142857
49 53.661579 34.942505 0.000000 4.303931 1.411852 2.482840 4.814039 10.077734 0.200744
50 53.697685 35.131565 0.000000 3.872411 1.371323 2.347149 4.414758 8.942527 0.210014
51 53.739433 35.066631 0.000000 3.432796 1.304798 2.155016 3.948199 7.884811 0.142880
53 53.556286 35.862572 0.000000 4.389063 1.326083 2.203714 4.033045 7.981348 0.166667
55 53.144863 36.255417 0.000000 3.907176 1.328216 2.223496 4.107838 8.215897 0.166667
57 52.983482 35.491161 0.000000 1.999503 1.498459 2.807478 5.833331 13.107862 0.142857
59 53.912441 35.782341 0.000000 1.262610 1.511370 2.856095 5.973969 13.480365 0.144355
61 53.291729 36.325417 0.000000 0.670195 1.516190 2.894122 6.144793 14.146098 0.318871
63 53.928185 36.813419 0.000000 0.778042 1.408857 2.528773 5.047368 10.938497 0.192219
