%% Trajectory 30
%% frame x (pixel)     y (pixel)    z (pixel)      m0         m1           m2           m3           m4           s 
59 21.777298 18.565363 0.000000 0.846769 1.372783 2.399900 4.696006 10.075618 0.305030
62 21.457558 17.935747 0.000000 0.764701 1.328280 2.258330 4.279952 8.861356 0.250000
64 22.123463 18.041304 0.000000 0.965467 1.484578 2.782019 5.804425 13.136194 0.250000
66 21.730068 17.839455 0.000000 1.620721 1.501352 2.766947 5.616231 12.269608 0.251936
67 22.200777 17.689377 0.000000 1.546989 1.376613 2.377127 4.519890 9.264136 0.250054
68 22.082108 17.845568 0.000000 1.872149 1.516557 2.857639 5.944084 13.311922 0.262508
69 21.647352 17.665375 0.000000 2.278629 1.372433 2.369535 4.522526 9.344502 0.125000
70 22.094076 18.076244 0.000000 2.204734 1.408462 2.494282 4.904839 10.471676 0.090909
71 21.966534 17.608822 0.000000 2.461274 1.411815 2.517364 5.004609 10.846456 0.100000
72 21.841534 17.800613 0.000000 3.225771 1.446375 2.588818 5.100350 10.812656 0.125000
73 21.715757 17.915215 0.000000 3.113050 1.391717 2.410345 4.597046 9.452638 0.100000
74 21.891756 17.824476 0.000000 2.975849 1.395394 2.436756 4.711566 9.876031 0.125000
75 21.703814 17.753456 0.000000 3.167001 1.403113 2.453611 4.728118 9.828374 0.142857
77 21.875380 17.676752 0.000000 3.455421 1.449878 2.605433 5.155667 10.984874 0.111111
78 21.737055 17.854591 0.000000 4.160769 1.375237 2.364335 4.476936 9.141935 0.166667
79 21.812502 17.887365 0.000000 4.218700 1.410162 2.471565 4.770586 9.924791 0.166667
80 21.883699 18.072960 0.000000 3.796564 1.468040 2.683987 5.428982 11.873786 0.166667
81 21.665989 17.722191 0.000000 3.697231 1.446319 2.597614 5.139512 10.955016 0.142857
82 21.814232 17.653231 0.000000 3.277974 1.449775 2.610932 5.180239 11.069938 0.200076
83 21.918623 17.577238 0.000000 4.159201 1.445670 2.598445 5.158391 11.060564 0.170532
84 21.820944 17.673569 0.000000 3.728668 1.434142 2.544861 4.961341 10.395688 0.211018
85 22.066296 17.597380 0.000000 3.438720 1.517540 2.834136 5.829524 12.897513 0.200000
86 22.164421 17.703648 0.000000 3.602468 1.470745 2.677090 5.366517 11.576914 0.250000
87 22.067081 17.458036 0.000000 3.423169 1.517205 2.834450 5.833606 12.913751 0.200000
88 21.894901 17.547922 0.000000 3.890513 1.505572 2.803645 5.757220 12.727585 0.250000
89 21.745380 17.546694 0.000000 3.120601 1.592498 3.083907 6.545070 14.865889 0.250000
90 22.167664 17.471260 0.000000 3.464018 1.482344 2.705062 5.422775 11.673831 0.250000
91 22.305927 17.441311 0.000000 3.086912 1.533616 2.908248 6.076650 13.645191 0.250000
92 22.535883 18.019527 0.000000 3.195153 1.519283 2.865658 5.983422 13.489117 0.250001
93 22.468517 17.524759 0.000000 3.417020 1.574429 3.028742 6.401283 14.505624 0.250000
94 22.427746 17.496588 0.000000 3.322691 1.522021 2.861795 5.944176 13.314011 0.307669
95 22.700928 17.537153 0.000000 3.358490 1.599480 3.111602 6.639635 15.169685 0.200001
96 22.782364 17.614124 0.000000 3.415392 1.582081 3.054204 6.467941 14.669782 0.200007
97 22.639368 17.857767 0.000000 3.686670 1.511144 2.813240 5.754328 12.634970 0.200000
98 23.313377 18.262854 0.000000 3.662254 1.512393 2.804420 5.711888 12.487063 0.200000
99 23.447174 18.270828 0.000000 3.142812 1.454785 2.608923 5.146485 10.929345 0.200814
101 23.594503 17.822950 0.000000 2.792839 1.566852 2.989033 6.256691 14.040956 0.200033
103 24.384060 18.614691 0.000000 2.787420 1.617923 3.171815 6.798809 15.555902 0.205255
