%% Trajectory 64
%% frame x (pixel)     y (pixel)    z (pixel)      m0         m1           m2           m3           m4           s 
68 36.735489 60.124680 0.000000 1.060168 1.366627 2.399838 4.700283 10.038907 0.238224
70 37.099968 60.158543 0.000000 0.883727 1.385610 2.459355 4.875625 10.544057 0.125447
72 36.861355 60.209541 0.000000 1.184191 1.467365 2.763780 5.849128 13.504977 0.229516
74 36.939369 60.272533 0.000000 0.978965 1.574828 3.062083 6.571578 15.153528 0.106321
76 37.290878 59.305286 0.000000 1.999735 1.505316 2.812545 5.817382 12.998640 0.125007
77 37.361500 59.715839 0.000000 1.954722 1.432250 2.579641 5.175586 11.298435 0.100000
78 37.137932 60.056648 0.000000 2.446215 1.413623 2.516286 4.953418 10.535991 0.140743
80 37.270657 59.568161 0.000000 2.922364 1.387703 2.415096 4.662333 9.779730 0.125543
81 36.819454 59.856613 0.000000 2.472287 1.467064 2.703002 5.539140 12.332745 0.231162
82 37.320690 59.694546 0.000000 2.556936 1.329120 2.217544 4.079253 8.116234 0.145265
83 37.204872 60.093533 0.000000 2.865756 1.472107 2.727774 5.615536 12.529570 0.146762
84 36.979259 59.660061 0.000000 2.659622 1.435593 2.588772 5.186546 11.288198 0.179502
86 37.055149 59.625587 0.000000 3.515556 1.384092 2.388428 4.545330 9.339733 0.166667
87 37.175144 59.474266 0.000000 3.192190 1.365674 2.314601 4.299815 8.576989 0.191047
88 36.856365 59.382931 0.000000 3.768874 1.427868 2.527004 4.934520 10.415404 0.166667
89 37.010490 59.360119 0.000000 3.357485 1.417234 2.510310 4.919861 10.433051 0.167015
90 37.118832 58.894081 0.000000 3.928650 1.413225 2.506461 4.920749 10.458988 0.125000
91 37.349552 58.351894 0.000000 3.778368 1.416633 2.484312 4.781425 9.881904 0.142881
92 37.253296 58.352695 0.000000 3.399077 1.364722 2.328573 4.372985 8.859933 0.156888
93 37.644276 58.417969 0.000000 3.378780 1.357999 2.295977 4.263559 8.522703 0.188600
94 37.803768 58.253647 0.000000 3.633372 1.382499 2.410013 4.676603 9.894048 0.166667
95 37.665436 58.330235 0.000000 3.742812 1.421384 2.535656 5.023087 10.809873 0.223079
96 37.765369 57.948666 0.000000 3.273568 1.538710 2.928441 6.153643 13.932470 0.200000
98 38.091637 58.320190 0.000000 2.564715 1.378394 2.399295 4.632184 9.716897 0.195175
100 38.567463 59.177860 0.000000 2.246735 1.428608 2.546648 5.031320 10.787966 0.132491
101 38.899582 59.067619 0.000000 1.775451 1.421288 2.567761 5.183547 11.412044 0.127931
102 38.980244 58.954403 0.000000 1.703172 1.470350 2.696647 5.462614 11.933862 0.152315
103 39.208416 59.143177 0.000000 1.291083 1.411322 2.526411 5.050447 11.008604 0.244476
106 39.493904 58.551998 0.000000 1.395043 1.307185 2.168562 4.021882 8.207926 0.167174
108 38.527435 57.757877 0.000000 1.303218 1.550623 3.061537 6.759466 16.182199 0.194116
