%% Trajectory 9
%% frame x (pixel)     y (pixel)    z (pixel)      m0         m1           m2           m3           m4           s 
16 65.355904 33.717838 0.000000 0.484791 1.132639 1.641098 2.621541 4.601042 0.250000
17 64.894676 33.829124 0.000000 0.874002 1.203743 1.839623 3.096076 5.670369 0.250000
18 64.535103 33.744843 0.000000 1.010816 1.243088 1.943820 3.326630 6.130855 0.204005
19 64.748375 33.752083 0.000000 0.947710 1.219965 1.882695 3.183985 5.810244 0.250000
20 64.816757 33.834698 0.000000 1.155343 1.300288 2.133681 3.879605 7.685857 0.250000
21 64.701927 33.768913 0.000000 1.229736 1.291288 2.116239 3.857731 7.698164 0.250000
22 64.650841 33.902458 0.000000 1.859888 1.268831 2.020640 3.518217 6.575016 0.250000
23 64.660133 33.979603 0.000000 2.103380 1.283406 2.094332 3.769392 7.342324 0.250000
24 64.716202 33.951042 0.000000 2.228253 1.338836 2.267637 4.245679 8.610769 0.250000
25 64.745277 33.793827 0.000000 1.961328 1.305949 2.122293 3.761763 7.131118 0.250000
26 64.804222 33.829937 0.000000 2.087044 1.276011 2.046792 3.599997 6.819190 0.392590
27 64.516411 33.826645 0.000000 2.342783 1.274151 2.031426 3.538192 6.609928 0.250269
28 64.665771 33.889679 0.000000 2.464592 1.275430 2.046111 3.600410 6.825606 0.250000
29 64.698318 33.817043 0.000000 2.552049 1.270434 2.032531 3.573095 6.786514 0.200000
30 64.579803 33.862061 0.000000 3.242173 1.293111 2.093933 3.708231 7.046702 0.269339
31 64.641602 33.980366 0.000000 3.543548 1.331291 2.228537 4.110110 8.188824 0.251891
32 64.648972 33.920036 0.000000 3.479393 1.312412 2.157770 3.888340 7.532396 0.250000
33 64.607452 33.929924 0.000000 3.540772 1.306716 2.130808 3.794068 7.231958 0.250000
34 64.635399 33.950108 0.000000 3.878608 1.298882 2.108697 3.740060 7.106832 0.266382
35 64.615631 33.956852 0.000000 3.839783 1.312261 2.152049 3.861676 7.434196 0.250002
36 64.590607 33.989223 0.000000 4.339149 1.304375 2.143631 3.876600 7.571708 0.250578
37 64.675003 34.005360 0.000000 4.012891 1.326142 2.210573 4.059901 8.057262 0.321978
38 64.641045 33.970200 0.000000 4.089118 1.330229 2.232723 4.142748 8.334035 0.169362
39 64.551071 33.975132 0.000000 3.909541 1.306149 2.152168 3.901595 7.633793 0.251473
40 64.457855 34.155346 0.000000 4.046493 1.279222 2.052461 3.600897 6.780107 0.250000
41 64.431679 34.456455 0.000000 3.854805 1.283382 2.061991 3.616546 6.793385 0.200640
42 64.333542 34.411850 0.000000 3.743481 1.283783 2.065141 3.633653 6.865208 0.250004
43 64.330482 34.658276 0.000000 3.701376 1.292504 2.091949 3.710959 7.085720 0.250000
44 64.162308 34.650047 0.000000 3.396086 1.319483 2.175244 3.931036 7.640974 0.200000
45 64.199585 34.697010 0.000000 3.027849 1.303799 2.138052 3.858223 7.525673 0.200000
46 64.339607 34.789715 0.000000 3.467807 1.323328 2.190742 3.971982 7.733412 0.200000
47 64.192535 34.692207 0.000000 3.633086 1.355993 2.299083 4.289241 8.635165 0.200000
49 64.885811 35.765705 0.000000 2.977977 1.328274 2.211751 4.050365 7.998277 0.250152
50 65.166473 35.675327 0.000000 2.515580 1.327696 2.217681 4.080955 8.108944 0.238694
52 64.593315 34.818981 0.000000 1.822225 1.356048 2.286407 4.213440 8.315815 0.200292
