%% Trajectory 10
%% frame x (pixel)     y (pixel)    z (pixel)      m0         m1           m2           m3           m4           s 
11 65.204224 55.526066 0.000000 1.896735 1.533707 2.903867 6.067536 13.663680 0.125064
12 65.115852 56.196396 0.000000 2.237630 1.516810 2.848579 5.924948 13.323840 0.142860
13 65.204422 56.192924 0.000000 2.214828 1.515286 2.840289 5.883276 13.155581 0.142857
14 64.932587 56.029091 0.000000 2.378282 1.573181 3.047207 6.518540 15.017667 0.125002
15 65.127419 56.180603 0.000000 2.612237 1.544715 2.942575 6.184930 14.003554 0.126124
16 65.128479 56.237690 0.000000 2.603241 1.522264 2.853421 5.894989 13.113627 0.125009
17 65.197639 56.499947 0.000000 2.445986 1.497602 2.769334 5.646998 12.412842 0.126092
18 64.916855 56.444294 0.000000 2.692131 1.538451 2.918763 6.118052 13.829815 0.125039
19 64.971497 56.256184 0.000000 3.305018 1.528863 2.899332 6.087037 13.802590 0.125012
20 65.270348 56.569130 0.000000 3.280339 1.488555 2.732603 5.527005 12.044065 0.251000
21 65.119995 56.386681 0.000000 3.408057 1.489251 2.739889 5.556118 12.139806 0.180650
22 65.093414 56.459389 0.000000 3.262070 1.554235 2.958662 6.198641 13.957475 0.126291
23 65.009621 56.405853 0.000000 3.086205 1.551730 2.977023 6.309847 14.409741 0.147468
24 65.032959 56.373634 0.000000 3.220195 1.530110 2.892143 6.040000 13.602328 0.297093
25 65.095802 56.161278 0.000000 3.322706 1.532795 2.894729 6.030243 13.532327 0.190185
26 65.186127 56.315487 0.000000 3.310115 1.525391 2.867444 5.947633 13.297584 0.167922
27 65.228134 56.373177 0.000000 3.693809 1.475327 2.692552 5.417870 11.755263 0.317841
28 65.269875 56.514214 0.000000 3.556947 1.444153 2.599529 5.172492 11.129091 0.184740
29 65.207466 56.684864 0.000000 4.077543 1.463624 2.655480 5.316844 11.489252 0.258650
30 65.300812 56.574429 0.000000 3.830373 1.485631 2.725099 5.511171 12.017474 0.166667
31 65.284966 56.604664 0.000000 3.995229 1.518676 2.851148 5.915182 13.239116 0.142857
32 65.154289 56.609653 0.000000 3.929691 1.491841 2.758478 5.626785 12.372674 0.142857
33 65.225716 56.707779 0.000000 4.309947 1.458353 2.628004 5.210880 11.119556 0.166667
34 65.240753 56.720486 0.000000 4.397603 1.454462 2.613009 5.161066 10.961362 0.166667
35 65.185547 56.772484 0.000000 4.300550 1.460863 2.638858 5.240381 11.185159 0.166667
36 65.314148 56.997826 0.000000 4.319203 1.460371 2.657441 5.349412 11.637712 0.173706
37 65.233704 56.892963 0.000000 4.915226 1.474284 2.700087 5.455472 11.879142 0.181647
38 65.349770 56.793652 0.000000 5.163548 1.482505 2.719630 5.502292 11.998700 0.263623
39 65.390907 56.984478 0.000000 5.193542 1.437919 2.586235 5.151356 11.103251 0.289388
40 65.339989 56.995045 0.000000 5.442181 1.448420 2.623656 5.260291 11.402255 0.166667
41 65.481026 57.099079 0.000000 5.569881 1.404718 2.463007 4.765522 9.959401 0.166667
42 65.468163 57.056675 0.000000 6.037205 1.407013 2.470755 4.790425 10.035210 0.166667
43 65.568253 57.148590 0.000000 6.331599 1.385126 2.384035 4.505203 9.153698 0.166667
44 65.537422 57.169037 0.000000 6.192093 1.389645 2.410370 4.611558 9.533875 0.166667
45 65.610809 57.104671 0.000000 6.333860 1.389542 2.411624 4.616166 9.543045 0.166667
46 65.520119 57.073479 0.000000 6.464395 1.391886 2.418336 4.633410 9.587118 0.166667
47 65.496033 57.021267 0.000000 6.685959 1.394500 2.424519 4.641953 9.579597 0.166667
48 65.568695 57.010666 0.000000 7.589406 1.406224 2.469201 4.782482 10.001388 0.166667
49 65.548416 56.978798 0.000000 8.184608 1.384616 2.392267 4.551691 9.341522 0.166667
51 65.456764 56.878246 0.000000 7.400820 1.342309 2.248194 4.131511 8.169702 0.142857
52 65.398918 56.924629 0.000000 7.571621 1.389836 2.415143 4.634164 9.620500 0.200000
53 65.294174 56.978962 0.000000 7.291668 1.409291 2.474518 4.787324 9.988096 0.166667
54 65.226418 56.976601 0.000000 7.435964 1.428642 2.544333 5.001194 10.609259 0.142857
55 65.341240 57.048786 0.000000 7.419837 1.390051 2.407902 4.591475 9.436007 0.142857
56 65.250710 57.056126 0.000000 6.813370 1.417435 2.510855 4.914214 10.396610 0.166667
57 65.199486 57.079792 0.000000 6.929431 1.430600 2.555582 5.050677 10.800407 0.200000
58 65.235695 57.112640 0.000000 6.894258 1.433693 2.569614 5.103092 10.982362 0.166667
59 65.228737 57.027515 0.000000 6.594540 1.451709 2.623856 5.241443 11.310926 0.166667
60 65.368965 57.009171 0.000000 6.030212 1.473753 2.698828 5.461598 11.932088 0.166680
61 65.413734 57.071163 0.000000 5.972589 1.480055 2.727930 5.570323 12.306713 0.166667
63 65.580345 57.076775 0.000000 5.025143 1.429680 2.557413 5.070137 10.893682 0.142857
64 65.659554 57.211842 0.000000 5.139591 1.370662 2.353106 4.463239 9.170250 0.142857
65 65.718353 57.183544 0.000000 4.524887 1.358325 2.314409 4.354265 8.870836 0.177095
66 65.953186 57.223064 0.000000 4.178189 1.369244 2.360070 4.507876 9.350842 0.254108
67 65.868752 57.264130 0.000000 4.343852 1.335190 2.248636 4.189627 8.473310 0.194018
68 65.892998 57.316383 0.000000 4.577045 1.340819 2.265735 4.239300 8.617641 0.166680
69 65.896568 57.395786 0.000000 4.842069 1.338723 2.255950 4.208178 8.528703 0.166667
70 65.854736 57.307865 0.000000 4.294358 1.327267 2.218174 4.098516 8.220967 0.166782
71 65.873024 57.320473 0.000000 4.745178 1.337502 2.250958 4.190461 8.468989 0.142857
72 65.773247 57.381634 0.000000 4.688259 1.312184 2.165772 3.942253 7.773246 0.125000
73 65.838478 57.181545 0.000000 4.983732 1.331708 2.233664 4.139880 8.318970 0.125000
74 65.588112 57.074074 0.000000 4.701739 1.337483 2.242769 4.136479 8.227977 0.171268
75 65.406586 56.973675 0.000000 4.736424 1.367870 2.336376 4.389490 8.889378 0.168262
76 65.166222 56.885696 0.000000 5.004036 1.389269 2.423532 4.680841 9.802208 0.126714
77 65.042801 56.909439 0.000000 4.837047 1.400482 2.460860 4.785602 10.079770 0.206159
78 64.907547 56.896832 0.000000 4.823854 1.396343 2.438716 4.700803 9.789357 0.173223
79 64.763229 56.807503 0.000000 5.059459 1.329209 2.211874 4.046817 7.985906 0.278544
80 64.796806 56.853230 0.000000 4.281374 1.352134 2.302069 4.335589 8.856896 0.166670
81 64.623398 56.887779 0.000000 4.094403 1.328045 2.213746 4.061791 8.050081 0.310688
82 64.360680 57.089382 0.000000 3.544589 1.333548 2.218232 4.040740 7.899332 0.200000
83 64.425140 57.495266 0.000000 3.394471 1.347259 2.243792 4.065170 7.845356 0.166667
85 64.713005 57.787636 0.000000 2.310563 1.344554 2.278771 4.272666 8.690027 0.166915
86 65.024895 57.738071 0.000000 1.559761 1.372811 2.377044 4.567586 9.537573 0.207581
