%% Trajectory 7
%% frame x (pixel)     y (pixel)    z (pixel)      m0         m1           m2           m3           m4           s 
19 68.664169 49.187656 0.000000 0.865420 1.410362 2.531703 5.076169 11.103570 0.200008
20 68.253899 49.572338 0.000000 0.959164 1.335599 2.225249 4.068615 8.004711 0.204900
22 68.600578 49.307388 0.000000 0.739967 1.268570 2.047617 3.662158 7.143490 0.173935
23 68.523254 49.441750 0.000000 1.155349 1.311997 2.170496 3.974984 7.916757 0.167397
24 68.851341 49.361023 0.000000 1.100858 1.308251 2.159189 3.941892 7.821882 0.231721
25 68.491447 49.394634 0.000000 1.102574 1.368857 2.354441 4.485038 9.260051 0.250000
26 68.729813 49.526169 0.000000 1.348403 1.286643 2.069906 3.636095 6.841383 0.200000
27 68.886246 49.611111 0.000000 1.173672 1.321656 2.212363 4.105840 8.291622 0.212046
28 68.657066 49.311611 0.000000 1.258751 1.287361 2.097428 3.771173 7.346531 0.200003
29 68.725960 49.328522 0.000000 1.145950 1.284066 2.092711 3.775798 7.411570 0.200795
30 68.914841 49.256279 0.000000 1.006205 1.249740 1.979042 3.462943 6.599806 0.200019
31 68.852661 49.559788 0.000000 1.307206 1.307756 2.168639 3.978742 7.927200 0.458487
32 69.008240 49.275776 0.000000 1.132476 1.293285 2.140245 3.943211 7.937368 0.204970
33 68.957016 49.479996 0.000000 1.447783 1.268919 2.040556 3.611460 6.906920 0.174642
35 68.976807 49.400208 0.000000 1.266074 1.261529 2.019845 3.559791 6.786593 0.166667
36 69.104607 49.345474 0.000000 1.147821 1.244236 1.957833 3.373958 6.256110 0.166667
37 69.153214 49.231495 0.000000 1.168403 1.254752 1.986057 3.441609 6.412164 0.166667
38 69.045486 49.151142 0.000000 1.401840 1.280793 2.104367 3.830801 7.581204 0.166667
39 68.877975 49.418922 0.000000 1.402973 1.212661 1.874063 3.174736 5.801852 0.166667
40 69.071625 49.336781 0.000000 1.306466 1.272317 2.085578 3.810509 7.626160 0.166667
41 68.894051 49.086807 0.000000 1.490150 1.241169 1.976695 3.486547 6.698009 0.166673
42 68.923294 49.369061 0.000000 1.304726 1.213865 1.881529 3.217818 5.991434 0.200000
43 68.693359 49.121559 0.000000 1.354448 1.205859 1.859776 3.152063 5.780070 0.167507
44 68.993011 49.045853 0.000000 1.306257 1.303986 2.163462 3.947201 7.754342 0.273787
45 68.829544 49.058701 0.000000 1.532183 1.284216 2.092727 3.762740 7.325416 0.143044
46 69.048264 49.147465 0.000000 1.595816 1.287835 2.113101 3.829854 7.522998 0.144048
47 68.955658 49.056465 0.000000 1.240541 1.305080 2.213105 4.206490 8.766136 0.125069
48 69.072937 49.277164 0.000000 1.276010 1.269807 2.092123 3.867208 7.875093 0.227966
49 69.060410 49.398342 0.000000 1.370287 1.286323 2.124219 3.921192 7.945026 0.126400
50 68.826599 49.669384 0.000000 1.455460 1.360625 2.343934 4.487494 9.348845 0.283318
51 69.209831 50.204132 0.000000 1.199397 1.334032 2.293272 4.449348 9.517231 0.173537
52 68.918541 50.383839 0.000000 1.343883 1.378321 2.428045 4.766402 10.172593 0.201296
54 68.619720 50.559002 0.000000 1.195129 1.291563 2.163758 4.083246 8.501357 0.166667
