%% Trajectory 20
%% frame x (pixel)     y (pixel)    z (pixel)      m0         m1           m2           m3           m4           s 
49 78.860405 45.818424 0.000000 0.503789 1.146587 1.727992 2.913909 5.442050 0.125000
51 79.091690 46.051735 0.000000 0.681078 1.215635 1.929815 3.420612 6.654793 0.125000
52 79.111008 46.169739 0.000000 0.906142 1.205923 1.893759 3.322306 6.410973 0.125310
53 78.916954 45.791584 0.000000 1.089490 1.208460 1.919797 3.422032 6.731880 0.207234
54 78.915062 45.684399 0.000000 1.494619 1.220261 1.915434 3.338192 6.365668 0.198514
55 79.202255 45.932610 0.000000 1.623144 1.251620 1.989347 3.476836 6.566847 0.161068
56 79.007294 45.552887 0.000000 1.843044 1.289008 2.126251 3.876451 7.656290 0.142857
57 79.287605 45.865265 0.000000 1.844587 1.262639 2.013620 3.519772 6.620481 0.166700
58 79.243126 45.802155 0.000000 1.904729 1.257519 2.008941 3.546922 6.814614 0.145029
59 79.316795 45.699512 0.000000 2.141970 1.219174 1.891853 3.219839 5.912055 0.125000
60 79.522194 45.823441 0.000000 2.312657 1.237520 1.941949 3.346838 6.231965 0.142857
61 79.603561 45.654358 0.000000 2.798411 1.269230 2.021709 3.523418 6.598897 0.166749
62 79.490738 45.432873 0.000000 2.809762 1.243350 1.946479 3.334352 6.145947 0.166667
63 79.622101 45.480804 0.000000 3.128095 1.249406 1.962875 3.372732 6.230680 0.250000
64 79.446487 45.535118 0.000000 2.935760 1.251740 1.968591 3.385790 6.260023 0.142857
65 79.474876 45.430080 0.000000 3.228977 1.255410 1.981330 3.418645 6.336453 0.201570
66 79.501015 45.476845 0.000000 3.707351 1.244232 1.948456 3.336696 6.144076 0.269435
67 79.528137 45.487011 0.000000 3.773306 1.274280 2.034777 3.548985 6.636996 0.200570
68 79.539513 45.409153 0.000000 3.923745 1.281368 2.055607 3.600906 6.758755 0.200000
69 79.505592 45.449318 0.000000 4.099084 1.276125 2.037532 3.554549 6.651337 0.250000
70 79.553642 45.318840 0.000000 4.097611 1.312519 2.148619 3.839434 7.341102 0.210670
71 79.475952 45.459049 0.000000 4.393616 1.280263 2.054530 3.600796 6.762617 0.305739
72 79.512283 45.399117 0.000000 4.390291 1.282798 2.058700 3.607776 6.774578 0.248605
73 79.479317 45.374119 0.000000 4.579019 1.285302 2.067456 3.630988 6.830513 0.328652
74 79.454651 45.444016 0.000000 4.588149 1.292347 2.086800 3.677877 6.938980 0.201754
75 79.463531 45.429665 0.000000 4.635848 1.301490 2.110545 3.733600 7.065294 0.168152
76 79.656120 45.271019 0.000000 4.796260 1.300224 2.111915 3.746555 7.118710 0.169311
77 79.658829 45.279377 0.000000 4.652819 1.309172 2.137480 3.809532 7.265580 0.201316
78 79.636658 45.232334 0.000000 5.050958 1.319516 2.176436 3.931846 7.627014 0.167411
79 79.726364 45.245243 0.000000 4.832346 1.296052 2.104842 3.738357 7.120935 0.169811
80 79.641045 45.342243 0.000000 5.366539 1.297496 2.106574 3.740452 7.124897 0.200000
81 79.664223 45.367126 0.000000 5.596203 1.295891 2.095767 3.698556 6.985124 0.200000
82 79.589401 45.284184 0.000000 6.003663 1.308934 2.138745 3.821951 7.325358 0.200000
83 79.641800 45.367344 0.000000 5.866919 1.311098 2.148310 3.850879 7.404227 0.200000
84 79.590172 45.321808 0.000000 5.661573 1.282015 2.056424 3.602398 6.762777 0.200000
85 79.612991 45.292191 0.000000 6.322656 1.291900 2.085664 3.677597 6.948648 0.200000
86 79.720345 45.252262 0.000000 6.646126 1.314133 2.156550 3.871924 7.457364 0.200000
87 79.717949 45.234333 0.000000 7.151104 1.309681 2.140832 3.821487 7.302171 0.166667
88 79.831139 45.213814 0.000000 6.230958 1.350139 2.273324 4.195546 8.312923 0.166667
89 79.799927 45.112988 0.000000 6.618726 1.347904 2.276085 4.227519 8.462117 0.166667
90 79.743530 45.205536 0.000000 6.227335 1.321624 2.181547 3.939269 7.627139 0.166667
91 79.771858 45.123867 0.000000 6.797760 1.350788 2.284459 4.250542 8.526369 0.166667
92 79.604935 44.888100 0.000000 6.303743 1.336884 2.245698 4.161082 8.343726 0.142857
93 79.629135 44.881962 0.000000 6.370251 1.327614 2.210126 4.049531 8.012484 0.166667
94 79.576363 44.707886 0.000000 6.544316 1.288305 2.079838 3.676078 6.984540 0.142857
95 79.477623 44.589409 0.000000 5.815843 1.302130 2.113372 3.740975 7.081129 0.142857
96 79.438248 44.492401 0.000000 6.115326 1.296955 2.099551 3.707880 7.005259 0.166667
97 79.308174 44.421467 0.000000 5.798778 1.303562 2.119179 3.756363 7.116817 0.166667
98 79.308807 44.239738 0.000000 5.675292 1.300209 2.111261 3.744189 7.112633 0.166667
99 79.177872 44.105198 0.000000 5.268574 1.355962 2.300202 4.298458 8.673848 0.166667
100 79.083267 44.177326 0.000000 4.906709 1.318192 2.183940 3.982606 7.844097 0.166667
101 79.268608 43.555923 0.000000 4.924874 1.292062 2.089005 3.697181 7.032168 0.142857
102 79.472794 43.546528 0.000000 4.707237 1.254715 1.977600 3.406668 6.303022 0.142857
103 79.635094 43.351738 0.000000 3.886898 1.270131 2.021378 3.514237 6.553414 0.147551
104 80.113159 42.953300 0.000000 3.847945 1.307763 2.161108 3.941701 7.785492 0.271462
106 80.520462 43.479385 0.000000 2.421365 1.202111 1.832453 3.062277 5.535682 0.166667
108 80.647362 43.766956 0.000000 1.483663 1.221498 1.923754 3.382611 6.560587 0.166667
