%% Trajectory 17
%% frame x (pixel)     y (pixel)    z (pixel)      m0         m1           m2           m3           m4           s 
40 65.749214 56.173988 0.000000 1.673015 1.297934 2.139786 3.910427 7.781995 0.142858
41 65.613083 56.166298 0.000000 1.771527 1.312208 2.184125 4.030363 8.100003 0.333670
42 65.545120 56.338860 0.000000 1.777935 1.304062 2.137693 3.863042 7.564461 0.323598
43 65.748405 56.077896 0.000000 1.953938 1.371679 2.359161 4.483692 9.218498 0.297047
44 65.644081 55.973785 0.000000 2.190404 1.376348 2.373396 4.514754 9.274728 0.165428
45 65.935883 56.164036 0.000000 2.341471 1.391963 2.433956 4.716242 9.912682 0.140755
46 65.882645 56.073353 0.000000 2.379413 1.397870 2.457475 4.790846 10.133762 0.222683
47 65.870354 56.001717 0.000000 2.726230 1.420013 2.539492 5.053681 10.934516 0.125205
48 65.962296 55.789276 0.000000 3.195805 1.432972 2.555129 5.021447 10.638639 0.126994
49 65.846970 55.899662 0.000000 3.011398 1.364710 2.324960 4.346771 8.732037 0.245632
50 65.923927 55.824356 0.000000 2.796161 1.374482 2.362989 4.480073 9.174492 0.287483
51 65.965889 55.909367 0.000000 2.938725 1.372839 2.374400 4.546663 9.437302 0.145407
52 65.999168 55.878311 0.000000 3.413615 1.429585 2.550325 5.017641 10.641990 0.125955
53 65.762169 55.985336 0.000000 3.523427 1.390711 2.432461 4.718815 9.936560 0.138929
54 65.879433 56.063995 0.000000 4.002306 1.389666 2.423220 4.679063 9.794474 0.260522
55 65.767204 55.884953 0.000000 3.797040 1.404395 2.458796 4.748982 9.909060 0.138663
56 65.798370 55.988548 0.000000 3.479729 1.381425 2.410016 4.669250 9.831755 0.288582
57 65.790054 55.955967 0.000000 3.271001 1.399175 2.470617 4.845031 10.317024 0.215733
58 65.761887 55.899029 0.000000 3.822768 1.413149 2.490680 4.843024 10.169389 0.289689
59 65.714127 56.048092 0.000000 3.920031 1.378997 2.393866 4.619313 9.708652 0.147622
60 65.755417 56.034409 0.000000 4.244456 1.372249 2.369554 4.530727 9.398579 0.172132
61 65.711067 56.006821 0.000000 3.962078 1.410766 2.501935 4.928354 10.552399 0.154710
62 65.675812 55.881062 0.000000 3.621930 1.370471 2.354957 4.469988 9.182928 0.224515
63 65.665230 55.956352 0.000000 3.043673 1.372342 2.361604 4.491836 9.250044 0.125009
64 65.730759 56.018345 0.000000 3.682697 1.350289 2.301372 4.350420 8.946891 0.151759
65 65.733955 55.869057 0.000000 3.556823 1.348366 2.297008 4.335623 8.886724 0.126261
66 65.711929 56.065815 0.000000 3.665181 1.372018 2.365092 4.514645 9.356091 0.125158
67 65.833679 55.932693 0.000000 4.001347 1.352200 2.301587 4.333239 8.844816 0.150774
68 65.783607 55.903297 0.000000 3.552096 1.389475 2.422015 4.671864 9.762728 0.142857
69 65.812828 56.037125 0.000000 4.001033 1.354252 2.301208 4.316202 8.759049 0.162412
70 65.724991 56.045097 0.000000 4.083603 1.360768 2.317115 4.346320 8.805564 0.142934
71 65.703094 56.102577 0.000000 4.261018 1.307715 2.135949 3.805284 7.244634 0.142857
72 65.704575 56.033150 0.000000 4.577678 1.350191 2.290778 4.283166 8.643088 0.142860
73 65.788582 56.214546 0.000000 4.817331 1.316111 2.158108 3.868552 7.435137 0.142860
74 65.799156 56.142204 0.000000 4.511047 1.320043 2.174818 3.924777 7.610797 0.167314
75 65.754692 56.245842 0.000000 4.294326 1.329458 2.205295 4.011016 7.847384 0.179188
76 65.810211 56.175541 0.000000 5.051133 1.311479 2.152839 3.874307 7.499419 0.314763
77 65.693947 56.197083 0.000000 4.765052 1.308557 2.132431 3.790479 7.205477 0.133527
78 65.789055 56.225407 0.000000 4.883979 1.323785 2.181391 3.928869 7.583928 0.175052
79 65.825218 56.283180 0.000000 5.029423 1.306341 2.132066 3.806138 7.291259 0.127116
80 65.855278 56.283928 0.000000 4.760484 1.320733 2.187942 3.988210 7.853163 0.147011
81 65.698418 56.265560 0.000000 4.565918 1.308645 2.131292 3.784601 7.182669 0.125498
82 65.674545 56.236233 0.000000 4.694020 1.296141 2.094629 3.693628 6.970409 0.125000
83 65.606133 56.117329 0.000000 5.024364 1.295695 2.095167 3.696768 6.979976 0.142857
85 65.213165 55.792400 0.000000 4.627252 1.298935 2.124346 3.817474 7.394181 0.142876
86 65.177376 55.554951 0.000000 4.907631 1.271360 2.028226 3.536402 6.615482 0.200000
87 65.064392 55.475582 0.000000 4.525620 1.311332 2.155843 3.887509 7.539312 0.166667
88 64.972031 55.414112 0.000000 4.694062 1.335186 2.241898 4.152747 8.318601 0.200000
89 64.883972 55.289295 0.000000 4.664554 1.324373 2.195071 3.990256 7.804261 0.200000
90 64.596870 55.270367 0.000000 4.021767 1.277655 2.044734 3.572428 6.686991 0.166667
91 64.507996 55.177299 0.000000 4.037649 1.293218 2.089828 3.692202 6.998233 0.166667
92 64.231873 55.216553 0.000000 3.480991 1.323085 2.198877 4.025391 7.961633 0.166667
93 64.220528 54.671127 0.000000 3.120765 1.324906 2.209110 4.056978 8.047289 0.169417
94 63.883530 54.644863 0.000000 2.788074 1.292871 2.105030 3.777458 7.338302 0.145823
