%% Trajectory 11
%% frame x (pixel)     y (pixel)    z (pixel)      m0         m1           m2           m3           m4           s 
24 35.851864 60.914879 0.000000 1.171412 1.353706 2.303374 4.333139 8.835976 0.127866
25 35.909328 60.705265 0.000000 1.226977 1.306270 2.166897 3.982874 7.969996 0.170617
26 35.640480 60.735069 0.000000 1.167857 1.251413 1.968815 3.386040 6.257219 0.127508
27 35.750668 60.903507 0.000000 1.194690 1.359199 2.328102 4.422322 9.134425 0.141225
28 35.697777 60.824673 0.000000 1.503410 1.287194 2.077779 3.667276 6.943673 0.200019
29 35.988823 60.693573 0.000000 1.357457 1.319948 2.189805 4.002321 7.908772 0.143051
30 36.061817 60.877167 0.000000 1.775061 1.370911 2.359409 4.488153 9.241361 0.125000
31 35.906807 60.647076 0.000000 1.663575 1.324781 2.197112 3.995500 7.812639 0.243622
32 35.802601 60.892525 0.000000 1.380075 1.353021 2.302998 4.337978 8.865892 0.158838
33 35.675312 60.914509 0.000000 1.459067 1.318826 2.185621 3.992670 7.893048 0.174736
34 35.920013 60.819820 0.000000 1.543053 1.345938 2.278877 4.266140 8.659113 0.169614
35 35.875706 60.730618 0.000000 1.712061 1.329137 2.219956 4.083745 8.117689 0.213105
36 35.953461 60.648563 0.000000 1.614826 1.330533 2.223355 4.103102 8.211750 0.189355
37 35.977726 60.701302 0.000000 1.771289 1.331650 2.231392 4.125860 8.259016 0.233133
38 35.986172 60.653416 0.000000 1.747395 1.347588 2.287414 4.302341 8.789888 0.165017
39 35.806358 60.703175 0.000000 1.856955 1.322051 2.184672 3.952051 7.672779 0.209471
40 36.152229 60.749889 0.000000 1.782003 1.332535 2.226639 4.102608 8.176373 0.153781
41 36.054714 60.865631 0.000000 1.940773 1.353337 2.303601 4.328077 8.792956 0.271416
42 36.065189 60.774292 0.000000 1.894978 1.341628 2.265734 4.227821 8.544940 0.161281
43 36.094570 60.612095 0.000000 2.143445 1.339575 2.251257 4.169669 8.345900 0.229413
44 36.051064 60.748745 0.000000 2.058015 1.342368 2.260814 4.191305 8.383006 0.125353
45 36.106316 60.738346 0.000000 2.483594 1.327464 2.210206 4.045958 7.986050 0.187399
46 36.243271 60.715294 0.000000 2.162329 1.319655 2.177905 3.942634 7.680328 0.131668
47 36.235756 60.672863 0.000000 2.154914 1.348440 2.274887 4.230336 8.506400 0.144130
48 36.537285 60.569679 0.000000 2.202323 1.292298 2.086041 3.674532 6.927399 0.213126
49 36.779545 60.724197 0.000000 2.176182 1.322916 2.178189 3.913365 7.519047 0.181176
50 36.798580 60.515774 0.000000 2.189034 1.297064 2.110011 3.769867 7.267100 0.233973
51 37.332142 60.566971 0.000000 2.071745 1.296861 2.110939 3.771347 7.261741 0.184367
52 37.271023 60.490967 0.000000 2.015487 1.318538 2.170088 3.907315 7.545538 0.143054
53 37.589241 60.574936 0.000000 1.808809 1.318464 2.164642 3.877403 7.427245 0.146278
54 37.398338 61.205826 0.000000 1.612685 1.316272 2.175235 3.942038 7.682953 0.171417
