%% Trajectory 8
%% frame x (pixel)     y (pixel)    z (pixel)      m0         m1           m2           m3           m4           s 
10 55.664242 55.128544 0.000000 1.359340 1.317587 2.187937 3.992052 7.845924 0.320054
11 55.917446 55.035450 0.000000 1.351826 1.413053 2.535133 5.078378 11.098689 0.195724
12 55.919273 54.763954 0.000000 2.089215 1.289807 2.124775 3.918820 7.966531 0.111111
13 56.071499 54.958363 0.000000 2.268612 1.351755 2.301463 4.333757 8.838730 0.166667
14 55.927002 54.755856 0.000000 2.572156 1.311330 2.173616 3.991086 7.972904 0.264614
15 56.016739 55.150928 0.000000 2.606097 1.400239 2.478480 4.883113 10.473277 0.148330
16 55.908447 54.860233 0.000000 2.680467 1.398761 2.436622 4.672035 9.655167 0.114189
17 55.917755 55.085903 0.000000 2.755480 1.379042 2.381443 4.544982 9.380792 0.166667
18 55.955387 54.763157 0.000000 3.165603 1.355936 2.317307 4.392555 9.059485 0.174232
19 56.282906 55.014481 0.000000 2.951264 1.352291 2.296639 4.298850 8.685683 0.166966
20 56.081177 54.976444 0.000000 3.164666 1.375541 2.386058 4.577540 9.502166 0.166669
21 56.301594 54.771103 0.000000 3.081469 1.369146 2.361177 4.516230 9.392469 0.166794
22 56.834534 54.743694 0.000000 3.177105 1.392284 2.421191 4.651551 9.673305 0.200000
23 57.151215 54.593109 0.000000 3.027220 1.391985 2.412458 4.608366 9.506665 0.254650
24 57.147388 54.745819 0.000000 2.743793 1.444506 2.605943 5.202714 11.241571 0.166694
25 57.437645 54.469723 0.000000 2.239720 1.318316 2.189739 4.018267 7.999847 0.247787
26 57.554352 54.232304 0.000000 2.512324 1.476655 2.693504 5.417815 11.757164 0.179376
27 57.535477 54.147118 0.000000 2.490770 1.422845 2.530313 4.989687 10.686142 0.167327
28 57.511391 54.426346 0.000000 2.461020 1.443495 2.558927 4.976893 10.398009 0.166937
30 58.363445 54.538395 0.000000 2.386775 1.384505 2.395528 4.592885 9.567428 0.173019
31 58.645588 54.633286 0.000000 1.880268 1.389664 2.400079 4.569125 9.402369 0.167344
32 58.372543 53.965946 0.000000 1.765344 1.447517 2.651757 5.409360 11.991483 0.189590
33 58.428703 53.514874 0.000000 1.378878 1.460196 2.705719 5.624559 12.791636 0.166667
35 59.517490 54.974686 0.000000 1.406785 1.420878 2.544167 5.058502 10.916594 0.304445
36 59.683617 54.446007 0.000000 1.185016 1.517741 2.829825 5.837953 13.021391 0.166668
