%% Trajectory 24
%% frame x (pixel)     y (pixel)    z (pixel)      m0         m1           m2           m3           m4           s 
56 31.839979 81.741295 0.000000 1.184084 1.284420 2.064461 3.626747 6.832016 0.166667
59 31.318470 81.612648 0.000000 1.342852 1.445763 2.579943 5.057510 10.662050 0.200000
61 30.994379 81.628586 0.000000 1.171499 1.324096 2.226966 4.149261 8.394936 0.200000
63 31.467072 81.494499 0.000000 1.691557 1.498911 2.774343 5.655859 12.413361 0.166667
65 31.464788 81.115829 0.000000 1.760654 1.455758 2.641370 5.307442 11.549322 0.142857
66 31.812994 81.260094 0.000000 2.000543 1.480875 2.694986 5.405393 11.693196 0.142857
68 31.867737 79.974495 0.000000 2.506726 1.446713 2.625445 5.304237 11.655459 0.142888
69 31.765591 79.888023 0.000000 2.683311 1.458013 2.641908 5.296015 11.486189 0.142857
70 31.614670 79.621613 0.000000 2.345380 1.394150 2.411609 4.578615 9.342784 0.161288
71 31.847490 79.651970 0.000000 2.375690 1.385740 2.426742 4.740060 10.107541 0.151698
72 31.904758 79.508263 0.000000 2.803556 1.350234 2.280784 4.231031 8.447125 0.215468
73 31.376907 79.296539 0.000000 2.751452 1.318173 2.170460 3.909239 7.550245 0.363428
74 31.501904 79.171402 0.000000 3.101402 1.325760 2.197045 3.990183 7.789379 0.308548
75 31.817909 78.883133 0.000000 2.684282 1.370370 2.372900 4.573417 9.617158 0.116865
76 31.682245 79.108131 0.000000 3.119380 1.299798 2.123160 3.804420 7.338180 0.111197
77 31.669296 79.108803 0.000000 3.168519 1.314023 2.178025 3.983949 7.894687 0.114338
78 31.534504 79.081757 0.000000 2.877764 1.357544 2.323002 4.402721 9.061378 0.112614
79 31.809584 79.142143 0.000000 2.887027 1.335951 2.240403 4.129539 8.201746 0.198302
81 31.568516 78.891212 0.000000 3.720199 1.290846 2.096363 3.738735 7.189893 0.139706
82 31.754677 78.990295 0.000000 3.959810 1.335112 2.244151 4.161977 8.347927 0.205563
83 31.760414 79.037598 0.000000 3.972752 1.357960 2.304330 4.300518 8.649729 0.144525
84 31.845516 79.014671 0.000000 3.849046 1.371889 2.371209 4.541994 9.442655 0.170763
85 32.155289 79.036316 0.000000 3.795034 1.356930 2.318168 4.376498 8.943561 0.166580
86 32.099819 79.134422 0.000000 3.897950 1.367090 2.343948 4.428931 9.031160 0.172489
87 32.397896 79.348770 0.000000 3.424141 1.351252 2.296156 4.309130 8.758324 0.205609
88 32.409660 79.193100 0.000000 4.085599 1.357630 2.313586 4.353995 8.875071 0.187320
90 32.753361 78.600220 0.000000 2.875087 1.357872 2.319566 4.391040 9.037692 0.167099
91 32.775806 77.869667 0.000000 2.973362 1.399185 2.457473 4.787868 10.131318 0.207269
92 32.540215 78.132095 0.000000 2.700338 1.407552 2.483285 4.852304 10.271124 0.174083
94 34.320877 78.210327 0.000000 2.306915 1.531815 2.913456 6.148438 14.044864 0.200000
