%% Trajectory 22
%% frame x (pixel)     y (pixel)    z (pixel)      m0         m1           m2           m3           m4           s 
58 52.300484 71.063293 0.000000 0.561323 1.357846 2.410982 4.807857 10.518461 0.243036
59 52.504185 71.626839 0.000000 0.721049 1.314825 2.175513 3.954119 7.744503 0.111139
60 52.406132 71.462090 0.000000 0.756720 1.441374 2.588350 5.112181 10.852138 0.299437
61 52.855640 71.616493 0.000000 0.857489 1.311790 2.197583 4.096366 8.341479 0.149716
62 52.732159 71.575691 0.000000 0.957186 1.324508 2.206444 4.062285 8.106464 0.166673
64 52.563877 71.636131 0.000000 0.968976 1.426641 2.571759 5.198787 11.514728 0.200004
65 52.459396 71.525490 0.000000 1.129043 1.289212 2.075449 3.655067 6.915818 0.142930
66 52.786312 71.484650 0.000000 1.134810 1.458004 2.673627 5.467863 12.177816 0.200000
67 52.868195 71.367653 0.000000 1.608120 1.481603 2.736260 5.608156 12.455315 0.200001
68 52.509464 71.438332 0.000000 1.578357 1.369032 2.345410 4.431391 9.049855 0.166667
69 52.600937 71.067093 0.000000 1.798881 1.479676 2.730145 5.580480 12.340956 0.142860
70 52.742477 71.469383 0.000000 1.779569 1.413022 2.503191 4.917437 10.485689 0.166677
71 52.569469 71.279305 0.000000 2.404703 1.433999 2.572757 5.129274 11.119484 0.166667
72 52.595131 71.446747 0.000000 2.618076 1.378547 2.364860 4.456828 9.046175 0.142857
73 52.890709 71.278015 0.000000 2.770629 1.486068 2.729446 5.523420 12.039196 0.142955
74 53.039383 71.339806 0.000000 2.815653 1.515910 2.831900 5.827555 12.907500 0.142857
75 53.021866 71.363327 0.000000 2.913220 1.494004 2.766046 5.661091 12.512590 0.166667
76 52.909092 71.162476 0.000000 2.828645 1.521345 2.852919 5.906285 13.186771 0.233020
78 53.101280 70.895859 0.000000 2.255117 1.474567 2.709669 5.520440 12.182158 0.224448
79 53.058643 71.171234 0.000000 2.291193 1.487477 2.736237 5.539771 12.063941 0.142946
80 53.230362 70.824295 0.000000 2.502130 1.553506 2.969274 6.236838 14.055269 0.200018
81 52.982304 70.389259 0.000000 2.872784 1.525319 2.898201 6.097369 13.846306 0.204742
82 53.200138 70.492386 0.000000 2.594404 1.431382 2.548687 5.002619 10.589545 0.213963
83 52.540020 70.451546 0.000000 2.538836 1.520538 2.871770 6.015665 13.634163 0.200031
84 52.780018 70.534363 0.000000 2.423043 1.531126 2.883641 5.990099 13.413837 0.250000
85 53.184109 70.522743 0.000000 1.775258 1.594080 3.111399 6.687272 15.428325 0.200000
86 53.363651 70.588043 0.000000 2.012902 1.570339 3.005595 6.313653 14.216458 0.250000
88 53.876747 71.314430 0.000000 1.591341 1.336022 2.248949 4.176153 8.389567 0.250000
