%% Trajectory 8
%% frame x (pixel)     y (pixel)    z (pixel)      m0         m1           m2           m3           m4           s 
10 54.815559 60.362717 0.000000 1.783743 1.449599 2.623479 5.272431 11.506694 0.142857
12 54.844185 60.345253 0.000000 2.202793 1.446042 2.610201 5.222003 11.323446 0.166755
14 54.698647 59.742958 0.000000 2.125490 1.431305 2.563722 5.089620 10.957551 0.173795
15 54.758015 59.696537 0.000000 2.338561 1.478503 2.726205 5.572964 12.336870 0.200000
16 54.740303 59.587013 0.000000 2.786858 1.437392 2.569970 5.072266 10.814157 0.166667
17 54.815296 59.621555 0.000000 2.539971 1.494938 2.767837 5.657126 12.469166 0.176401
18 54.739677 60.131283 0.000000 2.699957 1.515186 2.845217 5.915616 13.293169 0.148316
20 54.812466 59.554970 0.000000 2.792123 1.543366 2.932973 6.154464 13.917879 0.187645
21 54.713898 59.734261 0.000000 3.054593 1.498887 2.793413 5.768063 12.883022 0.125014
22 54.722908 59.717770 0.000000 3.133882 1.504761 2.811102 5.819799 13.039116 0.189421
23 54.640057 59.825043 0.000000 3.367010 1.495458 2.787445 5.771667 12.960613 0.148970
24 54.658058 59.847717 0.000000 3.259833 1.440549 2.590138 5.163909 11.170053 0.143789
25 54.543102 60.171848 0.000000 3.530789 1.483305 2.750373 5.670112 12.690112 0.167670
26 54.668983 60.167145 0.000000 3.314833 1.466070 2.677278 5.420778 11.895677 0.301836
27 54.631447 60.156105 0.000000 3.378652 1.464740 2.665919 5.372787 11.724288 0.166667
28 54.691196 60.167213 0.000000 3.495724 1.453980 2.635751 5.296957 11.540497 0.166667
29 54.643394 60.144016 0.000000 3.936038 1.448501 2.625450 5.284124 11.545452 0.166667
30 54.734806 60.184071 0.000000 4.143544 1.459230 2.660022 5.383082 11.821550 0.236119
31 54.664539 60.177170 0.000000 3.730200 1.444431 2.613914 5.263218 11.531087 0.166667
32 54.625626 60.235935 0.000000 3.970320 1.433541 2.568310 5.105310 11.019516 0.200000
33 54.575588 60.177067 0.000000 3.972359 1.434968 2.579888 5.148934 11.159153 0.363473
34 54.709301 60.399055 0.000000 4.038469 1.430912 2.538914 4.964158 10.470035 0.327868
35 54.697567 60.264347 0.000000 4.235214 1.437042 2.579463 5.140216 11.127540 0.250000
36 54.643745 60.250824 0.000000 4.655011 1.419624 2.516564 4.932752 10.466500 0.250000
37 54.628254 60.167580 0.000000 4.527826 1.449099 2.613242 5.209640 11.231324 0.250000
38 54.733067 60.249645 0.000000 4.329711 1.468160 2.667927 5.346889 11.560751 0.200000
39 54.840355 60.107128 0.000000 4.412561 1.457008 2.633458 5.252339 11.305326 0.200000
40 54.847748 60.154678 0.000000 4.501629 1.443311 2.591392 5.139967 11.014669 0.200024
41 54.684818 60.256439 0.000000 4.760016 1.437310 2.562799 5.034440 10.664344 0.250026
42 54.836277 59.811066 0.000000 5.063434 1.449652 2.608261 5.173537 11.063656 0.200000
43 54.754875 59.738621 0.000000 5.065331 1.456930 2.643198 5.298831 11.474446 0.200000
44 54.598347 59.654400 0.000000 4.871113 1.406391 2.453356 4.701770 9.696739 0.200000
45 54.784134 59.567505 0.000000 4.829213 1.468143 2.658758 5.298153 11.364353 0.200000
46 54.914764 59.407566 0.000000 4.962297 1.511671 2.821660 5.809546 12.886672 0.200000
47 54.962742 59.357407 0.000000 4.162712 1.547590 2.949891 6.202771 14.039778 0.200000
48 54.857613 59.463680 0.000000 3.727782 1.572606 3.031204 6.436294 14.689270 0.200000
49 55.182392 59.295750 0.000000 3.472528 1.532879 2.895821 6.032970 13.534620 0.166667
50 54.837574 59.596386 0.000000 3.039320 1.510501 2.838949 5.915787 13.333742 0.166667
51 54.832569 59.701855 0.000000 3.208375 1.517439 2.830655 5.813114 12.836767 0.166667
52 54.712555 60.123959 0.000000 2.615594 1.476315 2.706663 5.482962 11.994555 0.200000
53 54.819763 60.252655 0.000000 2.460585 1.486755 2.738620 5.571190 12.231461 0.166667
54 54.634094 60.239040 0.000000 2.638938 1.442717 2.592165 5.146780 11.051311 0.200000
55 54.571007 60.362206 0.000000 2.386936 1.421288 2.512607 4.896474 10.302969 0.142857
56 54.556808 60.286415 0.000000 2.397700 1.362184 2.324837 4.383967 8.962387 0.200301
57 54.501289 60.414330 0.000000 2.152845 1.355715 2.280419 4.186774 8.220482 0.167016
58 54.590508 60.341595 0.000000 2.243607 1.376469 2.359453 4.446828 9.033998 0.166667
59 54.438412 60.579922 0.000000 2.199591 1.368951 2.322975 4.309509 8.562891 0.279376
60 54.282059 60.631741 0.000000 2.120551 1.398025 2.429986 4.646962 9.579061 0.182512
61 54.409901 60.507515 0.000000 2.162492 1.378883 2.348205 4.361795 8.654555 0.159468
62 54.646305 60.563946 0.000000 2.334955 1.364557 2.314953 4.299583 8.564430 0.166667
63 54.403553 60.403252 0.000000 2.313239 1.358293 2.293227 4.235072 8.385187 0.142857
64 54.681561 60.569561 0.000000 2.367341 1.375449 2.349702 4.397221 8.831178 0.142857
65 54.593548 60.799622 0.000000 2.273292 1.373901 2.356362 4.443097 9.024624 0.125012
66 54.369415 60.869267 0.000000 2.163888 1.405864 2.456577 4.712237 9.713008 0.126078
67 54.481785 60.671597 0.000000 1.933310 1.337492 2.239785 4.121803 8.175209 0.132997
68 54.208950 60.619774 0.000000 2.226394 1.342911 2.259990 4.183042 8.347456 0.311327
69 54.362347 60.610893 0.000000 2.211863 1.368073 2.349633 4.470183 9.239911 0.160821
70 54.532139 60.624050 0.000000 1.907105 1.356493 2.302423 4.301698 8.676244 0.171282
71 53.948414 60.506096 0.000000 2.048082 1.408436 2.484381 4.858182 10.313382 0.316151
72 54.278904 60.374123 0.000000 2.216072 1.422114 2.526011 4.969985 10.602505 0.181041
73 54.594723 59.956284 0.000000 2.028106 1.429712 2.549618 5.028444 10.728559 0.205069
74 54.571415 60.088493 0.000000 2.217380 1.460836 2.641718 5.263906 11.300494 0.216234
75 54.830982 59.712982 0.000000 2.154437 1.486202 2.726199 5.512435 12.012113 0.200052
76 54.746132 59.763783 0.000000 2.619109 1.474533 2.691438 5.414380 11.735970 0.166667
77 54.924744 59.328934 0.000000 2.615823 1.518698 2.847368 5.882159 13.073981 0.166667
79 55.765121 59.697517 0.000000 2.740639 1.471815 2.682386 5.394021 11.702779 0.200177