%% Trajectory 20
%% frame x (pixel)     y (pixel)    z (pixel)      m0         m1           m2           m3           m4           s 
67 70.146194 57.691628 0.000000 2.730633 1.346425 2.262281 4.162090 8.216466 0.167598
68 70.191185 57.685303 0.000000 2.400362 1.344625 2.278083 4.271624 8.695470 0.246130
69 70.266014 57.750725 0.000000 2.941752 1.290515 2.087299 3.695732 7.030102 0.142858
70 70.238434 57.727779 0.000000 2.845737 1.355853 2.301445 4.305433 8.705910 0.174296
71 70.338860 57.731373 0.000000 2.576679 1.353225 2.284765 4.236179 8.459386 0.144525
72 70.101341 57.791161 0.000000 3.033788 1.344433 2.274790 4.249341 8.592652 0.148360
73 70.311806 57.766682 0.000000 3.283891 1.328713 2.203040 4.000445 7.799197 0.168862
74 70.261940 57.803539 0.000000 2.956770 1.328579 2.205010 4.016457 7.877470 0.142857
75 70.093727 57.703094 0.000000 3.442301 1.313824 2.167749 3.925788 7.650767 0.200401
76 70.225914 57.779026 0.000000 3.648286 1.319322 2.180072 3.949558 7.695441 0.166673
77 70.187706 57.715473 0.000000 3.881561 1.319034 2.173835 3.920882 7.587219 0.142857
78 70.159004 57.694290 0.000000 3.425968 1.345575 2.255827 4.143127 8.169927 0.166676
79 70.121162 57.694099 0.000000 3.234992 1.364102 2.339329 4.440557 9.146374 0.167368
80 70.215279 57.664722 0.000000 3.699702 1.331331 2.217809 4.055931 7.989806 0.200000
81 70.204193 57.656887 0.000000 3.924337 1.354295 2.289284 4.252090 8.507855 0.166667
82 70.193054 57.537495 0.000000 4.600983 1.317341 2.161735 3.877367 7.453548 0.166667
83 70.209358 57.762218 0.000000 4.163232 1.344169 2.260359 4.177383 8.319085 0.166667
84 70.268661 57.618774 0.000000 4.736398 1.330820 2.209111 4.017643 7.850458 0.142857
85 70.196075 57.694771 0.000000 4.553415 1.332757 2.216587 4.046500 7.954360 0.166667
86 70.171928 57.779800 0.000000 4.854053 1.322225 2.191396 3.983433 7.784219 0.142907
87 70.197052 57.798370 0.000000 4.239962 1.348206 2.271662 4.200192 8.351604 0.142857
88 70.196083 57.599934 0.000000 4.851060 1.322006 2.179978 3.927988 7.579881 0.125165
89 70.228485 57.633762 0.000000 4.498116 1.317940 2.168335 3.894467 7.481977 0.166696
90 70.173851 57.636448 0.000000 4.905470 1.340334 2.238998 4.093456 8.028091 0.142859
91 70.253784 57.629200 0.000000 4.819239 1.315966 2.159088 3.869550 7.427004 0.142859
92 70.375008 57.571510 0.000000 5.303458 1.321699 2.183928 3.956019 7.708228 0.206491
93 70.267853 57.519169 0.000000 5.223778 1.347563 2.265610 4.179118 8.291399 0.144808
94 70.081757 57.509319 0.000000 4.921290 1.367392 2.335549 4.389706 8.896698 0.142857
95 70.228149 57.309048 0.000000 5.063738 1.364560 2.321215 4.340412 8.743874 0.171437
96 70.224411 57.220570 0.000000 5.198282 1.346644 2.276448 4.247948 8.583333 0.166667
97 70.210396 57.048553 0.000000 5.162211 1.395696 2.457645 4.809307 10.233938 0.189864
98 70.104698 56.756668 0.000000 4.622618 1.412093 2.479132 4.787940 9.956573 0.166668
99 70.211113 56.650875 0.000000 4.639533 1.366710 2.322366 4.323735 8.644938 0.142858
100 70.082825 56.623116 0.000000 5.198581 1.436484 2.580065 5.137141 11.090264 0.167823
101 70.075989 56.323967 0.000000 4.978251 1.375983 2.372170 4.516397 9.305546 0.142857
103 70.169655 55.715237 0.000000 3.710045 1.423659 2.526040 4.942877 10.444940 0.125026
104 69.677841 55.642811 0.000000 3.420236 1.394644 2.422851 4.637063 9.575551 0.125027
105 69.372643 55.534122 0.000000 2.777784 1.428699 2.518282 4.866578 10.096586 0.242720
106 69.589272 55.543289 0.000000 2.921839 1.429269 2.540507 4.965595 10.441941 0.231310
107 69.745949 55.247341 0.000000 2.234314 1.471231 2.664567 5.304404 11.353582 0.204812
