%% Trajectory 32
%% frame x (pixel)     y (pixel)    z (pixel)      m0         m1           m2           m3           m4           s 
16 39.993305 56.657993 0.000000 0.683926 1.262435 2.081360 3.881604 8.057546 0.142857
18 39.875439 57.343910 0.000000 0.831297 1.314800 2.175982 4.000839 8.041995 0.142857
19 39.594078 57.390919 0.000000 1.163604 1.341612 2.265042 4.243772 8.663658 0.166667
20 40.212807 56.956272 0.000000 1.020881 1.346517 2.294285 4.308204 8.730002 0.113743
21 39.869598 57.178535 0.000000 1.243825 1.349393 2.314355 4.405978 9.122547 0.125000
22 39.493431 56.732857 0.000000 1.162551 1.317482 2.242041 4.300034 9.117329 0.142887
23 39.536034 56.904366 0.000000 1.332940 1.307169 2.161681 3.955827 7.872461 0.142858
24 39.565079 56.813396 0.000000 1.432931 1.370752 2.346568 4.442379 9.122543 0.167125
25 39.436291 57.032597 0.000000 1.349834 1.331709 2.248073 4.195732 8.491790 0.142857
26 39.555588 56.879864 0.000000 1.400488 1.269966 2.042961 3.610222 6.881553 0.200000
27 39.560875 57.006420 0.000000 1.532145 1.281694 2.086194 3.763530 7.404262 0.200000
28 39.675434 57.261364 0.000000 1.632826 1.265752 2.028763 3.582223 6.854695 0.142857
29 39.621975 57.319958 0.000000 1.752056 1.245904 1.966620 3.417131 6.436248 0.200000
30 39.722702 56.831730 0.000000 1.613034 1.359710 2.341480 4.489764 9.392747 0.166667
31 39.697628 57.270741 0.000000 1.880588 1.317318 2.165696 3.897030 7.529693 0.200000
32 39.654949 57.109833 0.000000 2.140193 1.280163 2.063438 3.648463 6.949667 0.332758
33 39.547245 57.141232 0.000000 1.987681 1.334808 2.246767 4.184041 8.463316 0.158118
34 39.382107 57.138409 0.000000 2.520887 1.326715 2.210833 4.062571 8.081105 0.223929
35 39.440239 57.024837 0.000000 2.656776 1.355145 2.319129 4.403548 9.098008 0.166667
36 39.550034 57.019321 0.000000 2.799190 1.359158 2.318871 4.367167 8.895272 0.166667
37 39.325726 57.153469 0.000000 2.697983 1.316341 2.182085 4.001162 7.974128 0.166667
38 39.641140 57.059410 0.000000 2.907626 1.357028 2.309007 4.337871 8.822754 0.200000
39 39.557465 57.181702 0.000000 2.621788 1.304756 2.141517 3.867047 7.545311 0.111111
40 39.585056 57.251328 0.000000 3.095470 1.309164 2.143088 3.841502 7.398820 0.142857
41 39.708069 57.181568 0.000000 3.152293 1.277651 2.052823 3.624255 6.912156 0.142857
42 39.586258 57.313580 0.000000 3.534708 1.320644 2.175405 3.919698 7.576588 0.166667
43 39.637817 57.072056 0.000000 3.410602 1.331206 2.224014 4.099482 8.183933 0.166667
44 39.680676 57.336071 0.000000 3.392977 1.288565 2.080145 3.675264 6.977312 0.200000
45 39.539085 57.440750 0.000000 3.494225 1.313730 2.168538 3.931527 7.683167 0.142857
46 39.687416 57.123489 0.000000 3.607275 1.307213 2.154013 3.920665 7.747653 0.166667
47 39.700550 57.206028 0.000000 3.402455 1.343274 2.260992 4.197702 8.436230 0.171931
48 39.769310 57.253811 0.000000 2.954796 1.309881 2.155511 3.904548 7.646446 0.268773
50 39.617832 57.401154 0.000000 3.796206 1.307436 2.133683 3.808651 7.295944 0.260512
51 39.772972 57.261780 0.000000 3.792674 1.321039 2.186410 3.981990 7.836048 0.277906
52 39.668640 57.488380 0.000000 3.735498 1.315835 2.163237 3.893394 7.526180 0.250000
53 39.711796 57.601566 0.000000 3.640947 1.281372 2.052726 3.589997 6.726875 0.166667
54 39.531849 57.678028 0.000000 4.027893 1.283949 2.067135 3.633265 6.837600 0.250000
55 39.192493 57.863583 0.000000 4.258471 1.352604 2.284323 4.239129 8.469085 0.200000
56 39.193573 58.081589 0.000000 3.492446 1.352907 2.304842 4.346066 8.892899 0.166667
57 39.248474 58.361076 0.000000 3.386599 1.348671 2.270032 4.190723 8.320248 0.166667
58 38.874947 58.523472 0.000000 3.044523 1.380729 2.404392 4.639554 9.713508 0.142857
60 38.340546 57.815388 0.000000 2.129364 1.362283 2.323717 4.369043 8.873070 0.125000
62 37.479305 57.356674 0.000000 1.881892 1.387292 2.401373 4.597706 9.547302 0.351202
64 38.642307 57.413353 0.000000 1.235238 1.463733 2.677074 5.415236 11.838050 0.142866
66 37.832108 58.450794 0.000000 0.755124 1.219192 1.890484 3.235735 6.031841 0.143288
68 37.308826 57.574627 0.000000 0.767401 1.382983 2.405694 4.679120 9.967301 0.200000
