%% Trajectory 13
%% frame x (pixel)     y (pixel)    z (pixel)      m0         m1           m2           m3           m4           s 
54 62.954227 41.654800 0.000000 0.870420 1.274825 2.048268 3.613421 6.874591 0.166667
55 62.649807 41.683613 0.000000 1.116099 1.300756 2.160271 4.004146 8.145995 0.166667
57 62.642139 41.672794 0.000000 1.475201 1.321014 2.178321 3.930865 7.614633 0.166688
58 62.804039 41.778564 0.000000 1.479819 1.333455 2.231413 4.107996 8.155515 0.266540
59 62.691772 42.096004 0.000000 1.605128 1.336668 2.260231 4.239227 8.650883 0.167731
60 62.850475 41.712662 0.000000 1.326762 1.318096 2.175141 3.955564 7.785603 0.166667
61 62.543556 41.776073 0.000000 1.807566 1.276825 2.043076 3.570363 6.687434 0.200000
62 62.734341 41.775425 0.000000 1.706327 1.281120 2.061437 3.628094 6.853464 0.200000
63 62.665886 41.745438 0.000000 1.944718 1.276978 2.052731 3.619182 6.874004 0.250000
64 62.572781 41.746216 0.000000 1.753567 1.264803 2.006722 3.478866 6.472463 0.200000
65 62.805210 42.011299 0.000000 1.931978 1.348230 2.300330 4.358159 8.984140 0.200000
66 62.714836 41.892834 0.000000 2.062848 1.285621 2.085348 3.733088 7.247390 0.166667
67 62.832531 41.970390 0.000000 1.927619 1.333639 2.244987 4.184090 8.464118 0.200000
68 62.907238 42.048580 0.000000 2.113876 1.315751 2.196505 4.070860 8.217996 0.166667
69 62.741020 41.913143 0.000000 2.270719 1.275079 2.042399 3.579556 6.738521 0.166667
70 62.529015 41.801907 0.000000 2.459096 1.324546 2.198031 4.006177 7.862476 0.166671
71 62.735092 41.664268 0.000000 2.008013 1.276343 2.042003 3.576174 6.731761 0.142857
72 62.476921 41.905853 0.000000 2.012512 1.331352 2.245657 4.185180 8.441192 0.142859
73 62.627144 42.029247 0.000000 2.058454 1.296578 2.144449 3.945626 7.929587 0.125000
74 62.545311 42.006767 0.000000 2.084839 1.336862 2.284346 4.368056 9.158234 0.166667
75 62.380245 41.940495 0.000000 1.772389 1.400823 2.483179 4.890719 10.448575 0.142895
76 62.039719 41.949532 0.000000 1.796111 1.408730 2.523264 5.043804 10.966228 0.169570
77 62.074184 42.063976 0.000000 1.862912 1.358260 2.352701 4.552271 9.614213 0.170650
78 62.037453 42.191360 0.000000 2.015375 1.338015 2.301272 4.440653 9.396007 0.240688
79 62.000626 42.167542 0.000000 1.721121 1.362410 2.389121 4.695617 10.089550 0.324724
80 61.846748 42.242065 0.000000 2.153419 1.328769 2.263254 4.315920 9.028218 0.327064
81 61.577633 42.210339 0.000000 1.524776 1.342448 2.363110 4.726444 10.447839 0.242279
82 61.431202 42.177448 0.000000 1.399631 1.435815 2.725935 5.897607 14.018710 0.143906
