%% Trajectory 14
%% frame x (pixel)     y (pixel)    z (pixel)      m0         m1           m2           m3           m4           s 
21 70.454712 55.688576 0.000000 0.988436 1.341858 2.279033 4.280080 8.705205 0.166689
23 70.052879 55.781231 0.000000 1.133113 1.318346 2.188954 4.010966 7.958129 0.168793
24 70.361465 55.927242 0.000000 1.294805 1.362139 2.338876 4.441281 9.137026 0.166766
25 70.291969 55.662872 0.000000 1.373214 1.299611 2.108574 3.746516 7.155728 0.242126
26 70.074974 55.916290 0.000000 1.552944 1.359081 2.341606 4.466910 9.234797 0.142861
27 69.920982 55.618286 0.000000 1.397307 1.349238 2.262949 4.142731 8.106561 0.242697
28 70.110214 55.872482 0.000000 2.150065 1.297595 2.125964 3.841243 7.515021 0.212396
29 70.128593 55.854797 0.000000 1.888380 1.375929 2.361772 4.469118 9.133248 0.166869
30 70.110786 55.981052 0.000000 2.162510 1.369188 2.356137 4.479178 9.211039 0.175732
31 70.308113 55.810833 0.000000 2.540602 1.294524 2.105486 3.762962 7.259735 0.378849
32 70.194931 55.777145 0.000000 2.111863 1.300753 2.130113 3.830881 7.427509 0.200000
33 70.022484 55.646969 0.000000 2.385989 1.350281 2.282504 4.245252 8.511930 0.201324
34 70.139893 56.116409 0.000000 2.717163 1.357570 2.301543 4.288272 8.605794 0.215622
35 70.034386 56.089165 0.000000 2.085762 1.407367 2.487105 4.870378 10.336195 0.166959
36 70.127449 55.966961 0.000000 2.210545 1.339583 2.269476 4.262032 8.696637 0.200000
37 70.114647 56.003178 0.000000 1.980268 1.401044 2.467399 4.818084 10.201805 0.166667
38 70.046570 55.938221 0.000000 1.850072 1.347388 2.278510 4.253784 8.590773 0.200061
39 69.931389 55.690338 0.000000 2.582108 1.314782 2.177277 3.987904 7.936941 0.262764
40 69.909012 56.079350 0.000000 2.357404 1.362455 2.323315 4.361965 8.830641 0.149870
41 70.057800 55.823689 0.000000 2.612111 1.377213 2.383186 4.570318 9.517023 0.179715
42 70.058960 55.850269 0.000000 2.265311 1.342056 2.266539 4.235751 8.591208 0.142857
43 70.132866 55.863163 0.000000 2.224523 1.339021 2.248227 4.143503 8.210576 0.166667
44 69.796089 55.682510 0.000000 2.578319 1.258223 1.992218 3.458904 6.475766 0.142857
45 70.203857 55.945805 0.000000 2.594760 1.376016 2.372070 4.515634 9.298620 0.200000
46 70.080833 55.954811 0.000000 2.738576 1.384758 2.414014 4.674192 9.841511 0.142857
47 69.767944 55.870792 0.000000 2.152964 1.294558 2.100650 3.743375 7.194880 0.125000
48 69.856209 55.663059 0.000000 2.771600 1.297118 2.127054 3.862525 7.639250 0.166667
49 69.884964 56.037510 0.000000 2.435370 1.346285 2.279191 4.258514 8.602173 0.100000
50 70.342087 55.891190 0.000000 2.480899 1.331233 2.213805 4.032416 7.883961 0.142857
51 70.147362 55.888275 0.000000 2.768424 1.332358 2.230139 4.107266 8.155996 0.200261
52 69.918938 56.014069 0.000000 3.094137 1.393880 2.437645 4.717106 9.885101 0.200000
53 70.190971 55.809467 0.000000 2.679020 1.317638 2.183775 3.988835 7.883695 0.287197
54 69.910484 55.644394 0.000000 3.258496 1.316313 2.170457 3.921619 7.614141 0.143737
55 69.795975 55.611740 0.000000 2.414735 1.363304 2.316617 4.308367 8.585281 0.200000
57 69.818153 55.349743 0.000000 3.059879 1.334639 2.216210 4.018380 7.794621 0.200000
58 69.844337 54.940426 0.000000 3.001162 1.381010 2.390115 4.583808 9.545060 0.166667
59 70.216209 54.993740 0.000000 2.735198 1.392702 2.435823 4.717442 9.903692 0.166667
60 69.865906 55.026272 0.000000 3.141526 1.410657 2.490439 4.846225 10.164272 0.170359
61 69.838539 54.834415 0.000000 2.488647 1.347146 2.270516 4.201562 8.362473 0.166667
62 69.999718 54.618675 0.000000 2.994553 1.374425 2.375556 4.552720 9.476891 0.324859
63 70.140739 54.492271 0.000000 2.420036 1.353769 2.287445 4.260529 8.585719 0.200000
64 70.274544 54.515236 0.000000 2.614705 1.307591 2.131045 3.800766 7.280032 0.197599
65 69.992737 54.176960 0.000000 2.616605 1.401697 2.474668 4.852887 10.342939 0.142860
66 70.408241 54.327347 0.000000 2.633085 1.390849 2.415174 4.624291 9.568192 0.200000
68 69.000557 53.176270 0.000000 2.824009 1.457954 2.635333 5.261322 11.343073 0.200000
69 68.936310 52.901722 0.000000 2.167105 1.429108 2.568303 5.130646 11.133983 0.166667
70 69.053482 53.518559 0.000000 2.560527 1.394331 2.422002 4.647554 9.652446 0.166667
72 69.390358 54.332466 0.000000 2.137338 1.340052 2.255573 4.181138 8.374233 0.169095
73 69.232506 53.669155 0.000000 1.883246 1.327450 2.233857 4.164926 8.443535 0.142863
