%% Trajectory 13
%% frame x (pixel)     y (pixel)    z (pixel)      m0         m1           m2           m3           m4           s 
42 63.405701 65.408211 0.000000 1.272147 1.611848 3.185953 6.947459 16.291761 0.200002
44 63.159473 65.500725 0.000000 1.343202 1.532769 2.892818 6.005658 13.396881 0.191515
45 63.032616 66.139343 0.000000 1.188413 1.533612 2.923666 6.150030 13.916555 0.202206
46 62.804424 66.047401 0.000000 1.768369 1.416026 2.532794 5.057408 11.020902 0.200906
47 62.994980 66.176636 0.000000 1.997470 1.428832 2.567932 5.114293 11.029186 0.169551
48 62.741886 66.423782 0.000000 1.875708 1.323495 2.204023 4.038981 7.993623 0.250000
49 62.883869 66.471756 0.000000 2.147875 1.386402 2.431745 4.749656 10.111277 0.200002
50 62.562061 66.479530 0.000000 2.439672 1.378754 2.384909 4.575121 9.544106 0.200000
51 62.722290 66.386421 0.000000 2.434850 1.346713 2.270242 4.223160 8.507024 0.200001
52 62.842319 66.384926 0.000000 2.263170 1.383268 2.401180 4.627773 9.705915 0.200006
53 62.561890 66.420601 0.000000 2.663167 1.309846 2.156258 3.897274 7.590449 0.200000
54 62.766891 66.283371 0.000000 2.686988 1.327137 2.226101 4.133859 8.346028 0.200001
55 62.847404 66.361351 0.000000 3.178392 1.383071 2.393853 4.575293 9.460435 0.200033
56 62.768459 66.259094 0.000000 3.452065 1.363679 2.326474 4.378776 8.918742 0.200000
57 62.664833 66.333084 0.000000 3.769484 1.362700 2.323267 4.366290 8.872609 0.200000
58 62.770500 66.446114 0.000000 3.833444 1.309661 2.146921 3.865041 7.504019 0.200000
59 62.744453 66.364136 0.000000 4.076650 1.313346 2.147947 3.841832 7.373097 0.201146
60 62.644833 66.443962 0.000000 4.308456 1.309023 2.149998 3.877168 7.535513 0.200892
61 62.804783 66.350899 0.000000 4.215795 1.301008 2.136795 3.875457 7.628238 0.200005
62 62.650532 66.295227 0.000000 5.054429 1.328375 2.198301 3.979448 7.726297 0.201814
63 62.773365 66.418976 0.000000 4.599714 1.333938 2.224502 4.068102 7.997306 0.200000
65 62.735886 66.336525 0.000000 5.308147 1.308081 2.143648 3.852902 7.455287 0.200000
66 62.748650 66.299240 0.000000 5.053855 1.317102 2.170300 3.919995 7.614873 0.200000
67 62.750004 66.290398 0.000000 4.956830 1.311987 2.151960 3.862782 7.442427 0.200000
68 62.722752 66.295425 0.000000 5.423077 1.309992 2.141103 3.818995 7.286086 0.200000
69 62.710922 66.339615 0.000000 4.918853 1.309062 2.135393 3.804811 7.262661 0.200000
70 62.807701 66.142036 0.000000 5.083906 1.346981 2.271274 4.212616 8.425393 0.200000
71 62.713226 66.094719 0.000000 5.202456 1.338897 2.244585 4.137887 8.226963 0.166667
72 62.439758 65.867844 0.000000 5.133742 1.299990 2.116891 3.773849 7.225462 0.250000
73 62.326916 65.864304 0.000000 4.977665 1.334537 2.221868 4.051631 7.930258 0.200000
74 62.144005 65.629089 0.000000 5.497954 1.318599 2.170594 3.907285 7.542027 0.200000
75 62.079391 65.635948 0.000000 4.810727 1.307648 2.147088 3.877367 7.564015 0.166667
76 61.627312 65.737213 0.000000 4.807479 1.300785 2.127516 3.826011 7.429083 0.166667
77 61.112152 65.854630 0.000000 4.965847 1.352619 2.295557 4.295496 8.686876 0.166667
78 61.421833 65.712364 0.000000 4.823398 1.335129 2.213621 4.007420 7.762196 0.256981
79 61.521172 65.833305 0.000000 4.493588 1.339262 2.242868 4.122488 8.149930 0.200679
80 61.218365 65.812134 0.000000 3.706028 1.373185 2.355180 4.451918 9.088124 0.207658
81 60.791096 65.931549 0.000000 3.374497 1.355313 2.310999 4.363388 8.941484 0.201430
82 60.790852 65.886292 0.000000 3.102325 1.358783 2.329952 4.411697 9.029334 0.198247
83 60.896679 66.048309 0.000000 2.515315 1.390383 2.454972 4.832409 10.365331 0.166667
84 60.408920 66.426338 0.000000 2.295635 1.369143 2.369826 4.547971 9.477374 0.168658
85 60.203865 66.563873 0.000000 2.009961 1.465840 2.707926 5.574791 12.467896 0.166667
