%% Trajectory 15
%% frame x (pixel)     y (pixel)    z (pixel)      m0         m1           m2           m3           m4           s 
29 49.324017 33.287930 0.000000 1.232091 1.281893 2.085934 3.762017 7.397421 0.126738
30 49.328785 33.146179 0.000000 1.258377 1.323170 2.183992 3.961601 7.753845 0.142343
31 49.421192 33.357067 0.000000 1.825553 1.283827 2.065955 3.632874 6.850580 0.166667
32 49.391827 33.224594 0.000000 1.912441 1.293817 2.104743 3.760646 7.245428 0.143087
33 49.286816 33.260860 0.000000 2.209830 1.329421 2.209929 4.023561 7.863958 0.177593
34 49.433716 33.355923 0.000000 2.417022 1.280342 2.069192 3.690971 7.149024 0.317894
35 49.382656 33.272633 0.000000 3.015632 1.296518 2.108819 3.765226 7.248127 0.125000
36 49.397038 33.197353 0.000000 3.093128 1.327817 2.203341 4.014662 7.881825 0.142862
37 49.310383 33.247334 0.000000 2.664352 1.304968 2.122963 3.773505 7.187468 0.147103
38 49.283150 33.279358 0.000000 3.057964 1.324309 2.202047 4.038846 8.022088 0.125589
39 49.430584 33.320084 0.000000 2.784972 1.299263 2.122148 3.817669 7.433587 0.125000
40 49.465004 33.294785 0.000000 3.287144 1.283689 2.071258 3.660846 6.958601 0.142861
41 49.560871 33.257469 0.000000 2.864069 1.278622 2.049692 3.587941 6.729571 0.125000
42 49.550125 33.307220 0.000000 3.159815 1.280883 2.049139 3.580515 6.707978 0.125000
43 49.517952 33.288906 0.000000 3.309010 1.274981 2.034321 3.545836 6.628418 0.166667
44 49.434605 33.189480 0.000000 2.899636 1.280545 2.054165 3.597560 6.749239 0.200000
45 49.554234 33.254261 0.000000 3.385895 1.307771 2.151246 3.897094 7.637047 0.200000
46 49.443760 33.254868 0.000000 3.226061 1.296719 2.113694 3.786690 7.321756 0.352743
47 49.535900 33.432724 0.000000 3.955811 1.301318 2.111732 3.737914 7.075717 0.200000
48 49.547367 33.424770 0.000000 3.408486 1.268367 2.019126 3.513236 6.560291 0.200000
50 49.469536 33.316536 0.000000 3.743190 1.317433 2.159540 3.863318 7.394175 0.200010
51 49.471775 33.340828 0.000000 4.269403 1.286548 2.069316 3.632570 6.827721 0.206337
52 49.568760 33.333424 0.000000 4.423956 1.287007 2.075007 3.655999 6.907960 0.166667
53 49.486603 33.331573 0.000000 4.181900 1.294780 2.105701 3.760305 7.242653 0.200046
54 49.563507 33.387985 0.000000 4.052876 1.296914 2.105794 3.741763 7.140494 0.200000
55 49.505669 33.386559 0.000000 4.451243 1.290524 2.080825 3.661918 6.899486 0.167623
56 49.567200 33.331211 0.000000 4.258743 1.304585 2.130484 3.813730 7.346444 0.245970
57 49.645027 33.181286 0.000000 4.239851 1.313575 2.168971 3.941311 7.736396 0.166667
58 49.587410 33.335087 0.000000 4.341183 1.291410 2.082753 3.667226 6.915678 0.166667
59 49.703510 33.244896 0.000000 4.115024 1.305338 2.146302 3.888177 7.620692 0.166667
60 49.693703 33.267086 0.000000 4.105050 1.308687 2.148912 3.882404 7.579551 0.142857
61 49.952179 33.230915 0.000000 4.353949 1.387608 2.434605 4.763500 10.173925 0.142857
62 50.203186 33.144836 0.000000 4.305040 1.344773 2.268144 4.216906 8.474114 0.142857
63 50.442623 33.064304 0.000000 4.452259 1.332686 2.224358 4.079934 8.060082 0.142857
64 50.595783 32.886467 0.000000 4.821987 1.349314 2.263854 4.157681 8.193753 0.142857
65 50.726566 32.926472 0.000000 4.688497 1.348360 2.275045 4.227074 8.483298 0.142857
66 50.715832 32.970940 0.000000 4.031304 1.355104 2.299191 4.290312 8.625867 0.142857
67 50.888237 32.805347 0.000000 3.832026 1.352711 2.288209 4.261837 8.567941 0.142857
68 51.403103 32.814812 0.000000 4.066454 1.315541 2.166348 3.914752 7.620175 0.142857
69 51.344273 33.279461 0.000000 3.521107 1.348862 2.274417 4.217009 8.425327 0.125000
70 51.470661 33.376591 0.000000 3.201126 1.309753 2.150523 3.878167 7.542442 0.125000
71 51.328659 33.370823 0.000000 3.377547 1.316846 2.181780 3.981321 7.855015 0.125000
72 51.273750 33.268661 0.000000 2.786249 1.294352 2.120770 3.842158 7.559174 0.170271
73 51.321987 33.066944 0.000000 2.515458 1.409668 2.502796 4.933653 10.560399 0.142891
74 51.488400 32.998299 0.000000 1.884984 1.394860 2.424885 4.639669 9.558908 0.190499
75 50.692657 33.066448 0.000000 1.698696 1.417072 2.518217 4.958880 10.585215 0.135798
76 50.552418 33.295113 0.000000 1.255202 1.331292 2.230502 4.131094 8.298846 0.142857
77 50.401981 32.631256 0.000000 1.508367 1.378025 2.362942 4.470242 9.150709 0.142859
