%% Trajectory 16
%% frame x (pixel)     y (pixel)    z (pixel)      m0         m1           m2           m3           m4           s 
25 56.418839 57.295811 0.000000 1.338487 1.356852 2.396567 4.811136 10.714793 0.153843
27 56.372002 57.391640 0.000000 1.563291 1.455125 2.731262 5.794293 13.489420 0.200000
28 56.210423 57.595600 0.000000 1.580193 1.315575 2.208213 4.169089 8.699868 0.226332
29 56.394547 57.505833 0.000000 1.463730 1.258807 2.043043 3.722974 7.507748 0.173791
30 56.440826 57.423347 0.000000 1.635771 1.383524 2.476820 5.027946 11.287294 0.166688
31 56.522808 57.285347 0.000000 1.994915 1.443116 2.648800 5.447771 12.230367 0.166667
32 56.514736 57.545464 0.000000 2.095657 1.330761 2.251605 4.240631 8.723413 0.200000
33 56.419815 57.394478 0.000000 1.968840 1.409670 2.511373 4.996031 10.849955 0.166667
34 56.568462 57.943447 0.000000 1.858129 1.379160 2.471716 5.018142 11.246871 0.166683
35 56.557125 57.953766 0.000000 2.262068 1.390956 2.473353 4.930305 10.757970 0.166667
36 56.891712 57.414082 0.000000 2.004393 1.425541 2.562100 5.114852 11.076316 0.166667
37 56.532391 57.473133 0.000000 2.182764 1.305460 2.170271 4.028491 8.206073 0.168271
38 56.492138 57.673954 0.000000 2.609828 1.361679 2.319797 4.349960 8.793372 0.166677
39 56.599079 57.809475 0.000000 2.830369 1.368853 2.366531 4.550483 9.535709 0.166667
40 56.640846 58.253910 0.000000 2.634421 1.302506 2.153692 3.957620 7.941175 0.150746
41 56.678558 58.013672 0.000000 2.136361 1.352855 2.368391 4.680391 10.197811 0.169467
42 57.085396 57.691540 0.000000 2.072467 1.390428 2.446317 4.779793 10.136198 0.142980
43 56.691059 57.825729 0.000000 2.637158 1.314026 2.159739 3.898124 7.585091 0.181111
44 56.795586 57.903679 0.000000 2.840225 1.366231 2.335130 4.393727 8.919550 0.230558
45 56.787197 58.079144 0.000000 2.501881 1.343845 2.278790 4.279939 8.725703 0.166667
46 56.700863 58.103729 0.000000 3.056841 1.313830 2.182637 4.010274 7.996439 0.166667
47 56.906898 58.189384 0.000000 3.035991 1.329655 2.224197 4.109252 8.221200 0.166667
48 56.849171 58.122375 0.000000 2.945741 1.341588 2.270226 4.246767 8.606525 0.166667
49 56.693825 58.092735 0.000000 2.662019 1.289649 2.093318 3.740024 7.224392 0.166667
50 56.633625 58.257027 0.000000 2.912840 1.295668 2.108804 3.760391 7.209232 0.200000
51 56.900429 58.106812 0.000000 3.230158 1.358701 2.330884 4.426871 9.115289 0.200000
52 56.982430 58.120636 0.000000 3.367968 1.357645 2.332016 4.443692 9.195141 0.200000
53 56.870472 58.133068 0.000000 3.351863 1.347439 2.287968 4.301629 8.776282 0.200008
54 57.017475 58.112694 0.000000 3.737616 1.430738 2.566076 5.104939 11.003974 0.211369
55 57.121384 57.785736 0.000000 3.415253 1.384991 2.408560 4.636652 9.672219 0.200000
56 57.158520 58.034206 0.000000 3.827502 1.432986 2.567832 5.084783 10.876455 0.200000
57 57.265224 57.961235 0.000000 3.901840 1.428925 2.542387 4.990783 10.573942 0.247182
58 57.189796 57.864296 0.000000 4.412322 1.389286 2.405957 4.585557 9.415773 0.223743
59 57.363132 57.918892 0.000000 4.700447 1.373271 2.354300 4.445670 9.063006 0.166791
60 57.512600 57.700207 0.000000 4.713855 1.349417 2.278631 4.231318 8.472929 0.168819
61 57.676865 57.445908 0.000000 5.535495 1.365791 2.317577 4.305590 8.577244 0.200006
62 57.845261 57.355839 0.000000 5.706223 1.335941 2.238620 4.128953 8.219398 0.166675
63 57.876610 57.284840 0.000000 5.805658 1.346507 2.266359 4.193168 8.361201 0.166685
65 57.964657 57.059200 0.000000 4.955051 1.409912 2.494510 4.892982 10.406177 0.166670
66 58.116871 56.710812 0.000000 5.114528 1.380763 2.379179 4.511240 9.220704 0.200001
67 58.513565 56.391529 0.000000 4.967772 1.381599 2.381835 4.525658 9.292356 0.166768
68 59.013584 56.393635 0.000000 4.509024 1.408901 2.484740 4.848055 10.236942 0.271818
69 59.146152 57.004917 0.000000 4.354608 1.430818 2.567137 5.109369 11.030223 0.145420
