%% Trajectory 18
%% frame x (pixel)     y (pixel)    z (pixel)      m0         m1           m2           m3           m4           s 
49 46.716946 81.696053 0.000000 0.742893 1.367426 2.336249 4.411086 9.026545 0.142907
50 46.919849 81.402115 0.000000 0.723717 1.323625 2.216697 4.114064 8.297678 0.142857
51 46.834282 81.654808 0.000000 1.011835 1.287082 2.086411 3.709400 7.098530 0.125046
52 47.406067 81.385948 0.000000 1.132189 1.359768 2.313302 4.324460 8.705333 0.206687
53 47.201012 81.150955 0.000000 1.306361 1.394189 2.429638 4.666028 9.672094 0.237197
54 47.214630 81.336426 0.000000 1.084173 1.285776 2.077687 3.673163 6.969764 0.200000
55 47.223015 81.590134 0.000000 1.309046 1.289913 2.118918 3.877461 7.780859 0.200602
56 47.122768 81.059036 0.000000 1.285063 1.349853 2.300376 4.355121 8.983200 0.167614
57 47.366684 81.117889 0.000000 1.755223 1.325666 2.202972 4.027476 7.952177 0.200000
58 47.378155 81.557892 0.000000 1.544004 1.311973 2.147308 3.839020 7.351229 0.200273
59 47.182278 81.144562 0.000000 1.842610 1.330385 2.216025 4.064515 8.059669 0.204789
60 47.325325 81.256180 0.000000 1.734037 1.300599 2.131387 3.846919 7.514138 0.166667
61 47.495613 81.426796 0.000000 2.302780 1.295835 2.105226 3.750196 7.192567 0.343046
62 47.139450 81.332092 0.000000 2.018574 1.314465 2.169830 3.937480 7.708223 0.208203
63 47.224251 81.230629 0.000000 2.190900 1.321466 2.197645 4.040724 8.071496 0.205814
64 47.382645 81.496529 0.000000 1.994570 1.291468 2.091776 3.706491 7.050325 0.200001
65 47.344028 81.280731 0.000000 2.316123 1.294497 2.104641 3.763644 7.275609 0.166675
66 47.422104 81.376709 0.000000 2.630517 1.283305 2.061268 3.614697 6.790255 0.142857
67 47.443432 81.313354 0.000000 2.777061 1.312134 2.151895 3.866205 7.468164 0.142857
68 47.512947 81.277100 0.000000 2.808245 1.292006 2.097153 3.735031 7.168062 0.166667
69 47.577351 81.053596 0.000000 3.283066 1.318845 2.183393 3.974424 7.805690 0.142857
70 47.683754 81.274055 0.000000 3.348505 1.310044 2.136031 3.799382 7.227577 0.250000
71 47.575668 81.245956 0.000000 3.139995 1.335890 2.225869 4.070080 8.013949 0.200000
72 47.591808 81.214729 0.000000 3.525348 1.291227 2.096407 3.735817 7.176723 0.200000
73 47.628498 81.063965 0.000000 3.410124 1.334584 2.232195 4.103106 8.128677 0.166669
74 47.681362 81.219666 0.000000 3.724571 1.315613 2.161534 3.889328 7.519493 0.200002
75 47.744858 81.167336 0.000000 4.384911 1.328361 2.217533 4.081795 8.130284 0.166667
76 47.638672 81.280945 0.000000 4.367599 1.332112 2.214704 4.034080 7.894117 0.142857
77 47.794437 81.115517 0.000000 4.778104 1.344492 2.262955 4.189387 8.362408 0.166667
78 47.707600 81.138550 0.000000 4.940012 1.323205 2.187875 3.965259 7.726093 0.166667
79 47.732391 81.092949 0.000000 4.753953 1.337330 2.238877 4.120569 8.174870 0.142857
80 47.704140 81.109482 0.000000 4.914680 1.343090 2.257636 4.173584 8.320660 0.142857
81 47.720703 81.060165 0.000000 5.347841 1.346119 2.271579 4.222857 8.478466 0.166667
82 47.717747 81.100739 0.000000 5.466049 1.353458 2.293452 4.282012 8.635070 0.166667
83 47.859772 81.052742 0.000000 5.606701 1.366994 2.339520 4.412144 8.981000 0.166667
84 47.893333 81.119942 0.000000 6.027503 1.375239 2.365407 4.483821 9.172361 0.166667
85 47.801491 81.101837 0.000000 5.989138 1.352416 2.293580 4.287865 8.661363 0.166667
86 47.724770 81.120285 0.000000 5.634877 1.369217 2.342929 4.414241 8.972017 0.166667
87 47.825310 80.961967 0.000000 5.520539 1.379723 2.381132 4.533673 9.330223 0.166667
88 47.878445 80.963303 0.000000 6.339622 1.391813 2.418439 4.628501 9.551797 0.166667
89 47.911625 80.893311 0.000000 5.802312 1.373130 2.356887 4.452690 9.067980 0.250000
90 47.879452 80.921310 0.000000 6.104548 1.367222 2.341900 4.421514 9.013936 0.250000
91 47.986908 80.517601 0.000000 6.307972 1.339722 2.256686 4.195821 8.446777 0.250000
92 47.994747 80.478973 0.000000 5.837939 1.331495 2.232997 4.138986 8.321007 0.250000
93 48.078979 80.348038 0.000000 6.043979 1.314633 2.168447 3.932193 7.694530 0.250000
94 48.037987 80.314720 0.000000 5.685061 1.320094 2.192796 4.017096 7.962327 0.250000
95 48.013435 80.222183 0.000000 5.721516 1.351358 2.288070 4.265928 8.581527 0.250000
96 48.286652 79.944489 0.000000 5.319575 1.333022 2.242131 4.181876 8.489145 0.250000
97 48.280766 79.739639 0.000000 5.279907 1.283125 2.077307 3.708479 7.178597 0.250025
98 48.313747 79.629616 0.000000 5.286235 1.274934 2.048502 3.621217 6.923795 0.403981
99 48.153759 79.670006 0.000000 4.968615 1.286647 2.087389 3.729235 7.206412 0.250001
101 48.100155 79.372940 0.000000 4.201801 1.268830 2.029390 3.562339 6.741859 0.285642
102 47.791355 79.055473 0.000000 4.319534 1.353409 2.283235 4.221793 8.381197 0.287749
103 47.470512 79.083061 0.000000 3.864141 1.295552 2.100953 3.730999 7.122758 0.292940
104 47.348881 79.144547 0.000000 3.098195 1.298751 2.113031 3.773041 7.260801 0.250000
106 48.125710 79.199562 0.000000 1.752398 1.265312 2.044381 3.643235 7.026629 0.250000
