%% Trajectory 10
%% frame x (pixel)     y (pixel)    z (pixel)      m0         m1           m2           m3           m4           s 
11 62.858681 66.684891 0.000000 2.242145 1.350879 2.308372 4.384490 9.076968 0.133454
12 62.732101 66.836182 0.000000 2.205617 1.375430 2.380866 4.570729 9.536811 0.212006
13 62.891647 66.674286 0.000000 2.286012 1.340412 2.280332 4.323004 8.952923 0.169520
14 62.782726 66.699341 0.000000 2.484826 1.357782 2.322465 4.395756 9.023077 0.111117
15 62.665497 66.862541 0.000000 2.546942 1.316575 2.182307 3.993810 7.922126 0.114532
16 62.627945 66.668839 0.000000 2.371186 1.311845 2.172906 3.974512 7.879715 0.150870
17 62.756989 66.459915 0.000000 2.764156 1.336994 2.251536 4.192341 8.467134 0.119514
18 62.510536 66.669571 0.000000 2.815868 1.312694 2.162075 3.916915 7.661625 0.178964
19 62.705200 66.632431 0.000000 3.203080 1.359007 2.326260 4.419165 9.137609 0.180528
20 62.594975 66.584061 0.000000 3.192415 1.360723 2.300921 4.264301 8.491134 0.228291
21 62.631657 66.442856 0.000000 3.357618 1.314379 2.166676 3.926826 7.682313 0.164032
22 62.594093 66.530029 0.000000 3.711461 1.343581 2.253886 4.156415 8.263931 0.143555
23 62.617458 66.540520 0.000000 3.913221 1.342363 2.262520 4.209684 8.486140 0.149646
24 62.599064 66.360107 0.000000 4.146199 1.372841 2.357697 4.471385 9.180035 0.142865
25 62.566273 66.509956 0.000000 4.285666 1.314423 2.157836 3.878634 7.489192 0.142857
26 62.487572 66.426926 0.000000 4.564291 1.309055 2.140006 3.828329 7.352665 0.142857
27 62.419830 66.502609 0.000000 3.971644 1.322355 2.188017 3.979448 7.810873 0.166667
28 62.190933 66.346107 0.000000 4.467813 1.353263 2.289579 4.264709 8.573061 0.166881
29 62.094872 66.299248 0.000000 4.390715 1.372949 2.381314 4.595719 9.665753 0.167444
30 61.919624 66.312126 0.000000 4.157327 1.335576 2.252852 4.214736 8.583896 0.166833
31 61.952408 66.210480 0.000000 4.387149 1.365698 2.347045 4.471654 9.260422 0.200120
32 61.769211 66.019417 0.000000 3.915329 1.378705 2.392180 4.592095 9.548937 0.203217
33 61.487244 66.316444 0.000000 4.350967 1.287660 2.075186 3.654696 6.902481 0.271094
34 61.609642 66.056442 0.000000 4.154322 1.303220 2.135299 3.838209 7.425475 0.201738
35 61.634914 65.887917 0.000000 3.496970 1.328313 2.207108 4.028193 7.918616 0.294449
36 61.344395 65.786125 0.000000 3.296211 1.320650 2.184047 3.970551 7.790214 0.200000
37 61.082554 66.069595 0.000000 2.945879 1.358108 2.336194 4.462205 9.268335 0.200001
39 60.896378 66.117706 0.000000 2.331029 1.351334 2.318849 4.421648 9.180412 0.166667
