%% Trajectory 13
%% frame x (pixel)     y (pixel)    z (pixel)      m0         m1           m2           m3           m4           s 
17 68.354546 92.980377 0.000000 1.642659 1.474815 2.702931 5.479249 12.009984 0.270022
18 68.473358 93.554924 0.000000 1.562761 1.492597 2.774668 5.724797 12.803324 0.142865
19 68.454170 93.310616 0.000000 1.575902 1.477838 2.733099 5.608220 12.470843 0.125350
20 68.290375 93.529823 0.000000 1.333547 1.432035 2.554008 5.053576 10.865798 0.125010
21 68.593796 93.608200 0.000000 1.253601 1.377676 2.374759 4.521101 9.319314 0.224620
23 68.808594 92.963455 0.000000 1.441404 1.492412 2.798016 5.843081 13.254966 0.143117
24 68.561401 92.862617 0.000000 1.201269 1.344516 2.292543 4.365047 9.108295 0.195694
26 68.394058 93.366478 0.000000 1.591316 1.391999 2.426365 4.687312 9.835332 0.144428
27 68.300652 93.593781 0.000000 1.494616 1.418948 2.541508 5.077755 11.064230 0.167603
28 68.304703 93.553780 0.000000 1.543017 1.436725 2.601002 5.253148 11.570234 0.142897
29 68.238998 93.346741 0.000000 1.492637 1.443448 2.626914 5.330432 11.774361 0.142861
30 68.230331 93.293449 0.000000 1.846614 1.454877 2.652450 5.375024 11.827084 0.166710
31 68.160400 92.953148 0.000000 1.761665 1.441919 2.617049 5.287282 11.618551 0.202015
32 68.278893 93.465118 0.000000 1.686679 1.426381 2.562161 5.126769 11.170010 0.200704
33 68.405228 93.428879 0.000000 2.052185 1.404455 2.485613 4.907174 10.579329 0.144578
34 68.249382 93.400070 0.000000 2.251833 1.373521 2.370177 4.532552 9.420173 0.335287
35 68.087723 93.309265 0.000000 2.190076 1.470814 2.712371 5.562620 12.384095 0.201405
36 68.068199 93.451714 0.000000 1.848661 1.407037 2.494189 4.910206 10.496148 0.200879
37 68.071053 93.494202 0.000000 2.204445 1.431947 2.564584 5.087834 10.934895 0.203290
38 67.842522 93.268127 0.000000 2.096038 1.387208 2.398981 4.563600 9.351879 0.208653
39 68.066963 93.472969 0.000000 2.266326 1.389059 2.411456 4.616224 9.542989 0.228971
40 68.194443 93.651817 0.000000 2.314219 1.428922 2.572059 5.155648 11.250943 0.200129
41 68.128624 93.564995 0.000000 2.494259 1.431559 2.564812 5.089371 10.940827 0.204519
42 68.094658 93.618401 0.000000 2.221968 1.446884 2.623411 5.286941 11.573401 0.205253
43 68.077126 93.255379 0.000000 2.248915 1.430140 2.557895 5.063794 10.850038 0.259172
44 68.222275 93.367638 0.000000 2.687196 1.389865 2.409395 4.600662 9.481482 0.202352
45 68.196945 93.481125 0.000000 2.427227 1.406925 2.491862 4.907320 10.515409 0.260201
46 68.116913 93.303032 0.000000 2.548572 1.452039 2.636091 5.306784 11.576435 0.200001
47 68.136833 93.345245 0.000000 2.497244 1.394551 2.455028 4.807407 10.247826 0.201900
48 68.142525 93.188545 0.000000 2.813464 1.390659 2.429328 4.699503 9.858302 0.200629
49 67.906898 92.922348 0.000000 2.343899 1.397720 2.460916 4.812541 10.226641 0.229001
50 68.175987 92.659279 0.000000 2.528254 1.359135 2.321233 4.390472 9.022464 0.288947
51 68.170517 92.506218 0.000000 2.895301 1.320405 2.188840 3.993731 7.873237 0.200014
52 68.149155 92.367287 0.000000 2.810389 1.326189 2.222485 4.118764 8.279117 0.252253
53 68.233742 92.276184 0.000000 2.428899 1.331093 2.227587 4.117736 8.255219 0.200000
54 68.268585 92.169258 0.000000 2.295434 1.342980 2.254287 4.163651 8.299821 0.200000
55 68.244484 91.874901 0.000000 2.199724 1.369744 2.372568 4.573393 9.613029 0.200000
56 68.503883 91.658813 0.000000 2.359920 1.308295 2.135591 3.804210 7.250432 0.200000
57 68.596527 91.767776 0.000000 1.951254 1.320484 2.213906 4.126249 8.397487 0.200002
58 68.605324 91.787132 0.000000 1.448206 1.391793 2.421869 4.668556 9.777410 0.201599
