%% Trajectory 22
%% frame x (pixel)     y (pixel)    z (pixel)      m0         m1           m2           m3           m4           s 
90 48.480724 41.586208 0.000000 1.272133 1.212357 1.901555 3.335530 6.471741 0.125182
92 48.553814 41.705154 0.000000 1.409271 1.204600 1.841050 3.086011 5.596791 0.142858
94 48.793331 41.560154 0.000000 1.284077 1.168236 1.740833 2.843607 5.033358 0.125877
95 48.686466 41.591125 0.000000 1.472422 1.349530 2.345265 4.599879 9.970347 0.146140
96 48.681423 41.567089 0.000000 1.844481 1.277514 2.086079 3.813812 7.693980 0.209668
97 48.452728 41.642639 0.000000 1.785062 1.331271 2.271748 4.350786 9.174900 0.142862
98 48.533482 41.399467 0.000000 1.714847 1.228341 1.925984 3.349885 6.383852 0.142857
99 48.436104 41.348167 0.000000 1.570870 1.267829 2.061352 3.749279 7.518651 0.143168
100 48.366383 41.517139 0.000000 1.686136 1.347975 2.334163 4.547204 9.764441 0.142857
101 48.415279 41.760265 0.000000 1.785094 1.325039 2.225909 4.164598 8.525974 0.167399
102 48.646576 41.576530 0.000000 1.549773 1.219867 1.891304 3.236509 6.036517 0.142998
103 48.355747 41.764397 0.000000 1.871740 1.304927 2.147689 3.905902 7.713714 0.143942
104 48.336071 41.593838 0.000000 2.051652 1.321438 2.227134 4.210637 8.774898 0.166413
105 48.820271 41.523678 0.000000 1.514006 1.232072 1.961705 3.520212 7.041303 0.142869
106 48.595325 41.659016 0.000000 1.763750 1.270955 2.066023 3.744228 7.450490 0.146546
107 48.544434 41.637199 0.000000 1.632955 1.205486 1.857195 3.168750 5.923674 0.142863
108 48.499916 41.711670 0.000000 1.890312 1.267433 2.048428 3.681631 7.250710 0.142857
109 48.611179 41.664555 0.000000 2.758015 1.248749 1.987540 3.507257 6.763839 0.204084
110 48.368279 41.659451 0.000000 2.147006 1.279753 2.117531 3.935702 8.083083 0.153457
111 48.408314 41.647778 0.000000 2.263679 1.285011 2.110379 3.871349 7.809558 0.175637
112 48.376369 41.712952 0.000000 2.435738 1.371047 2.377225 4.581821 9.624022 0.218533
113 48.434174 41.644272 0.000000 2.489483 1.261146 2.032135 3.640949 7.147024 0.165279
114 48.725071 41.621258 0.000000 2.424632 1.247135 1.986747 3.515517 6.814475 0.142857
115 48.620945 41.553051 0.000000 2.111205 1.210633 1.875296 3.211289 6.003607 0.142858
116 48.553165 41.623714 0.000000 2.518592 1.254606 2.004469 3.556012 6.906740 0.221538
117 48.757236 41.546837 0.000000 1.915408 1.223911 1.916567 3.329144 6.336714 0.142857
118 48.765251 41.654854 0.000000 2.339509 1.232333 1.937869 3.371414 6.402040 0.142870
119 48.575275 41.571995 0.000000 2.224461 1.237192 1.955446 3.434711 6.619770 0.143026
120 48.713242 41.651890 0.000000 2.598933 1.245964 1.976755 3.472589 6.659568 0.142858
121 48.610115 41.756569 0.000000 2.523297 1.269052 2.038507 3.616967 6.978409 0.142902
122 48.775425 41.598511 0.000000 2.267272 1.226056 1.919585 3.320808 6.259094 0.142857
123 48.729641 41.504875 0.000000 2.897239 1.232665 1.929523 3.333680 6.272166 0.142883
124 48.689178 41.468456 0.000000 2.820445 1.241851 1.955286 3.392932 6.394857 0.142924
125 48.576111 41.610317 0.000000 2.394638 1.203898 1.831962 3.053688 5.501155 0.142857
126 48.619808 41.625938 0.000000 2.889087 1.217969 1.872517 3.151721 5.721881 0.142965
127 48.549507 41.565647 0.000000 2.382119 1.227062 1.905510 3.249243 5.995755 0.126006
128 48.528313 41.354015 0.000000 2.792032 1.263425 2.002862 3.472103 6.465692 0.142857
129 48.603409 41.364094 0.000000 3.283575 1.277260 2.049559 3.606569 6.838278 0.145216
130 48.662243 41.404522 0.000000 3.349161 1.317291 2.180634 3.985259 7.900073 0.185284
131 48.593113 41.249622 0.000000 3.592578 1.304569 2.134076 3.827852 7.388337 0.125001
132 48.650509 41.157291 0.000000 3.171992 1.290795 2.097219 3.736812 7.165550 0.125512
133 48.595280 41.212753 0.000000 3.143343 1.269039 2.026924 3.547157 6.679643 0.125215
134 48.678013 41.197502 0.000000 3.338257 1.287439 2.078212 3.670130 6.956327 0.226896
135 48.514202 41.198967 0.000000 2.924357 1.299009 2.117373 3.790438 7.317094 0.316116
136 48.471485 41.149426 0.000000 3.236928 1.330919 2.215182 4.050813 7.982765 0.203992
137 48.440304 41.311756 0.000000 3.257780 1.273735 2.033066 3.546377 6.637875 0.125726
138 48.428116 41.119278 0.000000 2.957417 1.336753 2.235224 4.114207 8.178844 0.142883
139 48.325344 41.095058 0.000000 3.467142 1.361420 2.315539 4.346889 8.829586 0.257417
140 48.163628 41.077637 0.000000 3.092776 1.365256 2.337787 4.419582 9.035869 0.142857
141 48.169586 41.153618 0.000000 3.102325 1.377965 2.401191 4.660678 9.867240 0.143653
142 48.120178 41.067749 0.000000 3.123095 1.395847 2.444250 4.739307 9.958272 0.241742
143 47.876846 41.017399 0.000000 3.221457 1.410446 2.503388 4.930246 10.539269 0.156040
144 48.083031 40.964161 0.000000 2.623093 1.390303 2.431324 4.703760 9.851069 0.149310
145 47.645138 40.970890 0.000000 3.122156 1.398256 2.443130 4.712746 9.821270 0.194591
146 47.692410 41.000568 0.000000 3.322088 1.413827 2.496873 4.872934 10.281338 0.171953
147 47.708168 40.908752 0.000000 3.150555 1.417266 2.514163 4.939281 10.518417 0.298451
148 47.801491 40.891243 0.000000 3.296674 1.368340 2.338422 4.405402 8.965786 0.171115
149 47.486008 40.909119 0.000000 3.700331 1.420238 2.517401 4.929543 10.434477 0.148642
150 47.560173 40.846455 0.000000 2.962962 1.424536 2.528747 4.951675 10.465875 0.142958
151 47.563465 41.082867 0.000000 3.308801 1.328038 2.213125 4.058029 8.030334 0.176453
152 47.159279 41.031422 0.000000 3.183747 1.437091 2.595136 5.200307 11.295696 0.165797
153 47.503483 41.405994 0.000000 2.949063 1.359921 2.302272 4.275550 8.540002 0.171218
154 47.025806 41.238426 0.000000 2.868085 1.473237 2.741082 5.696210 12.888230 0.166667
155 47.261032 41.020164 0.000000 2.674020 1.438103 2.600796 5.235862 11.462041 0.166734
156 47.292263 40.560936 0.000000 2.550355 1.387426 2.417996 4.677025 9.842091 0.194418
157 46.851593 40.610825 0.000000 2.007987 1.395672 2.428781 4.663399 9.681770 0.166667
158 47.149967 40.505951 0.000000 2.267207 1.340252 2.257852 4.202213 8.475088 0.179458
160 47.607552 40.348080 0.000000 1.668144 1.417397 2.541950 5.086960 11.102213 0.166667
