%% Trajectory 46
%% frame x (pixel)     y (pixel)    z (pixel)      m0         m1           m2           m3           m4           s 
57 40.539131 33.659206 0.000000 0.954665 1.309307 2.155006 3.899986 7.613276 0.200003
58 40.661243 33.419880 0.000000 1.242968 1.260389 2.001100 3.485548 6.550469 0.250515
59 40.621914 33.738022 0.000000 1.180562 1.377006 2.356304 4.445005 9.060181 0.250664
60 40.746288 33.963207 0.000000 1.165429 1.457610 2.668848 5.417696 11.896537 0.250000
61 40.448452 33.747662 0.000000 1.188985 1.355424 2.293239 4.279724 8.634162 0.250000
62 40.250271 33.621296 0.000000 1.380087 1.323966 2.231391 4.191683 8.612832 0.250000
63 40.773827 33.953072 0.000000 1.217396 1.357499 2.346714 4.543800 9.640883 0.200438
64 40.535786 33.621529 0.000000 1.651332 1.315666 2.181670 3.984930 7.861245 0.356528
65 40.356907 33.625244 0.000000 1.429648 1.337227 2.246683 4.187356 8.496843 0.200000
66 40.288422 33.598988 0.000000 1.706058 1.276445 2.070260 3.710628 7.229866 0.250770
67 40.338001 33.431984 0.000000 1.824353 1.347679 2.287242 4.287347 8.700809 0.250000
68 40.353878 33.824951 0.000000 2.000911 1.326701 2.192643 3.967575 7.710373 0.271868
69 40.570877 33.778706 0.000000 2.079111 1.292650 2.104259 3.772297 7.312424 0.370088
70 40.262596 33.611732 0.000000 2.019061 1.283924 2.063848 3.628413 6.849234 0.200464
71 40.496731 33.760567 0.000000 1.944776 1.296325 2.133025 3.889425 7.727024 0.250000
72 40.350479 33.789715 0.000000 2.253024 1.314251 2.172107 3.958650 7.813459 0.250000
73 40.525383 33.884811 0.000000 2.714832 1.371437 2.351526 4.442946 9.058245 0.251261
74 40.532360 33.572739 0.000000 2.012766 1.308142 2.150450 3.887803 7.583757 0.250000
75 40.670753 33.804646 0.000000 2.451711 1.299372 2.132521 3.860653 7.568699 0.264790
76 40.628101 33.863308 0.000000 2.890674 1.347615 2.287393 4.300509 8.784516 0.257407
77 40.340466 33.839828 0.000000 2.463548 1.300157 2.113050 3.760452 7.188358 0.250000
78 40.185776 33.559395 0.000000 2.351585 1.350782 2.272438 4.204716 8.388500 0.268000
79 40.226456 33.771709 0.000000 2.283636 1.313092 2.153395 3.875033 7.509890 0.287820
80 40.246811 33.740627 0.000000 2.307605 1.290416 2.079554 3.660265 6.903028 0.200037
81 40.222561 33.944424 0.000000 2.322771 1.359135 2.351095 4.532118 9.523101 0.250000
82 40.665646 34.169510 0.000000 2.630143 1.323882 2.210771 4.080663 8.172299 0.200000
83 40.374290 33.938541 0.000000 2.489340 1.311122 2.161202 3.928499 7.733653 0.250000
84 40.618713 33.999794 0.000000 2.580773 1.412348 2.498533 4.890027 10.349717 0.250000
85 40.439819 33.965172 0.000000 2.677334 1.381851 2.381397 4.518871 9.247199 0.333333
86 40.464073 34.226463 0.000000 2.903786 1.368936 2.346375 4.435586 9.061547 0.333333
87 40.593304 34.121254 0.000000 2.550453 1.320771 2.206390 4.078184 8.183370 0.250000
88 40.818794 34.226246 0.000000 3.176238 1.355116 2.287547 4.232056 8.411039 0.250000
89 40.621498 34.185680 0.000000 3.157758 1.312829 2.142492 3.813882 7.259855 0.333333
90 40.713707 34.360195 0.000000 2.898121 1.296160 2.112125 3.775982 7.268301 0.333333
91 41.044144 34.405243 0.000000 3.345262 1.364324 2.355250 4.532837 9.529650 0.250000
92 40.900810 34.368385 0.000000 3.313583 1.372457 2.350324 4.423125 8.958339 0.333333
93 40.688515 34.602615 0.000000 2.769804 1.363304 2.315994 4.321884 8.684190 0.333333
94 40.947525 34.808094 0.000000 3.039338 1.401819 2.456728 4.745891 9.884242 0.333333
95 41.088478 34.615730 0.000000 2.658736 1.417178 2.506243 4.889527 10.284216 0.333333
96 40.817623 34.677277 0.000000 3.112394 1.371127 2.346974 4.418106 8.955571 0.333333
97 41.186279 34.743111 0.000000 2.540980 1.358874 2.324707 4.388410 8.951440 0.333336
98 40.783188 34.694675 0.000000 2.767428 1.372249 2.365425 4.507897 9.296480 0.333333
99 41.259731 34.999565 0.000000 2.374120 1.428516 2.557285 5.073681 10.897323 0.333355
100 41.051151 35.229073 0.000000 2.565067 1.382175 2.391332 4.565511 9.411503 0.250000
101 41.350784 34.981113 0.000000 2.921795 1.419370 2.536221 5.025792 10.792583 0.250000
102 41.473133 35.089157 0.000000 2.329511 1.354104 2.303497 4.333488 8.838863 0.382068
103 41.633152 34.776447 0.000000 2.643604 1.329231 2.226616 4.125912 8.293413 0.250000
104 41.541939 35.072479 0.000000 2.311341 1.325979 2.207303 4.043749 7.992867 0.333333
105 41.668949 34.850132 0.000000 1.716220 1.358575 2.355058 4.547708 9.557980 0.326647
106 41.582306 34.972099 0.000000 1.670047 1.362548 2.367223 4.598363 9.781082 0.379606
107 41.356007 35.632359 0.000000 1.741646 1.377522 2.385134 4.585796 9.586399 0.250022
109 42.105801 35.821999 0.000000 1.662572 1.548223 2.976967 6.290952 14.223553 0.266330
111 41.190762 34.657356 0.000000 0.894712 1.333482 2.303728 4.457277 9.439307 0.250000
