%% Trajectory 245
%% frame x (pixel)     y (pixel)    z (pixel)      m0         m1           m2           m3           m4           s 
177 68.713661 69.544235 0.000000 1.294389 1.305326 2.127773 3.803144 7.319093 0.135716
178 68.288490 69.564194 0.000000 1.165234 1.457610 2.726104 5.716681 13.077710 0.104048
179 68.484207 69.583092 0.000000 1.070965 1.335003 2.246383 4.169122 8.375890 0.101217
180 68.705238 69.607994 0.000000 0.932536 1.468516 2.753767 5.772969 13.173297 0.151625
181 68.711716 69.078255 0.000000 1.166867 1.340554 2.269832 4.238545 8.557845 0.167032
182 68.464706 69.546089 0.000000 1.053312 1.282629 2.124154 3.949342 8.112284 0.110248
184 68.150299 69.643036 0.000000 1.603490 1.354104 2.292220 4.282418 8.658982 0.100568
185 68.463272 69.872627 0.000000 1.469365 1.424367 2.574960 5.202088 11.457966 0.100320
187 67.818230 69.083832 0.000000 1.830235 1.368477 2.412892 4.792834 10.486847 0.111111
188 68.237564 69.062584 0.000000 1.707485 1.452787 2.703441 5.610899 12.649237 0.091136
189 68.233429 69.599411 0.000000 1.437475 1.344876 2.336206 4.568870 9.852919 0.159341
190 68.433800 69.974937 0.000000 1.518724 1.456130 2.652092 5.350543 11.674891 0.129564
192 67.939903 69.619362 0.000000 1.976646 1.406594 2.471549 4.798950 10.084368 0.090910
193 68.305244 69.414139 0.000000 1.788118 1.327379 2.256412 4.278963 8.885557 0.062500
194 68.142723 69.546700 0.000000 2.276245 1.371122 2.354821 4.466733 9.174382 0.084652
196 68.448753 69.486984 0.000000 1.670619 1.394088 2.468561 4.884517 10.559255 0.144348
198 68.331779 69.419571 0.000000 1.563788 1.406736 2.460835 4.717281 9.692464 0.071429
199 67.879715 69.778656 0.000000 2.081606 1.434230 2.586766 5.170712 11.195440 0.090909
201 68.310455 69.408035 0.000000 2.583946 1.313837 2.153844 3.862485 7.432115 0.076923
202 68.202927 69.600098 0.000000 2.427999 1.422643 2.529512 4.965246 10.529792 0.071429
203 68.210510 69.116432 0.000000 2.616132 1.443856 2.616629 5.272767 11.557643 0.090909
204 67.882027 69.373184 0.000000 2.975297 1.372702 2.381554 4.595813 9.661178 0.058824
205 68.142197 69.003387 0.000000 3.317208 1.432169 2.582794 5.181489 11.295423 0.076923
206 68.231438 69.548439 0.000000 2.929605 1.343584 2.264388 4.203918 8.435654 0.076923
207 68.141327 69.377205 0.000000 2.135549 1.335432 2.243088 4.158974 8.350163 0.066667
208 68.116058 69.421021 0.000000 2.782731 1.412915 2.503054 4.911503 10.445548 0.100000
209 68.425636 69.456474 0.000000 2.744946 1.295234 2.094278 3.694124 6.971143 0.071429
210 68.169548 69.243179 0.000000 2.873847 1.362478 2.314625 4.312644 8.633618 0.083333
211 68.141388 69.491859 0.000000 2.752922 1.416720 2.486420 4.781263 9.856668 0.076923
212 68.267952 69.350327 0.000000 2.568542 1.394003 2.412870 4.591693 9.406838 0.100000
214 68.192894 69.437225 0.000000 3.160367 1.436397 2.534499 4.899435 10.159667 0.071429
215 67.998413 68.734497 0.000000 2.978116 1.402512 2.484749 4.893283 10.474042 0.083333
216 68.279503 69.226952 0.000000 2.795166 1.385306 2.417124 4.676029 9.817736 0.076923
217 68.251076 69.500938 0.000000 2.993930 1.313815 2.153857 3.864646 7.445100 0.076923
218 68.258408 69.021683 0.000000 3.262782 1.348450 2.302222 4.364460 9.005185 0.090909
219 68.329140 69.433914 0.000000 2.554194 1.387247 2.390512 4.530500 9.252780 0.071429
221 67.994698 69.342041 0.000000 3.678188 1.383620 2.411218 4.659397 9.783343 0.100000
222 68.319351 69.330276 0.000000 3.244008 1.299710 2.110843 3.745520 7.123219 0.142857
223 68.426300 69.465279 0.000000 3.043642 1.324195 2.199884 4.012363 7.881952 0.111111
225 68.272285 69.318726 0.000000 4.010158 1.270680 2.028612 3.538650 6.619854 0.142857
227 68.362785 69.207115 0.000000 3.734240 1.300090 2.116305 3.768111 7.196156 0.100000
228 68.324753 69.438568 0.000000 4.071180 1.310828 2.154159 3.881477 7.519471 0.111111
229 68.215355 69.441078 0.000000 4.040698 1.319739 2.185694 3.965602 7.724303 0.166667
230 68.313995 69.355690 0.000000 3.701360 1.315105 2.163281 3.911832 7.637448 0.083333
231 68.143356 69.494690 0.000000 3.800735 1.321056 2.179288 3.930282 7.594210 0.142857
232 68.163414 69.297447 0.000000 4.378177 1.317665 2.177511 3.960897 7.784356 0.111111
233 68.094757 69.452301 0.000000 4.306374 1.336993 2.261673 4.227933 8.559450 0.142857
234 68.237495 69.504143 0.000000 3.736836 1.327440 2.219429 4.096256 8.183902 0.166667
235 68.379547 69.327942 0.000000 3.935477 1.297431 2.106933 3.744527 7.146908 0.142857
236 68.247864 69.204430 0.000000 4.492576 1.291349 2.085557 3.679815 6.958386 0.142857
237 68.185738 69.474442 0.000000 4.103083 1.281758 2.054396 3.595941 6.745513 0.142857
238 68.251938 69.470222 0.000000 4.161212 1.271118 2.028299 3.542658 6.654243 0.200000
239 68.152138 69.381165 0.000000 4.223358 1.260660 1.996404 3.455482 6.421006 0.200000
240 68.336250 69.500557 0.000000 4.149888 1.281088 2.054638 3.610174 6.828868 0.142857
241 68.307785 69.589264 0.000000 4.642195 1.304773 2.133509 3.823128 7.368422 0.200000
242 68.248779 69.484047 0.000000 5.196498 1.290986 2.085284 3.678987 6.954718 0.166667
243 68.130203 69.379112 0.000000 4.708382 1.324518 2.189968 3.969949 7.736327 0.142857
244 68.258522 69.376747 0.000000 5.320975 1.312139 2.149526 3.855796 7.428144 0.142857
245 68.178825 69.590004 0.000000 4.953024 1.313759 2.163082 3.912828 7.631821 0.200000
246 68.374535 69.757095 0.000000 5.143361 1.314731 2.171812 3.948844 7.757253 0.200000
247 68.106270 69.395844 0.000000 5.062851 1.317832 2.173045 3.928851 7.637115 0.200000
248 68.305649 69.467407 0.000000 5.290872 1.290219 2.080187 3.660080 6.893812 0.142857
249 68.276138 69.377686 0.000000 4.979407 1.301153 2.116795 3.769528 7.210843 0.200000
250 68.300644 69.532036 0.000000 5.752628 1.281516 2.053972 3.595551 6.746281 0.200000
252 68.267891 69.473427 0.000000 5.409089 1.272634 2.026545 3.525326 6.578404 0.200000
253 68.465446 69.431961 0.000000 4.791544 1.322805 2.193902 3.997961 7.856447 0.200000
254 68.417656 69.527122 0.000000 5.070915 1.299865 2.129038 3.835077 7.460117 0.200000
256 68.275291 69.489281 0.000000 5.374340 1.344584 2.257612 4.164227 8.272926 0.200000
257 68.494316 69.347580 0.000000 6.036255 1.298401 2.104125 3.720234 7.036635 0.200000
258 68.348831 69.508736 0.000000 6.696498 1.277520 2.043500 3.569746 6.684317 0.200000
260 68.245880 69.461937 0.000000 4.810721 1.350857 2.295862 4.311493 8.774590 0.200000
262 68.489082 69.579216 0.000000 4.986755 1.286774 2.082142 3.692777 7.047990 0.200000
263 68.201714 69.515564 0.000000 5.360530 1.334086 2.222476 4.063782 7.996870 0.200000
264 68.348022 69.361511 0.000000 5.700234 1.289219 2.080759 3.673141 6.958849 0.200000
265 68.330452 69.505775 0.000000 5.247397 1.305485 2.128286 3.793678 7.253032 0.166667
266 68.464546 69.401321 0.000000 5.534170 1.322152 2.169004 3.875641 7.390926 0.200000
267 68.109718 69.377975 0.000000 5.604662 1.344443 2.258229 4.156153 8.210850 0.200000
268 68.152519 69.438797 0.000000 4.974991 1.404723 2.452228 4.706436 9.724065 0.142857
270 68.098465 69.178757 0.000000 5.241756 1.351547 2.287905 4.265641 8.585297 0.200000
271 68.113968 69.210228 0.000000 5.297902 1.373746 2.353112 4.432218 8.993379 0.200000
272 68.071198 69.279938 0.000000 4.708427 1.318390 2.183730 3.970385 7.767917 0.200000
273 68.130005 69.207306 0.000000 4.521842 1.307061 2.134694 3.813979 7.311753 0.200000
274 68.172272 69.164886 0.000000 4.459545 1.343964 2.262306 4.193976 8.394626 0.166667
275 67.990562 69.202118 0.000000 4.610893 1.362681 2.326436 4.379667 8.909526 0.142857
276 67.926788 68.927773 0.000000 3.813394 1.401998 2.486311 4.927910 10.674764 0.142857
277 67.828560 69.148994 0.000000 3.852209 1.391504 2.439816 4.752020 10.067744 0.111111
278 67.856758 68.668777 0.000000 3.820811 1.358472 2.347868 4.540468 9.626906 0.200016
279 67.852318 68.708275 0.000000 2.918262 1.309650 2.217013 4.231704 8.941231 0.172247
280 67.864418 68.716278 0.000000 3.252218 1.378435 2.382818 4.566886 9.514052 0.200000
281 68.082680 68.359001 0.000000 3.068639 1.384867 2.410227 4.649233 9.739240 0.149049
282 68.140800 68.541183 0.000000 3.072286 1.301165 2.137004 3.861418 7.529118 0.216279
283 68.053787 68.516121 0.000000 2.649395 1.394282 2.456247 4.812340 10.254813 0.166667
285 68.251427 68.759735 0.000000 1.641333 1.367822 2.386935 4.653746 9.922317 0.125050
287 67.547363 68.952072 0.000000 1.719218 1.339211 2.288704 4.355896 9.049244 0.125172
288 67.798668 69.632538 0.000000 1.541547 1.381520 2.464660 4.966274 11.033314 0.125000
289 67.874512 69.669182 0.000000 1.206892 1.634386 3.274761 7.227301 17.109137 0.100199
