%% Trajectory 219
%% frame x (pixel)     y (pixel)    z (pixel)      m0         m1           m2           m3           m4           s 
239 57.927971 65.382828 0.000000 1.179067 1.313486 2.180587 4.023318 8.115088 0.149294
241 57.281139 64.842567 0.000000 1.106588 1.481571 2.871395 6.225505 14.646290 0.247129
243 57.540241 65.583511 0.000000 1.695362 1.356917 2.318387 4.381223 8.980250 0.125208
245 58.122520 64.865280 0.000000 2.505491 1.396556 2.453477 4.770894 10.050031 0.131514
247 57.841953 65.183243 0.000000 2.446971 1.291959 2.105819 3.784162 7.370356 0.111112
248 57.662575 65.181198 0.000000 3.026964 1.369179 2.366559 4.551249 9.549267 0.149741
249 57.824173 65.332161 0.000000 2.209142 1.430285 2.585724 5.200329 11.369819 0.091309
250 58.367149 65.304314 0.000000 2.332479 1.352404 2.336217 4.546159 9.774156 0.111111
251 57.937893 65.149689 0.000000 2.714736 1.410730 2.525660 5.052193 11.028906 0.125057
252 57.866577 64.778008 0.000000 2.965913 1.362689 2.309683 4.298486 8.604368 0.083333
253 58.084869 65.110565 0.000000 2.724681 1.376884 2.381582 4.565134 9.497542 0.125006
254 57.788666 64.906693 0.000000 2.601967 1.338430 2.263618 4.233246 8.584748 0.163822
255 57.949013 64.679504 0.000000 2.326776 1.403732 2.466661 4.775609 9.970511 0.125017
256 57.716030 64.792442 0.000000 2.765933 1.350561 2.298363 4.343159 8.942182 0.111436
258 57.860115 64.970634 0.000000 2.619990 1.393767 2.446756 4.758744 10.037986 0.092365
259 57.919022 65.260971 0.000000 1.975534 1.317168 2.209557 4.115207 8.347996 0.111111
260 57.346443 64.843948 0.000000 1.955719 1.419108 2.516696 4.934595 10.460839 0.100031
261 57.617378 65.112671 0.000000 2.185863 1.419552 2.548194 5.067979 10.899510 0.111112
262 58.052742 64.934105 0.000000 2.314962 1.442471 2.616691 5.282897 11.594593 0.091141
263 57.694130 64.603668 0.000000 2.654318 1.321885 2.234828 4.213115 8.682695 0.083333
264 57.409496 64.392204 0.000000 2.131551 1.296767 2.138382 3.924640 7.874138 0.100000
265 57.399765 64.719322 0.000000 2.050434 1.447737 2.608097 5.180779 11.091230 0.111120
266 57.276581 64.846756 0.000000 2.895038 1.396473 2.441739 4.697896 9.732437 0.111111
267 57.458321 64.428299 0.000000 3.366289 1.351404 2.281013 4.235098 8.484535 0.071429
268 57.156708 64.256470 0.000000 2.860530 1.378337 2.400048 4.673270 9.969641 0.100000
269 56.849358 64.386818 0.000000 2.584133 1.533478 2.904830 6.064970 13.619102 0.125000
271 57.164291 64.130028 0.000000 1.873239 1.447723 2.670437 5.504624 12.347565 0.083339
273 57.357677 63.809540 0.000000 2.380718 1.319296 2.191375 4.014042 7.959473 0.166667
