%% Trajectory 5
%% frame x (pixel)     y (pixel)    z (pixel)      m0         m1           m2           m3           m4           s 
17 66.270683 79.664665 0.000000 1.665715 1.301636 2.157177 3.977855 8.024361 0.200126
18 66.523926 79.577667 0.000000 2.180115 1.378239 2.368598 4.476614 9.119639 0.200000
19 66.539154 79.683037 0.000000 1.888421 1.382584 2.424065 4.730694 10.058009 0.200001
20 66.759850 79.307549 0.000000 2.176862 1.391956 2.452994 4.819163 10.335990 0.223807
21 66.497696 79.657295 0.000000 2.208308 1.368011 2.347384 4.441030 9.077331 0.200003
22 66.383759 79.280418 0.000000 2.410367 1.351482 2.268323 4.158911 8.163204 0.200002
23 66.634697 79.465691 0.000000 2.460074 1.367661 2.331655 4.366904 8.804687 0.208916
24 66.854713 79.572906 0.000000 2.707821 1.330824 2.233570 4.155623 8.411931 0.250000
25 66.590416 79.475853 0.000000 2.699697 1.232685 1.929475 3.332494 6.267004 0.250000
26 66.685997 79.781738 0.000000 2.102854 1.337337 2.248327 4.189104 8.492496 0.250001
27 66.663330 79.528946 0.000000 2.534388 1.348155 2.286863 4.297536 8.779799 0.333333
28 66.692642 79.557869 0.000000 2.490534 1.370147 2.370026 4.567366 9.612766 0.250000
29 66.477852 79.418190 0.000000 2.767169 1.279885 2.057092 3.627064 6.893724 0.250000
30 66.575981 79.569252 0.000000 2.533339 1.300784 2.138286 3.895598 7.737693 0.250000
31 66.471947 79.470566 0.000000 2.316294 1.258285 1.995443 3.472852 6.524000 0.250000
32 66.421364 79.819168 0.000000 2.365378 1.312690 2.185780 4.038544 8.134984 0.250000
34 66.460175 79.323334 0.000000 3.027215 1.362695 2.341676 4.461583 9.240717 0.250000
35 66.501762 79.548660 0.000000 2.832878 1.329866 2.230352 4.153079 8.436032 0.250000
36 66.578369 79.445297 0.000000 3.151732 1.331065 2.253934 4.261223 8.831686 0.250000
37 66.611206 79.331345 0.000000 3.196755 1.348419 2.287608 4.287478 8.706423 0.250000
38 66.506180 79.315353 0.000000 3.014695 1.361230 2.332764 4.429384 9.132385 0.250000
39 66.644104 79.421036 0.000000 3.574367 1.304295 2.155282 3.952880 7.912261 0.250000
40 66.576202 79.476860 0.000000 3.403238 1.320827 2.198709 4.065682 8.210116 0.250000
41 66.546654 79.395294 0.000000 3.830978 1.360332 2.340065 4.482828 9.382615 0.250000
42 66.786087 79.402344 0.000000 4.247383 1.350398 2.301692 4.357661 8.992413 0.250000
43 66.784874 79.536392 0.000000 4.300366 1.386895 2.425196 4.718383 10.005045 0.250000
44 66.739723 79.399582 0.000000 4.384284 1.303569 2.146202 3.904868 7.715991 0.250000
45 66.695930 79.418419 0.000000 3.737979 1.362983 2.357007 4.545544 9.584416 0.250000
46 66.778061 79.659904 0.000000 3.767204 1.386506 2.419617 4.692528 9.911773 0.333333
47 66.737144 79.333145 0.000000 4.079041 1.338193 2.269302 4.286283 8.853911 0.333333
48 66.691521 79.410439 0.000000 4.073917 1.396983 2.464024 4.847190 10.414345 0.250000
49 66.758217 79.376534 0.000000 3.796419 1.434224 2.577616 5.148734 11.180007 0.333333
51 66.604874 78.822899 0.000000 4.281223 1.343516 2.260780 4.195245 8.424554 0.250006
52 66.651390 78.896576 0.000000 3.810294 1.385877 2.421405 4.701203 9.935464 0.250000
53 66.740288 78.758217 0.000000 4.439140 1.369858 2.368784 4.551851 9.528761 0.250477
54 66.742531 78.847321 0.000000 4.436903 1.364602 2.345654 4.479214 9.319137 0.333333
55 66.670891 78.740273 0.000000 4.064876 1.311299 2.184370 4.044621 8.181551 0.250000
57 66.876816 78.689476 0.000000 4.074594 1.351182 2.301069 4.340697 8.893027 0.250000
58 66.785797 78.326515 0.000000 3.344795 1.410118 2.485225 4.832457 10.145538 0.360497
59 67.135536 78.469421 0.000000 3.276778 1.456091 2.654215 5.367983 11.770158 0.333333
60 67.104607 78.571754 0.000000 3.444209 1.401980 2.475787 4.857251 10.359057 0.333333
61 66.872269 78.350349 0.000000 3.479141 1.401143 2.466368 4.804478 10.134547 0.333333
62 67.040596 78.494354 0.000000 2.673817 1.320973 2.203890 4.055750 8.067957 0.200000
64 66.873436 78.064987 0.000000 2.590040 1.448831 2.680594 5.539811 12.458504 0.333333
65 66.591789 78.048050 0.000000 2.875576 1.368708 2.391451 4.691409 10.116685 0.333333
66 66.582367 78.005241 0.000000 2.836376 1.486756 2.783343 5.807630 13.166299 0.250000
67 66.666267 78.327568 0.000000 2.803618 1.463764 2.689054 5.486662 12.141727 0.250220
68 66.479721 77.796776 0.000000 2.753720 1.436465 2.588187 5.182529 11.273993 0.200000
69 66.396614 78.265846 0.000000 3.070256 1.442376 2.598828 5.172276 11.116579 0.200000
71 66.699829 78.231575 0.000000 2.403214 1.462082 2.666849 5.362822 11.616477 0.250000
72 66.997093 78.478859 0.000000 1.927955 1.453857 2.634108 5.271051 11.384949 0.250000
73 66.920685 78.694382 0.000000 2.459484 1.464482 2.700140 5.546190 12.387099 0.200001
74 67.236755 79.035263 0.000000 2.086186 1.414691 2.506907 4.930673 10.530210 0.476869
