%% Trajectory 71
%% frame x (pixel)     y (pixel)    z (pixel)      m0         m1           m2           m3           m4           s 
149 49.472652 72.624344 0.000000 0.977337 1.272651 2.077197 3.788861 7.607985 0.166696
150 49.417904 73.196976 0.000000 0.970858 1.300751 2.123767 3.794975 7.278705 0.178619
151 49.549633 72.642120 0.000000 0.987846 1.268235 2.017335 3.506841 6.541574 0.166835
152 49.690441 73.039429 0.000000 0.896249 1.318155 2.193286 4.042070 8.104963 0.144338
153 49.310841 73.087608 0.000000 0.965593 1.359367 2.359065 4.577871 9.729958 0.225017
154 49.534828 72.958603 0.000000 1.247997 1.385654 2.400296 4.586689 9.469017 0.142884
155 49.409431 72.866951 0.000000 1.117218 1.307829 2.131696 3.788261 7.194536 0.154115
156 49.545208 72.726440 0.000000 1.327862 1.311193 2.146080 3.840780 7.371581 0.172963
157 49.424179 73.087921 0.000000 1.083723 1.339586 2.244772 4.133708 8.196819 0.154830
158 49.508354 72.956490 0.000000 1.297711 1.271872 2.037579 3.581707 6.782562 0.244318
159 49.287552 72.752335 0.000000 1.469906 1.289767 2.101632 3.776418 7.352452 0.301066
160 49.252445 72.763885 0.000000 1.309056 1.281721 2.083762 3.753392 7.369303 0.132117
161 49.451969 73.179138 0.000000 1.412697 1.282315 2.061239 3.619634 6.811380 0.143454
162 49.285973 72.899994 0.000000 1.357290 1.317073 2.175116 3.946969 7.720521 0.142872
163 49.336575 72.819054 0.000000 1.543807 1.325810 2.205143 4.041272 8.012197 0.137365
164 49.421741 72.814278 0.000000 1.572617 1.261457 2.001539 3.482427 6.533849 0.166781
165 49.582390 72.825691 0.000000 1.789573 1.311369 2.150562 3.861279 7.446496 0.143291
166 49.434425 72.906563 0.000000 1.377864 1.268939 2.042079 3.634734 7.043411 0.142863
167 49.390587 72.856590 0.000000 1.293363 1.316563 2.169935 3.917169 7.593569 0.142857
168 49.472370 72.785591 0.000000 1.487672 1.245273 1.960920 3.395274 6.366622 0.142857
169 49.362587 72.522896 0.000000 1.418983 1.237399 1.937344 3.328914 6.179130 0.142857
170 49.616795 72.762321 0.000000 1.660579 1.289763 2.116509 3.854755 7.663948 0.125000
171 49.266987 72.684723 0.000000 1.652975 1.307541 2.150305 3.899045 7.659499 0.125000
172 49.557537 72.541656 0.000000 1.734467 1.282200 2.058971 3.611163 6.786754 0.142857
173 49.276756 72.816795 0.000000 1.323142 1.290702 2.101084 3.769798 7.327087 0.142857
174 49.496582 72.726372 0.000000 1.663802 1.262881 2.005786 3.482859 6.492303 0.142857
175 49.486156 72.717667 0.000000 1.472850 1.316038 2.177516 3.968265 7.821869 0.142857
176 49.377525 72.700798 0.000000 1.657166 1.285318 2.080689 3.699841 7.098461 0.142857
177 49.477592 72.729401 0.000000 1.544234 1.248981 1.960968 3.367366 6.217282 0.142857
178 49.688553 72.786339 0.000000 1.661738 1.275074 2.044608 3.603953 6.865155 0.142857
179 49.541874 72.908440 0.000000 1.595900 1.266314 2.034121 3.603936 6.930129 0.142857
180 49.472256 72.747101 0.000000 1.716703 1.298363 2.125571 3.842360 7.540621 0.142857
181 49.486938 72.963295 0.000000 1.581770 1.278334 2.073011 3.708085 7.188285 0.142857
182 49.542160 72.754906 0.000000 1.901249 1.250854 1.966890 3.386555 6.279842 0.142857
183 49.400970 72.686646 0.000000 2.200251 1.301173 2.114237 3.754080 7.145587 0.125000
184 49.513138 73.039337 0.000000 1.814466 1.316219 2.203498 4.113351 8.415173 0.142857
185 49.360630 72.646423 0.000000 2.020859 1.234329 1.922597 3.274946 6.001595 0.142857
186 49.402767 72.550087 0.000000 1.748032 1.266387 2.015125 3.503310 6.532992 0.142857
187 49.306618 72.706871 0.000000 1.949165 1.279408 2.055990 3.618106 6.846599 0.142857
188 49.642803 72.822784 0.000000 1.821502 1.318552 2.190981 4.021739 8.010139 0.166667
189 49.717850 72.829262 0.000000 2.069615 1.344164 2.273806 4.252507 8.629439 0.144387
190 49.590549 72.711899 0.000000 2.381231 1.331428 2.235781 4.150260 8.360781 0.206460
191 49.566334 72.494461 0.000000 2.292095 1.288549 2.078074 3.658250 6.894597 0.143419
192 49.681515 72.576439 0.000000 2.295761 1.289076 2.079348 3.660925 6.899460 0.250996
193 49.542915 72.581573 0.000000 2.313957 1.321561 2.189940 3.988407 7.836517 0.144361
194 49.730408 72.679581 0.000000 2.100282 1.350171 2.296054 4.322023 8.834026 0.142857
195 49.601238 72.759659 0.000000 2.039383 1.316422 2.172117 3.943610 7.736991 0.125000
196 49.648804 72.524162 0.000000 1.729945 1.279520 2.063086 3.649029 6.954282 0.166667
197 49.793015 72.462784 0.000000 1.712879 1.324755 2.190764 3.967989 7.716601 0.142857
198 49.868343 72.518158 0.000000 2.362805 1.296158 2.098315 3.715824 7.063355 0.129607
199 49.824074 72.228867 0.000000 1.848538 1.362361 2.339190 4.444006 9.152333 0.142857
200 50.067524 72.342232 0.000000 2.188828 1.349306 2.275923 4.224382 8.461404 0.143012
201 49.644138 72.415405 0.000000 2.288341 1.303021 2.131037 3.826708 7.409721 0.142857
202 49.820103 72.383263 0.000000 1.991884 1.317685 2.181005 3.973906 7.825253 0.143044
203 49.613979 72.099678 0.000000 1.918507 1.274230 2.040703 3.576409 6.732833 0.142857
204 49.827175 72.043434 0.000000 2.178364 1.390706 2.429979 4.691853 9.797019 0.142857
