%% Trajectory 41
%% frame x (pixel)     y (pixel)    z (pixel)      m0         m1           m2           m3           m4           s 
171 70.026695 61.063736 0.000000 1.736971 1.434415 2.588854 5.192066 11.309396 0.200000
173 69.598602 61.439533 0.000000 1.505255 1.333820 2.242416 4.156364 8.322424 0.166667
175 69.469589 61.442883 0.000000 1.639018 1.311314 2.159343 3.905961 7.617949 0.200574
176 69.648201 61.552055 0.000000 1.294955 1.267947 2.021778 3.520544 6.569945 0.166667
177 70.030922 61.125896 0.000000 1.168960 1.394503 2.463772 4.865201 10.500463 0.175437
178 69.908318 61.505932 0.000000 1.299639 1.350710 2.292241 4.295985 8.719106 0.147045
179 69.751389 61.205757 0.000000 1.516791 1.381275 2.396301 4.595215 9.535289 0.180746
180 69.510567 61.202991 0.000000 1.591007 1.408263 2.487215 4.873839 10.365926 0.166667
181 69.830482 61.402298 0.000000 1.804257 1.273954 2.047582 3.618937 6.914716 0.166668
182 69.763931 61.297871 0.000000 1.710983 1.319924 2.189545 3.999751 7.898485 0.143249
183 69.565849 61.387146 0.000000 1.696879 1.367783 2.338084 4.397898 8.926487 0.142857
184 69.792671 61.488369 0.000000 1.349279 1.285010 2.066087 3.627184 6.820898 0.175255
186 69.668579 61.364689 0.000000 1.922725 1.269944 2.024157 3.528409 6.605703 0.200000
187 69.726212 61.383106 0.000000 1.483888 1.368585 2.342397 4.416209 8.987542 0.200000
188 69.816483 61.423550 0.000000 1.579283 1.321432 2.197815 4.015485 7.897703 0.200000
189 69.956207 61.448887 0.000000 1.646681 1.277104 2.073204 3.728514 7.309127 0.166670
190 69.968315 61.496140 0.000000 1.768376 1.308257 2.151551 3.880391 7.522945 0.200000
191 69.965790 61.543114 0.000000 1.663780 1.279073 2.066955 3.676554 7.067538 0.200000
192 70.036919 61.535793 0.000000 1.762417 1.295892 2.136361 3.909794 7.809218 0.166667
193 70.061172 61.192669 0.000000 1.645372 1.300498 2.140034 3.884638 7.631160 0.167074
194 69.740524 61.449959 0.000000 1.951097 1.239572 1.938435 3.316932 6.106817 0.166667
195 69.729248 61.321926 0.000000 1.498359 1.273308 2.032811 3.547966 6.644970 0.167498
196 69.924721 61.417259 0.000000 1.947671 1.284114 2.087314 3.745954 7.295122 0.166667
197 69.890419 61.526524 0.000000 1.939036 1.269019 2.017318 3.506114 6.542635 0.170131
198 69.782852 61.496845 0.000000 2.718049 1.258127 1.994973 3.472692 6.528781 0.166860
199 69.792122 61.551846 0.000000 2.331801 1.271256 2.032317 3.553724 6.672141 0.179269
200 69.748947 61.530102 0.000000 2.178742 1.263120 2.012251 3.529470 6.709419 0.142874
201 69.781364 61.471970 0.000000 2.157362 1.253772 1.982648 3.444499 6.471298 0.170732
202 70.074127 61.471577 0.000000 1.943620 1.292210 2.092849 3.712267 7.078846 0.143113
203 69.658318 61.279285 0.000000 2.310701 1.265132 2.012360 3.500150 6.535595 0.142857
204 69.917412 61.510246 0.000000 2.250145 1.250738 1.976533 3.423579 6.388077 0.142859
205 69.894516 61.420948 0.000000 2.288624 1.292225 2.095594 3.726826 7.135752 0.142857
206 69.889259 61.486595 0.000000 1.745378 1.297000 2.128567 3.855795 7.574976 0.142858
207 70.045082 61.346439 0.000000 2.146387 1.298411 2.131687 3.859738 7.565995 0.167661
208 69.883148 61.373962 0.000000 2.395121 1.282481 2.072690 3.686971 7.097158 0.166667
209 70.095818 61.410610 0.000000 2.407527 1.318010 2.193101 4.041358 8.100838 0.142857
210 70.033775 61.408806 0.000000 2.290228 1.318153 2.193302 4.036325 8.067970 0.125000
211 69.799149 61.414112 0.000000 2.410241 1.268608 2.026539 3.547372 6.683930 0.125003
212 69.962502 61.248745 0.000000 2.219670 1.326870 2.212118 4.055639 8.017238 0.125000
213 69.967255 61.429459 0.000000 2.018464 1.326638 2.207103 4.040906 7.986774 0.125000
214 69.829048 61.283092 0.000000 2.078555 1.295230 2.117888 3.835436 7.566439 0.166667
215 70.029877 61.341389 0.000000 2.299129 1.275117 2.052148 3.625138 6.899688 0.125000
216 69.778053 61.434017 0.000000 2.536714 1.232320 1.913707 3.252188 5.952126 0.125000
217 69.910797 61.441692 0.000000 2.265176 1.279085 2.052166 3.606745 6.818597 0.142864
218 69.965691 61.322998 0.000000 2.357501 1.321060 2.209756 4.096248 8.255747 0.142857
219 69.660187 61.237362 0.000000 2.936192 1.292798 2.087950 3.681574 6.950378 0.127881
220 69.473831 61.218246 0.000000 2.225344 1.297004 2.116163 3.796456 7.350943 0.141357
221 69.596375 61.111008 0.000000 2.629407 1.251570 1.976081 3.413312 6.335815 0.125000
222 69.478416 61.417061 0.000000 2.076190 1.246287 1.955564 3.355420 6.189430 0.111111
223 69.307404 61.364292 0.000000 2.450556 1.259903 1.994473 3.456071 6.442058 0.125000
224 69.296272 61.203484 0.000000 2.033828 1.277558 2.059265 3.653814 7.012761 0.111111
225 69.181282 61.195740 0.000000 2.408017 1.309935 2.148545 3.863287 7.469042 0.142857
226 69.222054 61.424229 0.000000 2.348803 1.252367 1.980964 3.430145 6.388418 0.125000
227 69.084869 61.192158 0.000000 1.987001 1.299604 2.131608 3.851339 7.522163 0.142857
228 69.114059 61.124989 0.000000 1.846696 1.297828 2.139910 3.916691 7.820277 0.111112
229 68.893066 61.061390 0.000000 1.737212 1.316943 2.184590 3.991301 7.877946 0.143687
230 68.856995 60.939785 0.000000 1.617752 1.313256 2.183364 4.017792 8.025184 0.143003
231 68.578171 61.116589 0.000000 1.827180 1.294338 2.096566 3.719703 7.096876 0.166668
232 68.371490 60.846054 0.000000 1.553876 1.262283 2.013618 3.531031 6.692953 0.140265
233 68.295097 61.216198 0.000000 1.776268 1.284210 2.084154 3.731784 7.245921 0.166667
234 68.552094 61.380463 0.000000 1.710705 1.269515 2.023589 3.542103 6.698830 0.147723
236 68.411690 60.961876 0.000000 1.200850 1.285229 2.098827 3.792220 7.443446 0.376627
237 68.553352 61.352203 0.000000 1.309278 1.369928 2.355883 4.500832 9.373157 0.153072
238 68.200569 61.223896 0.000000 1.204074 1.407541 2.459443 4.716553 9.720525 0.305591
239 67.504372 60.912132 0.000000 1.114570 1.434903 2.600239 5.267874 11.661355 0.200106
241 68.215622 61.694740 0.000000 1.125482 1.331661 2.211039 4.035683 7.947285 0.289659
243 69.617523 61.415611 0.000000 0.677983 1.410997 2.567628 5.274904 11.927117 0.175661
