%% Trajectory 11
%% frame x (pixel)     y (pixel)    z (pixel)      m0         m1           m2           m3           m4           s 
13 79.288467 63.256363 0.000000 0.741597 1.258598 2.006285 3.542227 6.832560 0.111111
15 79.331291 63.820206 0.000000 0.890438 1.332942 2.229549 4.102515 8.144781 0.117094
16 79.542320 63.380867 0.000000 1.101376 1.258192 1.981916 3.414367 6.324217 0.111240
17 79.518639 63.329433 0.000000 0.896376 1.241327 1.944759 3.343425 6.211577 0.190686
18 79.551201 63.324638 0.000000 1.012429 1.298327 2.128483 3.848101 7.538991 0.152964
19 79.638535 63.402016 0.000000 1.053809 1.265358 2.011775 3.517175 6.656667 0.136921
20 79.733795 63.424473 0.000000 1.097914 1.306570 2.156965 3.938628 7.816270 0.285197
21 79.739899 63.153118 0.000000 0.849095 1.289266 2.108907 3.820183 7.530556 0.112933
22 79.727005 63.273880 0.000000 0.921135 1.229549 1.908883 3.247450 5.961611 0.091242
23 79.510521 63.006969 0.000000 1.226743 1.289751 2.102217 3.785184 7.394505 0.251988
24 79.541466 63.431110 0.000000 1.213990 1.272049 2.035404 3.558697 6.671016 0.116338
25 79.528244 63.400093 0.000000 1.351002 1.271466 2.023960 3.520921 6.573355 0.096726
26 79.330025 63.183998 0.000000 1.308812 1.293160 2.087820 3.689409 7.004725 0.200105
27 79.579102 63.134132 0.000000 1.866326 1.287981 2.081486 3.691422 7.056201 0.115358
28 79.395386 63.392399 0.000000 1.274530 1.294879 2.091735 3.687635 6.958689 0.113811
29 79.201271 63.360714 0.000000 1.416939 1.318239 2.172230 3.918535 7.586588 0.172012
30 79.078331 63.263351 0.000000 1.454019 1.360097 2.340297 4.474679 9.315625 0.120393
31 79.676674 63.162136 0.000000 1.204304 1.357017 2.299869 4.287612 8.619171 0.127613
32 79.431419 63.437134 0.000000 1.283733 1.282804 2.060934 3.616227 6.799603 0.100002
33 79.667885 63.332291 0.000000 1.732228 1.312337 2.166623 3.947469 7.798451 0.138243
34 79.509895 63.385483 0.000000 1.671779 1.227952 1.904995 3.232201 5.902293 0.111124
35 79.440239 63.150543 0.000000 1.800493 1.277683 2.046269 3.579157 6.709344 0.100053
36 79.773262 63.280075 0.000000 1.884964 1.310472 2.154706 3.892165 7.579960 0.125409
37 79.488678 63.515141 0.000000 2.056884 1.261610 1.995242 3.448004 6.397195 0.111111
38 79.317505 63.370865 0.000000 2.143818 1.285779 2.070214 3.638190 6.845848 0.137312
39 79.346802 63.372887 0.000000 2.198172 1.281595 2.059879 3.622244 6.840645 0.111112
40 79.254044 63.317108 0.000000 2.101555 1.319475 2.180677 3.953065 7.709920 0.111111
41 79.454491 63.460365 0.000000 2.100407 1.311576 2.161104 3.908229 7.612409 0.100528
42 79.398674 63.467415 0.000000 2.390025 1.304388 2.121631 3.762565 7.131806 0.125023
43 79.396278 63.195511 0.000000 2.608044 1.283105 2.060078 3.611276 6.781667 0.142857
44 79.429565 63.168919 0.000000 2.166516 1.311694 2.143931 3.825901 7.309329 0.130726
45 79.343575 63.354053 0.000000 2.540802 1.287631 2.076694 3.660706 6.919595 0.125005
46 79.549110 63.315643 0.000000 2.523456 1.283333 2.072644 3.676085 7.036614 0.111112
47 79.339546 63.344944 0.000000 2.549212 1.322544 2.177079 3.912957 7.528836 0.111111
48 79.381485 63.130997 0.000000 2.476096 1.333132 2.214879 4.037098 7.915752 0.111139
49 79.560097 63.290703 0.000000 2.915561 1.257260 1.986788 3.431971 6.366660 0.111111
50 79.257484 63.244949 0.000000 2.499115 1.355363 2.296825 4.280698 8.598832 0.125582
51 79.273918 63.295441 0.000000 2.824298 1.312510 2.152721 3.868882 7.474026 0.125000
52 79.280800 63.146023 0.000000 2.819503 1.346427 2.266037 4.193514 8.367482 0.125000
53 79.359146 63.383827 0.000000 2.752104 1.339094 2.226714 4.035541 7.807829 0.228706
54 79.187294 63.257500 0.000000 3.026643 1.358233 2.304760 4.313628 8.732585 0.166672
55 79.385696 63.358101 0.000000 3.032584 1.322873 2.187837 3.959954 7.687962 0.166804
56 79.434532 63.315327 0.000000 3.285082 1.368605 2.327773 4.340885 8.696789 0.172315
57 79.194878 63.357613 0.000000 3.169288 1.353865 2.293250 4.281811 8.644933 0.208611
58 79.409218 63.238781 0.000000 2.923565 1.366135 2.331006 4.376809 8.865504 0.142860
59 79.206093 63.443588 0.000000 2.477100 1.337787 2.230813 4.081727 8.034814 0.143977
60 78.865295 63.295338 0.000000 2.352835 1.394145 2.436650 4.704158 9.823922 0.147993
61 79.194412 63.310917 0.000000 2.603573 1.350314 2.294489 4.309844 8.771259 0.149588
62 79.198616 63.335403 0.000000 2.427744 1.398699 2.445065 4.726325 9.892186 0.174630
63 78.881790 63.402260 0.000000 2.807906 1.359146 2.305494 4.298412 8.633900 0.125395
64 79.119560 63.296471 0.000000 2.666971 1.373983 2.393194 4.640905 9.810960 0.252537
65 78.793480 63.256470 0.000000 2.614810 1.409660 2.487406 4.853366 10.247528 0.232066
66 79.101280 63.181850 0.000000 2.555810 1.351689 2.309282 4.382713 9.059779 0.158566
67 78.848869 63.271938 0.000000 2.867878 1.413159 2.490707 4.852378 10.229611 0.142981
68 79.083107 63.271034 0.000000 2.266256 1.414155 2.509618 4.945242 10.583880 0.152796
69 78.735207 63.322407 0.000000 2.537524 1.390002 2.397977 4.546187 9.283319 0.186002
70 79.062447 63.276192 0.000000 2.056979 1.415427 2.503803 4.907787 10.427009 0.147308
71 78.701187 63.264294 0.000000 2.187765 1.348796 2.265408 4.171326 8.254678 0.139798
72 78.618721 63.095795 0.000000 2.604286 1.449099 2.612036 5.192077 11.127813 0.126491
73 78.664024 63.144951 0.000000 2.568844 1.445525 2.592109 5.116741 10.877666 0.125748
74 78.609749 63.224064 0.000000 2.458154 1.386315 2.394053 4.551202 9.334177 0.125108
75 78.779755 63.421898 0.000000 2.702125 1.342195 2.248327 4.129467 8.154947 0.239832
76 78.539391 63.253765 0.000000 2.200789 1.345932 2.270977 4.213873 8.427258 0.125000
77 78.495499 63.300999 0.000000 2.239701 1.333462 2.226579 4.085162 8.078418 0.166667
78 78.584923 63.342739 0.000000 2.668880 1.284372 2.067887 3.648227 6.928508 0.113086
79 78.570053 63.468109 0.000000 2.158322 1.297477 2.105915 3.736449 7.109271 0.166667
80 78.692848 63.507210 0.000000 2.090413 1.282866 2.058925 3.607325 6.770207 0.142857
81 78.549522 63.215736 0.000000 1.585510 1.285461 2.069083 3.645543 6.903639 0.163774
82 78.519661 63.474503 0.000000 1.661409 1.356882 2.311637 4.347492 8.842537 0.170943
83 78.527161 63.547165 0.000000 1.524718 1.281576 2.075298 3.708270 7.192384 0.127715
84 78.624748 63.382645 0.000000 1.677558 1.365585 2.323596 4.344050 8.745275 0.125805
85 78.397202 63.164055 0.000000 1.850752 1.394926 2.426491 4.665382 9.709000 0.142857
86 78.552467 63.225845 0.000000 1.230172 1.326415 2.199442 4.005601 7.859366 0.131800
87 78.408150 63.288776 0.000000 1.028608 1.256604 2.001343 3.489120 6.532643 0.126913
89 77.698380 62.628689 0.000000 1.176612 1.353047 2.295212 4.304792 8.758698 0.125028
90 77.825447 62.941792 0.000000 1.413046 1.293162 2.113683 3.803683 7.393143 0.182528
91 77.733376 63.042072 0.000000 0.947321 1.291715 2.103653 3.768835 7.293102 0.125000
92 77.500244 62.520065 0.000000 0.961028 1.266693 2.014701 3.508409 6.572784 0.125000
94 77.364906 62.548130 0.000000 1.038523 1.323309 2.186724 3.963120 7.732252 0.125000
