%% Trajectory 202
%% frame x (pixel)     y (pixel)    z (pixel)      m0         m1           m2           m3           m4           s 
123 45.825195 62.851379 0.000000 0.708761 1.384665 2.427683 4.719879 9.957202 0.138709
125 45.698212 63.073639 0.000000 0.583181 1.540463 3.063526 6.778324 16.162201 0.079859
127 45.331524 63.513180 0.000000 0.596645 1.321284 2.184682 3.989028 7.901449 0.104274
129 46.217388 63.299725 0.000000 0.802291 1.333932 2.231575 4.128807 8.281492 0.149328
131 45.879730 63.589615 0.000000 0.984406 1.434638 2.573255 5.145534 11.213384 0.093524
132 45.767769 63.212864 0.000000 1.174820 1.412961 2.521129 5.017122 10.886700 0.077065
133 45.711369 63.304733 0.000000 1.230361 1.347867 2.298334 4.353893 8.984804 0.092479
134 46.131649 62.847260 0.000000 1.489716 1.353901 2.308895 4.352205 8.880772 0.100824
135 45.563786 63.216164 0.000000 1.495539 1.305095 2.135648 3.828755 7.376231 0.111342
136 45.765034 63.277176 0.000000 1.218397 1.290432 2.081080 3.662812 6.900343 0.109244
137 45.764645 63.008621 0.000000 1.353616 1.383982 2.409714 4.629300 9.605482 0.111627
138 45.781033 63.149784 0.000000 1.301263 1.401894 2.442000 4.679682 9.662407 0.111147
139 45.845127 63.024239 0.000000 1.256361 1.514178 2.855039 5.948780 13.370986 0.100042
140 45.853054 63.166393 0.000000 1.740479 1.323439 2.198132 4.022340 7.952825 0.136800
141 45.807316 62.979076 0.000000 1.094107 1.458226 2.684276 5.476939 12.084275 0.100962
142 46.326099 63.141930 0.000000 1.410753 1.376606 2.363936 4.471793 9.132256 0.111111
143 46.019833 63.434982 0.000000 1.569844 1.419941 2.541867 5.054636 10.912533 0.100004
144 45.611370 62.957500 0.000000 1.767821 1.365925 2.375903 4.616187 9.815514 0.114880
145 45.846146 63.184021 0.000000 1.445634 1.399707 2.451219 4.733106 9.870688 0.118238
146 46.306297 62.986607 0.000000 1.607760 1.440102 2.578060 5.080816 10.781711 0.131147
147 45.858894 63.058304 0.000000 1.245928 1.452938 2.643425 5.345354 11.726602 0.131988
148 45.906818 63.185875 0.000000 1.648198 1.380657 2.416214 4.706746 9.990410 0.111112
149 45.985699 63.198624 0.000000 1.558332 1.436378 2.603364 5.260634 11.575722 0.111114
150 45.891487 63.499039 0.000000 1.730214 1.471466 2.695637 5.487580 12.132603 0.125387
151 46.394192 63.533352 0.000000 1.453547 1.477343 2.702945 5.440409 11.768213 0.182559
153 45.918804 63.552422 0.000000 1.827381 1.374641 2.359489 4.458775 9.084911 0.200701
154 45.826408 63.710873 0.000000 1.820057 1.377219 2.383663 4.550997 9.384307 0.263861
155 45.743454 63.485584 0.000000 1.829046 1.341406 2.255835 4.190903 8.446773 0.225291
156 45.878647 63.216324 0.000000 1.993976 1.402000 2.433816 4.638058 9.497698 0.248359
157 46.061138 63.434750 0.000000 2.208500 1.347175 2.269529 4.198978 8.366404 0.204306
158 45.873436 63.271011 0.000000 2.077145 1.318876 2.184369 3.973722 7.787004 0.168403
159 46.047356 63.237320 0.000000 2.362658 1.368165 2.339979 4.407038 8.953978 0.160127
160 45.875797 63.202908 0.000000 2.090065 1.404296 2.456350 4.723546 9.773237 0.124541
161 45.920696 62.936653 0.000000 2.008286 1.365852 2.344935 4.452209 9.158838 0.163855
162 45.936348 62.975159 0.000000 2.052349 1.384428 2.434613 4.786690 10.290679 0.134450
163 46.143978 63.263611 0.000000 2.615798 1.442736 2.587186 5.112688 10.891873 0.130039
164 45.924252 63.187840 0.000000 2.113916 1.409555 2.493845 4.879163 10.325306 0.128881
165 46.197189 63.045380 0.000000 1.846365 1.449154 2.628851 5.285213 11.505536 0.112656
166 46.489964 62.815521 0.000000 1.687203 1.456262 2.655982 5.374206 11.776102 0.111118
167 46.548389 62.705425 0.000000 1.933808 1.478437 2.708551 5.469589 11.889562 0.111118
168 46.638489 62.804489 0.000000 1.671687 1.322278 2.186005 3.972181 7.784486 0.140088
169 46.423824 63.278000 0.000000 2.194633 1.374270 2.356322 4.426448 8.922729 0.115052
170 46.695278 63.092514 0.000000 2.404744 1.362347 2.327454 4.377954 8.885372 0.102349
171 46.627045 63.409325 0.000000 1.906101 1.383294 2.368640 4.430202 8.860101 0.123623
173 46.835037 63.231762 0.000000 2.036853 1.386489 2.398553 4.582081 9.473071 0.101606
174 46.913643 62.880917 0.000000 2.049503 1.417886 2.537819 5.049770 10.923958 0.132405
175 46.897552 62.552601 0.000000 2.849438 1.417919 2.508896 4.901760 10.345249 0.111113
176 46.839706 62.714348 0.000000 2.287822 1.374334 2.385165 4.600021 9.654754 0.126547
177 46.854393 62.585938 0.000000 1.734062 1.386560 2.422902 4.701711 9.920548 0.103464
178 46.974411 62.586773 0.000000 2.325531 1.376728 2.394614 4.630302 9.745479 0.106816
179 47.366230 62.382797 0.000000 2.399059 1.362950 2.303711 4.257052 8.429455 0.127280
180 46.937897 62.474277 0.000000 1.762414 1.389660 2.425172 4.688257 9.826779 0.136793
181 47.338200 62.606167 0.000000 1.585655 1.327380 2.214342 4.069866 8.082626 0.158498
182 47.604881 62.447643 0.000000 1.614832 1.277420 2.047989 3.597601 6.803509 0.117921
183 47.744179 62.694782 0.000000 1.721384 1.417652 2.506886 4.896508 10.333462 0.111575
184 47.874073 63.374699 0.000000 1.459186 1.406690 2.446817 4.673678 9.594056 0.111154
185 47.874920 63.657558 0.000000 2.078101 1.329572 2.215693 4.054514 7.986842 0.325789
186 47.713287 63.743015 0.000000 1.862262 1.381866 2.381128 4.517077 9.241613 0.216606
187 47.979382 63.479675 0.000000 1.677213 1.453865 2.657195 5.391138 11.851689 0.111485
188 48.400848 62.993549 0.000000 1.503329 1.348086 2.270309 4.197718 8.352924 0.100031
189 47.755272 62.797253 0.000000 1.612141 1.293334 2.103972 3.767745 7.297675 0.209831
191 48.628304 62.312881 0.000000 1.235262 1.527211 2.869279 5.923143 13.118133 0.116907
