%% Trajectory 96
%% frame x (pixel)     y (pixel)    z (pixel)      m0         m1           m2           m3           m4           s 
167 28.819187 43.457870 0.000000 1.153424 1.232155 1.953479 3.464970 6.795640 0.200000
168 28.792881 43.246616 0.000000 0.987769 1.247827 2.009949 3.631431 7.261398 0.166667
169 28.866795 43.552738 0.000000 1.105872 1.367291 2.378075 4.626964 9.858079 0.200000
170 28.783730 43.563698 0.000000 1.198045 1.379238 2.432398 4.801367 10.383272 0.166667
171 28.865894 43.739014 0.000000 1.669169 1.302578 2.142079 3.896728 7.710875 0.200000
172 29.152586 43.299088 0.000000 1.483360 1.318049 2.195693 4.056643 8.165351 0.250000
173 28.626932 43.348854 0.000000 1.414252 1.256871 1.984445 3.424808 6.348615 0.250000
174 28.575777 43.349503 0.000000 1.747523 1.248637 1.976077 3.455817 6.586459 0.250000
176 28.889238 43.294247 0.000000 1.551871 1.326034 2.213629 4.086137 8.190946 0.200000
177 28.798609 43.210979 0.000000 1.980862 1.365756 2.350028 4.476442 9.251312 0.200000
178 28.924845 43.343800 0.000000 1.373245 1.344056 2.300231 4.377772 9.083925 0.200000
179 28.566515 43.471397 0.000000 1.426696 1.243146 1.951288 3.358169 6.236454 0.250000
180 29.013487 43.260792 0.000000 1.894465 1.294150 2.129182 3.877295 7.674345 0.250000
181 28.788965 43.280575 0.000000 2.000393 1.383129 2.391890 4.567969 9.444878 0.250000
182 28.814510 43.267761 0.000000 1.713460 1.342469 2.262200 4.197936 8.415827 0.200000
183 28.885323 43.419708 0.000000 2.312060 1.305742 2.185484 4.096923 8.456102 0.200000
184 28.945713 43.315502 0.000000 1.918153 1.372915 2.385822 4.602625 9.655927 0.200000
185 28.719976 43.482731 0.000000 1.893681 1.308901 2.139966 3.833038 7.381488 0.200000
186 28.672165 43.423092 0.000000 2.258181 1.310030 2.158471 3.922292 7.725473 0.250000
187 28.325693 43.499287 0.000000 2.018767 1.277850 2.049427 3.604804 6.833345 0.250000
188 28.689577 43.616646 0.000000 2.526576 1.331950 2.211840 4.029529 7.901289 0.200632
189 28.525322 43.461956 0.000000 2.159837 1.307292 2.147230 3.877555 7.559826 0.200000
190 28.480745 43.722435 0.000000 2.108305 1.269449 2.033488 3.587758 6.860109 0.250000
191 28.711868 43.586468 0.000000 2.900930 1.291352 2.083321 3.668614 6.916507 0.260072
192 28.497343 43.607410 0.000000 2.520377 1.293991 2.098359 3.718493 7.063372 0.250780
193 28.905933 43.530499 0.000000 2.571420 1.314405 2.169595 3.941972 7.742568 0.167248
194 28.682600 43.335861 0.000000 3.118760 1.324148 2.187245 3.951733 7.658035 0.209649
195 28.697039 43.505589 0.000000 2.370817 1.297041 2.114053 3.792913 7.363556 0.200001
196 28.535599 43.389812 0.000000 2.626334 1.262176 2.003272 3.474625 6.467250 0.231368
197 28.595659 43.656727 0.000000 2.918922 1.301401 2.126637 3.806696 7.321036 0.266257
198 28.547615 43.592979 0.000000 2.750643 1.303408 2.120605 3.769399 7.179140 0.142858
199 28.503742 43.664425 0.000000 3.265809 1.299288 2.117448 3.786761 7.298144 0.201103
201 28.573929 43.527023 0.000000 3.172911 1.343375 2.256575 4.172609 8.335412 0.203327
202 28.739403 43.602638 0.000000 3.004796 1.296026 2.111340 3.782053 7.320801 0.200000
203 28.680092 43.493595 0.000000 2.897791 1.323251 2.170448 3.878405 7.398820 0.259103
204 28.531626 43.694923 0.000000 3.107944 1.357336 2.287246 4.208099 8.278125 0.200000
205 28.623976 43.554535 0.000000 3.595991 1.339424 2.245393 4.142125 8.250011 0.200105
206 28.644699 43.515839 0.000000 3.283364 1.299250 2.111628 3.743298 7.094362 0.300513
207 28.563519 43.515717 0.000000 3.814394 1.344019 2.237312 4.058700 7.859871 0.242343
208 28.689140 43.644714 0.000000 3.987719 1.297793 2.105785 3.735113 7.105865 0.200098
209 28.488817 43.521477 0.000000 3.329116 1.337652 2.248368 4.178759 8.432563 0.166745
210 28.680487 43.594349 0.000000 2.806747 1.309948 2.131468 3.783295 7.184029 0.168610
211 28.618505 43.500546 0.000000 3.151407 1.319902 2.169885 3.895968 7.490077 0.200567
212 28.727510 43.490658 0.000000 3.699619 1.321167 2.183744 3.968364 7.785953 0.166669
213 28.759037 43.478241 0.000000 3.657074 1.308382 2.137961 3.824447 7.349700 0.166667
214 28.825319 43.710217 0.000000 4.115799 1.343567 2.247572 4.121267 8.124738 0.270732
215 28.576124 43.522198 0.000000 3.653194 1.344466 2.251347 4.137018 8.185287 0.166743
216 28.545401 43.520939 0.000000 3.343761 1.331174 2.223423 4.092895 8.149578 0.166719
217 28.696375 43.535305 0.000000 4.013317 1.303890 2.126198 3.794930 7.274934 0.202184
218 28.750015 43.455971 0.000000 3.726046 1.283283 2.057954 3.603149 6.759518 0.200015
219 28.694654 43.756916 0.000000 3.749956 1.337417 2.229128 4.074622 8.009747 0.166667
220 28.737768 43.602917 0.000000 4.097133 1.299316 2.120062 3.798172 7.337349 0.229795
221 28.596123 43.574284 0.000000 3.559498 1.307614 2.128789 3.779452 7.173437 0.144227
222 28.763304 43.532215 0.000000 3.796177 1.283513 2.064581 3.625526 6.818690 0.143105
223 28.768852 43.491707 0.000000 3.883683 1.290597 2.083237 3.673562 6.943815 0.250001
224 28.785065 43.528412 0.000000 3.527309 1.311362 2.140907 3.815211 7.276878 0.379671
225 28.860691 43.592716 0.000000 3.434194 1.311740 2.143159 3.822334 7.296961 0.244525
226 28.684767 43.806538 0.000000 4.061138 1.307475 2.132312 3.798525 7.248137 0.200000
227 28.470390 43.942833 0.000000 3.345670 1.323148 2.190635 3.981475 7.794088 0.200006
228 28.651154 43.851841 0.000000 3.773842 1.333905 2.216303 4.026038 7.836305 0.252028
229 28.737053 43.858185 0.000000 3.553355 1.321520 2.178187 3.926599 7.587620 0.240922
230 28.827320 43.848778 0.000000 3.702728 1.360118 2.324217 4.394022 9.011883 0.215790
231 28.649689 44.007423 0.000000 3.399676 1.369607 2.353564 4.466478 9.171019 0.200000
232 28.779976 44.121212 0.000000 3.274403 1.357722 2.313355 4.343834 8.808244 0.200000
233 29.108776 44.104603 0.000000 3.940840 1.358667 2.302716 4.280478 8.545938 0.206222
234 29.098974 44.362267 0.000000 3.682034 1.333537 2.234994 4.128048 8.244353 0.200000
235 29.070318 44.395378 0.000000 3.636341 1.308356 2.153740 3.902072 7.640018 0.200000
236 29.206043 44.474350 0.000000 3.931656 1.325831 2.225455 4.150828 8.451924 0.200000
237 29.403606 44.425919 0.000000 3.856563 1.276550 2.049074 3.606531 6.839216 0.200142
238 29.212801 44.440739 0.000000 3.969253 1.322918 2.195809 4.010187 7.908376 0.468675
239 29.150002 44.452049 0.000000 3.491378 1.279931 2.068679 3.680458 7.084998 0.200000
240 29.492170 44.648861 0.000000 3.918234 1.334312 2.222632 4.059134 7.970326 0.200000
241 29.577223 44.642902 0.000000 3.843951 1.333583 2.223061 4.075798 8.060902 0.250025
242 29.689320 44.598190 0.000000 3.522198 1.312207 2.150711 3.858092 7.430673 0.250000
243 29.565861 44.612457 0.000000 3.337295 1.314887 2.158097 3.879833 7.497604 0.250000
244 29.626627 44.291119 0.000000 2.743943 1.351579 2.273710 4.197948 8.339272 0.166667
245 29.749222 44.679852 0.000000 2.769894 1.385903 2.389705 4.523405 9.207074 0.274362
246 29.892832 44.678986 0.000000 3.126836 1.375262 2.368351 4.506346 9.283147 0.200000
248 30.283888 44.460430 0.000000 2.695545 1.255457 1.988836 3.452823 6.459242 0.200000
250 29.419754 44.637554 0.000000 1.901532 1.289047 2.092320 3.734024 7.192317 0.200000
251 29.261745 45.189869 0.000000 1.881638 1.352733 2.305947 4.343956 8.859409 0.200000
252 29.606506 45.335815 0.000000 1.802986 1.270394 2.041608 3.614864 6.937431 0.200001
253 29.187815 45.794716 0.000000 1.693117 1.373574 2.366041 4.507936 9.307931 0.166723
254 29.017784 45.758469 0.000000 1.166429 1.301120 2.165642 4.003974 8.066175 0.325152
255 29.107244 45.696041 0.000000 1.522210 1.282349 2.115759 3.876252 7.741849 0.171647
256 28.691164 45.905338 0.000000 1.533836 1.396290 2.414466 4.586067 9.375479 0.156096
257 28.367363 45.592010 0.000000 1.193933 1.214231 1.878885 3.192014 5.863629 0.166667
259 29.511513 45.618164 0.000000 0.958074 1.194793 1.801841 2.972703 5.298365 0.143516
