%% Trajectory 58
%% frame x (pixel)     y (pixel)    z (pixel)      m0         m1           m2           m3           m4           s 
205 32.810425 54.592476 0.000000 0.620130 1.217967 1.923481 3.392949 6.598939 0.200000
206 32.936230 54.430241 0.000000 1.094191 1.350709 2.304194 4.379153 9.086411 0.200000
207 32.598778 54.794144 0.000000 0.846422 1.226105 1.926264 3.358038 6.414795 0.200000
208 32.942566 54.714039 0.000000 1.019921 1.283421 2.108936 3.869019 7.797790 0.142877
209 33.279705 54.244682 0.000000 0.902025 1.345261 2.322093 4.474320 9.426837 0.200000
210 33.218887 54.759655 0.000000 1.059610 1.199093 1.837653 3.114346 5.775409 0.200000
211 33.271355 54.482407 0.000000 1.132424 1.317091 2.262436 4.395854 9.463842 0.200001
212 32.931274 54.841442 0.000000 1.070155 1.325398 2.195184 3.982473 7.755080 0.166667
213 33.098637 54.497520 0.000000 1.226464 1.347867 2.281457 4.272634 8.686677 0.142860
214 32.854671 54.442051 0.000000 0.994058 1.256481 1.985241 3.439702 6.426707 0.167862
215 32.616409 54.450615 0.000000 1.199998 1.397451 2.484681 4.966301 10.914684 0.166707
216 32.617519 54.428368 0.000000 0.901116 1.244228 1.949784 3.342850 6.167052 0.158467
217 32.972412 54.539532 0.000000 1.091867 1.366543 2.378154 4.638880 9.940836 0.191307
218 33.236973 54.090256 0.000000 1.056498 1.332724 2.231576 4.111140 8.166091 0.166667
219 32.674656 54.317482 0.000000 0.750811 1.244514 2.016388 3.679627 7.460606 0.172387
220 33.197983 54.576389 0.000000 1.173913 1.236363 1.924430 3.288230 6.078647 0.168078
221 32.679573 54.318733 0.000000 1.320282 1.205712 1.868760 3.208829 6.035475 0.239854
223 32.928471 54.412315 0.000000 1.379258 1.291186 2.116823 3.853987 7.667269 0.221483
224 32.980225 54.084072 0.000000 1.531397 1.375183 2.382147 4.573487 9.525631 0.169331
225 32.694725 54.064583 0.000000 1.453982 1.279479 2.076146 3.715746 7.203255 0.262910
226 33.352207 54.403503 0.000000 1.484427 1.242927 1.945573 3.329031 6.123121 0.167912
227 33.783550 54.323105 0.000000 1.414647 1.405753 2.489047 4.917888 10.608500 0.171563
228 33.157215 54.371338 0.000000 1.414405 1.310065 2.157288 3.910476 7.663199 0.301733
229 33.151981 54.465862 0.000000 1.460252 1.338893 2.249560 4.157940 8.287685 0.168242
230 32.841454 54.526329 0.000000 1.438102 1.240652 1.950045 3.359161 6.232494 0.276228
231 32.874268 54.385071 0.000000 1.419689 1.237229 1.931913 3.309757 6.126737 0.172284
232 33.130749 54.624432 0.000000 1.425416 1.283014 2.105450 3.856365 7.761041 0.166668
233 33.133461 54.843716 0.000000 1.306131 1.330232 2.235511 4.173243 8.490992 0.167000
234 33.150497 54.306877 0.000000 1.655901 1.309066 2.140359 3.831650 7.367866 0.166670
235 33.210884 54.436035 0.000000 1.662544 1.310008 2.180033 4.048061 8.249809 0.167077
236 33.001457 54.569942 0.000000 1.868352 1.320710 2.200306 4.050311 8.085702 0.200000
237 33.436607 54.576637 0.000000 2.073974 1.246609 1.951336 3.339815 6.147001 0.142857
238 33.037632 54.572819 0.000000 1.900155 1.332029 2.225903 4.082316 8.050035 0.166671
239 33.167152 54.556049 0.000000 2.119670 1.323623 2.202898 4.052653 8.097760 0.202774
240 32.813637 54.380051 0.000000 2.008143 1.311931 2.181763 4.033411 8.149166 0.179316
241 32.867188 54.567692 0.000000 1.916996 1.279115 2.055679 3.632930 6.942050 0.166667
242 33.057533 54.551308 0.000000 1.887118 1.339403 2.239191 4.110328 8.124571 0.166829
243 33.236855 54.632519 0.000000 1.541334 1.267275 2.009325 3.480327 6.469280 0.166667
244 33.057659 54.475170 0.000000 2.110223 1.310658 2.154846 3.887603 7.549107 0.234930
245 33.043804 54.442123 0.000000 2.150170 1.337576 2.268462 4.275316 8.788221 0.166672
246 33.198479 54.574802 0.000000 2.210644 1.309321 2.157197 3.913320 7.670167 0.166668
247 33.217560 54.486206 0.000000 2.023187 1.296573 2.103419 3.741348 7.166931 0.166667
248 33.198544 54.583813 0.000000 2.299515 1.322205 2.184710 3.951438 7.668487 0.200072
249 33.042084 54.605846 0.000000 2.580806 1.320563 2.180873 3.957814 7.747492 0.166667
250 33.251598 54.381790 0.000000 2.155742 1.324119 2.182220 3.927650 7.567567 0.166667
251 33.354927 54.481033 0.000000 2.453027 1.313337 2.148376 3.833364 7.313521 0.200000
252 33.407078 54.246628 0.000000 2.967080 1.319925 2.182918 3.971467 7.804543 0.250000
253 33.602943 54.377945 0.000000 2.636859 1.307296 2.151945 3.906232 7.683507 0.250000
254 33.708710 54.335217 0.000000 2.243670 1.305634 2.140110 3.846181 7.434272 0.200000
255 33.703793 54.302010 0.000000 2.723984 1.282082 2.056642 3.601043 6.752923 0.166667
256 33.840118 54.271709 0.000000 2.011090 1.359793 2.336589 4.468299 9.324493 0.200000
257 33.725395 54.309433 0.000000 2.709274 1.278224 2.054995 3.629786 6.924952 0.250000
258 33.903690 53.923691 0.000000 2.475358 1.358002 2.310257 4.338693 8.816189 0.166667
259 33.856144 54.117634 0.000000 2.517541 1.346677 2.278342 4.251209 8.578090 0.166667
260 33.884033 53.859669 0.000000 2.199095 1.380903 2.405866 4.653551 9.788229 0.200000
261 33.861168 53.854984 0.000000 2.376209 1.349004 2.271041 4.194786 8.329949 0.166667
262 33.939693 54.174492 0.000000 2.764576 1.335225 2.237961 4.127567 8.208925 0.167447
263 33.983475 53.993347 0.000000 2.009094 1.372374 2.381230 4.574805 9.525493 0.166667
264 34.344673 53.953564 0.000000 1.875106 1.350294 2.294618 4.302177 8.722521 0.173963
265 34.627640 54.042984 0.000000 1.785586 1.265462 2.012328 3.504200 6.565461 0.166667
267 34.662064 54.510727 0.000000 1.469590 1.331047 2.250529 4.213477 8.567429 0.143292
268 34.881340 54.528179 0.000000 1.525427 1.314766 2.206974 4.133999 8.488266 0.171082
270 35.176056 54.808353 0.000000 2.356137 1.282825 2.079724 3.725052 7.248961 0.166667
271 34.674751 54.669708 0.000000 1.796198 1.218807 1.872140 3.147148 5.704352 0.166667
273 34.767357 54.510746 0.000000 1.442171 1.276038 2.057210 3.633485 6.899132 0.166670
274 34.807972 54.342838 0.000000 1.279226 1.244226 1.983013 3.519909 6.865137 0.166674
276 35.814293 53.590347 0.000000 1.556400 1.275588 2.073284 3.738377 7.361273 0.166675
278 35.107048 54.606079 0.000000 1.034596 1.287739 2.085971 3.719860 7.173182 0.166667
