%% Trajectory 26
%% frame x (pixel)     y (pixel)    z (pixel)      m0         m1           m2           m3           m4           s 
111 32.720329 42.027550 0.000000 1.728708 1.613062 3.247824 7.223348 17.196884 0.125000
113 32.665424 42.101852 0.000000 2.627662 1.452396 2.690036 5.580733 12.596779 0.142872
114 32.603760 42.254379 0.000000 2.325267 1.445979 2.667896 5.515101 12.409642 0.143423
115 32.637180 41.937027 0.000000 2.740058 1.462278 2.715127 5.618558 12.594548 0.198173
116 32.531509 41.924568 0.000000 2.468845 1.379116 2.456101 4.908460 10.716249 0.147057
118 32.078522 42.269703 0.000000 2.166052 1.316913 2.251800 4.341588 9.239366 0.142873
119 32.432823 42.056648 0.000000 2.434635 1.434597 2.643239 5.467535 12.329401 0.142858
120 32.472721 42.161575 0.000000 3.161454 1.462656 2.710255 5.614052 12.644398 0.142860
121 32.450363 42.244194 0.000000 3.203293 1.377470 2.409142 4.697789 9.979871 0.165141
122 32.347488 42.274082 0.000000 2.680073 1.396438 2.473754 4.882907 10.483139 0.195933
123 32.542595 42.017231 0.000000 2.980038 1.436315 2.607882 5.270021 11.548237 0.148569
124 32.522755 42.063541 0.000000 3.042284 1.414791 2.551583 5.145516 11.300713 0.145963
125 32.187801 42.064388 0.000000 2.891804 1.304267 2.166158 3.987022 7.969429 0.142903
126 32.163834 42.408813 0.000000 3.053301 1.229279 1.922851 3.315352 6.210815 0.142857
127 32.227081 42.158329 0.000000 3.258163 1.265651 2.022293 3.537743 6.648435 0.125000
128 32.403614 42.184868 0.000000 3.073163 1.276190 2.060451 3.667409 7.069356 0.143650
129 32.270748 42.191071 0.000000 3.435705 1.230718 1.914519 3.261315 5.984807 0.142876
130 32.168709 42.278061 0.000000 2.999261 1.221750 1.888165 3.196990 5.838736 0.142916
131 32.285431 42.422470 0.000000 2.984612 1.200030 1.831664 3.062524 5.528793 0.125052
132 32.366127 42.159801 0.000000 3.458970 1.275865 2.059998 3.658786 7.017889 0.125000
133 32.473572 42.382751 0.000000 3.590952 1.247774 1.965496 3.387098 6.273746 0.125000
134 32.503735 42.458530 0.000000 3.579753 1.301511 2.137431 3.870777 7.592935 0.125003
135 32.542931 42.310802 0.000000 3.071988 1.276034 2.070143 3.732249 7.363287 0.128716
136 32.266804 42.140106 0.000000 3.278336 1.277630 2.058943 3.643147 6.949106 0.143147
137 32.559956 42.247097 0.000000 3.743974 1.246103 1.952872 3.347824 6.173151 0.142857
138 32.408802 42.213047 0.000000 3.150769 1.216290 1.876051 3.170907 5.782110 0.125035
139 32.219574 42.231590 0.000000 3.557618 1.242052 1.953584 3.364254 6.231873 0.142886
140 32.403175 42.098473 0.000000 3.366799 1.261423 2.005301 3.493034 6.549344 0.143344
141 32.423573 42.181805 0.000000 3.284251 1.247387 1.979955 3.457303 6.532129 0.142857
142 32.451740 42.249695 0.000000 3.723612 1.238244 1.935848 3.313294 6.107043 0.142857
143 32.488136 42.234543 0.000000 4.320786 1.287285 2.081991 3.694502 7.065611 0.142860
144 32.350548 42.285557 0.000000 3.746439 1.257969 1.989450 3.440390 6.391169 0.142857
145 32.563263 42.306538 0.000000 3.625347 1.244100 1.968851 3.434141 6.500948 0.142857
146 32.497280 42.275032 0.000000 3.870472 1.249799 1.968241 3.391615 6.286084 0.166667
147 32.418945 42.253296 0.000000 4.115598 1.268262 2.024171 3.529139 6.596429 0.142858
148 32.474018 42.130852 0.000000 4.007959 1.286065 2.070541 3.639203 6.849533 0.166669
149 32.499767 42.266403 0.000000 4.030567 1.267965 2.018212 3.510764 6.553396 0.142857
150 32.571312 42.226723 0.000000 4.123233 1.291969 2.085341 3.674376 6.932502 0.166667
151 32.483227 42.286331 0.000000 4.127456 1.270725 2.041476 3.605855 6.884403 0.166669
152 32.509853 42.158222 0.000000 4.225937 1.284501 2.081522 3.711328 7.156265 0.143298
153 32.516060 42.098389 0.000000 4.004056 1.296644 2.114547 3.777956 7.252429 0.167191
154 32.500210 42.235161 0.000000 4.107866 1.284307 2.088516 3.747655 7.295192 0.166907
155 32.409332 42.336826 0.000000 3.727500 1.275878 2.043238 3.576372 6.716210 0.250581
156 32.504005 42.291660 0.000000 3.776733 1.256481 1.985051 3.428512 6.360389 0.166675
157 32.598724 42.376236 0.000000 3.937596 1.287598 2.097337 3.775682 7.389181 0.241164
158 32.642452 42.397690 0.000000 3.975135 1.291289 2.099210 3.754337 7.258235 0.167993
159 32.603096 42.291332 0.000000 4.117530 1.310985 2.151262 3.867318 7.472941 0.166755
160 32.581467 42.376511 0.000000 4.097117 1.291624 2.102472 3.768120 7.308105 0.245985
161 32.612076 42.370670 0.000000 4.092976 1.264108 2.007076 3.483201 6.488406 0.184763
162 32.728313 42.432911 0.000000 4.004626 1.310878 2.154292 3.886650 7.556692 0.166669
163 32.749489 42.417233 0.000000 3.861177 1.309832 2.157023 3.917852 7.712586 0.167656
164 32.831127 42.358173 0.000000 3.971473 1.311306 2.171834 3.977529 7.915207 0.166723
165 32.904533 42.435108 0.000000 4.451154 1.336709 2.251832 4.198260 8.503142 0.208158
166 33.208847 42.692825 0.000000 3.794443 1.349133 2.278807 4.247022 8.571080 0.166894
167 33.182602 42.628094 0.000000 4.313605 1.386834 2.401970 4.587279 9.467804 0.288701
168 33.287632 42.521404 0.000000 4.217621 1.342845 2.268821 4.241937 8.615845 0.142900
169 33.337822 42.591999 0.000000 4.020396 1.322618 2.185215 3.948276 7.649083 0.144580
170 33.251785 42.602650 0.000000 3.923857 1.351365 2.287379 4.262241 8.576673 0.151866
171 33.274178 42.791267 0.000000 3.868262 1.348089 2.273520 4.213453 8.413603 0.253309
172 33.513500 42.601097 0.000000 3.988342 1.343540 2.263232 4.215463 8.525610 0.142907
173 33.646694 42.566883 0.000000 3.737416 1.355932 2.309096 4.349235 8.888687 0.142980
174 33.657772 42.555275 0.000000 3.826129 1.379974 2.373631 4.493908 9.178624 0.142857
175 33.594616 42.726372 0.000000 3.520316 1.330090 2.213274 4.046829 7.979457 0.223823
176 33.753975 42.687260 0.000000 3.537903 1.353025 2.283661 4.229624 8.425140 0.259384
177 34.291019 42.743935 0.000000 3.713874 1.394468 2.439899 4.726260 9.930020 0.142857
178 34.122028 42.796715 0.000000 3.136233 1.385802 2.403821 4.603996 9.540102 0.153154
179 34.404690 42.916763 0.000000 3.022557 1.470446 2.696325 5.465249 11.945484 0.142857
181 34.293339 42.882145 0.000000 2.987425 1.531385 2.895483 6.045004 13.609080 0.166667
182 34.349781 42.924141 0.000000 2.612507 1.552374 2.970275 6.272508 14.264699 0.166667
183 34.834248 42.777508 0.000000 2.614194 1.433867 2.584156 5.173155 11.252994 0.166667
184 34.548939 43.031082 0.000000 2.718869 1.503825 2.826643 5.894536 13.300874 0.166667
186 34.802818 43.188320 0.000000 2.493808 1.442885 2.626796 5.339894 11.831571 0.166667
187 34.762989 42.634899 0.000000 2.332984 1.500066 2.786826 5.724546 12.698152 0.166667
188 35.191830 42.798332 0.000000 2.142418 1.554897 2.987141 6.328028 14.412462 0.166667
189 35.356178 42.471897 0.000000 2.249674 1.495854 2.771033 5.683895 12.614176 0.166667
