%% Trajectory 14
%% frame x (pixel)     y (pixel)    z (pixel)      m0         m1           m2           m3           m4           s 
68 61.608566 13.481069 0.000000 1.121464 1.227811 1.919845 3.321602 6.270117 0.250000
69 62.109776 13.469046 0.000000 1.190160 1.326061 2.246370 4.224179 8.637788 0.333333
70 61.731731 13.340932 0.000000 1.296572 1.287679 2.091361 3.759965 7.363885 0.333333
71 61.820496 13.508398 0.000000 1.625713 1.382109 2.379460 4.499439 9.153951 0.333333
72 62.096611 13.275619 0.000000 1.338164 1.279125 2.082132 3.745677 7.318380 0.333333
73 62.090237 13.369314 0.000000 1.915047 1.270726 2.067535 3.755277 7.499899 0.333333
74 61.937252 13.384283 0.000000 1.939492 1.283163 2.064663 3.629899 6.840772 0.333333
75 62.221680 13.323794 0.000000 1.852425 1.240534 1.939049 3.316112 6.102713 0.250000
76 62.044704 13.185422 0.000000 2.144498 1.321498 2.221875 4.156524 8.487737 0.250001
77 62.011250 13.498566 0.000000 2.115817 1.319379 2.201751 4.079681 8.247198 0.333333
78 61.870155 13.277495 0.000000 2.153585 1.276976 2.050557 3.603452 6.801066 0.250000
79 62.054180 13.384212 0.000000 2.188970 1.329516 2.224173 4.095195 8.140228 0.333333
80 62.004333 13.373676 0.000000 2.328804 1.290221 2.105884 3.803150 7.473813 0.333333
81 61.858871 13.352263 0.000000 2.394550 1.280561 2.055539 3.605305 6.778386 0.333333
82 62.099030 13.501695 0.000000 2.371169 1.279749 2.059736 3.644616 6.970966 0.333333
83 61.975723 13.487755 0.000000 2.431889 1.288171 2.086926 3.718286 7.158854 0.333333
84 62.219212 13.352679 0.000000 2.382995 1.277688 2.055427 3.629530 6.909560 0.333333
85 62.062855 13.526205 0.000000 2.780525 1.302595 2.128122 3.802359 7.283822 0.335978
86 61.896038 13.455551 0.000000 2.764684 1.277161 2.043043 3.570515 6.690595 0.250000
87 61.889153 13.536648 0.000000 2.559216 1.282348 2.062598 3.628622 6.852172 0.250370
88 61.799511 13.414155 0.000000 3.203273 1.287322 2.072641 3.643457 6.859678 0.250000
89 61.902580 13.531343 0.000000 3.517953 1.320215 2.184066 3.974487 7.809234 0.250000
90 61.858196 13.479173 0.000000 3.349401 1.267491 2.015002 3.500861 6.527408 0.250000
91 61.752232 13.601811 0.000000 3.150279 1.245814 1.955279 3.355557 6.189375 0.250000
92 61.770584 13.455833 0.000000 3.470471 1.287711 2.074718 3.647733 6.864487 0.200000
93 61.708179 13.589732 0.000000 3.986773 1.280883 2.054564 3.601259 6.770627 0.250615
94 61.823914 13.387468 0.000000 3.698579 1.283153 2.068943 3.653646 6.935814 0.250005
95 61.678768 13.536892 0.000000 3.814263 1.272974 2.029386 3.534311 6.601711 0.250000
96 61.614964 13.516921 0.000000 3.594944 1.253697 1.974226 3.398427 6.284963 0.250000
97 61.743473 13.480111 0.000000 3.942971 1.285120 2.065324 3.623276 6.807642 0.250000
98 61.921387 13.498263 0.000000 4.117495 1.274839 2.046131 3.600360 6.822408 0.250000
99 61.841568 13.541953 0.000000 3.742383 1.265254 2.010587 3.491379 6.505268 0.250000
100 61.868996 13.410785 0.000000 3.682770 1.322219 2.186050 3.959498 7.703050 0.250000
101 61.839809 13.367555 0.000000 3.506806 1.269261 2.025328 3.536865 6.636952 0.250000
102 61.974762 13.485504 0.000000 4.099720 1.315610 2.176039 3.960719 7.786072 0.250000
103 61.968342 13.513461 0.000000 4.160412 1.304007 2.136612 3.842209 7.441472 0.250000
104 61.988888 13.519171 0.000000 4.092724 1.295530 2.110045 3.766639 7.230235 0.200000
105 61.828655 13.503838 0.000000 3.440519 1.294991 2.112187 3.795898 7.388783 0.250000
106 61.776794 13.511257 0.000000 4.238571 1.264770 2.006854 3.479739 6.475752 0.250000
107 61.814793 13.504536 0.000000 4.422451 1.260195 1.995682 3.453474 6.414265 0.200000
108 61.899891 13.479065 0.000000 4.593326 1.283343 2.063570 3.623213 6.813930 0.250000
109 61.964951 13.537912 0.000000 4.327267 1.303456 2.136583 3.845884 7.457403 0.200000
110 61.940323 13.555110 0.000000 4.354255 1.297377 2.110657 3.766113 7.235909 0.200000
111 62.094398 13.515134 0.000000 4.211915 1.299687 2.116629 3.775717 7.238084 0.200000
112 62.068993 13.455472 0.000000 4.441039 1.297694 2.114602 3.781219 7.280592 0.200000
113 61.958576 13.494636 0.000000 4.236515 1.298138 2.118943 3.794118 7.313045 0.200000
114 61.949146 13.608356 0.000000 4.188567 1.316401 2.170650 3.925010 7.636371 0.250000
115 61.919685 13.493426 0.000000 4.161307 1.304180 2.131132 3.820953 7.380078 0.250000
116 61.983593 13.554643 0.000000 4.170172 1.324276 2.211570 4.082507 8.175381 0.200000
117 61.899811 13.591957 0.000000 4.334174 1.310766 2.156155 3.899696 7.612422 0.200000
118 61.895508 13.739032 0.000000 4.710932 1.310704 2.155205 3.895126 7.594879 0.250000
119 61.701218 13.830255 0.000000 4.438824 1.315969 2.168589 3.923825 7.648664 0.250000
120 61.617081 13.781194 0.000000 4.188650 1.270212 2.024959 3.526499 6.586106 0.250000
121 61.942383 13.945288 0.000000 4.287998 1.370380 2.357327 4.478276 9.199260 0.250000
122 61.818085 14.068235 0.000000 3.782425 1.350480 2.278764 4.218513 8.390178 0.333333
123 61.699184 14.238695 0.000000 4.149879 1.322473 2.183633 3.942855 7.629890 0.333333
124 61.773544 14.209510 0.000000 4.153390 1.322225 2.184831 3.952519 7.673325 0.333333
125 61.715584 14.225600 0.000000 4.143003 1.303909 2.128604 3.798720 7.265747 0.250000
126 61.708786 14.365115 0.000000 4.379899 1.332194 2.207574 3.993771 7.728527 0.250000
127 61.806660 14.463494 0.000000 3.900997 1.348213 2.260559 4.146780 8.153018 0.250000
128 61.693962 14.426743 0.000000 4.110677 1.316182 2.156156 3.852796 7.358997 0.250000
129 61.722755 14.562253 0.000000 3.520009 1.295449 2.094093 3.693438 6.970946 0.250000
130 61.732185 14.687293 0.000000 4.167148 1.338259 2.240386 4.122730 8.178578 0.333333
131 61.983517 14.726474 0.000000 3.311324 1.373672 2.357947 4.451371 9.049097 0.200000
132 62.230251 15.180410 0.000000 3.431307 1.396123 2.416102 4.580805 9.312513 0.333333
133 62.147911 15.166590 0.000000 3.523094 1.393975 2.430468 4.681178 9.748201 0.333333
134 62.046803 15.243973 0.000000 3.569586 1.411284 2.509020 4.946970 10.575097 0.619455
136 61.607391 15.384188 0.000000 3.642677 1.447397 2.611994 5.215043 11.267247 0.250000
137 61.602692 15.348439 0.000000 2.784185 1.478026 2.708422 5.479146 11.961957 0.333333
138 61.836716 16.108948 0.000000 2.663022 1.480378 2.753747 5.711769 12.885807 0.333346
139 61.535126 15.590723 0.000000 2.844571 1.502711 2.801383 5.771365 12.832661 0.250000
140 61.234306 15.937747 0.000000 2.370301 1.440211 2.621911 5.341635 11.886818 0.250000
141 61.244358 15.618101 0.000000 2.180784 1.495476 2.769003 5.663332 12.506862 0.333333
143 61.050442 16.189299 0.000000 1.977324 1.465534 2.689811 5.486248 12.143501 0.333333
144 61.009010 15.666645 0.000000 1.493086 1.567661 3.050863 6.543073 15.070949 0.200000
145 60.982746 15.530470 0.000000 1.363744 1.568138 3.038055 6.493279 14.934038 0.333333
146 60.960487 15.783743 0.000000 1.250393 1.604741 3.214646 7.122626 16.977648 0.217869
147 61.604042 15.708192 0.000000 1.315497 1.567476 3.030497 6.480264 14.947221 0.200000
149 61.969051 15.703193 0.000000 1.302600 1.466947 2.721149 5.620107 12.597201 0.214335
151 61.396030 16.215460 0.000000 1.018948 1.484889 2.806470 5.925482 13.597438 0.169890
