%% Trajectory 180
%% frame x (pixel)     y (pixel)    z (pixel)      m0         m1           m2           m3           m4           s 
112 75.350967 80.285904 0.000000 0.500036 1.357947 2.354275 4.593792 9.872128 0.099335
113 75.794868 80.343391 0.000000 0.615438 1.370469 2.367430 4.519507 9.345598 0.121913
114 75.788086 79.982269 0.000000 0.649429 1.394717 2.480189 4.884798 10.395778 0.117675
115 75.376854 79.258186 0.000000 0.772605 1.428153 2.516372 4.886798 10.247182 0.124976
116 75.693939 79.279259 0.000000 0.605073 1.421639 2.593671 5.363899 12.243821 0.145844
118 75.212280 79.594490 0.000000 0.794966 1.215027 1.883191 3.208062 5.915785 0.077803
120 75.329353 79.456650 0.000000 0.848967 1.198804 1.829854 3.070430 5.594545 0.071437
122 75.692390 79.360535 0.000000 1.168482 1.377753 2.397470 4.625481 9.692329 0.076928
123 75.725716 79.582237 0.000000 1.063318 1.432850 2.585949 5.175373 11.224233 0.145745
124 75.656494 79.745903 0.000000 1.088813 1.366999 2.340595 4.417099 9.007195 0.067717
125 75.346741 79.397087 0.000000 1.189851 1.308365 2.134582 3.818166 7.354035 0.076924
126 75.527740 79.510788 0.000000 1.249192 1.354484 2.268952 4.158206 8.174959 0.091670
127 75.544266 79.082680 0.000000 1.554191 1.448673 2.636893 5.334033 11.703799 0.100232
128 75.559677 79.387688 0.000000 1.245812 1.372478 2.354644 4.464143 9.171408 0.090922
129 75.589157 79.308189 0.000000 1.555094 1.317596 2.181354 3.978188 7.846193 0.094213
130 75.403183 79.708534 0.000000 1.419339 1.277568 2.041558 3.566022 6.684273 0.093942
131 75.462814 79.709930 0.000000 1.547574 1.343163 2.307518 4.435860 9.354525 0.111942
132 75.534592 79.853760 0.000000 1.586893 1.458233 2.654848 5.355322 11.696441 0.076930
133 75.179260 79.680061 0.000000 1.439614 1.415270 2.506989 4.923556 10.494593 0.092065
134 75.564972 79.636093 0.000000 1.989208 1.255243 1.985436 3.442215 6.432544 0.101156
135 75.481697 79.547180 0.000000 2.052166 1.346766 2.266162 4.206223 8.454905 0.113137
136 75.431969 79.740005 0.000000 1.970276 1.330374 2.204581 3.998195 7.778574 0.257905
137 75.325157 79.328407 0.000000 1.688121 1.403306 2.433409 4.628557 9.455469 0.112056
138 75.583298 79.864700 0.000000 1.599323 1.312361 2.152207 3.863187 7.445286 0.111131
139 75.614594 79.808624 0.000000 1.905410 1.387251 2.395908 4.564150 9.400045 0.121628
140 75.731865 79.409981 0.000000 1.931009 1.356245 2.302547 4.313723 8.750986 0.136802
141 75.428581 79.352791 0.000000 1.871343 1.360727 2.305566 4.272879 8.483797 0.114493
142 75.626221 79.559494 0.000000 2.008314 1.345486 2.266629 4.202345 8.411716 0.111319
143 75.321625 79.608482 0.000000 1.990552 1.369172 2.379843 4.607887 9.730127 0.100044
144 75.543709 79.683525 0.000000 1.852265 1.308764 2.129736 3.779011 7.167824 0.114870
145 75.683609 79.629921 0.000000 2.127630 1.308818 2.129395 3.778896 7.171952 0.100000
146 75.470230 79.563278 0.000000 2.039587 1.335477 2.243276 4.152072 8.310875 0.125000
147 75.611115 79.206856 0.000000 2.327633 1.352740 2.280781 4.221546 8.409848 0.100002
148 75.454033 79.870689 0.000000 2.302216 1.361409 2.328343 4.396864 8.983886 0.129139
149 75.415306 79.552345 0.000000 2.243703 1.286318 2.072078 3.642737 6.855220 0.111162
150 75.430870 79.488434 0.000000 2.450493 1.315751 2.163337 3.898164 7.553847 0.151904
151 75.649307 79.653847 0.000000 2.635496 1.319671 2.172826 3.910825 7.544117 0.125044
152 75.367783 79.678009 0.000000 2.558477 1.345335 2.265075 4.194501 8.379421 0.165642
153 75.464348 79.585503 0.000000 2.636047 1.310109 2.136026 3.801049 7.239327 0.111117
154 75.526871 79.548164 0.000000 2.548208 1.266059 2.016557 3.510033 6.553968 0.111111
155 75.569984 79.667717 0.000000 2.259048 1.324678 2.191755 3.984926 7.814832 0.125173
156 75.235519 79.393333 0.000000 2.784237 1.345062 2.264412 4.187939 8.341496 0.126217
157 75.518700 79.651588 0.000000 2.763751 1.390797 2.406315 4.590340 9.467967 0.125000
158 75.430893 79.668793 0.000000 3.055067 1.299306 2.109845 3.741448 7.105131 0.125727
159 75.384857 79.767899 0.000000 3.004584 1.314843 2.163064 3.896490 7.538285 0.126103
160 75.319122 79.640404 0.000000 3.532056 1.310871 2.142946 3.827243 7.323516 0.185105
161 75.463058 79.688225 0.000000 3.165297 1.311787 2.152418 3.866381 7.459907 0.157615
162 75.407951 79.537842 0.000000 2.920944 1.316429 2.161680 3.885437 7.500771 0.110315
163 75.559128 79.488235 0.000000 3.099628 1.297581 2.117214 3.799561 7.369337 0.125111
164 75.779076 79.482658 0.000000 3.040253 1.314927 2.167006 3.917346 7.621880 0.131862
165 75.614090 79.659691 0.000000 3.172298 1.325004 2.185148 3.926206 7.528810 0.124097
166 75.519928 79.556839 0.000000 2.827816 1.305361 2.123383 3.765628 7.137148 0.187402
167 75.509010 79.709427 0.000000 3.445760 1.312575 2.149791 3.846344 7.369993 0.170825
168 75.428017 79.435478 0.000000 3.387777 1.311336 2.149084 3.841427 7.337826 0.169765
169 75.672935 79.500969 0.000000 3.398572 1.316960 2.168158 3.913226 7.599586 0.142061
170 75.332375 79.728539 0.000000 3.197680 1.338625 2.240777 4.119869 8.160392 0.107248
171 75.481171 79.574638 0.000000 3.786669 1.314447 2.149725 3.833990 7.308846 0.133390
172 75.509125 79.383690 0.000000 3.368376 1.323611 2.188427 3.964167 7.718211 0.111236
173 75.581123 79.432877 0.000000 3.001016 1.332889 2.205261 3.976157 7.654653 0.188789
174 75.753357 79.542053 0.000000 3.315390 1.331599 2.211168 4.019023 7.841598 0.115031
175 75.731102 79.401543 0.000000 3.814475 1.341127 2.240134 4.100939 8.069933 0.137897
176 75.586731 79.346291 0.000000 3.488848 1.321079 2.174677 3.907317 7.511201 0.230271
177 75.898178 79.162804 0.000000 3.565413 1.375063 2.355333 4.433392 8.983330 0.106516
178 75.806694 79.173752 0.000000 3.626759 1.377214 2.367730 4.481712 9.151333 0.100224
179 75.669258 79.232628 0.000000 3.296175 1.318512 2.167032 3.896450 7.517820 0.329420
180 75.774490 79.274239 0.000000 3.357605 1.349616 2.269050 4.186763 8.313264 0.208314
181 75.608360 79.268646 0.000000 3.557039 1.336244 2.211466 3.981968 7.640055 0.116064
182 75.706543 78.954796 0.000000 3.658159 1.367731 2.345536 4.426770 9.006072 0.111115
183 75.454094 78.746620 0.000000 3.549744 1.302174 2.126589 3.808782 7.340757 0.123206
184 75.463974 78.717415 0.000000 3.783885 1.340927 2.249961 4.154759 8.282595 0.111111
185 75.458443 78.909981 0.000000 3.058380 1.365373 2.334931 4.403566 8.974896 0.111139
186 75.390823 78.738014 0.000000 3.687992 1.331814 2.214694 4.038084 7.914980 0.111111
187 75.325027 78.764999 0.000000 3.595214 1.296082 2.107078 3.750276 7.167844 0.111111
188 75.241226 78.771980 0.000000 3.402134 1.375335 2.348840 4.397916 8.845354 0.100000
189 75.163666 78.484734 0.000000 3.363160 1.325645 2.210691 4.065940 8.097064 0.114045
190 75.287819 78.649193 0.000000 3.848959 1.314772 2.157149 3.874118 7.473075 0.111111
191 74.939232 78.472275 0.000000 4.091319 1.329189 2.215744 4.073615 8.111317 0.111111
192 74.970062 78.598839 0.000000 3.609003 1.344125 2.260264 4.169811 8.266288 0.111111
193 74.823692 78.742439 0.000000 3.409338 1.340572 2.258290 4.194497 8.424379 0.197606
194 74.653114 78.349922 0.000000 3.411674 1.323150 2.180859 3.921362 7.538029 0.112137
195 74.407913 77.911301 0.000000 3.539173 1.386834 2.404502 4.592073 9.459759 0.111218
196 74.510696 78.177811 0.000000 3.049647 1.339390 2.220562 4.015916 7.765250 0.164057
197 74.290443 77.903206 0.000000 2.718868 1.322758 2.216759 4.114992 8.300186 0.111112
198 74.601067 78.093483 0.000000 2.815961 1.370852 2.349188 4.429811 9.006618 0.111865
199 74.941391 77.682800 0.000000 2.817301 1.450112 2.620390 5.238400 11.328495 0.116938
201 74.859070 77.789314 0.000000 2.867850 1.348909 2.281671 4.257690 8.595822 0.114516
202 74.414429 77.775993 0.000000 2.918674 1.390399 2.396919 4.523654 9.151801 0.178669
203 74.637901 77.809547 0.000000 2.506938 1.330236 2.224168 4.091885 8.119945 0.142857
205 75.026474 77.675499 0.000000 1.810916 1.372700 2.385926 4.603698 9.660739 0.091170
207 74.607307 77.702744 0.000000 2.088386 1.357838 2.308361 4.328498 8.774072 0.125000
