%% Trajectory 51
%% frame x (pixel)     y (pixel)    z (pixel)      m0         m1           m2           m3           m4           s 
108 57.211262 66.220238 0.000000 1.239349 1.272235 2.032343 3.566690 6.761786 0.200000
109 56.974667 66.476196 0.000000 1.130706 1.168002 1.752947 2.896611 5.203906 0.200000
110 56.860630 66.281837 0.000000 1.430612 1.210162 1.898780 3.329720 6.432964 0.200000
111 57.027435 66.148094 0.000000 1.485249 1.318380 2.235530 4.232735 8.753018 0.200000
112 56.964577 66.071640 0.000000 1.708802 1.270464 2.092431 3.845756 7.733425 0.200000
113 57.128307 65.843292 0.000000 1.325372 1.172797 1.798753 3.043044 5.588067 0.200000
114 57.099442 66.104446 0.000000 1.939151 1.342491 2.298460 4.362037 8.974384 0.200000
115 56.964962 66.305626 0.000000 1.265299 1.232077 1.984863 3.599060 7.229202 0.200000
116 57.173454 66.145302 0.000000 1.943582 1.294285 2.089427 3.684128 6.958144 0.200000
117 57.098557 66.328842 0.000000 1.610079 1.271388 2.045701 3.613097 6.876078 0.200000
118 56.998264 66.288116 0.000000 2.028227 1.219315 1.897979 3.254847 6.054005 0.200000
119 57.092258 66.225609 0.000000 1.722915 1.225470 1.909285 3.254170 5.965499 0.166676
120 56.908077 66.365723 0.000000 2.155616 1.242769 1.965476 3.419296 6.430252 0.166667
121 57.193565 66.096931 0.000000 2.537031 1.321940 2.191607 3.977945 7.744600 0.268030
122 57.028488 65.907509 0.000000 2.562363 1.307696 2.190967 4.081174 8.289003 0.168426
123 56.986740 66.038376 0.000000 2.998459 1.291962 2.135744 3.925909 7.870317 0.166667
124 57.124496 66.264183 0.000000 2.853781 1.286452 2.069989 3.637933 6.849981 0.166667
125 57.029045 66.140503 0.000000 3.243773 1.303823 2.143209 3.872289 7.545893 0.200020
126 56.995548 66.280212 0.000000 2.899809 1.296551 2.120316 3.824563 7.467743 0.270608
127 56.773384 66.067085 0.000000 3.152394 1.285393 2.089964 3.759362 7.350891 0.252819
128 56.829124 66.147415 0.000000 3.334234 1.260638 2.006783 3.513208 6.651444 0.200058
129 56.884106 66.229347 0.000000 3.040125 1.270929 2.045731 3.640248 7.041593 0.200065
130 56.967358 66.152824 0.000000 2.828111 1.279607 2.073747 3.708564 7.188734 0.200716
131 57.007904 66.010902 0.000000 3.187992 1.331515 2.252259 4.232332 8.651852 0.200000
132 56.842476 65.985893 0.000000 2.878241 1.273369 2.079520 3.762111 7.405532 0.194576
133 56.977329 65.905296 0.000000 3.157333 1.273129 2.058493 3.650248 6.959182 0.200080
134 56.824791 65.982918 0.000000 2.933740 1.316228 2.191280 4.007451 7.887223 0.203792
135 56.983917 65.833580 0.000000 2.337171 1.255259 2.025515 3.637539 7.142423 0.166667
136 56.990726 65.676338 0.000000 2.877013 1.233528 1.945691 3.390287 6.426470 0.200003
137 57.313465 65.706879 0.000000 2.427289 1.167467 1.739767 2.839694 5.017141 0.200000
138 57.114891 65.469238 0.000000 2.886087 1.226139 1.907570 3.250799 5.967224 0.200000
139 57.433815 65.307083 0.000000 3.413993 1.206269 1.840201 3.071894 5.532928 0.166667
140 57.538528 65.238396 0.000000 3.364548 1.245325 1.955676 3.359717 6.206390 0.200000
141 57.696514 65.279861 0.000000 2.501294 1.173860 1.747148 2.843429 5.003750 0.200000
142 57.433338 65.335167 0.000000 3.288266 1.244792 1.951995 3.346956 6.169021 0.200000
143 57.690037 65.014252 0.000000 3.558025 1.289492 2.112588 3.817726 7.467490 0.200000
144 57.770603 64.987831 0.000000 2.909742 1.297152 2.133559 3.865157 7.564525 0.200000
145 57.900951 64.627609 0.000000 3.127995 1.289348 2.102689 3.775723 7.323029 0.200000
146 58.109325 64.657913 0.000000 3.282254 1.347023 2.269056 4.212911 8.450185 0.250000
147 58.160912 65.131950 0.000000 3.204855 1.320701 2.187336 3.970058 7.741844 0.200000
148 58.138355 65.054977 0.000000 2.540380 1.321605 2.226471 4.170914 8.508907 0.250000
149 57.678932 64.947174 0.000000 2.205947 1.314281 2.189387 4.044936 8.136034 0.252858
150 57.789024 64.657272 0.000000 2.386704 1.365558 2.350464 4.483488 9.293945 0.205266
152 58.795849 65.202560 0.000000 2.573067 1.344038 2.262248 4.201369 8.448711 0.200000
153 58.836102 64.628403 0.000000 2.095480 1.383174 2.407503 4.620942 9.570784 0.268806
154 58.512997 65.026070 0.000000 1.680487 1.363102 2.340587 4.445790 9.147264 0.200000
156 57.584019 65.659119 0.000000 1.097550 1.430759 2.555109 5.063294 10.875442 0.250000
