%% Trajectory 158
%% frame x (pixel)     y (pixel)    z (pixel)      m0         m1           m2           m3           m4           s 
162 35.956768 42.516254 0.000000 1.595104 1.423889 2.553956 5.069108 10.877495 0.111112
163 35.815613 42.826599 0.000000 1.381050 1.527784 2.860162 5.870007 12.906512 0.114930
165 36.167664 42.576084 0.000000 2.007041 1.393676 2.415634 4.599084 9.418171 0.125000
166 35.961674 42.419083 0.000000 2.051125 1.438314 2.600897 5.201485 11.228545 0.127307
167 35.733299 42.791489 0.000000 2.321530 1.501213 2.778677 5.682702 12.549075 0.125000
169 36.085903 42.253471 0.000000 1.726940 1.394383 2.452617 4.799544 10.217440 0.142857
170 36.049152 42.470589 0.000000 2.551106 1.478077 2.705381 5.452710 11.825520 0.196745
172 36.281349 42.409359 0.000000 2.262653 1.505405 2.819090 5.839931 13.063429 0.142857
173 35.646709 42.522846 0.000000 2.681477 1.534801 2.912128 6.093085 13.711335 0.142857
175 36.313934 42.476578 0.000000 2.248477 1.436285 2.597236 5.251472 11.600225 0.155983
177 36.005035 42.142395 0.000000 2.887573 1.481873 2.746735 5.642636 12.530921 0.090909
178 35.964329 42.226780 0.000000 1.938235 1.555553 2.985840 6.316595 14.356168 0.083458
180 36.161819 41.793365 0.000000 3.552270 1.351192 2.319806 4.434474 9.246027 0.090909
182 36.268486 42.135628 0.000000 3.837682 1.393823 2.433065 4.692318 9.792530 0.143378
183 36.158199 41.959156 0.000000 3.801399 1.401922 2.455822 4.742268 9.876791 0.092767
184 36.220390 41.867329 0.000000 3.851723 1.393875 2.464566 4.875582 10.553149 0.101487
185 36.040760 41.753502 0.000000 4.627510 1.378052 2.380686 4.543961 9.382990 0.144367
186 35.978012 42.010685 0.000000 3.917118 1.434696 2.589228 5.188582 11.278877 0.166874
187 36.285686 41.860558 0.000000 4.365960 1.294186 2.104378 3.749786 7.185067 0.200330
188 36.201962 41.835724 0.000000 4.177353 1.345117 2.269964 4.223153 8.489050 0.166670
190 36.106377 41.885334 0.000000 4.487737 1.425458 2.544791 5.045294 10.864983 0.166667
191 36.108418 41.811253 0.000000 5.017620 1.392651 2.441183 4.749314 10.040107 0.142857
192 36.033081 41.644497 0.000000 5.294484 1.363751 2.333546 4.405112 8.987396 0.111111
193 36.171124 41.565472 0.000000 5.038683 1.331459 2.226991 4.110105 8.207601 0.125000
194 36.059448 41.707520 0.000000 5.648434 1.345707 2.268766 4.207617 8.410755 0.125000
195 36.034775 41.642891 0.000000 5.741370 1.345930 2.262298 4.178915 8.316583 0.166667
196 36.196590 41.842182 0.000000 6.080497 1.381491 2.399816 4.618033 9.641716 0.142857
197 36.203915 41.848110 0.000000 6.203696 1.369506 2.345840 4.430774 9.039799 0.111111
198 36.177887 41.757706 0.000000 5.450165 1.326614 2.207215 4.034278 7.944797 0.200000
200 36.073498 41.942692 0.000000 6.173268 1.400697 2.471844 4.843324 10.304029 0.142857
201 36.052372 41.883389 0.000000 6.402773 1.407052 2.484682 4.858145 10.290479 0.142857
202 36.093758 41.747166 0.000000 6.482357 1.372298 2.354816 4.459958 9.135612 0.125000
203 36.154606 41.826778 0.000000 6.764404 1.350488 2.282882 4.246176 8.515925 0.166667
204 36.250462 41.734024 0.000000 6.642053 1.355633 2.289174 4.237586 8.423956 0.100000
205 36.214146 41.755512 0.000000 6.540421 1.315676 2.167516 3.920979 7.640165 0.142857
206 36.366627 41.759373 0.000000 6.523073 1.379958 2.378829 4.514714 9.240833 0.142857
207 36.174435 41.949631 0.000000 6.539369 1.363373 2.327564 4.378705 8.888906 0.166667
208 36.225788 41.845661 0.000000 6.937294 1.374637 2.368140 4.508467 9.293796 0.125000
209 36.472610 41.851944 0.000000 7.272574 1.334079 2.224101 4.073166 8.039292 0.142857
210 36.430973 42.114521 0.000000 7.201479 1.351759 2.289512 4.275460 8.635324 0.200000
211 36.227730 42.049648 0.000000 6.503413 1.398703 2.447739 4.730043 9.881449 0.142857
213 36.688278 41.958130 0.000000 5.942986 1.412732 2.508061 4.953135 10.648154 0.111111
214 36.548843 41.895840 0.000000 6.242350 1.363694 2.326521 4.369412 8.852996 0.166667
215 36.811226 41.838409 0.000000 6.970724 1.394576 2.421702 4.629643 9.544654 0.142857
217 37.113926 41.842430 0.000000 7.434486 1.427592 2.541363 5.001384 10.643697 0.125000
219 36.785080 42.043362 0.000000 5.596105 1.447205 2.621192 5.258494 11.424761 0.142857
220 36.738735 41.889999 0.000000 5.220216 1.451690 2.621370 5.226549 11.255697 0.142857
221 36.667587 42.416798 0.000000 4.902789 1.508496 2.794529 5.686111 12.426363 0.166667
222 36.588612 42.213932 0.000000 5.152328 1.465861 2.679525 5.444522 12.024969 0.166667
223 36.743027 42.517609 0.000000 5.092503 1.476560 2.725782 5.594803 12.468367 0.111111
225 36.628174 42.576515 0.000000 5.768529 1.454145 2.607915 5.143973 10.922365 0.166667
226 36.637997 42.273960 0.000000 5.888431 1.435138 2.553038 5.008490 10.611348 0.125000
227 36.787575 42.417873 0.000000 5.750656 1.493000 2.780424 5.745100 12.862005 0.166680
229 36.609856 42.280071 0.000000 4.121161 1.420314 2.538610 5.054528 10.972104 0.142857
230 36.369419 42.324501 0.000000 3.516653 1.512113 2.835739 5.897868 13.285291 0.142857
232 36.255054 42.514545 0.000000 3.374235 1.538450 2.933100 6.196878 14.154755 0.142857
234 36.498386 41.352753 0.000000 3.172245 1.473455 2.672981 5.332308 11.442320 0.142857
235 36.744347 41.525726 0.000000 3.332210 1.656619 3.367653 7.549285 18.164165 0.166667
237 36.736935 42.100540 0.000000 4.086328 1.526937 2.912941 6.183475 14.235884 0.142857
239 36.785091 41.333088 0.000000 3.500832 1.396431 2.434069 4.690728 9.796277 0.142857
240 36.748558 41.668266 0.000000 3.543958 1.437408 2.551417 4.971417 10.404819 0.250000
242 36.461090 41.300804 0.000000 2.336030 1.494776 2.766733 5.649983 12.429499 0.187310
243 36.689404 41.557350 0.000000 2.071910 1.559004 2.978446 6.266186 14.164638 0.125000
245 36.645016 41.488155 0.000000 2.464791 1.469442 2.693124 5.473242 12.056220 0.131514
246 36.870216 41.306686 0.000000 2.431699 1.510956 2.816380 5.797229 12.866633 0.125000
247 37.197166 41.427605 0.000000 2.889015 1.455534 2.626667 5.211382 11.116574 0.112209
249 37.841862 41.456699 0.000000 1.688050 1.543793 2.955294 6.212490 13.985321 0.090998
251 36.947289 40.492683 0.000000 2.091798 1.622942 3.209903 6.967624 16.177670 0.130479
253 37.335205 41.620640 0.000000 1.839459 1.579183 3.039842 6.436480 14.617650 0.144142
255 37.285961 41.096073 0.000000 1.925428 1.437898 2.611392 5.288321 11.667363 0.126019
256 36.933903 40.988068 0.000000 1.558526 1.590015 3.145601 6.907073 16.371500 0.113558
257 37.444042 40.560696 0.000000 1.544834 1.624726 3.280818 7.369702 17.873627 0.134824
