%% Trajectory 6
%% frame x (pixel)     y (pixel)    z (pixel)      m0         m1           m2           m3           m4           s 
7 38.312973 40.149311 0.000000 0.954101 1.305191 2.196161 4.129851 8.521522 0.200000
9 38.616859 40.686378 0.000000 1.249454 1.249020 2.003980 3.593364 7.107727 0.200000
10 38.638809 40.665009 0.000000 1.170514 1.357111 2.281188 4.199698 8.300600 0.200079
11 38.446785 40.883907 0.000000 1.166841 1.402510 2.477723 4.863728 10.384127 0.200000
12 38.543331 40.556171 0.000000 1.211994 1.313884 2.177147 3.971475 7.822122 0.200000
13 38.433887 40.538994 0.000000 1.344720 1.312025 2.142163 3.820406 7.297628 0.200000
14 38.486393 40.484638 0.000000 1.352574 1.280677 2.099313 3.840246 7.718100 0.200004
15 38.209705 40.579575 0.000000 1.351720 1.278315 2.069067 3.692352 7.139615 0.200032
16 38.709888 40.228188 0.000000 1.257415 1.251639 1.993842 3.498151 6.646620 0.200000
17 38.215004 40.553455 0.000000 1.234798 1.321710 2.217067 4.148461 8.505693 0.200000
18 38.269371 40.352386 0.000000 1.450281 1.227241 1.912219 3.262597 5.993475 0.200000
19 38.042282 40.429188 0.000000 1.342045 1.318927 2.217095 4.147622 8.479136 0.200000
20 38.401806 40.601696 0.000000 1.790950 1.297039 2.108038 3.742065 7.114519 0.209831
21 38.645489 40.290417 0.000000 1.483601 1.388553 2.432117 4.736736 10.041377 0.200000
22 38.223862 40.386993 0.000000 1.671074 1.257661 1.992186 3.454847 6.444002 0.200000
23 38.222397 40.550282 0.000000 1.616134 1.247854 1.958939 3.363355 6.207889 0.200000
24 38.375221 40.631565 0.000000 1.794686 1.254293 1.991352 3.466316 6.500864 0.200000
25 38.252174 40.589691 0.000000 1.833057 1.265378 2.014672 3.511895 6.582944 0.200000
26 38.179886 40.843704 0.000000 1.635820 1.341173 2.252940 4.159105 8.267249 0.200000
27 38.359058 40.591381 0.000000 1.852507 1.310891 2.168484 3.963677 7.864539 0.200000
28 38.176731 40.849022 0.000000 1.802804 1.316221 2.203776 4.090414 8.258347 0.200057
29 38.249233 40.793545 0.000000 2.221201 1.301626 2.123130 3.793818 7.284103 0.200181
30 38.126919 40.389053 0.000000 2.020151 1.297958 2.112974 3.764137 7.197009 0.200218
31 38.276855 40.479794 0.000000 1.931008 1.282099 2.061182 3.623281 6.835887 0.207497
32 38.050026 40.608543 0.000000 2.065047 1.313519 2.185654 4.033666 8.108158 0.388295
33 38.270142 40.809135 0.000000 1.963570 1.327167 2.204664 4.025335 7.927338 0.314290
34 38.105152 40.493294 0.000000 2.206268 1.348908 2.286004 4.276173 8.658914 0.167966
35 38.125366 40.721439 0.000000 2.467696 1.316280 2.179435 3.986320 7.912206 0.200000
36 38.173504 40.627674 0.000000 2.404319 1.325213 2.199859 4.024394 7.968827 0.166675
37 38.316433 40.546745 0.000000 2.323566 1.324683 2.208857 4.069130 8.133897 0.250002
38 38.135498 40.680897 0.000000 2.224836 1.317580 2.175668 3.941511 7.684169 0.250004
39 38.386921 40.659790 0.000000 2.473187 1.318164 2.178835 3.964570 7.798750 0.166850
40 38.146076 40.708378 0.000000 2.493047 1.313569 2.176957 3.986490 7.920693 0.200000
41 38.347416 40.755100 0.000000 2.468019 1.283177 2.062040 3.622694 6.829192 0.142857
42 38.287571 40.749054 0.000000 2.514209 1.294786 2.087717 3.673721 6.921231 0.200000
43 38.234634 40.644398 0.000000 3.062562 1.287855 2.082596 3.692612 7.048831 0.200000
44 38.129456 40.546223 0.000000 2.694553 1.280134 2.063858 3.648730 6.946355 0.166667
45 38.509403 40.525024 0.000000 2.704926 1.295334 2.091216 3.689362 6.980014 0.200000
46 38.443192 40.567146 0.000000 3.166738 1.293237 2.088982 3.687568 6.981006 0.200000
47 38.558865 40.463943 0.000000 3.371371 1.296406 2.099864 3.710570 7.012892 0.200000
48 38.482338 40.618336 0.000000 2.929901 1.272945 2.033137 3.550495 6.655076 0.200000
49 38.384766 40.516811 0.000000 3.405130 1.275196 2.037925 3.556552 6.652710 0.200000
50 38.596924 40.498909 0.000000 3.057429 1.340156 2.247295 4.140978 8.223708 0.200000
51 38.776112 40.734985 0.000000 3.480936 1.311543 2.159115 3.901086 7.586128 0.200000
52 39.093311 40.710491 0.000000 3.743263 1.308241 2.156556 3.922494 7.730750 0.200000
53 38.996166 41.043106 0.000000 3.564418 1.377774 2.399158 4.634953 9.719601 0.200000
54 39.192730 40.807636 0.000000 3.720651 1.327170 2.196897 3.983198 7.753660 0.200000
55 39.194530 40.962120 0.000000 3.390014 1.355189 2.298218 4.290308 8.638741 0.200000
56 39.201122 41.080837 0.000000 3.721478 1.330342 2.225640 4.100497 8.158407 0.200000
57 39.123802 41.025028 0.000000 3.612385 1.352278 2.296966 4.301770 8.702617 0.200000
58 39.312832 41.178719 0.000000 3.342801 1.314403 2.164735 3.912368 7.610893 0.200000
59 39.230942 41.202213 0.000000 3.693124 1.341228 2.262273 4.217504 8.526794 0.200000
60 39.584904 41.165348 0.000000 3.151490 1.331088 2.221202 4.076109 8.071370 0.200000
61 39.301071 41.145470 0.000000 3.296550 1.293427 2.102858 3.749785 7.197426 0.200000
62 39.758934 41.214737 0.000000 3.269766 1.346884 2.263461 4.176523 8.297549 0.200000
63 40.324192 41.637249 0.000000 3.067803 1.380402 2.389709 4.573000 9.480230 0.200000
64 40.510372 41.601250 0.000000 3.434813 1.357644 2.304455 4.305496 8.685596 0.250000
66 41.348015 41.104324 0.000000 2.713334 1.442671 2.600873 5.198221 11.263278 0.377472
67 41.417454 40.971695 0.000000 2.508543 1.374312 2.368871 4.520751 9.355333 0.250012
69 41.027225 41.416595 0.000000 1.890447 1.509926 2.831093 5.878372 13.189331 0.249643
70 40.830730 41.254482 0.000000 2.195665 1.415135 2.498935 4.867676 10.231192 0.283990
72 39.482109 41.137798 0.000000 0.921272 1.569148 3.052885 6.561063 15.178501 0.200000
74 40.630436 40.733356 0.000000 0.864302 1.401525 2.496675 4.958954 10.728567 0.167024
