%% Trajectory 16
%% frame x (pixel)     y (pixel)    z (pixel)      m0         m1           m2           m3           m4           s 
62 54.272808 31.619263 0.000000 0.869263 1.155459 1.727943 2.856140 5.173324 0.200000
63 54.590424 31.240175 0.000000 0.819119 1.221097 1.927289 3.383880 6.519614 0.200000
64 54.336002 31.647875 0.000000 1.064287 1.151339 1.695765 2.737468 4.798318 0.166677
65 54.182293 31.603249 0.000000 0.794933 1.199970 1.834850 3.077594 5.578626 0.200000
66 54.050888 31.757395 0.000000 0.868843 1.280494 2.119012 3.925002 7.986736 0.200000
67 54.364777 31.483286 0.000000 1.008675 1.238205 1.998678 3.652385 7.460671 0.190360
69 54.518040 31.818991 0.000000 1.082272 1.317708 2.222857 4.169124 8.514748 0.200618
70 54.588737 31.739199 0.000000 1.017261 1.258825 2.008105 3.525780 6.696898 0.168655
71 54.315449 31.659380 0.000000 1.218589 1.267517 2.054098 3.707814 7.337009 0.154412
72 54.557808 31.620184 0.000000 1.470731 1.237314 1.945725 3.364006 6.293990 0.200899
73 54.479252 31.495975 0.000000 0.862918 1.259820 2.046650 3.730895 7.518605 0.200019
74 54.461441 31.426104 0.000000 1.470358 1.197196 1.821856 3.039237 5.479811 0.148131
75 54.229080 31.843122 0.000000 1.437903 1.245304 1.972274 3.425152 6.403904 0.145731
76 54.251396 31.539726 0.000000 1.226122 1.222000 1.904540 3.299874 6.283633 0.229715
77 54.242702 31.908329 0.000000 1.282493 1.286461 2.122204 3.888568 7.760619 0.253981
78 54.099796 31.530066 0.000000 1.478897 1.190664 1.810807 3.021840 5.454278 0.167283
79 54.082417 31.741539 0.000000 1.585570 1.297912 2.127490 3.830375 7.427046 0.128987
80 53.962658 31.739189 0.000000 1.457365 1.313012 2.192527 4.062232 8.190612 0.182143
81 54.130688 31.650227 0.000000 1.721241 1.285063 2.087332 3.720144 7.137454 0.138643
82 54.242649 31.569788 0.000000 2.027801 1.227990 1.909226 3.249162 5.954186 0.183991
83 54.120228 31.579411 0.000000 1.713770 1.245472 1.951642 3.346463 6.173307 0.204343
84 54.243523 31.465982 0.000000 1.755013 1.252002 1.993502 3.512311 6.747661 0.186035
85 53.971783 31.640591 0.000000 1.933377 1.348867 2.285545 4.259114 8.552054 0.166710
86 53.847538 31.617067 0.000000 1.802316 1.274250 2.053006 3.640827 6.986197 0.196414
87 54.123478 31.656294 0.000000 1.880288 1.272979 2.041611 3.589900 6.796170 0.169255
88 53.889648 31.707769 0.000000 1.912372 1.300555 2.127380 3.809448 7.322598 0.210254
89 54.191162 31.753077 0.000000 1.945794 1.266917 2.025880 3.559531 6.753321 0.142876
90 54.130100 31.824883 0.000000 2.019914 1.360911 2.322382 4.361719 8.825566 0.166713
91 54.189617 31.783751 0.000000 1.911048 1.290183 2.091167 3.713607 7.089958 0.145126
92 53.990883 31.678198 0.000000 2.143973 1.337143 2.235531 4.090820 8.024605 0.128120
93 54.085804 31.715639 0.000000 1.870070 1.251545 2.001365 3.540557 6.814133 0.207953
94 53.969482 31.456379 0.000000 1.921474 1.281016 2.069772 3.665376 6.980837 0.281371
95 54.119114 31.641258 0.000000 1.833152 1.240628 1.947897 3.347974 6.190439 0.331182
96 53.982517 31.481922 0.000000 1.626556 1.283844 2.103458 3.820460 7.554488 0.226836
97 54.000095 31.626232 0.000000 1.950081 1.293736 2.116596 3.809040 7.395339 0.194140
98 54.120422 31.339071 0.000000 1.936392 1.334972 2.225185 4.070694 8.010859 0.174282
99 53.998566 31.620911 0.000000 1.974535 1.357272 2.312070 4.336624 8.770261 0.130102
100 54.193218 31.620636 0.000000 2.115458 1.259663 2.004712 3.488544 6.514365 0.195522
101 54.036621 31.595646 0.000000 1.745291 1.304203 2.145922 3.877363 7.541403 0.295553
102 53.911869 31.771217 0.000000 2.351723 1.340388 2.244422 4.121600 8.131670 0.142883
103 53.827610 31.423744 0.000000 2.276986 1.276915 2.064757 3.677694 7.090207 0.155924
104 53.832691 31.516743 0.000000 1.976321 1.273246 2.050151 3.644002 7.035027 0.111878
105 53.938911 31.599287 0.000000 2.330398 1.269001 2.033665 3.577789 6.784827 0.125070
106 53.821842 31.661751 0.000000 2.526845 1.298098 2.117737 3.801074 7.374374 0.190660
107 53.769890 31.493607 0.000000 2.829977 1.237197 1.943937 3.370286 6.357237 0.125668
108 53.978992 31.438156 0.000000 2.582378 1.308511 2.145142 3.857746 7.466751 0.136230
109 53.805325 31.530256 0.000000 2.814700 1.302225 2.124176 3.797350 7.300359 0.147634
110 53.670609 31.556253 0.000000 2.340895 1.237749 1.939324 3.329626 6.161443 0.142859
111 53.717628 31.403545 0.000000 2.464455 1.250196 1.971737 3.410828 6.364776 0.153341
112 53.754173 31.319239 0.000000 2.502925 1.239068 1.946284 3.361119 6.283044 0.142877
113 53.538124 31.308910 0.000000 2.127012 1.239447 1.935487 3.306814 6.079652 0.125688
114 53.711075 31.494587 0.000000 2.397614 1.265341 2.018502 3.528162 6.636296 0.130162
115 53.733070 31.267130 0.000000 1.858486 1.217583 1.884592 3.208038 5.919329 0.125020
116 53.487728 31.345528 0.000000 2.011142 1.185563 1.790221 2.961277 5.295544 0.127495
117 53.664082 31.204454 0.000000 2.168873 1.229112 1.943100 3.412675 6.568744 0.172227
118 53.477730 31.352280 0.000000 2.309935 1.260601 2.016072 3.574646 6.927487 0.186001
119 53.690292 31.350752 0.000000 2.382559 1.209723 1.851814 3.106039 5.629145 0.143148
120 53.350685 31.358149 0.000000 2.254233 1.237397 1.946466 3.368325 6.311145 0.149078
121 53.598263 31.537630 0.000000 2.282462 1.238116 1.928312 3.287522 6.037023 0.142860
122 53.439007 31.586548 0.000000 2.494734 1.248255 1.959797 3.364920 6.210207 0.142858
123 53.262390 31.936245 0.000000 2.393106 1.289750 2.103889 3.779442 7.338300 0.130617
124 53.150433 32.056023 0.000000 2.285374 1.327177 2.264915 4.322983 9.032672 0.119183
125 53.402523 31.855047 0.000000 2.142545 1.216506 1.865896 3.134610 5.684008 0.125002
126 53.239063 31.771038 0.000000 1.907027 1.246747 1.967295 3.400660 6.326333 0.125173
127 53.431637 32.144176 0.000000 2.231145 1.251676 2.005724 3.580282 7.018711 0.180438
128 53.232834 32.182163 0.000000 1.988490 1.273112 2.060060 3.687981 7.185754 0.285454
129 53.229942 32.438282 0.000000 2.456210 1.238226 1.934352 3.313328 6.123100 0.127204
130 53.209782 32.455929 0.000000 2.113766 1.278450 2.053419 3.605031 6.785509 0.307133
131 53.224125 32.285030 0.000000 2.551170 1.308997 2.175444 4.012117 8.068253 0.213035
132 53.095139 32.536243 0.000000 2.514328 1.333183 2.244264 4.183698 8.471202 0.349810
133 53.102058 32.620972 0.000000 2.360783 1.326149 2.212628 4.060134 8.032135 0.150007
134 53.009140 32.719189 0.000000 1.731070 1.447954 2.641514 5.354087 11.771863 0.147878
135 52.863232 32.864559 0.000000 2.359584 1.330820 2.229171 4.108861 8.167454 0.368659
136 52.969265 33.472523 0.000000 2.335043 1.409297 2.491878 4.879186 10.341282 0.160667
137 52.829590 33.305706 0.000000 1.990076 1.440073 2.636642 5.398548 12.048993 0.125001
138 52.926426 32.759750 0.000000 1.722260 1.452140 2.664760 5.418599 11.909758 0.190365
