%% Trajectory 65
%% frame x (pixel)     y (pixel)    z (pixel)      m0         m1           m2           m3           m4           s 
140 88.305183 30.080471 0.000000 1.248410 1.491278 2.778704 5.724247 12.712704 0.228831
142 89.146385 31.313898 0.000000 1.199679 1.348213 2.293342 4.337323 8.954342 0.131665
143 89.154228 31.111788 0.000000 1.016967 1.376591 2.386019 4.588471 9.601438 0.142992
144 89.192642 31.148006 0.000000 1.736913 1.275653 2.055043 3.646213 7.000836 0.090909
145 89.072784 30.805981 0.000000 1.379557 1.458448 2.679762 5.460345 12.040957 0.106064
146 88.779297 30.909077 0.000000 1.316996 1.522309 2.866694 5.947569 13.269948 0.121494
148 89.007957 31.083443 0.000000 1.742918 1.351245 2.341624 4.529896 9.573581 0.125288
149 89.005974 31.159735 0.000000 1.470693 1.310292 2.175957 3.988281 7.918764 0.122102
151 89.443420 31.201233 0.000000 1.229168 1.156743 1.722706 2.840186 5.145659 0.100000
153 89.058060 31.309622 0.000000 1.813358 1.286226 2.111281 3.851969 7.684117 0.146166
155 88.967186 31.313135 0.000000 2.321223 1.283017 2.084424 3.737307 7.266844 0.100001
156 89.053703 30.960321 0.000000 1.623674 1.333746 2.274478 4.316893 8.918315 0.142923
157 89.231384 30.963867 0.000000 2.547882 1.370478 2.375000 4.566627 9.534011 0.167640
158 89.111420 31.143528 0.000000 2.230033 1.289077 2.103799 3.788036 7.384111 0.169097
159 88.960678 30.985094 0.000000 2.556113 1.346080 2.289160 4.299175 8.726139 0.200000
160 88.972496 31.009188 0.000000 2.502439 1.348311 2.302989 4.350180 8.890825 0.197521
161 88.814232 30.907532 0.000000 3.139814 1.388176 2.409272 4.616090 9.559264 0.143911
162 88.744133 31.020250 0.000000 2.694376 1.341660 2.274819 4.271902 8.708553 0.345092
163 88.659676 31.093513 0.000000 2.758713 1.388718 2.415778 4.651004 9.702202 0.167273
164 88.823250 30.710619 0.000000 2.894702 1.320738 2.176522 3.924326 7.588588 0.158044
165 89.151428 30.894531 0.000000 2.316419 1.338440 2.264414 4.240459 8.607899 0.142857
166 88.709000 30.688627 0.000000 2.643837 1.351053 2.292678 4.299585 8.745128 0.167187
167 88.682877 30.714291 0.000000 2.279364 1.309675 2.154628 3.878361 7.488142 0.311706
168 88.726097 30.931648 0.000000 2.218502 1.282658 2.079324 3.709754 7.154754 0.166667
169 88.505981 30.905024 0.000000 2.651591 1.281061 2.063117 3.648471 6.963328 0.133716
170 88.569290 30.906563 0.000000 2.691003 1.346057 2.276316 4.257208 8.635669 0.242337
171 88.552727 30.859211 0.000000 2.801262 1.280632 2.052148 3.593240 6.745733 0.143097
172 88.128563 30.764351 0.000000 2.237114 1.301760 2.123866 3.809517 7.380067 0.142857
173 88.237335 30.603626 0.000000 3.060799 1.339222 2.233221 4.091816 8.087663 0.215279
174 87.942039 30.743380 0.000000 2.729778 1.334991 2.236056 4.101545 8.067002 0.200000
175 88.140762 30.471308 0.000000 3.044638 1.404469 2.470698 4.810640 10.150789 0.177590
177 88.033318 30.786062 0.000000 2.455132 1.343292 2.275739 4.243314 8.530119 0.142903
178 88.024109 30.840042 0.000000 2.189528 1.371290 2.359662 4.479548 9.183170 0.228910
179 87.652840 30.700918 0.000000 2.597123 1.373996 2.381786 4.580579 9.577487 0.201339
181 87.390434 30.690847 0.000000 3.014675 1.295272 2.104071 3.748102 7.189724 0.200000
183 87.678871 31.570633 0.000000 2.534994 1.308892 2.159579 3.909636 7.613565 0.200000
184 87.631783 31.337008 0.000000 1.816008 1.307691 2.153300 3.904901 7.656716 0.143311
186 87.597656 31.329941 0.000000 2.382324 1.326160 2.218545 4.112553 8.299925 0.145608
188 87.898499 31.758003 0.000000 2.024008 1.335550 2.232649 4.096441 8.084137 0.142861
189 87.429047 31.255276 0.000000 2.003600 1.310346 2.169870 3.954723 7.785522 0.125000
