%% Trajectory 67
%% frame x (pixel)     y (pixel)    z (pixel)      m0         m1           m2           m3           m4           s 
209 65.175217 68.736176 0.000000 1.641178 1.418176 2.508708 4.903992 10.374002 0.333333
211 65.211800 68.779182 0.000000 1.824377 1.391273 2.420401 4.656058 9.706169 0.333333
212 64.977081 68.843056 0.000000 1.828498 1.504333 2.796990 5.731577 12.635705 0.333333
213 65.434875 68.894989 0.000000 1.899738 1.478558 2.718493 5.517159 12.069695 0.333333
214 65.369827 69.048233 0.000000 2.095999 1.435950 2.602314 5.251834 11.523126 0.250147
215 65.702797 68.704445 0.000000 2.139076 1.402134 2.449595 4.719409 9.818102 0.333335
216 65.656746 68.778580 0.000000 1.977618 1.444786 2.632768 5.333236 11.726235 0.250001
217 65.326080 69.239861 0.000000 1.614150 1.366580 2.342218 4.435342 9.090725 0.392730
218 65.242188 69.324417 0.000000 1.920564 1.364651 2.337807 4.433692 9.122896 0.219197
219 65.418716 69.155647 0.000000 2.534646 1.475622 2.746510 5.716307 12.970079 0.250000
220 65.326881 68.902489 0.000000 2.590046 1.386499 2.399253 4.567473 9.367271 0.250000
221 65.072441 68.708374 0.000000 2.689147 1.421053 2.502011 4.827044 9.980694 0.333333
222 65.340431 69.173264 0.000000 2.270082 1.422999 2.545789 5.049383 10.851994 0.200000
223 65.530067 69.379463 0.000000 2.630397 1.437621 2.602506 5.247974 11.514132 0.250000
224 65.139458 69.125923 0.000000 2.657938 1.425251 2.546190 5.041100 10.814154 0.250000
225 65.380554 69.260719 0.000000 2.616646 1.414092 2.505426 4.924037 10.504001 0.264650
226 65.300316 68.783844 0.000000 2.923658 1.447991 2.597451 5.134856 10.945492 0.200000
227 65.683006 69.078720 0.000000 3.421028 1.430115 2.555317 5.047979 10.783481 0.250000
228 65.514755 69.259567 0.000000 3.374972 1.383853 2.397392 4.583892 9.470125 0.250000
229 65.495865 69.306732 0.000000 3.490164 1.344276 2.260017 4.183921 8.364212 0.200000
230 65.374290 69.374931 0.000000 3.565230 1.336222 2.233201 4.095568 8.078926 0.166667
231 65.370026 69.495224 0.000000 4.079504 1.306591 2.138246 3.834068 7.388744 0.200000
232 65.452232 69.349770 0.000000 3.401365 1.429502 2.581003 5.180539 11.277059 0.333333
233 65.383011 69.323479 0.000000 4.310568 1.364836 2.326938 4.362465 8.809156 0.200000
234 65.395355 69.510216 0.000000 3.974919 1.299694 2.106399 3.730455 7.082092 0.333333
235 65.299210 69.374321 0.000000 4.070776 1.344197 2.268117 4.227496 8.540398 0.250000
236 65.401527 69.189156 0.000000 3.974806 1.369793 2.341719 4.398779 8.889420 0.250000
237 65.370560 69.189987 0.000000 4.057335 1.328958 2.223712 4.103085 8.187050 0.250000
238 65.439194 69.370201 0.000000 3.719523 1.377417 2.388710 4.586658 9.538632 0.250000
240 65.236328 69.507751 0.000000 3.742197 1.334733 2.230400 4.093232 8.085049 0.250000
241 65.388512 69.308708 0.000000 4.264526 1.370794 2.355178 4.473113 9.205215 0.333333
242 65.263710 69.396843 0.000000 3.491695 1.324401 2.180489 3.919064 7.537130 0.200000
243 65.307007 69.762589 0.000000 3.808586 1.407474 2.471419 4.791356 10.035550 0.250000
244 65.097702 69.453346 0.000000 3.834303 1.406096 2.453671 4.708903 9.727222 0.200000
245 65.079147 69.452477 0.000000 4.410243 1.444721 2.606638 5.201404 11.221803 0.250000
246 65.120285 69.504250 0.000000 4.651780 1.395326 2.418829 4.602612 9.409450 0.250000
247 64.889290 69.313873 0.000000 4.274058 1.339886 2.240749 4.114005 8.132729 0.200000
248 65.138962 69.154686 0.000000 4.396871 1.428773 2.545271 5.018978 10.715446 0.333333
249 64.940254 69.223984 0.000000 4.605320 1.441987 2.593595 5.166525 11.143101 0.250000
250 64.631775 69.223946 0.000000 4.074313 1.378230 2.362309 4.447227 9.008027 0.250000
251 64.747520 68.982094 0.000000 4.502565 1.399423 2.456647 4.767472 10.008601 0.200000
252 64.687988 69.087540 0.000000 4.266557 1.379076 2.379662 4.535514 9.356968 0.333333
253 64.534248 68.829361 0.000000 4.091647 1.333269 2.225122 4.092438 8.138765 0.166667
254 64.589432 68.979355 0.000000 4.794727 1.379096 2.401685 4.649282 9.794489 0.200000
255 64.524879 69.156418 0.000000 4.720490 1.384548 2.384499 4.514544 9.205608 0.200000
256 64.559013 68.859665 0.000000 4.121488 1.378012 2.366995 4.474526 9.119299 0.250000
257 64.182167 68.945412 0.000000 4.045741 1.443874 2.600196 5.175023 11.127469 0.250000
258 64.220627 68.749756 0.000000 4.203524 1.355236 2.304788 4.326671 8.793756 0.200000
259 64.306007 69.226860 0.000000 4.704885 1.375342 2.349866 4.401387 8.851658 0.250000
261 64.109337 68.829964 0.000000 4.553245 1.384000 2.386303 4.524215 9.240874 0.250000
263 63.899319 68.191437 0.000000 3.996746 1.449160 2.617473 5.230599 11.307049 0.250000
265 63.573086 67.698593 0.000000 2.943425 1.391768 2.401453 4.550176 9.271951 0.202392
266 63.845833 67.386147 0.000000 2.358964 1.416997 2.498602 4.862195 10.214498 0.267690
267 63.817207 67.822563 0.000000 2.181494 1.481510 2.732452 5.569332 12.244884 0.250256
268 63.988453 67.953140 0.000000 2.094880 1.459295 2.707158 5.596058 12.550632 0.250010
269 64.025009 68.250465 0.000000 1.772802 1.424183 2.536184 4.977883 10.521665 0.200655
271 64.483566 68.394836 0.000000 1.619455 1.305042 2.152442 3.914875 7.708077 0.142973
