%% Trajectory 33
%% frame x (pixel)     y (pixel)    z (pixel)      m0         m1           m2           m3           m4           s 
149 59.492466 73.068581 0.000000 0.479137 1.259344 2.035859 3.657037 7.173192 0.250000
151 59.534103 73.369415 0.000000 0.537014 1.225693 1.898951 3.225427 5.918633 0.250000
153 59.636341 72.957230 0.000000 0.500951 1.242945 1.984611 3.555313 7.060759 0.205282
154 59.426311 73.355515 0.000000 0.599510 1.190322 1.797806 2.968528 5.287355 0.200003
155 59.619137 73.304962 0.000000 0.726287 1.226876 1.897917 3.211646 5.853401 0.269468
156 59.326046 73.152168 0.000000 0.756660 1.235830 1.934692 3.330541 6.208739 0.250109
157 59.601910 73.070290 0.000000 0.552566 1.278546 2.071029 3.707784 7.212765 0.250572
158 59.510124 73.282990 0.000000 0.807364 1.348201 2.281045 4.285367 8.781301 0.377911
159 59.280621 73.250938 0.000000 0.824037 1.222981 1.888848 3.193317 5.818182 0.250010
160 59.571922 73.156113 0.000000 0.847516 1.212853 1.861129 3.135796 5.722726 0.201214
161 59.588097 73.284912 0.000000 0.806577 1.226056 1.893270 3.198310 5.820063 0.200000
162 59.451706 73.322708 0.000000 0.795821 1.264356 2.003113 3.467592 6.443771 0.250010
163 59.550930 73.245605 0.000000 1.078769 1.235308 1.918686 3.258467 5.955441 0.200001
164 59.419525 73.103088 0.000000 1.143981 1.307049 2.152753 3.906495 7.663273 0.166667
165 59.256756 73.243904 0.000000 0.966665 1.263408 2.010508 3.505196 6.577871 0.200763
166 59.525265 73.166588 0.000000 1.205057 1.294494 2.117319 3.824676 7.502768 0.251526
167 59.195747 73.028519 0.000000 1.211680 1.335382 2.263249 4.273784 8.821025 0.250047
168 59.672955 73.270950 0.000000 1.123171 1.239155 1.934489 3.303944 6.072174 0.250349
169 59.475903 73.136749 0.000000 1.155552 1.285555 2.087202 3.740648 7.279134 0.250000
170 59.349228 73.145500 0.000000 1.356577 1.275042 2.048640 3.612254 6.865499 0.250000
171 59.429283 73.115250 0.000000 1.524319 1.314594 2.169890 3.939497 7.721186 0.200000
172 59.475754 73.179588 0.000000 1.656463 1.295461 2.123744 3.846567 7.562848 0.200000
173 59.414001 73.153496 0.000000 1.417704 1.284228 2.071892 3.677214 7.060387 0.250000
174 59.603886 73.185577 0.000000 1.362748 1.269949 2.024875 3.527755 6.591728 0.166667
175 59.484428 72.962784 0.000000 1.494943 1.284374 2.093535 3.771265 7.378073 0.166667
176 59.644779 73.129662 0.000000 1.428523 1.281866 2.076888 3.696820 7.098558 0.166667
177 59.560093 73.226028 0.000000 1.607542 1.270902 2.026353 3.528902 6.589804 0.166667
178 59.593735 73.136719 0.000000 1.711240 1.308369 2.151122 3.891971 7.610356 0.252098
179 59.700420 73.157059 0.000000 1.597806 1.278904 2.056604 3.629576 6.908642 0.218514
180 59.710793 73.197487 0.000000 1.742082 1.307462 2.142451 3.848572 7.437243 0.274008
181 59.586006 73.013420 0.000000 1.563849 1.330640 2.234426 4.153711 8.388226 0.206974
182 59.598118 73.049774 0.000000 1.889800 1.329966 2.218585 4.085548 8.155740 0.166667
183 59.588123 72.960373 0.000000 1.979516 1.347412 2.273538 4.224228 8.473919 0.250000
184 59.485062 72.918777 0.000000 2.096106 1.308875 2.157657 3.924499 7.738618 0.333333
185 59.432446 72.939934 0.000000 2.050692 1.324910 2.201451 4.025148 7.948716 0.200000
186 59.493057 72.822113 0.000000 1.985895 1.285364 2.075242 3.676635 7.022964 0.200000
187 59.613663 72.835968 0.000000 1.863167 1.292193 2.099055 3.736098 7.151155 0.200000
188 59.368923 72.528778 0.000000 1.863422 1.266836 2.013376 3.495903 6.512557 0.166667
189 59.453876 72.430374 0.000000 2.192964 1.283807 2.066614 3.636126 6.862336 0.200000
190 59.555687 72.285355 0.000000 2.276362 1.289211 2.078008 3.655278 6.882419 0.166667
191 59.381966 72.408714 0.000000 2.238610 1.296683 2.096633 3.698960 6.983527 0.200000
192 59.510025 72.178810 0.000000 2.490876 1.312560 2.156348 3.882509 7.518692 0.200000
193 59.273609 72.291840 0.000000 2.289626 1.295282 2.100263 3.724501 7.086221 0.200000
194 59.273888 71.919357 0.000000 2.259346 1.379009 2.377382 4.519485 9.283511 0.200000
195 59.370670 72.091972 0.000000 2.195075 1.282592 2.076046 3.700323 7.140072 0.250000
196 59.168537 71.947342 0.000000 1.943889 1.399525 2.453419 4.757370 9.990752 0.250350
197 59.060986 71.871536 0.000000 2.095880 1.394976 2.432558 4.688537 9.782321 0.166829
198 58.918167 71.895546 0.000000 1.939626 1.402987 2.455360 4.732008 9.826336 0.319883
199 58.957462 71.576309 0.000000 1.793124 1.340096 2.249510 4.157502 8.291131 0.200052
200 58.583759 71.375420 0.000000 1.702921 1.322330 2.183418 3.940261 7.616346 0.200000
201 58.899960 71.705971 0.000000 1.803989 1.421585 2.526122 4.961609 10.535480 0.288722
202 59.081459 72.022308 0.000000 1.797765 1.507669 2.818854 5.820859 12.960814 0.250001
203 59.377998 71.601952 0.000000 1.262781 1.443481 2.577361 5.061546 10.700975 0.200000
204 59.378292 71.733009 0.000000 1.376442 1.383968 2.407919 4.636650 9.683159 0.200012
205 59.400597 71.714943 0.000000 1.388028 1.369516 2.338238 4.397053 8.933662 0.200000
206 59.292454 71.561356 0.000000 1.162532 1.541726 2.949161 6.227098 14.149981 0.166667
207 59.389633 71.357704 0.000000 0.930591 1.486570 2.742314 5.611423 12.445875 0.259437
208 59.661106 71.322548 0.000000 0.942859 1.493607 2.812449 5.914014 13.532811 0.201995
209 59.380028 71.600563 0.000000 0.636969 1.576366 3.089521 6.711821 15.725216 0.146179
211 59.208366 70.001556 0.000000 0.594485 1.456234 2.717567 5.728084 13.265750 0.169193
213 59.177578 71.813713 0.000000 0.813017 1.405985 2.483488 4.853659 10.263831 0.256493
214 59.382305 71.744934 0.000000 0.777847 1.460436 2.644160 5.288523 11.433924 0.198701
215 59.893162 71.533592 0.000000 0.674315 1.501252 2.788189 5.699976 12.526607 0.145282
216 60.099823 71.345901 0.000000 0.721818 1.444381 2.578936 5.066382 10.714651 0.244452
217 59.890419 71.026245 0.000000 0.789084 1.465641 2.660179 5.322160 11.468062 0.258152
218 59.633015 71.124054 0.000000 0.874913 1.528310 2.864301 5.903817 13.082528 0.255544
219 60.065372 71.451393 0.000000 0.459195 1.480771 2.742286 5.627141 12.497694 0.244057
221 60.170006 70.762642 0.000000 0.691477 1.424069 2.528562 4.962401 10.525515 0.289328
222 59.393459 70.946739 0.000000 0.861383 1.442699 2.592258 5.152317 11.084081 0.389187
223 59.477398 71.003532 0.000000 0.659995 1.505742 2.792825 5.697442 12.483134 0.339740
224 58.790295 70.957230 0.000000 0.885314 1.524194 2.872217 5.982306 13.440133 0.145590
225 59.138519 71.503174 0.000000 0.738294 1.423606 2.520219 4.922299 10.372706 0.241090
226 58.812920 71.284042 0.000000 0.773974 1.401434 2.459141 4.761223 9.955390 0.135200
228 57.835339 71.245461 0.000000 0.880305 1.461731 2.650901 5.310981 11.500747 0.166775
230 58.790886 71.418556 0.000000 0.697674 1.483076 2.787221 5.864375 13.446508 0.239979
231 59.001015 71.465462 0.000000 0.563159 1.315514 2.197003 4.058663 8.134192 0.143856
232 58.722816 70.889069 0.000000 0.508313 1.367734 2.356835 4.518016 9.443932 0.212024
233 58.929482 71.464302 0.000000 0.705093 1.393939 2.440069 4.744781 10.044032 0.216307
234 58.579643 71.548927 0.000000 0.526967 1.586692 3.054057 6.429626 14.458016 0.167623
236 57.469269 71.562584 0.000000 0.542955 1.579414 3.041910 6.417480 14.481187 0.148824
238 58.284496 70.341103 0.000000 0.499513 1.362066 2.374284 4.635062 9.919584 0.408214
240 57.915852 69.329529 0.000000 0.402875 1.480849 2.791418 5.898239 13.597054 0.166667
242 58.133282 70.267632 0.000000 0.402179 1.331852 2.235498 4.114603 8.132640 0.190964
244 58.648174 69.608467 0.000000 0.370301 1.331348 2.256355 4.273095 8.868829 0.115615
