%% Trajectory 50
%% frame x (pixel)     y (pixel)    z (pixel)      m0         m1           m2           m3           m4           s 
191 77.557259 36.830433 0.000000 2.016802 1.330734 2.213448 4.039081 7.926147 0.169895
192 77.322792 36.780739 0.000000 2.031264 1.318256 2.172205 3.920060 7.599287 0.200027
193 77.271103 36.920101 0.000000 1.915961 1.375387 2.371520 4.517805 9.312742 0.166667
194 77.471703 36.911270 0.000000 1.880326 1.369413 2.335319 4.375946 8.826887 0.186890
195 77.480469 36.713898 0.000000 2.152072 1.304865 2.126460 3.785648 7.218098 0.201488
196 77.627937 36.727879 0.000000 1.810594 1.291211 2.078535 3.651980 6.871686 0.172904
197 77.530998 36.735703 0.000000 2.004656 1.257008 1.980902 3.412306 6.314931 0.189892
198 77.385529 36.588257 0.000000 2.314684 1.286431 2.071454 3.641354 6.854486 0.194137
199 77.226181 36.876297 0.000000 3.118429 1.311148 2.160385 3.912304 7.637936 0.166667
201 77.334236 36.590343 0.000000 2.559341 1.288520 2.084584 3.708585 7.133756 0.283093
202 77.286766 36.591293 0.000000 2.398974 1.275413 2.035303 3.547437 6.630137 0.146808
203 77.463036 36.835796 0.000000 2.275165 1.294501 2.101689 3.742995 7.180865 0.190365
204 77.362762 36.771332 0.000000 2.126087 1.276818 2.042071 3.566931 6.678272 0.209014
205 77.400688 36.548164 0.000000 2.097616 1.282796 2.064863 3.640463 6.905557 0.146455
206 77.263222 36.572788 0.000000 2.403267 1.333641 2.228439 4.085804 8.054965 0.199386
208 77.423012 36.819363 0.000000 2.630511 1.318973 2.173768 3.922513 7.602367 0.169339
209 77.393257 36.610458 0.000000 2.114510 1.271193 2.024783 3.522928 6.573254 0.167933
210 77.354256 36.698093 0.000000 2.363692 1.306085 2.135832 3.830946 7.399431 0.166112
211 77.367363 36.618908 0.000000 2.941843 1.292127 2.087497 3.683996 6.967279 0.117864
212 77.271011 36.686588 0.000000 2.956779 1.310135 2.157808 3.908806 7.643866 0.153974
213 77.347115 36.735165 0.000000 2.698921 1.317740 2.175264 3.932672 7.633679 0.190230
214 77.493332 36.751560 0.000000 2.397837 1.271716 2.031477 3.545372 6.634475 0.176717
215 77.308647 36.571774 0.000000 2.493350 1.292728 2.087603 3.679240 6.940502 0.249903
216 77.352829 36.692760 0.000000 3.125627 1.329723 2.197989 3.970824 7.687615 0.143336
217 77.221375 36.742065 0.000000 2.941319 1.344063 2.260962 4.175608 8.297190 0.152546
218 77.098831 36.675468 0.000000 2.914509 1.331930 2.222111 4.076055 8.061970 0.155221
219 77.285797 36.551620 0.000000 2.990659 1.290336 2.076629 3.648016 6.863355 0.167927
220 77.389076 36.681305 0.000000 2.639049 1.295214 2.096900 3.702529 6.991578 0.181466
221 77.427017 36.902973 0.000000 2.742305 1.308581 2.144772 3.860401 7.492857 0.184517
222 77.216171 36.471821 0.000000 2.714077 1.297384 2.110356 3.765013 7.234130 0.143083
223 77.307655 36.524277 0.000000 3.176007 1.278105 2.044534 3.571526 6.687277 0.131291
224 77.440971 36.609947 0.000000 2.821928 1.253940 1.974021 3.397028 6.280905 0.288105
225 77.333740 36.749096 0.000000 3.270905 1.290496 2.087191 3.697562 7.042816 0.125285
226 77.463791 36.487629 0.000000 3.215607 1.275337 2.040661 3.566236 6.679668 0.153445
227 77.112900 36.662354 0.000000 3.078571 1.301389 2.126111 3.810817 7.354045 0.255015
228 77.272087 36.494839 0.000000 2.986645 1.303881 2.119405 3.761923 7.150171 0.167226
229 77.279427 36.614880 0.000000 3.775531 1.328503 2.189319 3.927285 7.511806 0.142857
230 77.170952 36.456379 0.000000 3.395186 1.287947 2.082880 3.690869 7.036870 0.162489
231 77.242325 36.544716 0.000000 3.349974 1.277960 2.048480 3.585888 6.726388 0.177689
232 77.334579 36.437481 0.000000 3.321484 1.274949 2.037499 3.555841 6.651727 0.139663
233 77.456818 36.476517 0.000000 3.681087 1.283727 2.061656 3.617180 6.804486 0.142857
234 77.369888 36.669571 0.000000 3.196270 1.280506 2.051616 3.589540 6.730321 0.163774
235 77.365883 36.494934 0.000000 3.345378 1.305285 2.123163 3.767479 7.150105 0.158903
236 77.385696 36.551479 0.000000 3.515269 1.295357 2.093546 3.692037 6.967969 0.118212
237 77.457787 36.638714 0.000000 3.564314 1.265368 2.009767 3.487954 6.495552 0.223048
238 77.424896 36.615253 0.000000 3.744469 1.300597 2.109553 3.737241 7.094455 0.244417
239 77.506638 36.791920 0.000000 3.790553 1.315824 2.173097 3.943169 7.714434 0.112725
240 77.361534 36.647102 0.000000 3.926507 1.309057 2.132384 3.788497 7.197338 0.274770
241 77.457916 36.727116 0.000000 3.834474 1.282079 2.059186 3.611521 6.786048 0.266819
242 77.519447 36.840874 0.000000 4.101655 1.300810 2.119197 3.778506 7.232356 0.282335
243 77.516800 36.610252 0.000000 3.664249 1.294478 2.093899 3.694909 6.974639 0.145688
244 77.419678 36.757832 0.000000 3.580952 1.263360 2.010088 3.500177 6.552314 0.152922
245 77.493263 36.773399 0.000000 3.745854 1.283432 2.063912 3.626620 6.833338 0.189500
246 77.385780 36.755363 0.000000 3.809653 1.278413 2.050058 3.591540 6.745767 0.163818
247 77.391754 36.792454 0.000000 3.774193 1.304563 2.123481 3.772513 7.171977 0.227806
248 77.361450 36.837833 0.000000 4.365968 1.300362 2.115221 3.760660 7.167090 0.125005
249 77.296585 36.747192 0.000000 3.894789 1.309927 2.138354 3.808539 7.255175 0.184060
250 77.213036 36.780590 0.000000 4.264524 1.338755 2.244020 4.136549 8.223721 0.164182
251 77.494812 37.013760 0.000000 3.565780 1.310673 2.171582 3.979790 7.925787 0.157769
252 77.237427 36.882442 0.000000 4.260151 1.307684 2.139895 3.834064 7.375887 0.153855
253 77.082726 36.825397 0.000000 4.080284 1.334861 2.249491 4.194867 8.489284 0.125008
254 77.089630 37.005489 0.000000 3.879268 1.360106 2.328420 4.408377 9.040751 0.127171
255 77.070793 37.145969 0.000000 3.796983 1.347748 2.285700 4.288644 8.727228 0.125156
256 76.920425 37.192993 0.000000 3.725381 1.340269 2.256979 4.199206 8.468612 0.125000
257 76.854340 37.270084 0.000000 3.640933 1.328993 2.216922 4.074128 8.094220 0.242764
258 76.891182 37.371395 0.000000 3.287587 1.310984 2.150064 3.870045 7.503775 0.194238
259 76.799576 37.290054 0.000000 3.718478 1.348100 2.278308 4.239476 8.516063 0.142935
260 76.651031 37.324188 0.000000 3.287677 1.305716 2.129865 3.795036 7.243594 0.127161
261 76.773880 37.403881 0.000000 3.762629 1.279668 2.059736 3.637323 6.920403 0.125142
262 76.742859 37.323269 0.000000 3.085435 1.259106 1.999111 3.476650 6.508146 0.173576
263 76.711411 37.526356 0.000000 3.352968 1.262951 2.005339 3.478643 6.473556 0.152442
264 76.497505 37.355610 0.000000 3.077455 1.299051 2.111367 3.748621 7.130554 0.178498
265 76.496361 37.355476 0.000000 2.761572 1.270042 2.023393 3.521807 6.574930 0.125036
266 76.677048 37.583584 0.000000 3.189362 1.286224 2.065522 3.620660 6.798085 0.267328
268 76.382599 37.582615 0.000000 2.863353 1.286195 2.067037 3.626210 6.813767 0.128009
269 76.074875 37.697052 0.000000 3.295533 1.349131 2.288795 4.296253 8.752043 0.365686
270 76.337646 38.186501 0.000000 2.825280 1.290138 2.096697 3.752307 7.266177 0.127566
271 76.564461 38.499283 0.000000 2.387652 1.261329 2.031126 3.633876 7.118551 0.177032
