%% Trajectory 157
%% frame x (pixel)     y (pixel)    z (pixel)      m0         m1           m2           m3           m4           s 
162 67.946266 62.353977 0.000000 0.702616 1.242347 1.947624 3.344554 6.181498 0.200000
164 67.723549 61.325855 0.000000 0.469698 1.282353 2.260357 4.670519 10.949728 0.169847
166 67.394974 61.964092 0.000000 0.826735 1.330996 2.310561 4.501852 9.624224 0.231268
167 67.172737 62.024441 0.000000 0.656977 1.233137 1.949551 3.400045 6.434662 0.142866
168 67.745995 62.202835 0.000000 1.044415 1.186253 1.778580 2.922835 5.202539 0.142857
169 67.086617 61.881920 0.000000 0.961492 1.242272 1.977022 3.478970 6.658802 0.146413
170 67.548874 61.914837 0.000000 0.908006 1.222642 1.908941 3.276220 6.086569 0.200000
171 68.046852 62.148994 0.000000 0.912915 1.322845 2.224607 4.188432 8.676356 0.200010
172 67.501297 61.743614 0.000000 1.086339 1.190440 1.873433 3.363277 6.832160 0.200000
174 67.569817 62.018562 0.000000 1.466122 1.244102 1.980502 3.472594 6.585530 0.200006
175 67.367241 62.091236 0.000000 1.431611 1.251507 1.987135 3.466521 6.527982 0.166667
176 67.716736 61.883049 0.000000 1.262531 1.208402 1.857606 3.129647 5.689269 0.125000
177 67.862671 61.822491 0.000000 1.523052 1.233619 1.952000 3.436781 6.639700 0.250000
178 67.399765 61.815216 0.000000 2.004767 1.282755 2.062438 3.630921 6.870121 0.142857
179 67.564507 61.929531 0.000000 1.877661 1.238865 1.938314 3.321389 6.127945 0.166667
180 67.577049 61.926208 0.000000 1.479563 1.237748 1.945182 3.350297 6.213605 0.166929
181 67.372177 61.934689 0.000000 1.524306 1.262870 2.027933 3.600789 6.954037 0.191013
182 67.238525 61.788288 0.000000 1.850351 1.253665 1.982920 3.454514 6.528710 0.166667
183 67.769966 61.916725 0.000000 1.457354 1.231034 1.924864 3.298463 6.087890 0.142877
184 67.445702 61.758286 0.000000 1.664626 1.219753 1.892943 3.230564 5.976218 0.142857
185 67.622147 61.732140 0.000000 2.204490 1.195692 1.811149 3.004206 5.384856 0.200000
186 67.406616 61.780735 0.000000 1.959582 1.177939 1.768502 2.908127 5.172051 0.166668
187 67.282829 61.668697 0.000000 1.836826 1.187577 1.785932 2.940695 5.236584 0.200000
188 67.346649 61.852005 0.000000 2.104673 1.241454 1.955007 3.370610 6.249021 0.200000
189 67.526184 61.898178 0.000000 2.003680 1.244025 1.962857 3.407084 6.398060 0.305325
190 67.450584 61.905811 0.000000 1.969135 1.266528 2.035070 3.592111 6.838933 0.200004
191 67.376625 61.976463 0.000000 1.909836 1.215396 1.898750 3.277511 6.160041 0.279533
192 67.389946 61.788731 0.000000 2.524746 1.199584 1.835262 3.088320 5.642051 0.200000
193 67.421135 61.924683 0.000000 2.186393 1.265261 2.017483 3.518875 6.588623 0.250928
194 67.490730 61.725552 0.000000 2.306532 1.185993 1.792712 2.966905 5.303493 0.200343
195 67.186272 61.625706 0.000000 2.558587 1.302422 2.142396 3.887069 7.634364 0.166667
197 67.290016 61.662876 0.000000 2.210076 1.191550 1.802961 2.987832 5.351155 0.200027
198 67.275719 61.809013 0.000000 2.763367 1.264289 2.029002 3.585006 6.854808 0.171380
199 67.441696 61.602848 0.000000 2.364598 1.188338 1.791268 2.952684 5.253744 0.202167
200 67.073517 61.412956 0.000000 2.908514 1.222631 1.891788 3.204738 5.850455 0.167082
201 66.974060 61.616989 0.000000 2.741842 1.243001 1.970583 3.452958 6.585480 0.200056
202 67.043083 61.938335 0.000000 2.347177 1.309499 2.163513 3.922616 7.649516 0.328898
203 66.899277 61.675739 0.000000 2.384745 1.233429 1.930300 3.310383 6.114242 0.180535
204 66.887543 61.519985 0.000000 2.009161 1.202089 1.843162 3.112342 5.712699 0.166895
205 66.622330 61.762165 0.000000 2.550467 1.166612 1.744676 2.857984 5.064222 0.200000
206 66.414383 61.765827 0.000000 2.023762 1.216251 1.876010 3.170732 5.780074 0.200722
207 66.521828 61.818314 0.000000 1.681220 1.159995 1.717750 2.787010 4.901489 0.166667
208 66.303146 61.413700 0.000000 1.733712 1.141407 1.710926 2.909369 5.618719 0.200000
209 66.385353 61.411949 0.000000 1.841146 1.216439 1.907357 3.360009 6.591520 0.166667
210 66.083488 61.631786 0.000000 1.571040 1.161777 1.736162 2.847898 5.064594 0.166667
211 65.842232 61.300541 0.000000 1.529750 1.149120 1.688391 2.717600 4.746324 0.166667
212 65.493706 61.031891 0.000000 0.980624 1.156514 1.768661 3.056027 5.926846 0.166667
