%% Trajectory 31
%% frame x (pixel)     y (pixel)    z (pixel)      m0         m1           m2           m3           m4           s 
99 85.593132 63.179943 0.000000 1.085844 1.352109 2.302839 4.354580 8.972444 0.143687
100 85.138672 63.603172 0.000000 1.326782 1.400070 2.453492 4.738871 9.881900 0.111125
101 85.113914 63.644840 0.000000 1.138603 1.467032 2.705485 5.537709 12.275073 0.323962
103 85.171349 63.329262 0.000000 1.534796 1.452375 2.692988 5.611973 12.804771 0.330575
104 85.052528 63.060501 0.000000 1.159353 1.546360 2.969890 6.320647 14.537143 0.353273
106 85.845612 63.929512 0.000000 1.439217 1.471067 2.713484 5.550127 12.280921 0.111234
108 85.488358 62.898949 0.000000 1.489448 1.485524 2.808780 5.953766 13.763020 0.106549
109 85.644348 62.308212 0.000000 1.140996 1.443383 2.554260 4.950745 10.291531 0.154528
111 86.226379 62.872776 0.000000 1.143243 1.434476 2.609012 5.327221 11.904161 0.243349
113 85.170509 62.431675 0.000000 2.025149 1.388604 2.447857 4.847671 10.551127 0.166671
115 85.421371 62.527534 0.000000 1.890376 1.506186 2.813037 5.821081 13.030745 0.208751
116 85.648819 62.639439 0.000000 1.839859 1.410902 2.494799 4.913168 10.555229 0.166865
117 85.496323 62.197880 0.000000 1.422096 1.309200 2.208870 4.205622 8.877845 0.250002
119 85.627563 62.934071 0.000000 1.835330 1.408643 2.519715 5.048516 11.080974 0.250000
120 85.467216 62.735439 0.000000 2.181113 1.412432 2.509983 4.946606 10.577361 0.200001
121 85.518593 63.007977 0.000000 1.746844 1.435770 2.638528 5.464951 12.428060 0.250000
122 85.572617 62.910069 0.000000 2.234879 1.452919 2.637704 5.305717 11.562965 0.200003
123 85.392075 62.890629 0.000000 2.280068 1.351474 2.311210 4.413267 9.234667 0.250000
124 85.057007 62.602386 0.000000 2.220410 1.452798 2.642007 5.329933 11.660081 0.323310
126 85.401855 62.911739 0.000000 2.835091 1.421242 2.549002 5.100678 11.133403 0.335033
127 85.117157 62.942677 0.000000 2.859175 1.408942 2.513891 4.994835 10.798948 0.333333
128 85.589127 62.883503 0.000000 2.616545 1.429954 2.586839 5.220880 11.486485 0.342852
129 85.284416 62.631550 0.000000 2.286583 1.426182 2.546113 5.064356 10.984997 0.333335
130 85.223053 62.784813 0.000000 2.622320 1.456445 2.646067 5.350423 11.763664 0.388146
131 85.402687 62.739071 0.000000 2.957626 1.440235 2.561067 5.013626 10.574246 0.333334
132 85.383644 62.654736 0.000000 2.920216 1.367790 2.325157 4.330257 8.659428 0.345252
133 85.448967 62.790428 0.000000 2.983776 1.405195 2.473311 4.825914 10.222526 0.333555
134 85.372520 62.620369 0.000000 2.796952 1.404711 2.453295 4.727551 9.849730 0.333334
136 85.333557 62.687565 0.000000 3.621571 1.357281 2.294876 4.254235 8.478194 0.333333
137 85.235802 62.612244 0.000000 3.021571 1.363161 2.330868 4.403611 9.012125 0.333333
138 85.283211 62.769787 0.000000 3.471894 1.343033 2.260921 4.199127 8.442047 0.333333
139 85.474960 62.803371 0.000000 4.011027 1.375121 2.363081 4.486746 9.228153 0.250000
140 85.280266 62.859852 0.000000 3.482732 1.369651 2.368070 4.557599 9.567554 0.333333
141 85.495949 62.554783 0.000000 3.530370 1.341480 2.261747 4.234076 8.647183 0.166667
142 85.245773 62.420151 0.000000 3.608271 1.397769 2.434314 4.679085 9.723714 0.333333
143 85.349197 62.560951 0.000000 3.327642 1.306435 2.147913 3.892223 7.638690 0.250000
144 85.304604 62.766815 0.000000 4.029687 1.367390 2.328022 4.353538 8.763769 0.333333
145 85.599121 62.335388 0.000000 3.551698 1.328644 2.205821 4.007086 7.807368 0.250000
146 85.434387 62.500896 0.000000 4.224763 1.325332 2.182876 3.923615 7.544001 0.333333
147 85.255211 62.587215 0.000000 3.858859 1.373146 2.355797 4.453613 9.090190 0.338373
148 85.364677 62.783722 0.000000 3.800249 1.393465 2.432731 4.694724 9.806978 0.251747
149 85.152008 62.349945 0.000000 4.189495 1.377674 2.368595 4.495884 9.240903 0.500053
150 85.449844 62.607121 0.000000 3.659824 1.286366 2.076802 3.675515 7.003395 0.250000
151 85.331245 62.404018 0.000000 4.021228 1.356817 2.292596 4.253318 8.498488 0.333333
152 85.368797 62.203789 0.000000 4.299213 1.360855 2.301868 4.275073 8.545413 0.333333
153 85.352028 62.580044 0.000000 4.742001 1.334315 2.228232 4.089292 8.090708 0.333333
154 85.468109 62.641388 0.000000 5.317898 1.309462 2.137207 3.807909 7.262878 0.333333
155 85.282104 62.587807 0.000000 4.947628 1.328986 2.214611 4.066574 8.077501 0.333333
157 85.273941 62.664440 0.000000 4.405732 1.320901 2.178668 3.931800 7.614828 0.333333
158 85.333496 62.555523 0.000000 4.466846 1.281003 2.056121 3.603034 6.763497 0.333333
159 85.473793 62.509449 0.000000 3.648458 1.264828 2.009826 3.489720 6.502070 0.333333
160 85.496521 62.967163 0.000000 3.850382 1.373292 2.378273 4.565206 9.514211 0.500000
162 85.205597 62.715492 0.000000 5.057917 1.325962 2.203127 4.025869 7.941424 0.333333
163 85.347282 62.672565 0.000000 5.204850 1.348796 2.278665 4.240970 8.532597 0.500000
164 85.380310 62.607071 0.000000 5.276145 1.318196 2.166084 3.888973 7.481023 0.500000
165 85.295494 62.557735 0.000000 6.088696 1.317221 2.171881 3.930722 7.664452 0.500000
166 85.399307 62.651989 0.000000 5.677661 1.305688 2.129917 3.788105 7.197379 0.500000
167 85.261818 62.552940 0.000000 5.914051 1.308336 2.168756 3.984316 7.974174 0.500000
168 85.319801 62.633690 0.000000 5.259336 1.278340 2.047657 3.586668 6.745551 0.500000
169 85.515167 62.713398 0.000000 5.563497 1.309537 2.142642 3.846734 7.441090 0.250000
170 85.272270 62.569454 0.000000 5.999527 1.307171 2.145371 3.872482 7.551440 0.333333
171 85.434456 62.807987 0.000000 5.286114 1.330242 2.207162 4.010231 7.819283 0.333333
172 85.256905 62.757557 0.000000 5.203124 1.361789 2.305604 4.273976 8.499265 0.250000
174 85.367371 62.975601 0.000000 6.411883 1.363670 2.335276 4.411886 9.007226 0.500000
175 85.260223 62.950619 0.000000 6.812060 1.356218 2.299576 4.289300 8.625582 0.200000
176 85.214058 62.918007 0.000000 5.987425 1.385590 2.395778 4.554244 9.318065 0.250000
177 85.174034 62.912769 0.000000 6.693038 1.381904 2.379301 4.499369 9.153958 0.200000
178 85.183006 62.990868 0.000000 6.111950 1.428798 2.538143 4.962901 10.447654 0.200000
179 85.200790 63.337379 0.000000 6.845472 1.333296 2.220815 4.052672 7.940098 0.250000
181 84.782463 63.173862 0.000000 6.738283 1.349218 2.283896 4.269337 8.644821 0.333333
182 84.962051 63.195282 0.000000 7.070478 1.381274 2.386841 4.549424 9.367399 0.333333
184 84.850571 63.064014 0.000000 5.535985 1.424331 2.527553 4.942599 10.420420 0.333333
186 84.607338 63.151279 0.000000 6.035273 1.348446 2.275108 4.224919 8.469592 0.200000
187 84.641205 63.150700 0.000000 5.809277 1.333771 2.228300 4.095743 8.124055 0.333333
188 84.564377 63.054344 0.000000 5.837930 1.343702 2.267228 4.215881 8.469077 0.333333
189 84.458046 63.038589 0.000000 5.680230 1.307457 2.142728 3.852598 7.454005 0.250000
190 84.496147 62.930187 0.000000 5.573815 1.375272 2.364148 4.469153 9.100569 0.200000
191 84.443748 63.055618 0.000000 5.832263 1.347666 2.266076 4.181563 8.298029 0.250000
192 84.579407 62.968517 0.000000 4.984016 1.362945 2.329398 4.400774 9.013063 0.250000
193 84.413490 63.044586 0.000000 5.403508 1.371778 2.351713 4.433414 9.000249 0.250000
194 84.267464 62.892479 0.000000 4.661482 1.407983 2.473202 4.789398 10.009861 0.142857
195 84.088806 62.978962 0.000000 5.418383 1.471070 2.707902 5.529175 12.229879 0.250000
197 84.096092 62.841072 0.000000 4.870550 1.386358 2.447929 4.822887 10.362300 0.250000
198 84.250092 62.951981 0.000000 3.978221 1.482589 2.715989 5.481363 11.909230 0.166667
200 84.410049 62.932400 0.000000 3.533209 1.399827 2.450654 4.727389 9.836740 0.250000
201 83.980362 62.528397 0.000000 3.075538 1.430968 2.577761 5.171449 11.293368 0.200000
202 84.168045 62.592606 0.000000 3.235516 1.356277 2.308207 4.364923 9.006297 0.250000
203 84.338608 62.620781 0.000000 3.244271 1.345472 2.256743 4.157006 8.249163 0.250000
205 84.572922 62.757515 0.000000 2.053378 1.462831 2.688306 5.501118 12.237973 0.200000
206 84.829842 62.540638 0.000000 1.833124 1.408589 2.492518 4.876424 10.314838 0.250000
207 84.817833 62.484615 0.000000 2.218669 1.463213 2.673268 5.432529 11.993258 0.200040
208 84.443344 62.876663 0.000000 1.945000 1.550392 2.977139 6.320061 14.465511 0.250071
210 85.052658 62.356403 0.000000 2.037225 1.385457 2.404813 4.637502 9.742538 0.200000
