%% Trajectory 26
%% frame x (pixel)     y (pixel)    z (pixel)      m0         m1           m2           m3           m4           s 
113 67.948837 43.751652 0.000000 1.425221 1.239900 1.946740 3.355425 6.242403 0.200171
114 68.003212 43.805798 0.000000 1.328314 1.267578 2.067879 3.757940 7.471357 0.225294
115 67.407791 43.804134 0.000000 1.082003 1.238804 2.009090 3.660851 7.374331 0.166781
117 68.474304 43.955746 0.000000 0.904893 1.214984 1.916889 3.344018 6.331282 0.166844
118 68.100067 43.948811 0.000000 0.997623 1.294063 2.216445 4.319518 9.325708 0.203817
119 68.213097 43.661285 0.000000 1.145590 1.208018 1.905910 3.369421 6.595799 0.200002
120 68.223343 43.585552 0.000000 1.320044 1.165503 1.730069 2.816932 4.977411 0.250000
121 68.398193 43.195259 0.000000 1.046454 1.217333 1.906913 3.307525 6.260720 0.266576
122 68.420830 43.381538 0.000000 1.263764 1.069287 1.467456 2.182225 3.509842 0.250000
123 67.940331 43.434525 0.000000 1.029755 1.132870 1.692400 2.839926 5.329081 0.250000
125 68.689316 43.775345 0.000000 1.471664 1.136948 1.671594 2.704095 4.772848 0.301281
126 68.561462 43.762520 0.000000 1.147731 1.206679 1.892247 3.288401 6.221238 0.333333
127 68.366180 43.257942 0.000000 1.524470 1.152472 1.714846 2.800464 4.957081 0.333333
128 68.359283 43.556046 0.000000 1.369789 1.170210 1.752643 2.882325 5.145535 0.257900
129 68.337807 43.777431 0.000000 1.959313 1.206735 1.868219 3.174348 5.821014 0.250024
130 68.571518 43.806229 0.000000 1.087503 1.149231 1.699520 2.757999 4.857185 0.250000
131 68.695496 43.828537 0.000000 1.782101 1.195458 1.846040 3.157439 5.899177 0.250131
132 68.591408 43.768387 0.000000 1.144387 1.067444 1.500895 2.307592 3.858947 0.250000
133 68.543312 43.752071 0.000000 1.784612 1.186320 1.832005 3.130152 5.832200 0.251047
134 68.386398 43.742416 0.000000 1.589469 1.099659 1.567630 2.444361 4.141987 0.253146
135 68.388000 43.678997 0.000000 1.696745 1.178555 1.766118 2.900354 5.156180 0.200001
136 68.554054 43.803955 0.000000 1.626220 1.201200 1.858339 3.187481 5.979780 0.200003
137 68.462814 43.695236 0.000000 1.911453 1.210833 1.870445 3.180377 5.864276 0.333333
138 68.415962 43.440788 0.000000 1.775623 1.206269 1.858844 3.165615 5.881121 0.250000
139 68.494217 43.781258 0.000000 1.744772 1.197876 1.843120 3.124334 5.747107 0.333333
140 68.369286 43.549931 0.000000 1.820058 1.114171 1.603574 2.526021 4.320833 0.333333
141 68.627686 43.861256 0.000000 1.824453 1.191248 1.827600 3.099983 5.742465 0.250907
142 68.839890 43.580822 0.000000 1.071013 1.077389 1.536665 2.451792 4.393388 0.200000
143 68.833031 43.944195 0.000000 1.199864 1.146066 1.721520 2.849706 5.123711 0.250000
144 68.482452 43.654224 0.000000 1.709401 1.149476 1.705866 2.778534 4.909597 0.250000
145 68.519554 43.772503 0.000000 1.431340 1.204453 1.859728 3.164269 5.844657 0.200000
146 68.221573 43.658314 0.000000 1.369664 1.144799 1.701465 2.780240 4.935270 0.200000
147 68.149315 43.573742 0.000000 1.785606 1.168100 1.749187 2.877169 5.134964 0.200012
148 68.440842 43.901917 0.000000 1.570928 1.273328 2.078594 3.750028 7.328408 0.250003
149 68.328682 43.744026 0.000000 1.268647 1.139889 1.675661 2.706112 4.752367 0.200000
150 68.214409 43.764576 0.000000 1.791669 1.164435 1.733095 2.832255 5.025274 0.200000
151 68.425713 43.537495 0.000000 1.417767 1.101599 1.565265 2.434474 4.123518 0.200000
152 67.988113 43.529213 0.000000 1.510598 1.173031 1.802701 3.090630 5.847333 0.200000
153 68.178993 43.576443 0.000000 1.598049 1.126998 1.616609 2.537476 4.332546 0.200000
154 68.257797 43.551140 0.000000 1.969147 1.141064 1.670943 2.687376 4.704374 0.200013
155 68.282974 43.486370 0.000000 1.647742 1.157327 1.748260 2.926594 5.360065 0.200000
156 68.301559 43.534721 0.000000 2.119070 1.146148 1.682655 2.709883 4.739196 0.250113
157 67.983490 43.202991 0.000000 1.737139 1.270496 2.054958 3.646674 6.962313 0.253366
158 68.248451 43.165749 0.000000 1.387263 1.131446 1.685001 2.797406 5.131952 0.250000
159 68.048378 43.172226 0.000000 1.723882 1.189455 1.836842 3.145284 5.885138 0.356788
160 68.119682 43.077732 0.000000 1.634046 1.190596 1.832371 3.139384 5.909125 0.202229
161 68.004723 43.021412 0.000000 1.766533 1.260834 2.070279 3.801237 7.649789 0.200000
162 68.254295 42.998882 0.000000 1.777301 1.226629 1.952925 3.457758 6.690498 0.250000
163 67.712021 42.817940 0.000000 2.085136 1.167749 1.747518 2.872664 5.125204 0.250000
164 67.568199 42.706131 0.000000 1.647059 1.191403 1.881169 3.359050 6.696515 0.217946
165 67.326790 42.638718 0.000000 1.961558 1.160158 1.733024 2.842366 5.055282 0.250000
166 67.630066 42.594322 0.000000 1.750512 1.065303 1.477319 2.237058 3.689624 0.200000
167 67.880516 42.546261 0.000000 1.324156 1.046852 1.441091 2.169255 3.564702 0.250000
169 67.377724 42.491730 0.000000 1.539484 1.075011 1.506835 2.312352 3.871171 0.250000
170 67.169403 42.556450 0.000000 1.262660 1.054309 1.451874 2.183147 3.576749 0.250000
171 67.239006 42.471004 0.000000 1.270030 1.008467 1.341779 1.938306 3.047607 0.200000
