%% Trajectory 11
%% frame x (pixel)     y (pixel)    z (pixel)      m0         m1           m2           m3           m4           s 
33 57.285309 66.208733 0.000000 1.084208 1.333762 2.253426 4.237382 8.707861 0.200000
34 57.438705 66.045639 0.000000 1.148059 1.325399 2.228789 4.157999 8.446123 0.200000
36 57.495018 66.317429 0.000000 0.957849 1.191214 1.807998 3.003007 5.383371 0.166667
37 57.357029 65.819794 0.000000 1.123674 1.360454 2.327111 4.389607 8.948311 0.200000
39 57.629871 65.800034 0.000000 1.267179 1.267951 2.018105 3.516490 6.588579 0.200000
40 57.206379 66.194969 0.000000 1.002877 1.310346 2.162297 3.930086 7.726795 0.200000
41 57.139271 66.068848 0.000000 1.370389 1.414317 2.527745 5.027047 10.865454 0.167465
42 57.406719 66.036293 0.000000 1.507154 1.334477 2.254699 4.222215 8.598041 0.201088
43 57.076397 66.018677 0.000000 1.809173 1.397972 2.448104 4.741034 9.940870 0.200000
44 57.391453 65.748856 0.000000 1.427488 1.300857 2.158736 3.980672 8.010745 0.166667
45 57.220905 66.082291 0.000000 1.919856 1.305486 2.146209 3.876670 7.545959 0.245875
46 57.271381 65.713371 0.000000 1.757398 1.306851 2.131293 3.790609 7.204505 0.186072
47 57.342541 65.990158 0.000000 1.697729 1.305823 2.166460 3.995626 8.041888 0.177909
48 57.329460 66.122284 0.000000 1.858605 1.376025 2.411805 4.735642 10.185974 0.170419
49 57.146740 66.264961 0.000000 1.897042 1.318361 2.187407 4.001513 7.916320 0.202229
50 57.211384 65.868080 0.000000 2.357618 1.341699 2.262104 4.208868 8.475821 0.200441
51 57.214344 65.997490 0.000000 1.786960 1.325292 2.212154 4.066165 8.068439 0.166667
52 57.325199 65.924782 0.000000 1.985020 1.341890 2.258916 4.186611 8.378889 0.348003
53 57.468433 66.182236 0.000000 2.013896 1.287080 2.082394 3.698233 7.083303 0.166834
54 57.426960 66.136314 0.000000 2.139293 1.272346 2.040122 3.586928 6.790986 0.209568
55 57.341812 65.987938 0.000000 2.192788 1.346347 2.286651 4.305403 8.815965 0.200030
56 57.161041 65.868248 0.000000 1.973762 1.322894 2.209308 4.084294 8.206750 0.200108
57 57.134930 65.730545 0.000000 2.271331 1.325952 2.211207 4.070106 8.117875 0.250084
58 57.345547 65.743324 0.000000 1.840998 1.318449 2.170036 3.906112 7.538702 0.188950
59 57.199497 66.016838 0.000000 1.934068 1.398153 2.460091 4.799283 10.154088 0.200000
60 57.310818 65.998878 0.000000 2.247754 1.370834 2.384696 4.624540 9.791138 0.166667
61 57.338612 65.849686 0.000000 1.983097 1.337597 2.239484 4.111005 8.109087 0.166667
62 57.268623 66.042267 0.000000 2.135147 1.327897 2.221559 4.101149 8.192440 0.100000
63 57.237309 65.905006 0.000000 2.573505 1.319649 2.180522 3.952781 7.707093 0.142857
64 57.123940 65.894791 0.000000 2.348820 1.335081 2.244169 4.160599 8.343083 0.125000
65 57.393509 65.911179 0.000000 2.412861 1.293575 2.098675 3.724548 7.091157 0.200000
66 57.181278 65.888626 0.000000 2.441778 1.344285 2.258373 4.175477 8.333431 0.166667
67 57.152042 66.023628 0.000000 2.690391 1.392383 2.430531 4.695606 9.831477 0.232347
68 57.229721 65.959877 0.000000 2.570456 1.362472 2.329589 4.398251 8.987112 0.175691
69 57.552639 66.083618 0.000000 2.611620 1.328079 2.207360 4.022953 7.879423 0.142857
70 57.191593 65.884941 0.000000 2.908279 1.309277 2.147095 3.858692 7.451056 0.142857
71 57.147594 65.741058 0.000000 2.930673 1.333748 2.227877 4.092263 8.108839 0.166667
72 57.021267 65.862312 0.000000 2.746409 1.346309 2.292153 4.327416 8.874807 0.142857
73 57.347557 65.715179 0.000000 2.509807 1.279990 2.056026 3.606805 6.778607 0.142857
74 57.220264 65.826553 0.000000 2.588450 1.319006 2.180099 3.945468 7.660673 0.125000
75 57.321701 65.885078 0.000000 2.628225 1.299808 2.128699 3.840862 7.501794 0.166667
76 57.117630 65.699883 0.000000 2.794608 1.322834 2.194854 3.997147 7.835927 0.125000
77 57.304638 65.945068 0.000000 2.564750 1.326828 2.215979 4.074851 8.090832 0.142857
78 57.321239 65.931023 0.000000 2.795969 1.330207 2.235801 4.150342 8.344572 0.166667
79 57.346146 65.963516 0.000000 2.861292 1.328313 2.219028 4.083537 8.122266 0.111111
80 57.393684 65.962906 0.000000 3.296674 1.315987 2.172414 3.941240 7.713278 0.166667
81 57.354977 65.802925 0.000000 3.271343 1.298697 2.110920 3.750027 7.140361 0.250000
82 57.279922 65.996315 0.000000 3.061671 1.359229 2.319795 4.371971 8.911997 0.166667
83 57.224686 65.885056 0.000000 2.889998 1.352472 2.285866 4.237468 8.440371 0.142857
84 57.204079 65.844444 0.000000 3.331602 1.328279 2.214862 4.064525 8.051284 0.166667
85 57.182835 65.894882 0.000000 2.565281 1.323855 2.203627 4.038844 7.992206 0.142869
86 56.974792 65.816666 0.000000 3.170011 1.359977 2.323534 4.387284 8.969806 0.142857
87 57.176659 65.668892 0.000000 3.595120 1.282143 2.057433 3.609697 6.796646 0.250000
88 57.109921 66.006836 0.000000 3.266374 1.374534 2.376128 4.541087 9.390961 0.200000
89 57.171959 66.089935 0.000000 3.302556 1.344054 2.270301 4.231628 8.530869 0.250000
90 56.941910 65.981789 0.000000 3.191214 1.360739 2.332695 4.417995 9.053380 0.200000
91 56.826698 65.919228 0.000000 3.879126 1.334212 2.250239 4.203758 8.529280 0.250000
92 56.818680 66.133575 0.000000 3.359075 1.325518 2.199152 4.000044 7.821360 0.200012
93 57.123936 65.904327 0.000000 3.097971 1.333273 2.237113 4.133552 8.245097 0.287315
94 56.846905 65.879501 0.000000 3.233543 1.369419 2.347037 4.436592 9.060909 0.202298
95 57.196114 65.935707 0.000000 3.560009 1.365970 2.348358 4.457019 9.137736 0.200030
96 56.912296 65.925713 0.000000 3.266887 1.371499 2.357300 4.475093 9.190138 0.200150
97 57.073257 66.007095 0.000000 3.618309 1.350303 2.310843 4.399704 9.132490 0.202947
98 57.076752 65.874062 0.000000 4.160875 1.366882 2.333646 4.384742 8.883582 0.202991
99 57.048237 66.071945 0.000000 3.762416 1.360194 2.336555 4.449311 9.194263 0.208829
100 57.042137 66.049950 0.000000 3.486950 1.392079 2.432546 4.700018 9.820167 0.379559
101 56.996613 65.809906 0.000000 3.979777 1.358088 2.317191 4.368853 8.919796 0.216925
102 56.946831 65.987389 0.000000 3.397488 1.362895 2.342143 4.450021 9.151436 0.215695
104 57.170986 65.828384 0.000000 4.146865 1.317288 2.187783 4.006556 7.939062 0.250000
105 57.098858 66.024071 0.000000 4.603373 1.364335 2.345868 4.463963 9.205077 0.200000
106 56.950287 65.973831 0.000000 3.652252 1.377643 2.394739 4.618013 9.669232 0.251848
108 57.146511 66.031143 0.000000 4.098057 1.349715 2.295757 4.323438 8.834537 0.442674
109 57.081577 65.882416 0.000000 4.064646 1.364588 2.334286 4.399587 8.949180 0.250000
110 57.162762 65.879555 0.000000 4.938025 1.322388 2.198013 4.021372 7.944553 0.250000
111 57.089535 65.948624 0.000000 4.611364 1.362709 2.333705 4.401241 8.950343 0.250000
112 57.185028 65.972336 0.000000 4.121286 1.341038 2.255683 4.164958 8.267811 0.250000
113 56.917336 65.800934 0.000000 4.510771 1.339432 2.251845 4.173641 8.361102 0.250000
114 57.151970 65.807228 0.000000 5.009760 1.340350 2.247739 4.140379 8.211601 0.250000
115 57.060143 65.970222 0.000000 4.740947 1.363805 2.336229 4.417816 9.030581 0.333333
116 56.978931 65.849129 0.000000 4.772152 1.344948 2.282881 4.291476 8.759832 0.250000
117 56.962727 65.825104 0.000000 4.856632 1.341044 2.270008 4.258457 8.680618 0.250000
118 56.733974 65.708252 0.000000 5.088883 1.310466 2.159626 3.917160 7.678560 0.333333
119 56.740673 65.725227 0.000000 4.557442 1.316680 2.173060 3.938843 7.694363 0.250000
120 56.650024 65.685410 0.000000 4.708370 1.263098 2.006362 3.489098 6.527883 0.250000
121 56.672081 65.487724 0.000000 4.850352 1.330466 2.220876 4.087893 8.146611 0.250000
122 56.793266 65.444038 0.000000 5.268717 1.290639 2.091849 3.716908 7.109535 0.333333
123 56.749443 65.310654 0.000000 4.721650 1.302289 2.124844 3.800128 7.312746 0.250000
124 56.517246 65.405586 0.000000 4.482628 1.309707 2.140420 3.816883 7.281118 0.250000
125 56.505596 65.367119 0.000000 4.310666 1.309931 2.151327 3.880075 7.546159 0.250000
126 56.554626 65.337318 0.000000 4.455129 1.348921 2.288774 4.303105 8.794584 0.250000
127 56.652367 65.269775 0.000000 3.791337 1.306157 2.150459 3.912359 7.730919 0.250000
128 56.495045 65.095627 0.000000 3.844326 1.335338 2.234748 4.109064 8.135199 0.250254
129 56.301506 65.016167 0.000000 4.667734 1.407525 2.470186 4.771025 9.919623 0.398007
130 56.405609 64.771332 0.000000 5.263551 1.343170 2.251158 4.138863 8.183297 0.250000
131 56.250347 64.547531 0.000000 5.334518 1.349251 2.272056 4.200342 8.357683 0.250000
132 56.416706 64.586304 0.000000 4.713575 1.349679 2.262191 4.149832 8.164618 0.250001
133 56.370113 64.556549 0.000000 4.468311 1.406000 2.454675 4.713675 9.749344 0.359010
134 56.398720 64.603729 0.000000 4.264194 1.377741 2.359332 4.433363 8.955492 0.258964
135 57.077637 64.663208 0.000000 4.105006 1.403881 2.455924 4.733955 9.844462 0.452119
137 57.217434 65.002449 0.000000 4.041973 1.385257 2.409474 4.638110 9.674685 0.250007
138 57.109493 65.065987 0.000000 4.193741 1.399006 2.445080 4.720445 9.851974 0.250004
139 56.907227 64.899155 0.000000 3.707777 1.392106 2.430336 4.695816 9.829536 0.250004
140 57.214771 64.880898 0.000000 3.462289 1.428333 2.539754 4.990889 10.609007 0.281953
141 57.211643 64.846382 0.000000 3.588957 1.390415 2.407947 4.588920 9.428385 0.384071
142 57.299316 64.867599 0.000000 3.376113 1.404630 2.446359 4.681261 9.638884 0.471247
143 57.195431 64.957550 0.000000 3.304577 1.392545 2.432694 4.706512 9.876330 0.250004
144 57.217285 64.934036 0.000000 3.309488 1.385099 2.407458 4.632710 9.666571 0.381787
145 57.101746 64.840942 0.000000 3.078264 1.442414 2.578336 5.066532 10.703442 0.250061
146 57.042786 64.826157 0.000000 3.074055 1.412625 2.490774 4.851265 10.212674 0.208426
147 56.650364 64.657051 0.000000 2.970316 1.344362 2.260270 4.172879 8.293455 0.166667
148 56.879608 65.154587 0.000000 2.793832 1.350262 2.291229 4.292491 8.705622 0.200567
149 57.012753 65.135483 0.000000 2.993389 1.431257 2.558213 5.060202 10.833490 0.250000
150 56.858028 65.046364 0.000000 2.727466 1.393359 2.430220 4.683858 9.771028 0.200000
151 56.474854 64.703735 0.000000 2.308401 1.332903 2.232623 4.118030 8.208149 0.200001
153 56.717857 64.464752 0.000000 2.959198 1.400937 2.441519 4.678596 9.656145 0.200000
154 56.565945 64.580231 0.000000 3.064398 1.377248 2.340153 4.341285 8.617002 0.166667
155 56.283672 64.184105 0.000000 2.734565 1.436131 2.572136 5.087283 10.867625 0.200000
156 56.601887 64.559479 0.000000 2.348293 1.438054 2.567739 5.047197 10.689922 0.200000
158 56.034016 64.543488 0.000000 2.574208 1.473870 2.698319 5.461566 11.943866 0.200000
159 56.356716 64.350006 0.000000 2.412380 1.476293 2.713743 5.510345 12.073368 0.167826
160 56.376778 64.263992 0.000000 2.295112 1.424616 2.527461 4.952161 10.482005 0.166667
162 55.559853 65.172546 0.000000 1.497416 1.502709 2.846950 6.032312 13.917164 0.148276
164 56.077278 65.251907 0.000000 1.152269 1.421999 2.524579 4.969775 10.612020 0.271554
166 54.985012 64.278786 0.000000 1.442515 1.485913 2.755969 5.667633 12.604423 0.151709
167 54.527443 64.173279 0.000000 1.551126 1.441074 2.581917 5.125045 11.033456 0.361714
169 55.736057 64.466431 0.000000 1.313209 1.452229 2.636693 5.301812 11.533769 0.197658
170 55.391056 64.298279 0.000000 1.119769 1.267638 2.040217 3.641624 7.103146 0.228011
172 56.527077 63.399776 0.000000 1.229764 1.352301 2.297829 4.309903 8.752457 0.155670
