%% Trajectory 23
%% frame x (pixel)     y (pixel)    z (pixel)      m0         m1           m2           m3           m4           s 
126 56.215584 51.244122 0.000000 1.275574 1.356909 2.332334 4.429517 9.095090 0.252853
127 56.153080 50.690002 0.000000 1.421443 1.359730 2.311070 4.330932 8.777771 0.358888
128 56.310730 50.649601 0.000000 1.685642 1.382499 2.376283 4.479208 9.065875 0.250000
129 56.425789 50.876377 0.000000 1.722891 1.338839 2.248301 4.160717 8.327050 0.366176
130 56.266178 50.616413 0.000000 1.765746 1.412179 2.476976 4.786801 9.977209 0.262126
131 56.499832 50.340343 0.000000 1.262965 1.407401 2.469567 4.780752 9.994617 0.200009
132 56.031570 50.772587 0.000000 1.461890 1.458831 2.661943 5.391542 11.846013 0.487095
133 56.055164 50.597931 0.000000 1.500445 1.379372 2.396276 4.610115 9.619834 0.250056
134 56.433186 50.500591 0.000000 1.556642 1.404316 2.443964 4.667905 9.582749 0.187202
135 56.234081 50.602428 0.000000 1.499672 1.364940 2.330316 4.379688 8.881223 0.167378
136 56.271317 50.670475 0.000000 1.379455 1.399438 2.427064 4.613629 9.408025 0.252349
137 56.105476 50.771046 0.000000 2.102360 1.366895 2.330943 4.368320 8.810115 0.469372
138 56.417854 50.856686 0.000000 2.272666 1.326696 2.199771 4.000878 7.830876 0.250000
139 56.542667 50.773472 0.000000 2.293997 1.357064 2.282810 4.206228 8.325858 0.200001
140 56.328922 50.416695 0.000000 2.224306 1.355438 2.284131 4.212553 8.327796 0.200000
141 56.554562 50.492210 0.000000 2.040356 1.311798 2.147158 3.843984 7.381191 0.166667
142 56.306232 50.486244 0.000000 2.282672 1.341338 2.240176 4.091539 8.007343 0.166667
143 56.361893 50.759766 0.000000 2.133278 1.334934 2.225872 4.062643 7.952820 0.200077
144 56.349457 50.640957 0.000000 2.699113 1.354057 2.275316 4.172200 8.177134 0.200000
145 56.473846 50.434151 0.000000 3.198240 1.334048 2.213293 4.012539 7.793058 0.166667
147 56.566238 50.605606 0.000000 2.714873 1.318069 2.165692 3.893009 7.510443 0.166667
148 56.268963 50.655220 0.000000 2.928897 1.398513 2.429902 4.640992 9.539728 0.166669
149 56.388546 50.474483 0.000000 2.778661 1.346226 2.249132 4.109289 8.049937 0.166687
150 56.415192 50.594959 0.000000 2.778821 1.334870 2.211145 3.986975 7.664173 0.227353
151 56.605762 50.653175 0.000000 2.942892 1.330102 2.202556 3.980220 7.692630 0.166667
152 56.499420 50.495193 0.000000 2.375908 1.408704 2.471585 4.768088 9.901510 0.171778
153 56.493755 50.421967 0.000000 2.829945 1.362649 2.312656 4.313714 8.669601 0.166667
154 56.231419 50.460747 0.000000 2.925063 1.330344 2.213795 4.036001 7.902203 0.243069
155 56.388252 50.489544 0.000000 2.836945 1.334040 2.223331 4.057515 7.949609 0.166667
156 56.457264 50.666073 0.000000 2.659397 1.399817 2.439332 4.673720 9.640176 0.173975
157 56.313499 50.704613 0.000000 2.316820 1.365332 2.334354 4.402239 8.971382 0.142857
158 56.276920 50.733200 0.000000 2.830080 1.402042 2.456483 4.756966 9.967846 0.171233
159 56.368153 50.428337 0.000000 2.683627 1.357466 2.305441 4.311296 8.705101 0.166667
160 56.290810 50.480808 0.000000 2.699427 1.511069 2.815771 5.768259 12.685020 0.166667
161 56.437725 50.314232 0.000000 3.143454 1.426127 2.525795 4.919174 10.304111 0.202777
162 56.172890 50.488300 0.000000 2.810145 1.375413 2.367310 4.487799 9.178727 0.166710
163 56.265694 50.483894 0.000000 2.536595 1.432802 2.566444 5.087157 10.910025 0.180330
164 55.993996 50.175407 0.000000 2.770178 1.488889 2.756627 5.651689 12.528711 0.278216
165 56.021713 50.533794 0.000000 3.177823 1.420172 2.524351 4.967559 10.588922 0.202845
166 55.842369 50.384476 0.000000 3.141688 1.437767 2.567345 5.059514 10.767808 0.200000
167 55.871609 50.573341 0.000000 2.488752 1.427664 2.539193 4.977496 10.518888 0.166744
168 55.961185 50.384895 0.000000 2.991521 1.445116 2.611702 5.233706 11.368976 0.215007
169 55.737823 49.988850 0.000000 2.741023 1.425609 2.550632 5.065051 10.918294 0.200000
170 55.813824 49.876312 0.000000 3.068567 1.443913 2.592851 5.145796 11.038185 0.166667
171 56.154549 49.753197 0.000000 2.968737 1.406292 2.450134 4.687435 9.642552 0.250000
172 55.731239 49.619244 0.000000 3.118259 1.371095 2.330307 4.350929 8.753292 0.250006
173 55.680359 49.911118 0.000000 2.655482 1.407260 2.479190 4.833190 10.210293 0.250262
174 55.584335 49.873219 0.000000 2.499257 1.376688 2.398547 4.652903 9.849634 0.200001
175 55.867641 49.831097 0.000000 2.128890 1.406247 2.479508 4.844400 10.269640 0.175363
176 55.792183 49.834652 0.000000 2.187299 1.383668 2.397613 4.596065 9.550115 0.225168
177 55.307789 50.107994 0.000000 2.415166 1.396489 2.429657 4.660579 9.655483 0.352962
178 55.598473 49.556545 0.000000 2.585927 1.347686 2.256047 4.121397 8.049877 0.200000
180 54.893730 50.022675 0.000000 1.648565 1.490576 2.758612 5.640318 12.448071 0.200000
182 55.150452 49.999336 0.000000 1.413709 1.557912 2.997250 6.355577 14.483372 0.276718
184 55.165760 50.220306 0.000000 1.505260 1.507004 2.850432 5.987149 13.609992 0.167250
