%% Trajectory 11
%% frame x (pixel)     y (pixel)    z (pixel)      m0         m1           m2           m3           m4           s 
15 69.822777 44.062592 0.000000 0.973174 1.214180 1.906219 3.323248 6.343320 0.144083
16 69.799385 44.515881 0.000000 1.171359 1.200236 1.839322 3.100204 5.669788 0.157727
17 69.510765 44.452160 0.000000 1.288745 1.254919 2.039151 3.703419 7.402945 0.136433
18 69.754570 44.501400 0.000000 1.006763 1.113464 1.603705 2.521223 4.290226 0.125000
19 69.619179 44.263977 0.000000 1.317086 1.181705 1.798212 3.040336 5.665244 0.280111
20 69.583687 44.455368 0.000000 1.574932 1.150192 1.696351 2.741333 4.809024 0.125091
21 69.763557 44.294636 0.000000 1.534858 1.202384 1.843695 3.108540 5.680899 0.175194
22 69.783142 44.227085 0.000000 1.353494 1.169973 1.766847 2.926584 5.241112 0.170007
24 69.655273 44.207256 0.000000 2.065597 1.212509 1.902858 3.344215 6.514080 0.142859
25 69.837929 44.336815 0.000000 2.173251 1.228944 1.935222 3.361435 6.342801 0.175093
26 69.727638 44.446400 0.000000 2.538854 1.233396 1.923757 3.285630 6.043097 0.166667
27 69.671715 44.381790 0.000000 2.402593 1.194877 1.818474 3.032236 5.461813 0.166667
28 69.636337 44.249866 0.000000 2.046726 1.182327 1.786757 2.981585 5.441376 0.200282
29 69.637321 44.345840 0.000000 2.510039 1.210477 1.854566 3.112270 5.638388 0.166667
30 69.786461 44.499096 0.000000 2.618503 1.207206 1.845279 3.089115 5.583154 0.200000
31 69.740021 44.485210 0.000000 3.316788 1.222985 1.893005 3.206830 5.851904 0.200001
32 69.683899 44.322121 0.000000 3.139924 1.217402 1.876843 3.179846 5.842030 0.200000
33 69.604706 44.420158 0.000000 3.501314 1.227790 1.909339 3.258203 6.008786 0.142857
34 69.666656 44.313923 0.000000 3.177198 1.195646 1.811859 3.006966 5.392742 0.166667
36 69.729652 44.274292 0.000000 3.983187 1.244585 1.958056 3.371724 6.244666 0.125000
37 69.750801 44.403061 0.000000 4.078167 1.234154 1.923730 3.283696 6.037526 0.142857
38 69.764282 44.354443 0.000000 4.192154 1.236997 1.931329 3.300723 6.072886 0.142857
39 69.705978 44.398346 0.000000 4.886533 1.248108 1.962360 3.375190 6.241479 0.142857
40 69.711403 44.431782 0.000000 4.456676 1.238120 1.934003 3.305870 6.081018 0.142857
41 69.634521 44.373833 0.000000 4.912715 1.253542 1.977456 3.411141 6.322973 0.145829
42 69.697342 44.523560 0.000000 5.310568 1.263730 2.007760 3.487348 6.502280 0.142857
43 69.725449 44.395897 0.000000 4.887481 1.260622 1.997263 3.459875 6.436727 0.142994
44 69.583321 44.473671 0.000000 5.493854 1.248312 1.964898 3.382597 6.258178 0.166667
45 69.597473 44.522606 0.000000 5.797997 1.301404 2.123899 3.799735 7.310468 0.166667
46 69.489693 44.661575 0.000000 5.869670 1.361297 2.318974 4.352299 8.813471 0.200001
47 69.521523 44.679432 0.000000 6.247785 1.305454 2.142087 3.871264 7.563029 0.166667
48 69.536789 44.518120 0.000000 5.621389 1.311049 2.158208 3.909770 7.647975 0.166667
49 69.542877 44.558769 0.000000 6.380364 1.305651 2.134340 3.819486 7.338265 0.166667
50 69.601837 44.610844 0.000000 5.937703 1.305242 2.130283 3.806439 7.303857 0.200000
51 69.676338 44.615555 0.000000 5.818912 1.309257 2.141965 3.830690 7.342412 0.166667
52 69.556015 44.791767 0.000000 5.963441 1.311069 2.152951 3.878724 7.520025 0.166667
53 69.605110 44.820110 0.000000 6.211811 1.318011 2.170916 3.918950 7.606793 0.166667
54 69.733521 44.753807 0.000000 6.211411 1.298707 2.107745 3.737149 7.099595 0.200000
55 69.679039 44.901146 0.000000 5.968185 1.333656 2.232189 4.118175 8.217223 0.200000
56 69.770935 44.736027 0.000000 6.488421 1.310628 2.154406 3.891312 7.581168 0.166667
57 69.782021 44.886555 0.000000 6.691295 1.339493 2.254712 4.188352 8.423223 0.200001
58 69.773003 44.874275 0.000000 6.394233 1.334712 2.238277 4.140250 8.286494 0.166667
59 69.746506 44.871521 0.000000 6.357623 1.324718 2.208640 4.065837 8.111906 0.166667
60 69.880753 44.904106 0.000000 6.791854 1.349512 2.282592 4.251942 8.547741 0.200000
61 69.731689 44.971439 0.000000 6.558754 1.365040 2.335043 4.408338 9.002576 0.167966
62 69.875862 44.949829 0.000000 5.938140 1.384659 2.410681 4.652215 9.742983 0.166667
63 69.797279 45.052708 0.000000 5.815801 1.368718 2.354547 4.478983 9.232609 0.200000
64 69.699432 45.233383 0.000000 5.611213 1.325857 2.210161 4.060574 8.068918 0.200000
65 69.538612 45.174377 0.000000 5.443325 1.327690 2.216694 4.088502 8.181793 0.200000
66 69.574921 45.286312 0.000000 5.576931 1.311551 2.155319 3.889662 7.568347 0.200000
67 69.718315 45.437943 0.000000 5.623253 1.302379 2.119120 3.768946 7.187370 0.200000
68 69.846909 45.547607 0.000000 5.080389 1.331295 2.215123 4.036328 7.894711 0.250000
69 69.784882 45.460018 0.000000 5.195150 1.320453 2.183652 3.966209 7.763473 0.200000
70 69.553207 45.542831 0.000000 5.140579 1.285914 2.073128 3.657073 6.929437 0.200000
71 69.618797 45.665833 0.000000 4.952776 1.312919 2.153370 3.865278 7.449565 0.200000
72 69.773811 45.639423 0.000000 5.122023 1.312599 2.151253 3.857976 7.427207 0.200000
73 69.864212 45.782204 0.000000 4.540661 1.354113 2.297343 4.296677 8.686095 0.200000
74 69.979836 45.829777 0.000000 3.877939 1.346830 2.270970 4.215861 8.442919 0.315195
75 70.052429 45.866917 0.000000 3.796344 1.365185 2.329177 4.366684 8.810570 0.250010
76 70.094559 45.740543 0.000000 4.006051 1.325553 2.200963 4.009575 7.858592 0.359316
77 70.111031 45.724419 0.000000 4.161660 1.314209 2.173349 3.963360 7.825861 0.200000
78 70.410240 45.866161 0.000000 3.676788 1.337083 2.224754 4.044161 7.868169 0.200020
79 70.431313 45.770782 0.000000 3.163476 1.266964 2.013137 3.495959 6.516098 0.200000
80 70.390572 45.767269 0.000000 2.926116 1.265805 2.011514 3.495246 6.520821 0.200000
81 70.474464 45.792904 0.000000 3.119874 1.287531 2.070769 3.635722 6.837032 0.200000
82 70.790520 45.888168 0.000000 3.033006 1.322770 2.187819 3.968373 7.739652 0.250001
83 70.922256 45.994995 0.000000 2.745727 1.365760 2.345372 4.446087 9.108420 0.250000
84 70.488449 45.989567 0.000000 2.945331 1.308491 2.174524 4.017979 8.113446 0.250000
85 70.188004 46.121391 0.000000 3.123982 1.297122 2.127351 3.862557 7.630154 0.250000
86 70.136925 46.146420 0.000000 2.995935 1.324803 2.219010 4.117274 8.304783 0.250000
87 70.751762 46.145645 0.000000 2.608370 1.362698 2.324504 4.382446 8.957053 0.250000
88 71.109077 46.506191 0.000000 2.440225 1.345276 2.269637 4.215220 8.442087 0.250000
89 71.131889 46.348537 0.000000 2.261484 1.369383 2.345504 4.428360 9.031251 0.250000
91 70.688210 46.569138 0.000000 1.518226 1.300784 2.132352 3.857825 7.571750 0.207676
92 70.337669 46.343483 0.000000 1.408420 1.306292 2.181502 4.073025 8.342414 0.250000
93 70.705963 46.389599 0.000000 1.031094 1.243359 1.960965 3.397033 6.361155 0.250505
95 69.949379 46.412659 0.000000 1.260008 1.295341 2.146731 3.948504 7.917149 0.178571
97 71.354126 46.079994 0.000000 1.112060 1.277144 2.104504 3.912989 8.086330 0.200000
