%% Trajectory 24
%% frame x (pixel)     y (pixel)    z (pixel)      m0         m1           m2           m3           m4           s 
72 38.738182 76.611328 0.000000 0.615387 1.263868 2.154938 4.289062 9.727468 0.173990
73 38.634491 76.364784 0.000000 0.621762 1.304086 2.211129 4.261459 9.145666 0.193963
74 38.850483 76.420425 0.000000 0.877138 1.359221 2.355293 4.585564 9.829409 0.277612
76 39.559250 76.469139 0.000000 0.897055 1.430968 2.676976 5.665023 13.165722 0.105275
78 38.854500 75.709892 0.000000 1.389144 1.292563 2.111059 3.815296 7.504135 0.166667
79 38.734192 75.984131 0.000000 1.055902 1.437401 2.602553 5.229620 11.400245 0.166668
80 38.842129 75.718727 0.000000 1.095926 1.231521 1.929505 3.338505 6.291568 0.171990
81 38.672874 75.853424 0.000000 1.727547 1.358949 2.309522 4.318797 8.714493 0.166667
82 38.985561 75.624718 0.000000 1.824574 1.333717 2.237478 4.149947 8.356762 0.299283
83 38.823078 75.898415 0.000000 1.754774 1.355852 2.331539 4.448223 9.217407 0.171224
84 39.049202 75.647324 0.000000 1.787745 1.448272 2.630674 5.297158 11.550445 0.204876
86 38.844215 75.942505 0.000000 1.814774 1.352732 2.316829 4.394490 9.041823 0.166672
87 38.892063 75.643929 0.000000 2.218942 1.329944 2.223736 4.105538 8.215770 0.166667
88 38.674713 76.005920 0.000000 2.038479 1.344179 2.281569 4.284736 8.726368 0.166667
89 39.016533 75.834015 0.000000 2.627951 1.447043 2.612208 5.199626 11.151713 0.250000
90 38.778454 75.935600 0.000000 2.803149 1.346849 2.275356 4.236885 8.520974 0.200132
91 38.986816 75.950859 0.000000 2.450614 1.407022 2.486513 4.868713 10.329518 0.166667
92 38.948872 75.578239 0.000000 2.777613 1.344398 2.272762 4.255027 8.659666 0.167694
93 38.995541 75.573853 0.000000 3.263299 1.351010 2.293516 4.304059 8.755206 0.244618
94 38.939636 75.682076 0.000000 3.349761 1.360106 2.309530 4.314266 8.692432 0.245747
95 38.919403 75.846512 0.000000 2.750234 1.353744 2.289332 4.252017 8.494715 0.166667
96 39.068760 75.739548 0.000000 2.845298 1.376851 2.370609 4.493989 9.182502 0.200907
97 38.760036 75.910568 0.000000 2.975529 1.364777 2.325846 4.357843 8.793125 0.166678
98 38.885269 75.693848 0.000000 3.054785 1.349966 2.275985 4.208064 8.356475 0.166668
99 38.995480 75.827217 0.000000 3.566216 1.369649 2.373174 4.559325 9.508959 0.213433
100 39.134155 75.853569 0.000000 3.212056 1.351350 2.288819 4.278763 8.658086 0.200489
101 38.935081 75.776474 0.000000 3.464547 1.387815 2.405272 4.586877 9.422683 0.166667
102 38.983315 75.563889 0.000000 3.807663 1.393162 2.420285 4.632729 9.568996 0.250013
103 38.877388 75.732010 0.000000 3.767900 1.322682 2.199993 4.036109 8.014705 0.200000
104 38.929153 75.911133 0.000000 3.494382 1.375456 2.374821 4.533593 9.372551 0.166667
105 38.819096 75.834831 0.000000 3.984350 1.353123 2.286410 4.242591 8.468166 0.166667
106 38.873295 75.848206 0.000000 3.674361 1.376552 2.370713 4.501777 9.232195 0.200000
107 38.830162 75.624405 0.000000 4.502344 1.332824 2.219688 4.053070 7.956143 0.200000
108 38.806339 75.659309 0.000000 4.430755 1.335010 2.224744 4.058521 7.940695 0.250000
109 38.882511 75.858795 0.000000 5.072865 1.372365 2.356717 4.466661 9.153623 0.200000
110 38.853611 75.738365 0.000000 4.448475 1.360391 2.304698 4.283190 8.554590 0.250000
111 39.002769 75.740974 0.000000 5.115983 1.378269 2.379612 4.543248 9.399163 0.200000
112 38.905460 75.799713 0.000000 4.493397 1.360970 2.320436 4.361866 8.857184 0.250000
113 38.913048 75.837181 0.000000 4.646616 1.368934 2.341831 4.414401 8.980710 0.200000
114 38.938160 75.635666 0.000000 4.597823 1.382444 2.377332 4.491368 9.128083 0.200000
115 38.928635 75.735008 0.000000 4.895289 1.373742 2.357916 4.456308 9.082777 0.200000
116 38.944992 75.753891 0.000000 4.808793 1.371993 2.355798 4.455764 9.090931 0.200000
117 38.927757 75.732498 0.000000 5.028203 1.369155 2.350375 4.464104 9.196211 0.200000
118 38.918350 75.710625 0.000000 4.788958 1.360859 2.318026 4.345574 8.783458 0.200000
119 38.886723 75.639084 0.000000 4.811958 1.364416 2.320060 4.330781 8.692445 0.200000
120 39.014412 75.621536 0.000000 4.570438 1.363331 2.321097 4.350614 8.800996 0.200000
121 38.932487 75.605141 0.000000 4.687647 1.392377 2.418244 4.631804 9.581729 0.200000
123 39.003216 75.585152 0.000000 4.965443 1.385291 2.402249 4.598217 9.511289 0.250000
124 39.139156 75.629021 0.000000 4.613480 1.383083 2.379684 4.501012 9.173190 0.200000
125 38.915848 75.663094 0.000000 4.859898 1.357235 2.295507 4.266485 8.538936 0.200000
126 38.885365 75.551758 0.000000 5.434137 1.349748 2.275074 4.216005 8.422979 0.200000
127 38.910255 75.622589 0.000000 5.651826 1.392634 2.419321 4.632414 9.575523 0.200000
128 39.037918 75.514595 0.000000 5.310385 1.371505 2.351844 4.442285 9.057981 0.200000
129 39.055550 75.605209 0.000000 5.315712 1.393474 2.411094 4.582450 9.370108 0.250000
130 38.949570 75.668030 0.000000 5.566731 1.393686 2.428717 4.676711 9.744178 0.250000
131 39.119446 75.425194 0.000000 4.867280 1.387075 2.391003 4.532256 9.256929 0.200000
132 39.126137 75.554665 0.000000 5.535779 1.368067 2.332104 4.365945 8.799551 0.200000
133 39.340679 75.658897 0.000000 5.573811 1.344719 2.260570 4.181429 8.351867 0.250000
134 39.229656 75.623344 0.000000 5.132486 1.383244 2.370039 4.446758 8.951509 0.250000
135 39.272018 75.646675 0.000000 5.227773 1.407240 2.455845 4.707901 9.708448 0.250000
136 39.140114 75.604645 0.000000 5.212733 1.415510 2.483056 4.786773 9.929828 0.250000
137 39.348843 75.585457 0.000000 4.847116 1.371686 2.332388 4.340673 8.666097 0.250000
138 39.191082 75.444832 0.000000 5.115852 1.390061 2.399867 4.560534 9.351267 0.250000
139 39.316151 75.311913 0.000000 5.156652 1.370012 2.327151 4.328894 8.642611 0.250000
140 39.270134 75.338898 0.000000 5.550108 1.368943 2.338675 4.396249 8.914866 0.250000
141 39.281391 75.219124 0.000000 4.811851 1.438078 2.572632 5.084691 10.866011 0.250000
142 39.172344 74.992424 0.000000 5.082532 1.450886 2.631491 5.291910 11.534477 0.250000
143 39.396748 75.127808 0.000000 4.928657 1.481508 2.708758 5.456336 11.841702 0.250000
144 39.392563 75.269157 0.000000 4.952134 1.367812 2.325304 4.329343 8.650478 0.250000
145 39.435020 75.165634 0.000000 5.060231 1.391857 2.408297 4.574825 9.344021 0.250000
146 39.333073 75.085632 0.000000 4.616186 1.442946 2.586270 5.109390 10.888239 0.250000
147 39.335800 75.010780 0.000000 4.435012 1.436171 2.557128 5.018616 10.624717 0.255666
148 39.386917 75.199287 0.000000 4.464880 1.397201 2.432402 4.666718 9.667941 0.250000
149 39.466576 75.273430 0.000000 4.838674 1.375429 2.356020 4.433466 8.981601 0.251625
150 39.408707 74.979462 0.000000 4.399084 1.494360 2.754612 5.590450 12.210645 0.399764
151 39.575840 74.909027 0.000000 4.729466 1.513004 2.817292 5.768497 12.689015 0.295653
152 39.603668 74.854034 0.000000 4.390038 1.432477 2.561380 5.061350 10.815736 0.251597
153 39.609459 74.854408 0.000000 4.569695 1.445814 2.590121 5.113772 10.892605 0.200407
154 39.311569 74.674232 0.000000 4.031820 1.457928 2.630286 5.224586 11.177810 0.253872
155 39.304630 74.683266 0.000000 3.526942 1.431914 2.539384 4.945632 10.350021 0.250000
156 39.611015 74.825798 0.000000 3.698555 1.406438 2.465439 4.766256 9.954157 0.200000
157 39.623730 74.631599 0.000000 3.526301 1.392866 2.420985 4.647867 9.662352 0.250000
158 39.625103 74.774002 0.000000 3.181603 1.465722 2.660562 5.324799 11.491404 0.200010
159 39.805992 74.564125 0.000000 3.281021 1.502969 2.784653 5.676997 12.449981 0.292810
160 39.913235 74.743233 0.000000 3.193361 1.493739 2.773244 5.692001 12.613955 0.250000
161 40.258575 74.456490 0.000000 2.672326 1.540819 2.896629 5.967578 13.168567 0.320309
162 39.876366 74.549644 0.000000 2.249201 1.497434 2.790633 5.768602 12.905870 0.254736
163 40.062267 74.672684 0.000000 1.904755 1.443758 2.641731 5.391785 11.971010 0.416232
164 39.803543 74.554039 0.000000 1.715821 1.559883 3.048252 6.635013 15.648329 0.200280
165 39.816853 74.069443 0.000000 1.337638 1.432498 2.591619 5.230694 11.487239 0.200000
166 39.971436 74.363205 0.000000 1.992351 1.407180 2.490482 4.889098 10.419273 0.262261
167 40.446705 74.335510 0.000000 1.494143 1.526919 2.880465 5.986450 13.385179 0.305820
169 40.288769 73.390480 0.000000 1.435815 1.290877 2.079669 3.655032 6.873392 0.250055
170 40.504463 73.779648 0.000000 1.660606 1.303843 2.196379 4.170301 8.768538 0.250000
171 40.727982 73.765305 0.000000 1.674437 1.248124 2.028305 3.699086 7.455073 0.250000
173 40.664452 73.721855 0.000000 1.074955 1.380503 2.437104 4.815765 10.408314 0.250002
174 40.669777 74.159241 0.000000 1.349205 1.499075 2.821279 5.896863 13.347072 0.333333
