%% Trajectory 64
%% frame x (pixel)     y (pixel)    z (pixel)      m0         m1           m2           m3           m4           s 
122 59.740437 70.459984 0.000000 0.711000 1.398518 2.474536 4.891007 10.571906 0.204181
123 59.906315 70.651375 0.000000 0.630737 1.343349 2.299859 4.370278 9.023451 0.143978
125 59.542557 70.634422 0.000000 0.772008 1.429482 2.571189 5.156958 11.272154 0.268089
126 59.533134 70.661026 0.000000 0.819173 1.292989 2.119346 3.850457 7.623558 0.170120
127 59.493565 70.647041 0.000000 0.902534 1.397141 2.483439 4.950672 10.826585 0.233836
128 59.414719 70.656715 0.000000 1.002079 1.354112 2.331091 4.477829 9.412908 0.172426
129 59.671913 70.684074 0.000000 1.263779 1.301767 2.134999 3.860716 7.563606 0.150243
130 59.793503 70.959503 0.000000 1.069039 1.362893 2.358713 4.535745 9.490606 0.228727
131 59.608162 71.210915 0.000000 1.373906 1.359076 2.357521 4.591236 9.837192 0.142865
132 59.652290 70.892326 0.000000 0.944741 1.355598 2.295210 4.284302 8.639987 0.170774
133 60.214134 70.993790 0.000000 1.028450 1.391091 2.421079 4.648523 9.629738 0.292275
134 60.077255 70.708992 0.000000 0.940654 1.417675 2.511646 4.931840 10.497465 0.146005
135 59.671436 71.175674 0.000000 1.192552 1.310885 2.163687 3.938734 7.764765 0.187702
136 59.736252 70.773865 0.000000 1.060939 1.269716 2.029023 3.550488 6.679977 0.143094
137 59.775391 70.976913 0.000000 0.969290 1.312009 2.172070 3.961114 7.801718 0.271904
138 59.786301 70.712189 0.000000 1.135251 1.319362 2.179245 3.956681 7.750064 0.177575
139 59.549702 70.414215 0.000000 1.448758 1.304321 2.139017 3.848473 7.456474 0.185571
140 59.532139 70.739799 0.000000 1.272174 1.309311 2.149214 3.902218 7.702383 0.191565
141 60.099106 71.045097 0.000000 1.329657 1.330067 2.242027 4.181974 8.453845 0.184365
142 59.927486 70.951759 0.000000 1.181530 1.324204 2.212402 4.090553 8.206725 0.200000
143 59.859909 70.781990 0.000000 1.258853 1.248077 1.967111 3.402384 6.350459 0.166667
144 59.655167 70.699287 0.000000 1.205784 1.312545 2.175204 3.991349 7.969024 0.188556
145 59.574017 70.813583 0.000000 1.458175 1.342660 2.277721 4.274998 8.705165 0.167061
146 60.117535 71.055824 0.000000 1.411146 1.347646 2.303175 4.358703 8.942074 0.166667
147 59.788124 70.625908 0.000000 1.309118 1.283327 2.066131 3.643414 6.909887 0.200004
148 59.686298 70.989120 0.000000 1.184233 1.276770 2.058618 3.634831 6.892596 0.171843
149 59.780582 71.192490 0.000000 1.227960 1.385042 2.408701 4.646686 9.745339 0.166697
150 59.623917 70.858635 0.000000 1.762336 1.362921 2.323247 4.363928 8.852772 0.160342
151 59.818504 70.871956 0.000000 0.995394 1.401810 2.469285 4.817596 10.189451 0.166865
152 60.006863 71.271873 0.000000 1.062358 1.390598 2.446893 4.769643 10.072246 0.158391
153 59.964794 71.169334 0.000000 1.593163 1.375930 2.379901 4.561760 9.492102 0.125124
154 60.100994 70.910637 0.000000 1.809726 1.382924 2.414834 4.687851 9.902087 0.171431
155 60.096401 70.869911 0.000000 1.291070 1.349747 2.285710 4.258928 8.551874 0.267884
156 59.741459 71.052147 0.000000 1.714581 1.375855 2.377167 4.550598 9.451374 0.154670
157 59.999916 71.196609 0.000000 2.051517 1.377769 2.379835 4.542398 9.383659 0.125000
158 60.068680 71.090370 0.000000 2.119479 1.377369 2.380403 4.542655 9.374418 0.142857
159 59.760574 71.142197 0.000000 2.182583 1.415515 2.493057 4.835568 10.111206 0.166667
160 59.849934 71.123924 0.000000 2.026447 1.388262 2.416121 4.645572 9.665374 0.125000
161 59.801403 70.985382 0.000000 2.146800 1.364654 2.347283 4.482276 9.314106 0.142858
162 59.971073 70.875069 0.000000 2.108648 1.354339 2.312610 4.379981 9.016892 0.143344
163 59.953205 71.030708 0.000000 2.267988 1.401407 2.479467 4.872640 10.402619 0.145268
164 59.919724 71.114700 0.000000 2.310776 1.352776 2.302393 4.331404 8.821947 0.166683
165 59.823124 71.109779 0.000000 2.461742 1.348707 2.287326 4.285734 8.696871 0.164692
166 59.909603 70.895798 0.000000 2.899356 1.365550 2.339377 4.420762 9.025658 0.143030
167 59.703320 70.935532 0.000000 2.819319 1.353205 2.295321 4.295397 8.696491 0.151060
168 60.116158 71.261971 0.000000 2.215246 1.324410 2.199429 4.013303 7.889279 0.190598
169 59.845558 71.089928 0.000000 2.473403 1.375607 2.374139 4.530457 9.365106 0.142857
170 59.740135 70.953392 0.000000 2.996181 1.334741 2.233419 4.113268 8.177211 0.158872
171 59.872829 71.094727 0.000000 3.046180 1.372183 2.350792 4.434306 9.021605 0.125024
172 59.890060 71.010391 0.000000 3.002465 1.378809 2.395809 4.604981 9.580570 0.143207
173 59.831184 71.136322 0.000000 2.875064 1.342706 2.272149 4.242463 8.568227 0.152510
174 59.583439 70.893196 0.000000 2.742950 1.328293 2.208464 4.041980 7.991339 0.142975
175 59.977177 71.122055 0.000000 2.566315 1.396066 2.443490 4.726952 9.890896 0.142863
176 59.855560 71.135376 0.000000 3.275159 1.332556 2.236611 4.145918 8.325229 0.193079
177 59.866608 70.965935 0.000000 3.214761 1.409166 2.482316 4.832888 10.178343 0.142860
178 60.039024 71.031479 0.000000 2.748090 1.375094 2.371768 4.510806 9.259098 0.282934
179 59.805664 71.020332 0.000000 3.172417 1.403473 2.475586 4.844952 10.298762 0.142857
180 59.857262 71.064186 0.000000 3.479293 1.382482 2.391197 4.562086 9.401699 0.142857
181 59.744495 71.051643 0.000000 3.115686 1.327501 2.206429 4.026881 7.911696 0.150994
182 59.772427 71.008804 0.000000 3.571423 1.364691 2.340458 4.430419 9.068239 0.151545
183 59.734211 71.065765 0.000000 3.427896 1.382450 2.383322 4.515153 9.201273 0.125471
184 59.949268 71.154930 0.000000 3.142090 1.372985 2.364900 4.506613 9.309607 0.152646
185 59.875801 70.926720 0.000000 2.984879 1.339290 2.257648 4.203707 8.473140 0.142869
186 59.618397 71.083969 0.000000 3.195661 1.339085 2.237059 4.093845 8.041265 0.208544
187 59.802673 71.172546 0.000000 2.693544 1.338948 2.238767 4.112923 8.142294 0.142867
188 59.811272 71.034683 0.000000 2.984455 1.370292 2.351971 4.460439 9.162068 0.166667
189 59.938087 71.141342 0.000000 2.968001 1.359555 2.310620 4.318951 8.698992 0.142857
190 60.002766 71.082253 0.000000 2.650958 1.411211 2.515936 4.986286 10.740700 0.143052
191 59.706509 71.034126 0.000000 2.943351 1.334923 2.234092 4.111223 8.154611 0.143197
192 59.710289 70.853157 0.000000 2.875025 1.363711 2.323355 4.341319 8.712532 0.142857
193 59.882988 70.993637 0.000000 2.742078 1.381052 2.400374 4.624430 9.665796 0.143008
194 59.621342 71.271126 0.000000 2.938159 1.336487 2.230891 4.088879 8.072280 0.144023
195 59.759472 71.131760 0.000000 3.129153 1.328302 2.211468 4.046791 7.985645 0.189238
196 59.875393 71.125473 0.000000 2.704939 1.365074 2.339536 4.424997 9.050359 0.167310
197 59.648716 71.068810 0.000000 3.313567 1.368173 2.363448 4.530467 9.439839 0.146831
198 59.720341 71.155319 0.000000 3.509137 1.334581 2.230145 4.100770 8.143333 0.129416
199 59.629662 70.925545 0.000000 4.138801 1.335523 2.233799 4.107230 8.141808 0.142858
200 59.739819 70.845093 0.000000 3.792665 1.337826 2.243141 4.144414 8.276106 0.144613
201 59.844608 71.073273 0.000000 3.905838 1.376451 2.378055 4.540879 9.387191 0.149670
202 59.615479 71.133987 0.000000 3.362001 1.357531 2.297832 4.268546 8.528225 0.142857
203 59.743599 71.063278 0.000000 3.619251 1.358464 2.307845 4.318898 8.724840 0.150150
204 59.681606 71.156067 0.000000 3.529769 1.340790 2.247988 4.137736 8.198290 0.144884
205 59.687077 71.121819 0.000000 3.581640 1.325809 2.194425 3.974979 7.722309 0.166718
206 59.597630 71.195595 0.000000 3.557069 1.347147 2.281467 4.268103 8.655262 0.276342
207 59.421810 71.139465 0.000000 4.125485 1.315259 2.158143 3.871848 7.447301 0.166667
208 59.549789 71.082886 0.000000 4.180476 1.346854 2.268529 4.200659 8.385969 0.166667
209 59.403339 70.985771 0.000000 4.158919 1.363658 2.333790 4.411144 9.022457 0.200000
210 59.477287 71.079224 0.000000 4.064519 1.347077 2.269369 4.202927 8.388760 0.166667
211 59.362274 71.117317 0.000000 4.096906 1.381146 2.387681 4.552657 9.376381 0.200000
212 59.404659 71.186600 0.000000 3.967336 1.328835 2.206031 4.020327 7.889412 0.166667
213 59.288940 71.171021 0.000000 3.928175 1.335704 2.241513 4.145599 8.289379 0.250000
214 59.242676 71.080559 0.000000 4.575482 1.368715 2.348017 4.451820 9.142070 0.200000
215 59.420773 71.108429 0.000000 4.307310 1.356103 2.292469 4.261232 8.538466 0.200000
216 59.273163 71.039970 0.000000 3.952745 1.397668 2.456966 4.797255 10.182965 0.200006
217 59.230099 70.944000 0.000000 4.193897 1.368065 2.344768 4.436102 9.079420 0.200000
218 59.212784 70.938316 0.000000 4.232235 1.379519 2.392294 4.597253 9.590738 0.250000
219 59.259434 70.833061 0.000000 4.274428 1.341876 2.260386 4.196850 8.426620 0.200000
220 59.219589 70.889687 0.000000 3.755840 1.354123 2.297186 4.300442 8.713748 0.200000
221 59.203537 70.913643 0.000000 4.173985 1.347703 2.280951 4.257731 8.593719 0.250000
222 59.201027 70.815231 0.000000 4.458723 1.339596 2.243578 4.133298 8.216081 0.200000
223 59.149647 70.707924 0.000000 3.892142 1.343492 2.266730 4.214071 8.466075 0.250000
224 59.194527 70.634514 0.000000 3.924166 1.320100 2.178243 3.934600 7.629804 0.250000
225 59.074497 70.789749 0.000000 3.652337 1.397621 2.443988 4.727737 9.907532 0.250000
226 58.974739 70.580330 0.000000 3.860865 1.392305 2.421127 4.644424 9.623090 0.200000
227 59.131332 70.709412 0.000000 4.132967 1.355885 2.302566 4.307588 8.707088 0.250000
228 59.091209 70.785561 0.000000 3.781568 1.371711 2.357914 4.476241 9.198945 0.250000
229 59.062332 70.585304 0.000000 4.327912 1.404882 2.468649 4.797787 10.097754 0.250000
230 59.042690 70.460686 0.000000 4.525244 1.398870 2.442976 4.706225 9.790803 0.250000
231 58.954113 70.590630 0.000000 4.330150 1.408937 2.475437 4.796808 10.032453 0.250000
232 58.975426 70.557747 0.000000 4.043364 1.380266 2.377798 4.511671 9.233907 0.250000
233 58.975510 70.703796 0.000000 4.550473 1.414495 2.503125 4.898989 10.373254 0.250000
234 58.988762 70.711685 0.000000 4.516956 1.420471 2.522411 4.951073 10.507668 0.250000
235 58.947945 70.642204 0.000000 4.410112 1.435971 2.579889 5.135558 11.071921 0.250000
236 58.926891 70.583908 0.000000 4.428997 1.396515 2.431839 4.667968 9.671451 0.250000
237 58.947136 70.629227 0.000000 4.230094 1.430126 2.542493 4.982746 10.529090 0.250000
238 58.971340 70.766258 0.000000 4.381917 1.373203 2.362209 4.487492 9.223060 0.200000
239 58.961376 70.818985 0.000000 4.313421 1.402751 2.455238 4.740798 9.884010 0.200000
240 58.944878 70.712975 0.000000 4.414937 1.381510 2.393532 4.585515 9.512508 0.200000
241 58.926693 70.875854 0.000000 4.010147 1.423263 2.535553 5.010509 10.741015 0.200000
242 58.717869 70.730309 0.000000 3.632322 1.413211 2.477151 4.778201 9.927270 0.166667
243 58.914238 70.507050 0.000000 3.389753 1.382982 2.395065 4.575684 9.444263 0.142857
244 58.878181 70.717690 0.000000 3.147675 1.368080 2.352064 4.471782 9.213169 0.200000
245 59.031624 70.864540 0.000000 3.396920 1.421640 2.533077 5.002575 10.714120 0.166667
246 58.880802 70.611656 0.000000 3.211319 1.400139 2.442495 4.697228 9.748851 0.200000
247 58.890373 70.672829 0.000000 3.299357 1.420029 2.530635 5.003069 10.731891 0.200000
248 59.198509 71.076027 0.000000 2.942339 1.476794 2.733113 5.625821 12.568190 0.166667
249 59.151611 70.838173 0.000000 2.997761 1.426232 2.542172 5.024001 10.774709 0.200000
250 59.021309 71.079117 0.000000 3.220649 1.481146 2.754113 5.685872 12.715093 0.166667
251 58.940178 70.975029 0.000000 3.080488 1.387492 2.426599 4.710523 9.928495 0.200000
252 58.990864 70.689377 0.000000 3.435310 1.419706 2.521008 4.945487 10.482284 0.200000
253 58.898338 70.645332 0.000000 3.313412 1.427496 2.545325 5.017807 10.697419 0.200000
254 59.049999 70.755554 0.000000 2.657152 1.439049 2.598706 5.208184 11.327313 0.200000
255 58.903206 70.810616 0.000000 2.886286 1.414936 2.512367 4.941730 10.529847 0.200000
256 58.886940 71.075760 0.000000 2.914827 1.459340 2.670323 5.426501 11.962420 0.200000
257 59.090866 71.164345 0.000000 2.580575 1.451685 2.633974 5.287540 11.475921 0.200000
258 58.807426 71.192230 0.000000 2.984514 1.419327 2.530491 5.012697 10.794469 0.200000
259 58.868797 70.951996 0.000000 2.585265 1.430330 2.561045 5.076504 10.890759 0.174779
260 59.059624 71.187263 0.000000 3.218892 1.436913 2.584137 5.152100 11.129591 0.200000
261 58.959934 70.766762 0.000000 2.629201 1.438209 2.591656 5.178191 11.208652 0.200401
262 58.898266 70.777359 0.000000 2.491028 1.455267 2.656439 5.390922 11.875095 0.166807
263 58.869278 70.618393 0.000000 2.393975 1.460843 2.672146 5.435273 12.007514 0.229768
264 58.899860 70.710007 0.000000 2.374606 1.442342 2.584414 5.096509 10.816195 0.166667
265 58.923481 70.575363 0.000000 2.320853 1.422317 2.509207 4.862320 10.127406 0.200000
266 59.135170 70.440353 0.000000 2.291442 1.515018 2.848075 5.922619 13.305203 0.204004
268 58.974411 70.569008 0.000000 2.483769 1.443707 2.605314 5.206582 11.269884 0.200000
269 58.825420 70.404907 0.000000 2.439750 1.357665 2.302721 4.281261 8.546811 0.166667
270 58.913460 70.360397 0.000000 2.450188 1.400459 2.433131 4.640511 9.510967 0.200000
271 58.779644 70.537262 0.000000 2.255221 1.355443 2.295748 4.286067 8.647630 0.166667
272 58.797894 70.337463 0.000000 2.371061 1.389331 2.414164 4.617009 9.510561 0.142868
273 58.450066 70.478989 0.000000 2.189304 1.314744 2.169734 3.941011 7.737064 0.166667
274 58.521053 70.594162 0.000000 2.721203 1.304596 2.132294 3.827411 7.409454 0.166667
275 58.269489 70.640419 0.000000 2.277590 1.358933 2.309785 4.337441 8.827583 0.166667
276 58.362030 70.264984 0.000000 1.933475 1.362024 2.340537 4.483182 9.389376 0.200000
277 58.070175 70.288574 0.000000 1.953070 1.419434 2.514807 4.928395 10.452116 0.166667
278 58.181412 70.447937 0.000000 2.183650 1.362045 2.321224 4.347729 8.767676 0.142857
279 58.286514 70.045219 0.000000 2.226642 1.386125 2.408264 4.632278 9.663601 0.166667
280 58.483868 69.798592 0.000000 2.227763 1.317409 2.168402 3.918098 7.626661 0.142876
281 58.381256 69.508133 0.000000 1.798452 1.346569 2.274543 4.252561 8.639955 0.145026
282 58.803944 69.428780 0.000000 1.976671 1.415478 2.483791 4.804339 10.026053 0.142857
283 58.749279 69.684410 0.000000 1.826541 1.396025 2.434370 4.700026 9.841404 0.166760
284 59.201340 69.293205 0.000000 1.654066 1.425042 2.550494 5.061222 10.887643 0.125009
285 58.614117 69.300293 0.000000 1.306358 1.447013 2.635285 5.345656 11.790248 0.185138
286 58.739288 69.127617 0.000000 1.621969 1.319089 2.169844 3.907122 7.549954 0.189552
