%% Trajectory 58
%% frame x (pixel)     y (pixel)    z (pixel)      m0         m1           m2           m3           m4           s 
155 42.481564 53.318981 0.000000 0.958189 1.237748 2.052517 3.936823 8.576104 0.333333
156 42.695496 53.012966 0.000000 1.193924 1.373366 2.394866 4.642939 9.799728 0.250003
157 41.994637 53.041325 0.000000 1.095308 1.450598 2.686097 5.564247 12.560786 0.250590
159 42.498749 53.253784 0.000000 1.486000 1.281940 2.062241 3.631327 6.871844 0.250000
160 42.769554 53.193352 0.000000 1.556031 1.376967 2.366559 4.483355 9.165985 0.333333
161 43.015499 53.315041 0.000000 1.643115 1.423854 2.557881 5.122519 11.183801 0.491044
162 42.929905 53.274586 0.000000 1.209015 1.390032 2.467963 4.908535 10.693249 0.251054
163 42.568909 53.434788 0.000000 1.885644 1.318825 2.206701 4.097904 8.297736 0.333333
164 42.630127 53.085945 0.000000 1.923155 1.271078 2.019950 3.511819 6.560942 0.250000
165 42.842922 53.082241 0.000000 1.774634 1.397224 2.463415 4.838748 10.365478 0.333516
166 42.382771 53.131794 0.000000 1.362513 1.286662 2.089266 3.725418 7.157495 0.333333
167 42.491760 53.406086 0.000000 1.981714 1.282952 2.057619 3.603738 6.764120 0.250000
168 42.488865 53.099800 0.000000 2.524139 1.283847 2.064271 3.624620 6.817370 0.250000
169 42.630096 53.177948 0.000000 2.156023 1.388070 2.415308 4.643018 9.658902 0.250000
170 42.792423 53.218803 0.000000 2.163166 1.325768 2.218162 4.104077 8.247451 0.250000
171 42.500175 53.029934 0.000000 1.975983 1.362846 2.312157 4.303028 8.603988 0.333333
172 42.612057 53.428513 0.000000 2.249066 1.333364 2.213123 4.009134 7.765773 0.333333
173 42.707340 53.387211 0.000000 2.118253 1.318882 2.159561 3.853392 7.342143 0.250000
174 42.890137 53.108437 0.000000 2.235191 1.397684 2.448232 4.742794 9.944268 0.333333
175 42.695389 53.135750 0.000000 2.900938 1.348382 2.267572 4.186749 8.322332 0.333333
176 42.616455 52.914085 0.000000 2.564486 1.336588 2.229971 4.083191 8.051219 0.333333
177 42.818069 53.470375 0.000000 2.598383 1.334079 2.235081 4.138232 8.315317 0.333333
178 42.625271 53.230980 0.000000 2.934744 1.315567 2.156253 3.859385 7.395789 0.333333
179 42.765331 53.375900 0.000000 2.944768 1.359129 2.311649 4.334103 8.787905 0.333333
180 42.440876 53.302589 0.000000 2.668626 1.324163 2.194129 4.001301 7.886289 0.333333
181 42.820404 53.514946 0.000000 2.701072 1.350243 2.302320 4.354131 8.957278 0.250018
183 42.759132 53.711990 0.000000 4.277794 1.350173 2.284806 4.263788 8.604742 0.250000
184 42.862835 53.756168 0.000000 3.565429 1.387348 2.406082 4.603461 9.521465 0.333333
185 42.834969 53.728687 0.000000 3.584453 1.391921 2.416493 4.622377 9.545404 0.333333
186 42.591579 53.628086 0.000000 4.038019 1.345675 2.256334 4.155253 8.246636 0.333338
187 43.044693 53.929901 0.000000 4.145791 1.399592 2.470774 4.839942 10.290325 0.200289
188 42.932957 53.744675 0.000000 3.453661 1.357293 2.320963 4.389397 8.997222 0.250000
189 43.181164 53.615654 0.000000 4.185819 1.352412 2.304975 4.345051 8.884327 0.333473
190 43.018597 53.740456 0.000000 4.311963 1.374091 2.369527 4.518291 9.335123 0.333333
191 43.402172 53.980549 0.000000 4.232829 1.397029 2.446537 4.740595 9.952165 0.333333
192 43.258354 53.952343 0.000000 3.722194 1.423406 2.545185 5.059735 10.936935 0.333333
193 43.310795 53.984291 0.000000 4.185345 1.371611 2.362535 4.502360 9.303186 0.333333
194 43.449806 54.096825 0.000000 4.738904 1.362146 2.320605 4.355558 8.828889 0.333346
195 43.472301 53.786377 0.000000 4.552831 1.369657 2.338278 4.381528 8.831069 0.333333
197 43.556198 53.953316 0.000000 4.121155 1.423569 2.551856 5.093030 11.070235 0.333333
198 43.656181 54.073708 0.000000 4.245188 1.417848 2.515050 4.941977 10.523923 0.359532
199 43.447346 54.062733 0.000000 4.773248 1.392238 2.418124 4.631814 9.583256 0.280453
201 43.721146 54.215157 0.000000 4.688315 1.383093 2.391323 4.559092 9.386045 0.453196
203 43.591084 54.777966 0.000000 5.381020 1.375277 2.356105 4.436666 9.002183 0.333333
204 43.669865 54.550350 0.000000 5.075617 1.321583 2.201825 4.051076 8.083619 0.333333
205 43.489471 54.663780 0.000000 4.832869 1.342447 2.257269 4.176635 8.344401 0.250000
206 43.675491 54.548908 0.000000 4.721159 1.348159 2.256866 4.126418 8.074039 0.333333
208 43.554474 54.598343 0.000000 3.952069 1.350096 2.273856 4.200423 8.345549 0.200000
209 43.508785 54.590096 0.000000 4.317805 1.340863 2.227912 4.028362 7.761958 0.250000
210 43.451855 54.656796 0.000000 4.203874 1.340036 2.221786 4.017694 7.766137 0.250000
211 43.610897 54.470039 0.000000 4.851658 1.318026 2.165502 3.889426 7.489777 0.200000
212 43.587494 54.529972 0.000000 3.990330 1.355196 2.295289 4.278076 8.608780 0.333333
213 43.475433 54.864452 0.000000 4.598138 1.332478 2.221282 4.061232 7.986483 0.250000
214 43.480621 54.938915 0.000000 4.409566 1.365520 2.330358 4.378972 8.879967 0.333333
215 43.529613 54.659363 0.000000 4.480862 1.310000 2.142260 3.825197 7.312262 0.333333
216 43.562580 54.724564 0.000000 5.211403 1.310491 2.140341 3.817055 7.289269 0.250000
217 43.705444 54.715504 0.000000 5.046834 1.336568 2.240188 4.130636 8.217969 0.333333
219 43.532330 54.529278 0.000000 4.673482 1.314297 2.148218 3.826916 7.281492 0.500000
220 43.624783 54.353485 0.000000 5.199737 1.317395 2.165346 3.886243 7.463893 0.200000
221 43.880692 54.362598 0.000000 4.946889 1.337043 2.237704 4.118851 8.176747 0.250000
222 43.970737 54.204956 0.000000 4.474499 1.380666 2.384108 4.540342 9.339591 0.250000
223 43.654934 54.101673 0.000000 3.952067 1.363640 2.326549 4.373261 8.872998 0.333333
224 44.141487 54.386574 0.000000 3.831301 1.386644 2.431447 4.739801 10.057025 0.250000
225 44.276329 54.207394 0.000000 4.625668 1.385362 2.401212 4.596938 9.523849 0.333333
226 44.174263 54.105782 0.000000 3.772194 1.333434 2.232728 4.113900 8.176468 0.250000
227 44.152004 53.932739 0.000000 3.375578 1.407027 2.488902 4.884695 10.407910 0.250000
229 44.492329 54.133930 0.000000 3.735049 1.392511 2.426528 4.663878 9.679274 0.200000
231 44.790123 54.721684 0.000000 4.126540 1.445939 2.619030 5.263566 11.474339 0.200000
233 45.532990 53.850460 0.000000 3.253280 1.454737 2.642247 5.310711 11.546219 0.250000
235 45.366673 55.093979 0.000000 1.873623 1.480432 2.761277 5.729242 12.881063 0.250002
