%% Trajectory 71
%% frame x (pixel)     y (pixel)    z (pixel)      m0         m1           m2           m3           m4           s 
162 52.713894 50.541088 0.000000 0.818472 1.300196 2.117013 3.764798 7.168804 0.166667
163 53.049397 50.386524 0.000000 0.837940 1.321009 2.233145 4.235256 8.850813 0.168276
164 53.140373 50.459949 0.000000 1.043048 1.338529 2.293300 4.386972 9.185124 0.200000
165 53.485481 50.649734 0.000000 0.942762 1.353540 2.302018 4.379972 9.156672 0.215740
167 53.055584 50.273792 0.000000 0.704227 1.370453 2.400555 4.694565 10.027954 0.200000
168 52.961475 50.525387 0.000000 1.187276 1.304261 2.183583 4.083331 8.371998 0.167061
169 53.107029 50.680374 0.000000 0.927808 1.215975 1.883699 3.207875 5.914357 0.200000
170 52.857376 50.522182 0.000000 1.515758 1.299920 2.134151 3.874208 7.645955 0.204225
171 53.043335 50.888584 0.000000 1.576321 1.343509 2.278472 4.271404 8.672857 0.166680
172 53.125805 50.371040 0.000000 1.318908 1.304161 2.166728 4.003553 8.081944 0.200000
173 53.130470 50.496792 0.000000 1.396871 1.319682 2.184213 3.978378 7.822416 0.200549
174 53.000591 50.726376 0.000000 1.353712 1.312820 2.191051 4.047589 8.114926 0.200000
175 52.855053 50.724648 0.000000 1.649256 1.295111 2.116637 3.822186 7.498216 0.250000
176 52.941525 50.865250 0.000000 1.506842 1.264830 2.023450 3.554720 6.736788 0.200031
177 53.323051 50.744442 0.000000 1.943829 1.240759 1.949726 3.358747 6.237029 0.200000
178 53.123447 50.982224 0.000000 1.601562 1.336352 2.252301 4.207808 8.542059 0.166667
179 53.372658 50.989918 0.000000 1.686007 1.392331 2.449033 4.776122 10.105262 0.200000
180 52.910553 50.935867 0.000000 1.726388 1.361223 2.318899 4.343979 8.767837 0.166667
181 52.879314 50.789238 0.000000 1.676909 1.302030 2.146801 3.924240 7.819242 0.200000
182 52.772987 51.009514 0.000000 0.986031 1.277567 2.072844 3.698916 7.122834 0.173697
183 52.699589 50.971684 0.000000 1.439292 1.329658 2.230276 4.127037 8.260386 0.166667
184 52.792076 51.034443 0.000000 1.741862 1.312768 2.194072 4.079639 8.280764 0.166667
185 52.943420 50.979477 0.000000 1.395206 1.373052 2.403041 4.683683 9.936924 0.166667
187 53.169495 51.208290 0.000000 1.786058 1.324702 2.233575 4.192863 8.599729 0.250001
188 52.961025 51.054939 0.000000 2.045620 1.378458 2.403076 4.657031 9.818429 0.200000
189 53.245457 50.975262 0.000000 1.990984 1.413505 2.510766 4.938943 10.522890 0.200000
190 53.361301 51.147621 0.000000 2.169895 1.274890 2.049212 3.612861 6.859116 0.166667
191 53.143780 51.028908 0.000000 2.192368 1.381660 2.388861 4.546344 9.323987 0.186968
192 53.038105 51.125210 0.000000 2.157367 1.391919 2.443366 4.753901 10.026715 0.166801
193 53.150631 50.805748 0.000000 2.047647 1.315666 2.206474 4.114852 8.374109 0.148267
194 53.079834 51.017132 0.000000 1.959385 1.354425 2.328560 4.438415 9.177698 0.166667
195 53.330273 51.069969 0.000000 2.495296 1.348254 2.279879 4.248581 8.551106 0.143134
196 53.073254 51.034794 0.000000 2.627939 1.390130 2.427978 4.684407 9.763580 0.270060
197 53.279366 50.724918 0.000000 2.197788 1.375824 2.367249 4.503568 9.291300 0.147526
198 53.144028 51.283249 0.000000 2.229870 1.303355 2.120771 3.774926 7.210834 0.167124
199 53.301060 51.026966 0.000000 1.940810 1.290454 2.115162 3.835111 7.555427 0.264685
200 53.027298 50.926716 0.000000 2.379699 1.353670 2.306771 4.350187 8.893246 0.200843
201 52.921165 50.903568 0.000000 2.388175 1.370195 2.363020 4.508542 9.320007 0.244446
202 53.094807 51.136353 0.000000 2.211890 1.345281 2.271677 4.230870 8.520278 0.168119
203 53.359741 51.167774 0.000000 2.353565 1.318973 2.173959 3.920282 7.580568 0.166687
204 53.453144 51.090538 0.000000 2.276406 1.367692 2.351571 4.475806 9.237960 0.174668
205 53.265625 51.052933 0.000000 2.226377 1.388472 2.409294 4.620989 9.596405 0.202325
206 52.867142 51.129768 0.000000 2.207603 1.345801 2.286138 4.299537 8.779693 0.206714
207 53.146103 51.278355 0.000000 2.750404 1.337450 2.242086 4.144749 8.291762 0.230737
208 53.262470 51.227295 0.000000 2.723165 1.363465 2.329139 4.396237 8.989758 0.210045
209 53.214447 51.139999 0.000000 2.977612 1.335254 2.238145 4.128545 8.216819 0.166732
210 53.226650 51.376465 0.000000 2.887585 1.332517 2.224991 4.076838 8.034998 0.205566
211 53.216061 51.436531 0.000000 2.762851 1.300258 2.127650 3.834243 7.477423 0.204283
212 53.310432 51.359348 0.000000 2.524526 1.315381 2.178998 3.982558 7.884740 0.200031
213 53.222240 51.324821 0.000000 2.652106 1.314367 2.166278 3.917492 7.624506 0.166674
214 53.244305 51.223927 0.000000 2.887114 1.304795 2.125232 3.788892 7.254554 0.166667
215 53.321621 51.581352 0.000000 3.116478 1.271473 2.039789 3.603403 6.896399 0.166667
216 53.263779 51.358856 0.000000 3.149017 1.265394 2.016409 3.514781 6.579546 0.166667
217 53.184048 51.229015 0.000000 2.837970 1.298917 2.124320 3.817539 7.398480 0.166667
218 53.418667 51.263580 0.000000 3.724887 1.289569 2.082670 3.681158 6.990502 0.200000
219 53.328857 51.386719 0.000000 3.846738 1.305305 2.135047 3.834820 7.425418 0.166667
220 53.286007 51.247345 0.000000 3.296679 1.318731 2.180032 3.967088 7.802703 0.200000
221 53.127853 51.308640 0.000000 2.826766 1.341249 2.271389 4.274805 8.773285 0.200000
222 53.185268 51.380516 0.000000 3.048383 1.287699 2.084389 3.701355 7.080978 0.200000
223 53.205486 51.245750 0.000000 2.856160 1.289654 2.088754 3.711698 7.105342 0.250000
224 53.058361 51.245277 0.000000 3.164626 1.331486 2.239637 4.163136 8.384863 0.200000
225 53.150078 51.312714 0.000000 3.494952 1.308286 2.145003 3.849369 7.414206 0.250000
226 53.063328 51.299290 0.000000 3.527664 1.325073 2.205893 4.048910 8.042169 0.250000
227 53.021645 51.292809 0.000000 3.631444 1.330413 2.237634 4.166920 8.427036 0.200000
229 53.230751 51.230488 0.000000 4.441348 1.317769 2.178442 3.951788 7.715119 0.250000
230 53.309231 51.374359 0.000000 4.552695 1.311890 2.161167 3.910774 7.630598 0.200000
231 53.249401 51.336121 0.000000 3.686108 1.296841 2.107531 3.746355 7.145362 0.250000
232 53.192703 51.278118 0.000000 3.836994 1.356232 2.302980 4.310099 8.718173 0.200000
233 53.236187 51.243088 0.000000 4.157988 1.346712 2.276917 4.244287 8.554026 0.250000
234 53.230080 51.194878 0.000000 4.788517 1.366880 2.325243 4.339531 8.705022 0.250000
235 53.151833 51.389671 0.000000 5.098389 1.271695 2.032840 3.557168 6.691787 0.250000
236 53.364754 51.295849 0.000000 4.844355 1.302028 2.113626 3.746211 7.110398 0.250000
237 53.229588 51.265884 0.000000 5.300833 1.300941 2.116139 3.761482 7.164835 0.200000
238 53.398178 51.293228 0.000000 4.988312 1.303344 2.130214 3.817201 7.360293 0.250000
239 53.411327 51.348713 0.000000 5.120651 1.319618 2.168307 3.887417 7.452230 0.250000
240 53.448196 51.110634 0.000000 4.485884 1.282926 2.065472 3.632447 6.843956 0.166667
241 53.381817 51.150234 0.000000 4.646969 1.317724 2.177600 3.949066 7.706404 0.250008
242 53.547096 51.200817 0.000000 4.951747 1.310777 2.142867 3.826923 7.322278 0.200000
243 53.744877 51.251419 0.000000 5.169949 1.346376 2.262972 4.168026 8.243523 0.200000
244 53.695942 51.327835 0.000000 5.278092 1.290065 2.090614 3.714177 7.103112 0.250000
245 54.136890 51.398876 0.000000 4.570786 1.315269 2.183129 4.005117 7.978184 0.200000
246 53.965855 51.289944 0.000000 4.279570 1.365665 2.350632 4.486768 9.305956 0.211370
247 54.275196 51.590015 0.000000 4.743271 1.325591 2.218862 4.105039 8.241214 0.200000
248 54.329166 51.673180 0.000000 4.195499 1.355485 2.293321 4.269621 8.578498 0.219927
249 54.389111 51.540245 0.000000 4.362191 1.277125 2.046421 3.580797 6.713575 0.234712
250 54.508816 51.610722 0.000000 4.618803 1.316599 2.167288 3.908217 7.573491 0.168442
251 54.327274 51.754356 0.000000 4.318597 1.294543 2.107645 3.768025 7.265096 0.168368
252 54.446239 51.706318 0.000000 4.401829 1.335107 2.220773 4.037657 7.865001 0.251544
253 54.492153 51.670387 0.000000 3.607277 1.270088 2.032681 3.567027 6.744101 0.167196
254 54.458931 51.915855 0.000000 3.747901 1.307429 2.144356 3.859460 7.479515 0.329084
255 54.500187 51.885956 0.000000 4.155525 1.313249 2.158385 3.895505 7.577767 0.173860
256 54.663624 52.063477 0.000000 3.896621 1.338980 2.235447 4.089228 8.033576 0.177753
257 54.703014 52.061962 0.000000 3.606392 1.406728 2.467810 4.770161 9.942455 0.200000
258 54.935310 51.873569 0.000000 3.801796 1.381513 2.382638 4.525656 9.269400 0.142857
259 55.363625 52.017330 0.000000 3.106517 1.347932 2.279550 4.244698 8.531152 0.166667
260 55.477180 51.543034 0.000000 2.860218 1.351402 2.319522 4.437203 9.280420 0.166667
261 55.291122 51.230373 0.000000 2.459642 1.356929 2.300399 4.286923 8.607750 0.166667
262 55.151218 51.249966 0.000000 2.563638 1.378172 2.389314 4.596804 9.618628 0.142863
263 55.374401 51.290913 0.000000 1.984348 1.342291 2.300856 4.408869 9.258283 0.143341
265 55.320145 52.241512 0.000000 1.689396 1.343243 2.253802 4.165472 8.320350 0.197645
266 55.462448 52.412312 0.000000 1.222742 1.454464 2.644672 5.318841 11.564775 0.167255
