%% Trajectory 35
%% frame x (pixel)     y (pixel)    z (pixel)      m0         m1           m2           m3           m4           s 
84 57.962421 59.740181 0.000000 0.397697 1.218640 1.957066 3.492025 6.801068 0.200057
85 57.277496 59.465767 0.000000 0.535308 1.204784 1.853491 3.147684 5.829923 0.250000
87 57.760384 59.346382 0.000000 0.487957 1.296774 2.167415 4.048967 8.297123 0.187399
88 57.658226 59.421352 0.000000 0.444333 1.219627 1.914853 3.327217 6.308665 0.200002
89 57.883125 59.972179 0.000000 0.484363 1.296186 2.184365 4.123266 8.533403 0.229683
90 57.777317 59.439362 0.000000 0.480853 1.474196 2.709226 5.506287 12.074908 0.201783
91 57.521503 59.262573 0.000000 0.472271 1.239742 1.943165 3.401301 6.588574 0.125428
92 57.788639 59.140507 0.000000 0.474110 1.340479 2.302469 4.433420 9.381952 0.201655
93 57.656372 59.676113 0.000000 0.713896 1.255761 1.976306 3.400438 6.289450 0.213115
94 57.282372 59.773483 0.000000 0.478810 1.264804 2.074438 3.839287 7.890019 0.200524
95 57.382080 59.933437 0.000000 0.748478 1.313271 2.163079 3.910653 7.613823 0.125001
96 57.715328 59.205688 0.000000 0.710087 1.283474 2.067327 3.654358 6.961144 0.111242
97 57.030708 59.388111 0.000000 0.616725 1.278748 2.102757 3.860973 7.785621 0.172277
98 57.259304 59.766083 0.000000 0.710756 1.354673 2.325519 4.438417 9.231619 0.125811
99 57.386211 59.715443 0.000000 0.857010 1.235404 1.931467 3.308320 6.106745 0.100000
100 57.398983 59.811558 0.000000 0.785015 1.246133 1.970145 3.423555 6.431933 0.167324
101 57.324173 59.522457 0.000000 0.771757 1.289953 2.087477 3.708988 7.104403 0.100000
102 57.332207 59.597633 0.000000 0.928061 1.252658 1.973992 3.403253 6.308823 0.166667
103 56.756844 59.824184 0.000000 0.600923 1.360335 2.299023 4.267783 8.525720 0.109795
105 57.213326 59.405872 0.000000 1.032454 1.285822 2.065201 3.620202 6.796844 0.125000
106 56.874001 59.548378 0.000000 0.952905 1.292803 2.092764 3.699658 7.002863 0.166667
107 57.124210 59.504978 0.000000 1.184331 1.329481 2.223244 4.096299 8.161444 0.166670
108 57.100899 59.753651 0.000000 1.149377 1.302219 2.148859 3.910724 7.701061 0.200646
109 57.286270 59.469955 0.000000 1.154601 1.356386 2.301677 4.296786 8.652728 0.113035
110 57.469612 59.487698 0.000000 0.989276 1.308366 2.139560 3.833861 7.387556 0.199865
111 57.467403 59.518085 0.000000 1.115310 1.295584 2.098651 3.719989 7.082113 0.166722
112 57.287949 59.604042 0.000000 1.384602 1.305559 2.129912 3.800272 7.272941 0.143026
113 57.197002 59.785301 0.000000 0.954052 1.317579 2.204549 4.096816 8.298120 0.250092
114 57.237659 59.387638 0.000000 1.189553 1.260967 2.003741 3.484103 6.512387 0.166754
115 57.340836 59.459473 0.000000 1.430528 1.277324 2.046260 3.580593 6.715477 0.142867
116 57.380669 59.514992 0.000000 1.213135 1.247729 1.962729 3.374327 6.230107 0.166667
117 57.369560 59.607758 0.000000 1.309788 1.287065 2.094101 3.760977 7.330933 0.142857
118 57.282402 59.640911 0.000000 1.280597 1.326338 2.186184 3.941141 7.620921 0.142857
119 57.378403 59.351208 0.000000 1.495817 1.284948 2.066086 3.632283 6.854366 0.166667
120 57.766747 59.525917 0.000000 1.254674 1.270668 2.039691 3.605235 6.904337 0.200000
121 57.538334 59.500122 0.000000 1.365754 1.309761 2.145403 3.851517 7.438646 0.125000
122 57.488182 59.683609 0.000000 1.268779 1.285605 2.074942 3.680010 7.049902 0.166667
123 57.387138 59.491184 0.000000 1.543250 1.341853 2.258332 4.199286 8.470898 0.142858
124 57.463432 59.600182 0.000000 1.285406 1.336955 2.231361 4.083829 8.039842 0.142857
125 57.574051 59.510090 0.000000 1.559151 1.262849 2.004436 3.477452 6.475934 0.166667
126 57.492088 59.492264 0.000000 1.741047 1.291021 2.082330 3.665183 6.905109 0.200000
127 57.604523 59.444725 0.000000 1.863675 1.273213 2.029891 3.535798 6.606647 0.200000
128 57.747864 59.376724 0.000000 1.657655 1.294083 2.116963 3.831005 7.543860 0.200000
129 57.692318 59.535465 0.000000 1.487522 1.294387 2.094681 3.712367 7.076014 0.200034
130 57.662457 59.587978 0.000000 1.491593 1.294660 2.104612 3.761855 7.266803 0.167159
131 57.652870 59.523834 0.000000 1.742592 1.264826 2.009370 3.488590 6.499766 0.200000
132 57.520401 59.357071 0.000000 1.791045 1.325119 2.185969 3.933678 7.566546 0.200041
133 57.384480 59.573013 0.000000 1.602093 1.283371 2.063532 3.621374 6.804593 0.250020
134 57.345589 59.561932 0.000000 1.599276 1.289723 2.082628 3.671362 6.930109 0.270550
135 57.122074 59.540951 0.000000 1.708385 1.302854 2.154478 3.955143 7.923908 0.248763
136 57.133930 59.513042 0.000000 1.747383 1.317556 2.176390 3.952933 7.752290 0.286411
137 57.190208 59.431473 0.000000 1.751322 1.329277 2.220625 4.090786 8.156992 0.258615
138 56.538406 59.383030 0.000000 1.556591 1.299676 2.120075 3.798713 7.344100 0.347690
139 57.184772 59.474426 0.000000 1.391721 1.309807 2.148510 3.861379 7.456384 0.242459
140 56.883339 59.181694 0.000000 1.557367 1.346051 2.274821 4.255424 8.646144 0.204943
141 56.802631 58.971237 0.000000 1.649876 1.350175 2.280080 4.225323 8.413480 0.198448
142 56.968189 58.954910 0.000000 1.817025 1.388193 2.428063 4.707423 9.896218 0.217015
143 56.675388 58.895748 0.000000 1.598037 1.332788 2.225666 4.088805 8.106659 0.249280
144 56.568844 59.202908 0.000000 1.473751 1.348289 2.269972 4.203317 8.400128 0.269215
145 56.728596 58.825897 0.000000 1.675934 1.345985 2.262299 4.169417 8.256510 0.213414
146 56.588139 58.591366 0.000000 1.612340 1.276195 2.039455 3.559632 6.660606 0.168089
147 56.474659 58.652111 0.000000 1.715331 1.295789 2.101198 3.725292 7.085190 0.252580
148 56.558411 58.516968 0.000000 1.365949 1.287247 2.073164 3.645504 6.865221 0.166672
149 56.575630 58.454884 0.000000 1.264265 1.403957 2.428811 4.589299 9.276360 0.168496
150 56.731407 58.068184 0.000000 1.548332 1.421403 2.527492 4.974535 10.606070 0.243001
151 57.223351 58.232319 0.000000 1.338096 1.463308 2.655395 5.309249 11.435059 0.250011
152 57.205296 58.049774 0.000000 1.501486 1.519542 2.863457 5.960794 13.381488 0.200000
153 57.331509 58.126301 0.000000 1.356016 1.456002 2.657460 5.371985 11.753999 0.200006
154 56.978474 58.403099 0.000000 1.281148 1.447499 2.610927 5.200604 11.181113 0.168909
155 57.458607 58.127338 0.000000 0.993799 1.505419 2.778214 5.639241 12.302367 0.200000
156 57.417377 58.596302 0.000000 0.776853 1.420673 2.555734 5.141475 11.303781 0.111112
157 57.332253 58.663177 0.000000 1.037698 1.329596 2.218826 4.062491 7.997738 0.172739
158 57.470062 58.904640 0.000000 1.015606 1.493396 2.802627 5.832673 13.119547 0.142857
