%% Trajectory 178
%% frame x (pixel)     y (pixel)    z (pixel)      m0         m1           m2           m3           m4           s 
111 32.751968 45.381832 0.000000 0.729420 1.401194 2.477881 4.883689 10.500458 0.182294
112 32.481541 44.956009 0.000000 0.997300 1.461983 2.692081 5.509740 12.227414 0.063886
114 31.875538 45.384796 0.000000 0.883895 1.378468 2.449739 4.881690 10.651334 0.062622
115 32.361767 45.078548 0.000000 0.968829 1.255929 2.071575 3.880249 8.123492 0.105533
117 31.325146 45.828632 0.000000 1.047956 1.331753 2.219652 4.057400 7.976545 0.088587
119 31.330704 44.981171 0.000000 1.015164 1.426530 2.612503 5.348898 11.936500 0.096852
121 32.019241 45.693993 0.000000 1.388935 1.305688 2.172762 4.032274 8.207188 0.100123
122 31.904339 45.046967 0.000000 1.398268 1.431205 2.600649 5.242441 11.439713 0.083335
124 31.752247 44.882347 0.000000 1.332687 1.311149 2.166975 3.935848 7.704018 0.062504
125 31.745132 45.260986 0.000000 1.215594 1.329134 2.276757 4.360309 9.137637 0.090504
126 31.989189 44.830990 0.000000 1.185341 1.375767 2.407091 4.689232 9.961387 0.135716
128 31.698601 45.571754 0.000000 1.683700 1.312698 2.155875 3.891143 7.581788 0.077067
129 31.651039 45.745411 0.000000 1.414493 1.284400 2.066557 3.651930 6.968431 0.100000
130 32.038227 45.363232 0.000000 1.490240 1.306406 2.181605 4.061903 8.282413 0.090996
132 31.472496 45.344196 0.000000 1.840852 1.289931 2.081667 3.667080 6.918744 0.077546
133 31.782957 45.606457 0.000000 1.926489 1.483907 2.752824 5.671591 12.668149 0.111111
135 31.661228 45.307804 0.000000 1.521968 1.228341 1.950565 3.457630 6.751795 0.090909
136 31.649176 45.438213 0.000000 1.713983 1.282052 2.065042 3.645824 6.923489 0.090909
137 31.457247 45.502209 0.000000 1.891644 1.360622 2.313762 4.336889 8.787299 0.083355
138 31.724392 45.294456 0.000000 2.290231 1.290860 2.083243 3.675459 6.955883 0.121472
139 31.732948 45.263828 0.000000 2.585080 1.299352 2.135306 3.880746 7.666877 0.083334
140 32.082924 45.456772 0.000000 1.990599 1.310927 2.172459 3.976417 7.897109 0.091158
142 31.866573 45.414661 0.000000 2.766163 1.427402 2.582744 5.223708 11.538283 0.111111
143 31.731224 45.202366 0.000000 2.438858 1.264462 2.019451 3.534529 6.657470 0.166667
144 31.682117 45.456532 0.000000 2.162716 1.267938 2.040542 3.626161 6.996969 0.111111
145 31.790285 45.521240 0.000000 2.193578 1.292846 2.134691 3.930993 7.945458 0.111111
146 32.063145 45.199032 0.000000 2.655714 1.359482 2.350309 4.528183 9.525951 0.130561
147 31.763121 45.453316 0.000000 2.220311 1.294882 2.113510 3.798665 7.387156 0.090909
149 31.926186 45.357582 0.000000 2.565198 1.289766 2.100787 3.764831 7.291080 0.142883
150 31.784662 45.417664 0.000000 2.678234 1.286280 2.087449 3.731469 7.221779 0.125012
151 31.856936 45.417171 0.000000 2.965166 1.278912 2.056247 3.629000 6.910407 0.143040
152 31.479151 45.050175 0.000000 2.860618 1.377643 2.376050 4.516640 9.268184 0.125062
153 31.911461 45.352512 0.000000 3.135397 1.302194 2.137162 3.870675 7.603148 0.181879
154 31.925039 45.350811 0.000000 3.376184 1.375206 2.384924 4.594044 9.628024 0.180105
155 31.845905 45.350819 0.000000 3.425606 1.325509 2.205527 4.044721 8.024655 0.125000
156 31.820547 45.285580 0.000000 2.716781 1.296442 2.118514 3.807684 7.391542 0.142857
158 31.801226 45.047661 0.000000 3.375471 1.345866 2.268817 4.207325 8.411860 0.142857
159 32.005280 45.394981 0.000000 3.591033 1.362160 2.338251 4.451798 9.212386 0.125003
160 31.995356 45.360844 0.000000 3.688277 1.313355 2.169690 3.943721 7.742409 0.125000
162 32.201546 45.832516 0.000000 2.485716 1.318755 2.181530 3.960694 7.737839 0.125001
163 32.005917 46.102207 0.000000 2.352559 1.382375 2.409331 4.642852 9.671760 0.142857
165 32.218918 45.912331 0.000000 2.880312 1.376355 2.369752 4.512595 9.314045 0.166731
167 32.420300 46.089172 0.000000 2.806917 1.296079 2.101846 3.736183 7.144732 0.111169
168 32.311775 45.833874 0.000000 2.816482 1.355834 2.301231 4.299377 8.664376 0.111337
169 32.769348 45.893791 0.000000 2.907586 1.338205 2.259764 4.220311 8.547312 0.125093
170 33.224445 46.105534 0.000000 2.665806 1.414957 2.510371 4.938753 10.536046 0.125000
172 32.745125 45.903641 0.000000 2.931030 1.347506 2.266256 4.189419 8.343221 0.125003
173 32.873207 45.739986 0.000000 2.174686 1.334750 2.229235 4.078404 8.014953 0.076924
174 33.042252 45.691479 0.000000 2.571364 1.330359 2.231637 4.150575 8.402370 0.083333
175 32.903759 45.615246 0.000000 2.474442 1.378482 2.387572 4.588947 9.590390 0.090909
176 32.973885 46.055912 0.000000 2.424074 1.403342 2.476712 4.845669 10.272357 0.153802
177 33.041962 45.828339 0.000000 3.076328 1.317201 2.194710 4.040748 8.062233 0.149236
178 33.468815 46.142910 0.000000 2.645935 1.278013 2.045478 3.586246 6.769173 0.085084
179 33.451248 46.078499 0.000000 3.098912 1.291143 2.091260 3.718302 7.129604 0.100000
180 33.644672 45.993610 0.000000 3.317809 1.395524 2.424665 4.625188 9.485377 0.090909
181 33.680031 45.990219 0.000000 2.579667 1.401191 2.482312 4.895838 10.515919 0.100000
182 33.500957 46.773071 0.000000 2.579278 1.371095 2.357417 4.502204 9.365590 0.090909
183 33.451790 47.188911 0.000000 2.345421 1.320887 2.188105 3.999027 7.919888 0.090909
185 33.407417 45.704010 0.000000 3.084258 1.308339 2.154929 3.915741 7.710149 0.100000
186 33.275536 46.002216 0.000000 2.659744 1.358458 2.344871 4.492902 9.351753 0.076923
187 33.452835 45.928253 0.000000 2.536245 1.361435 2.302592 4.266846 8.489086 0.111111
189 34.192841 44.880375 0.000000 2.255615 1.358276 2.330323 4.439476 9.199164 0.100000
191 34.351955 44.059010 0.000000 0.856197 1.217147 1.897226 3.267865 6.136425 0.102756
193 33.732208 44.666370 0.000000 1.233891 1.302945 2.164438 3.983769 7.979140 0.063344
195 34.204903 44.994709 0.000000 1.703109 1.406413 2.486857 4.863696 10.294527 0.159383
196 33.939877 44.477398 0.000000 1.592602 1.384611 2.401183 4.590417 9.463939 0.144348
197 33.511940 44.285553 0.000000 1.067413 1.507289 2.827802 5.831522 12.881686 0.140037
199 34.331699 44.630703 0.000000 0.862079 1.441030 2.749626 5.919106 13.921463 0.149726
