%% Trajectory 175
%% frame x (pixel)     y (pixel)    z (pixel)      m0         m1           m2           m3           m4           s 
141 54.355003 66.798439 0.000000 0.494032 1.249100 2.024415 3.637965 7.124460 0.094751
143 54.143852 67.296539 0.000000 0.529040 1.287231 2.142111 4.024768 8.384682 0.091916
145 54.354210 66.157631 0.000000 0.909632 1.276126 2.070172 3.717037 7.256680 0.101469
147 54.243153 66.562202 0.000000 1.321084 1.275508 2.087657 3.803282 7.579728 0.066667
148 54.242477 66.546936 0.000000 1.173177 1.254270 2.009529 3.535716 6.705516 0.083334
149 54.425213 66.537552 0.000000 1.928905 1.257855 1.996842 3.471800 6.494972 0.090909
150 54.293251 66.237648 0.000000 1.228796 1.354240 2.307024 4.342377 8.852280 0.071440
151 54.472523 66.610863 0.000000 1.778933 1.245017 1.961691 3.395561 6.355801 0.111111
152 54.542110 66.385963 0.000000 1.639044 1.330574 2.196051 3.948138 7.574647 0.083333
153 54.444866 66.121384 0.000000 2.221755 1.337450 2.256501 4.209409 8.516418 0.111111
154 54.673786 66.517509 0.000000 1.860801 1.284466 2.063330 3.617758 6.794384 0.142857
155 54.523880 66.325249 0.000000 2.239788 1.311832 2.141909 3.821341 7.307159 0.111111
156 54.690842 66.616852 0.000000 2.279025 1.262097 2.013492 3.537310 6.734756 0.111111
157 54.564007 66.529213 0.000000 2.428900 1.257679 1.993484 3.460751 6.467016 0.142857
158 54.610508 66.532112 0.000000 2.379324 1.272734 2.033872 3.558033 6.692091 0.125000
159 54.572777 66.396309 0.000000 2.327725 1.299121 2.119726 3.798773 7.344046 0.142857
160 54.731709 66.444580 0.000000 2.525916 1.257770 1.986384 3.430115 6.362549 0.142857
161 54.688751 66.290916 0.000000 2.569231 1.324268 2.198426 4.016389 7.928000 0.125000
162 54.699017 66.241753 0.000000 2.388402 1.318321 2.172275 3.924315 7.622547 0.142857
163 54.798000 66.497742 0.000000 2.457028 1.302549 2.126489 3.809877 7.354284 0.125000
164 54.804367 66.287331 0.000000 2.226895 1.320183 2.171946 3.907619 7.540181 0.166667
165 54.687366 66.319275 0.000000 2.833405 1.320796 2.188592 3.989297 7.853833 0.142857
166 54.914734 66.297333 0.000000 3.207025 1.327404 2.217713 4.090172 8.174047 0.142857
167 54.877426 66.480911 0.000000 2.965360 1.300782 2.142779 3.896137 7.675375 0.200000
168 54.739506 66.404808 0.000000 3.363999 1.272369 2.029755 3.537769 6.613071 0.142857
169 54.771046 66.372833 0.000000 3.093764 1.289397 2.092446 3.730004 7.170904 0.166667
170 54.542671 66.293045 0.000000 3.184427 1.308277 2.137658 3.818223 7.313463 0.166667
171 54.822510 66.302620 0.000000 3.904063 1.289475 2.087476 3.702920 7.061377 0.200000
172 54.847511 66.418953 0.000000 3.845060 1.295696 2.102829 3.741485 7.166750 0.200000
173 54.966053 66.475266 0.000000 4.088776 1.311700 2.156518 3.893024 7.573954 0.200000
174 54.966686 66.355881 0.000000 3.409281 1.304809 2.146293 3.886512 7.606731 0.200000
175 54.874500 66.396652 0.000000 3.891343 1.294373 2.095413 3.705338 7.020191 0.166667
176 54.930927 66.360916 0.000000 3.509707 1.314990 2.160176 3.884582 7.496851 0.166667
177 55.068401 66.481743 0.000000 3.114645 1.276667 2.052811 3.612063 6.825253 0.166667
178 55.006599 66.461105 0.000000 3.842386 1.297039 2.112437 3.771169 7.238311 0.166667
179 54.983124 66.349670 0.000000 3.653292 1.372405 2.362841 4.484977 9.192789 0.200000
180 55.073956 66.271439 0.000000 3.819678 1.329438 2.218562 4.069581 8.044350 0.200000
181 55.000584 66.370384 0.000000 4.606625 1.307205 2.144076 3.858176 7.470168 0.166667
182 54.837135 66.262703 0.000000 4.178086 1.269379 2.025585 3.540819 6.659245 0.166667
183 54.965786 66.367767 0.000000 4.373313 1.322843 2.209306 4.077602 8.161810 0.166667
184 54.986160 66.293839 0.000000 4.137671 1.315938 2.177081 3.948748 7.693826 0.166667
185 54.816418 66.323456 0.000000 4.286070 1.278337 2.046206 3.578248 6.709285 0.200000
186 54.925724 66.233742 0.000000 3.891120 1.284871 2.088415 3.735106 7.214220 0.166667
187 54.850208 65.848450 0.000000 4.168379 1.320106 2.188810 3.986168 7.815367 0.166667
188 54.743504 65.929550 0.000000 4.051099 1.276745 2.056313 3.640384 6.959775 0.166667
189 54.814316 65.737686 0.000000 4.371999 1.264354 2.013232 3.505141 6.549851 0.166667
190 54.810516 65.595528 0.000000 4.636486 1.268008 2.021070 3.521433 6.583429 0.166667
191 54.904953 65.541847 0.000000 4.861258 1.254814 1.982311 3.425365 6.359497 0.142857
192 54.782120 65.474236 0.000000 4.171324 1.280468 2.050123 3.584879 6.719462 0.142857
193 54.727753 65.318794 0.000000 4.177276 1.277535 2.048355 3.593121 6.769163 0.142857
194 54.701859 65.373108 0.000000 4.625228 1.237530 1.927434 3.284058 6.022319 0.142857
195 54.714211 65.356339 0.000000 4.209362 1.241736 1.946495 3.338104 6.156395 0.142857
196 54.668354 65.238297 0.000000 4.517479 1.284753 2.065301 3.625626 6.819339 0.166667
197 54.779091 65.027817 0.000000 4.238542 1.369974 2.359119 4.493998 9.274862 0.166667
198 54.735832 64.908936 0.000000 4.104436 1.298920 2.114069 3.766368 7.201860 0.166667
199 54.751228 64.923187 0.000000 3.886050 1.312058 2.153034 3.862921 7.427322 0.142906
200 54.464054 64.924706 0.000000 3.605241 1.232277 1.928870 3.324013 6.213414 0.125000
201 54.667557 64.523438 0.000000 3.777813 1.237228 1.929222 3.291055 6.042358 0.166667
202 54.218140 64.457062 0.000000 3.559788 1.292303 2.089994 3.705984 7.074216 0.143492
204 54.075443 64.869926 0.000000 3.375995 1.307563 2.170717 3.992265 7.984385 0.190431
205 54.057934 64.537941 0.000000 3.160980 1.332629 2.231357 4.106788 8.142494 0.111158
206 53.886612 64.635208 0.000000 2.454494 1.236051 1.936841 3.324005 6.140194 0.142857
207 54.179638 64.408394 0.000000 1.707265 1.282277 2.084348 3.734428 7.248494 0.142857
208 54.269054 64.409142 0.000000 1.823154 1.306341 2.180564 4.067676 8.337231 0.145408
