%% Trajectory 10
%% frame x (pixel)     y (pixel)    z (pixel)      m0         m1           m2           m3           m4           s 
30 24.196360 17.216522 0.000000 1.183439 1.323629 2.202804 4.047589 8.066068 0.250000
32 24.150249 17.197651 0.000000 1.312286 1.404457 2.474339 4.831876 10.237737 0.176247
33 24.127796 17.218145 0.000000 1.515194 1.465444 2.675894 5.401229 11.785624 0.200039
34 23.763227 16.764874 0.000000 1.599689 1.379407 2.383633 4.544280 9.358479 0.201986
35 24.037390 16.990891 0.000000 1.452954 1.428658 2.603803 5.307477 11.805223 0.342076
36 24.485943 17.083385 0.000000 1.762575 1.412079 2.497306 4.884493 10.338202 0.169924
37 24.226927 17.095833 0.000000 1.398012 1.407376 2.492323 4.903360 10.489247 0.253394
38 24.386639 17.323343 0.000000 1.774224 1.468824 2.674495 5.370180 11.631405 0.166692
39 24.354721 17.122505 0.000000 1.785498 1.340320 2.265235 4.238357 8.620591 0.475852
40 24.346928 17.009459 0.000000 2.143157 1.435559 2.575438 5.133302 11.121790 0.201290
41 23.958296 16.980736 0.000000 2.412639 1.454697 2.659269 5.398729 11.882515 0.166667
42 24.136881 16.825886 0.000000 2.426423 1.424200 2.527735 4.965202 10.569125 0.248813
43 24.268463 16.988667 0.000000 2.342426 1.499559 2.781252 5.683393 12.498220 0.244707
44 24.253714 16.823320 0.000000 2.713846 1.394225 2.420074 4.618070 9.490913 0.200000
45 24.194599 17.069164 0.000000 2.531530 1.443634 2.602319 5.199003 11.257546 0.250002
46 24.086378 17.046339 0.000000 2.689818 1.441061 2.603216 5.222445 11.374944 0.200047
47 24.126780 16.985765 0.000000 2.839234 1.420326 2.522222 4.955124 10.535973 0.166667
48 24.180590 17.100391 0.000000 3.434941 1.421123 2.536494 5.035120 10.873056 0.250000
49 24.239365 17.203037 0.000000 3.124951 1.388949 2.421957 4.678685 9.806645 0.200000
50 24.042156 17.012470 0.000000 2.630346 1.456170 2.673111 5.477139 12.224193 0.200003
51 24.299570 17.076210 0.000000 2.998888 1.438546 2.581290 5.129450 11.043085 0.250000
52 24.196522 17.115438 0.000000 3.131231 1.433917 2.572812 5.114691 11.019722 0.250001
53 24.053469 17.239250 0.000000 3.094254 1.472725 2.697067 5.459809 11.939965 0.200000
54 24.202976 17.100010 0.000000 3.702452 1.455510 2.638411 5.292110 11.489197 0.333333
55 23.924330 17.117079 0.000000 3.218781 1.420056 2.526364 4.963682 10.533878 0.250000
56 24.141178 16.995892 0.000000 3.557389 1.440955 2.610570 5.264156 11.543230 0.333333
57 24.100628 17.110207 0.000000 3.804904 1.437731 2.587239 5.160013 11.150525 0.250000
58 23.983219 16.857624 0.000000 3.472391 1.473915 2.697796 5.444569 11.833635 0.250000
59 24.252754 17.045702 0.000000 4.206034 1.474376 2.698332 5.452980 11.895531 0.333333
60 24.307690 17.152857 0.000000 3.790201 1.396178 2.443094 4.740240 9.991788 0.333333
61 24.223129 17.119917 0.000000 4.515405 1.424961 2.531092 4.967683 10.544458 0.200000
62 24.129078 17.060028 0.000000 4.209981 1.418248 2.517930 4.948915 10.537294 0.333333
63 24.103203 17.049421 0.000000 4.749451 1.410827 2.490078 4.866224 10.305575 0.333333
64 24.179285 16.912329 0.000000 5.305727 1.416057 2.504400 4.900490 10.386964 0.333367
65 24.164789 17.080347 0.000000 4.703880 1.426882 2.548820 5.048640 10.848726 0.250002
66 24.223007 17.016502 0.000000 5.593997 1.424421 2.539070 5.008998 10.699658 0.356365
67 24.227097 17.044989 0.000000 5.615457 1.434785 2.565165 5.063151 10.794719 0.340334
68 24.284012 17.147333 0.000000 5.473760 1.404237 2.463227 4.772461 10.000825 0.333333
69 24.234629 17.116135 0.000000 5.537660 1.402697 2.458997 4.763452 9.984487 0.333346
70 23.845861 17.048782 0.000000 5.480836 1.400552 2.466920 4.815555 10.193516 0.250066
71 24.194353 17.166885 0.000000 5.541521 1.422122 2.526088 4.964853 10.566298 0.345515
72 24.117241 16.996014 0.000000 5.919856 1.442197 2.603861 5.214804 11.322968 0.386970
73 24.203630 17.246382 0.000000 5.912495 1.457101 2.635078 5.261173 11.347214 0.417254
74 24.144333 17.137110 0.000000 5.701170 1.414005 2.501697 4.893603 10.357389 0.333340
75 24.119493 17.106331 0.000000 5.871984 1.445752 2.608530 5.212630 11.283621 0.333333
76 24.119778 17.197186 0.000000 6.036791 1.414465 2.496236 4.865596 10.255038 0.333333
77 23.927935 17.216808 0.000000 5.850701 1.425986 2.536566 4.990322 10.623231 0.333333
78 23.919569 17.193861 0.000000 5.815481 1.474428 2.689843 5.407980 11.713442 0.333333
79 23.899445 17.321110 0.000000 5.598025 1.420836 2.512669 4.900047 10.314771 0.333333
80 23.914804 17.240780 0.000000 6.103466 1.383405 2.391497 4.567487 9.443365 0.333333
81 24.082806 17.275719 0.000000 6.100497 1.455959 2.631555 5.252392 11.325122 0.333333
82 24.208794 17.288910 0.000000 5.930820 1.406575 2.462761 4.746340 9.861567 0.333333
83 23.880329 17.429976 0.000000 5.817095 1.412526 2.482181 4.798870 9.987974 0.333333
84 24.070269 17.251751 0.000000 5.323982 1.402321 2.453619 4.735816 9.873923 0.250000
85 24.079762 17.492073 0.000000 5.673926 1.389040 2.408911 4.610966 9.548932 0.250000
86 23.960245 17.594065 0.000000 6.025678 1.414272 2.497302 4.871280 10.273758 0.333333
87 24.096638 17.660913 0.000000 6.448510 1.403416 2.466480 4.797037 10.111126 0.250000
88 23.890497 17.674114 0.000000 5.533912 1.388593 2.434559 4.751892 10.113543 0.333333
89 23.963829 17.767235 0.000000 4.782508 1.400354 2.468088 4.822815 10.221434 0.250000
91 23.981630 17.729092 0.000000 5.083485 1.379628 2.400801 4.642774 9.771556 0.333333
92 24.263891 17.901060 0.000000 4.743099 1.413669 2.509928 4.933379 10.503345 0.333333
93 24.187256 17.829359 0.000000 4.460316 1.341029 2.273692 4.285012 8.812176 0.333333
94 24.218336 18.078720 0.000000 5.103455 1.414762 2.510262 4.935267 10.518568 0.333333
95 23.777407 18.117960 0.000000 5.340234 1.444849 2.599556 5.179222 11.178262 0.333333
96 23.736263 18.220808 0.000000 5.756252 1.439338 2.592513 5.182890 11.249350 0.333333
98 24.788824 18.201632 0.000000 4.915051 1.369719 2.354887 4.470061 9.176294 0.333333
99 25.099581 18.105194 0.000000 4.214890 1.337921 2.262592 4.239442 8.630803 0.333333
100 25.278488 18.112637 0.000000 3.984350 1.296355 2.102262 3.724392 7.067749 0.333333
101 25.381197 18.217518 0.000000 3.784262 1.299234 2.124209 3.825976 7.460595 0.333333
102 25.396809 18.326759 0.000000 3.900163 1.322170 2.201516 4.051219 8.094274 0.333333
103 25.207718 18.630316 0.000000 3.180508 1.322244 2.212526 4.110966 8.329507 0.333333
104 25.566088 18.585926 0.000000 2.610983 1.358581 2.334654 4.472377 9.369493 0.333340
105 25.113920 18.583406 0.000000 2.868830 1.308361 2.182124 4.060285 8.282339 0.334975
106 25.008190 18.475891 0.000000 2.171656 1.339818 2.298390 4.436414 9.450306 0.250002
107 25.011337 18.651752 0.000000 2.166217 1.343872 2.301428 4.418363 9.324961 0.200011
108 25.346729 18.515495 0.000000 2.210450 1.316727 2.211358 4.157245 8.600381 0.333333
109 25.476383 18.621862 0.000000 1.454139 1.242711 1.940512 3.340467 6.257120 0.167367
