%% Trajectory 7
%% frame x (pixel)     y (pixel)    z (pixel)      m0         m1           m2           m3           m4           s 
20 58.685146 30.718437 0.000000 1.295548 1.313855 2.147240 3.830666 7.315219 0.166667
21 58.583439 30.968180 0.000000 1.095024 1.331765 2.255070 4.220506 8.558040 0.166668
22 58.784176 30.742039 0.000000 1.312387 1.364200 2.329612 4.384427 8.919007 0.200000
24 58.712830 31.127466 0.000000 1.280459 1.386381 2.456922 4.876230 10.600506 0.200000
25 58.593151 30.576094 0.000000 1.264995 1.266081 2.014767 3.501938 6.526021 0.200000
26 58.863365 30.808424 0.000000 1.194220 1.401292 2.449594 4.717669 9.798715 0.200000
27 59.041656 30.532837 0.000000 1.125025 1.301706 2.119699 3.770520 7.179346 0.283020
28 58.826000 30.697971 0.000000 1.467324 1.296855 2.116428 3.806612 7.412398 0.200000
29 58.780464 31.026436 0.000000 1.482860 1.326765 2.227947 4.142279 8.362790 0.166683
30 58.846603 31.053701 0.000000 1.948383 1.350937 2.291890 4.298475 8.734605 0.200004
31 58.549908 31.119284 0.000000 2.133460 1.363741 2.332313 4.402956 8.989742 0.166697
32 58.916523 31.078789 0.000000 1.924622 1.377864 2.396874 4.628747 9.715892 0.250000
33 58.945076 31.145367 0.000000 2.477208 1.345879 2.280257 4.268907 8.650300 0.167384
34 58.892300 31.099129 0.000000 2.353117 1.408728 2.475471 4.792563 10.004414 0.145962
35 58.926033 31.179855 0.000000 2.115079 1.367533 2.353776 4.477819 9.218153 0.200001
36 59.036907 31.037270 0.000000 2.352803 1.396741 2.456804 4.786870 10.106753 0.166670
37 58.828281 31.268917 0.000000 2.609838 1.320342 2.185777 3.973759 7.782086 0.166760
38 58.807575 31.184130 0.000000 2.871819 1.291899 2.108926 3.794099 7.385945 0.272153
39 59.074631 31.102129 0.000000 2.188568 1.363363 2.333730 4.418064 9.068448 0.166672
40 58.918262 31.343073 0.000000 2.714735 1.333323 2.236018 4.138476 8.292511 0.211330
41 59.121937 31.008667 0.000000 2.429837 1.359283 2.331813 4.437333 9.181952 0.171535
42 59.170273 31.115459 0.000000 2.992685 1.373706 2.352717 4.434555 9.013219 0.167129
43 58.875465 31.296598 0.000000 2.680945 1.314696 2.170724 3.944467 7.738471 0.175425
44 59.282269 31.166264 0.000000 2.503555 1.312657 2.175256 3.982134 7.907340 0.208726
45 58.985405 30.902742 0.000000 3.139396 1.377700 2.385881 4.567003 9.455988 0.168145
46 59.004082 30.991194 0.000000 2.628869 1.401808 2.488050 4.914094 10.558007 0.296923
47 59.197880 30.931477 0.000000 2.814915 1.350962 2.297000 4.322583 8.827600 0.167972
48 58.970486 31.170860 0.000000 3.362588 1.354853 2.307211 4.339086 8.827378 0.191370
49 59.124233 30.941505 0.000000 3.016455 1.337731 2.267038 4.267629 8.747066 0.166728
50 59.098557 31.307491 0.000000 3.223554 1.357309 2.303595 4.313211 8.742258 0.143079
51 58.995262 31.430082 0.000000 2.939331 1.361450 2.319116 4.346444 8.778969 0.244140
52 59.160019 31.198849 0.000000 3.045388 1.326544 2.210048 4.057806 8.058100 0.166307
53 58.938992 31.050295 0.000000 2.846917 1.365990 2.357754 4.518149 9.409839 0.135082
54 58.991627 30.880993 0.000000 2.983652 1.409011 2.496471 4.904568 10.447952 0.309034
55 59.274521 31.118536 0.000000 3.425363 1.311374 2.157899 3.906919 7.642975 0.182377
56 58.943363 31.017691 0.000000 2.885561 1.435762 2.586693 5.172056 11.215192 0.140006
57 59.123638 30.826855 0.000000 2.587794 1.350711 2.299662 4.339944 8.896589 0.170932
58 59.239517 30.907228 0.000000 2.740547 1.342388 2.267193 4.232585 8.561641 0.223719
59 59.135963 31.124464 0.000000 2.554375 1.338348 2.241034 4.114149 8.111502 0.143046
60 59.089684 31.138515 0.000000 3.448489 1.334864 2.236562 4.115430 8.147642 0.149906
61 59.127102 30.898798 0.000000 3.294005 1.387221 2.414613 4.645442 9.672324 0.133789
62 59.186024 31.180897 0.000000 3.021028 1.362618 2.334073 4.423425 9.092727 0.215016
63 59.127304 31.028986 0.000000 3.321096 1.348523 2.290914 4.303500 8.760520 0.143042
64 59.239716 31.079802 0.000000 3.754458 1.345173 2.276605 4.257823 8.631952 0.142857
65 59.251820 31.038292 0.000000 3.317346 1.388046 2.430131 4.736359 10.067476 0.168092
66 59.283127 31.067970 0.000000 3.275870 1.313384 2.151423 3.856873 7.421146 0.242519
67 59.250504 30.974270 0.000000 3.549344 1.357405 2.327995 4.434399 9.193698 0.218486
68 59.192909 30.929819 0.000000 3.542769 1.369287 2.361620 4.521599 9.416099 0.142970
69 59.306038 31.069004 0.000000 3.438379 1.356875 2.315210 4.362335 8.897305 0.214941
70 59.187843 31.133326 0.000000 3.623284 1.331554 2.240998 4.172983 8.436363 0.261299
71 59.146305 31.094543 0.000000 3.814342 1.344842 2.276835 4.263652 8.661549 0.174413
72 59.082485 31.028082 0.000000 3.319243 1.374669 2.367611 4.502559 9.261899 0.166994
73 59.260265 31.052654 0.000000 3.386312 1.335571 2.228198 4.079374 8.035810 0.166763
74 59.235680 31.005356 0.000000 3.623155 1.354347 2.300727 4.310991 8.734372 0.179134
75 59.343159 31.134821 0.000000 3.371588 1.316785 2.166308 3.909939 7.597955 0.149336
76 59.130581 31.146046 0.000000 4.141800 1.375178 2.358372 4.450642 9.055120 0.142857
77 59.258629 31.063398 0.000000 3.610204 1.366828 2.332576 4.371629 8.814378 0.130279
78 59.195171 31.192762 0.000000 3.921039 1.336234 2.244777 4.165667 8.378026 0.166677
79 59.180840 30.979361 0.000000 3.447623 1.338031 2.260416 4.230013 8.591785 0.146368
80 59.196392 31.078894 0.000000 4.163286 1.374838 2.369553 4.513354 9.311287 0.125048
81 59.236271 31.191067 0.000000 3.895918 1.328380 2.206431 4.021836 7.890580 0.144530
82 59.230145 31.201298 0.000000 3.938276 1.319042 2.178296 3.949432 7.713314 0.213362
83 59.174404 30.942007 0.000000 3.934331 1.378576 2.376910 4.518891 9.278251 0.267325
84 59.164150 31.134781 0.000000 4.230014 1.369722 2.351202 4.449538 9.096673 0.231001
85 59.258198 31.067146 0.000000 3.913982 1.332659 2.238802 4.160371 8.395637 0.190828
86 59.241810 31.266846 0.000000 4.386680 1.336442 2.230241 4.088277 8.076460 0.166667
87 59.210785 31.103970 0.000000 4.329349 1.348121 2.281454 4.264563 8.637001 0.167593
88 59.169621 31.076506 0.000000 4.069333 1.350158 2.292348 4.297951 8.722634 0.216405
89 59.261272 30.952841 0.000000 4.094960 1.343349 2.280245 4.293280 8.793150 0.304003
90 59.315662 31.012606 0.000000 4.793015 1.363152 2.332175 4.408794 9.027012 0.166667
91 59.297016 31.250626 0.000000 4.189672 1.310003 2.134842 3.793749 7.206303 0.202159
92 59.206879 31.137989 0.000000 4.529072 1.341730 2.258821 4.191244 8.407383 0.166667
93 59.357262 31.156851 0.000000 4.563925 1.354199 2.285275 4.230539 8.420587 0.166667
94 59.272980 31.299438 0.000000 4.656073 1.291329 2.089918 3.703610 7.054699 0.166667
95 59.264771 31.382969 0.000000 4.895020 1.311816 2.154984 3.882769 7.531636 0.166667
96 59.475979 31.237293 0.000000 4.880579 1.311911 2.150333 3.864841 7.477169 0.200000
97 59.342846 31.261183 0.000000 4.615123 1.315709 2.182547 4.004519 7.984776 0.200000
98 59.326702 31.423540 0.000000 5.396882 1.313955 2.156833 3.882286 7.522181 0.200000
99 59.475082 31.230854 0.000000 4.657086 1.311931 2.158558 3.905106 7.629005 0.166677
100 59.499203 31.226210 0.000000 5.315060 1.325056 2.206731 4.055431 8.076242 0.200000
101 59.296215 31.395845 0.000000 4.751604 1.311741 2.158308 3.899267 7.592748 0.166667
102 59.287895 31.354433 0.000000 4.508431 1.304148 2.136139 3.845529 7.472479 0.326166
103 59.326855 31.481962 0.000000 4.867576 1.291941 2.085670 3.674093 6.926686 0.166667
104 59.261749 31.682087 0.000000 4.556109 1.300441 2.112515 3.750360 7.136719 0.142857
105 59.267403 31.695030 0.000000 4.568485 1.357683 2.313580 4.357191 8.894348 0.200000
106 59.236832 31.797476 0.000000 4.217909 1.364490 2.314851 4.311146 8.634118 0.250000
107 59.217937 31.854259 0.000000 4.644503 1.361228 2.327171 4.401798 9.028798 0.200000
108 59.240456 31.760567 0.000000 5.120241 1.362662 2.321354 4.351958 8.796665 0.166667
110 59.055222 32.004902 0.000000 3.819642 1.403161 2.479149 4.854635 10.302954 0.142860
111 59.069637 32.151989 0.000000 4.406223 1.377846 2.362647 4.451959 9.028539 0.166667
112 59.293842 32.202568 0.000000 4.639585 1.323506 2.202414 4.039144 8.014662 0.166677
113 59.123581 32.315304 0.000000 4.298957 1.364050 2.323922 4.346879 8.745107 0.167172
114 59.080536 32.238422 0.000000 3.735043 1.368204 2.339542 4.402700 8.934464 0.142906
115 59.120251 32.320950 0.000000 4.322347 1.352397 2.283432 4.226220 8.401807 0.166667
116 59.074306 32.385925 0.000000 4.217151 1.328010 2.205652 4.018372 7.872415 0.166667
117 58.993755 32.406490 0.000000 4.520535 1.339379 2.254041 4.185994 8.414742 0.166667
118 58.790218 32.562572 0.000000 3.907078 1.317637 2.178763 3.955625 7.734847 0.166667
119 58.862473 32.691887 0.000000 3.851532 1.354095 2.297639 4.295334 8.670629 0.142870
120 59.184155 32.877224 0.000000 3.121938 1.393787 2.427897 4.668040 9.703957 0.169997
121 58.720539 33.364735 0.000000 3.171629 1.319160 2.175741 3.940010 7.687894 0.241183
122 59.181873 33.159851 0.000000 3.178784 1.425428 2.545652 5.034702 10.791734 0.142859
123 59.107658 33.221706 0.000000 2.249303 1.457706 2.662303 5.402266 11.902870 0.142866
124 59.377930 33.243877 0.000000 1.842950 1.458782 2.641587 5.293071 11.485994 0.138188
125 59.649467 33.508205 0.000000 2.225304 1.512326 2.814180 5.781589 12.816472 0.142857
126 59.870331 33.632034 0.000000 1.837458 1.428905 2.564603 5.107004 11.032621 0.145081
127 60.033493 33.581898 0.000000 2.406153 1.518851 2.859972 5.953361 13.368396 0.142857
128 60.324116 33.389534 0.000000 2.052680 1.373638 2.376762 4.552893 9.464747 0.180461
129 60.415112 33.713066 0.000000 1.508351 1.387385 2.416003 4.668235 9.804196 0.153773
131 60.673916 34.178841 0.000000 1.725378 1.456944 2.657033 5.370996 11.768641 0.167156
132 60.053307 34.482826 0.000000 1.463017 1.471207 2.705929 5.489956 11.989587 0.126411
133 59.914059 34.421154 0.000000 1.769894 1.497470 2.790594 5.762013 12.866151 0.201262
135 59.144161 33.611385 0.000000 1.608718 1.472916 2.764053 5.803187 13.265175 0.145421
137 59.280590 34.031841 0.000000 1.304811 1.441657 2.623472 5.321949 11.744566 0.125983
139 59.374405 32.737988 0.000000 0.906614 1.580697 3.073063 6.567848 15.039645 0.213372
141 58.604336 33.421108 0.000000 1.083869 1.470873 2.672269 5.364228 11.630219 0.144301
