%% Trajectory 85
%% frame x (pixel)     y (pixel)    z (pixel)      m0         m1           m2           m3           m4           s 
213 54.557438 43.741764 0.000000 1.155662 1.298034 2.092461 3.681784 6.938173 0.167793
214 54.559368 43.850060 0.000000 0.933131 1.225488 1.895605 3.213246 5.876078 0.166667
215 54.749443 43.757797 0.000000 1.089832 1.293180 2.102041 3.754967 7.237661 0.259330
216 54.669621 43.642448 0.000000 1.099330 1.288362 2.107262 3.794172 7.381629 0.166667
217 54.761620 43.605362 0.000000 1.384686 1.268853 2.018546 3.514787 6.579755 0.180644
218 54.618656 43.434784 0.000000 1.499290 1.246579 1.959047 3.383333 6.324356 0.203201
219 54.354897 43.515282 0.000000 1.651711 1.253492 1.974185 3.399503 6.290416 0.166667
220 54.473217 43.839489 0.000000 1.848014 1.300247 2.125672 3.809045 7.336937 0.200000
221 54.689659 43.624191 0.000000 2.122758 1.235700 1.931982 3.305958 6.088961 0.200000
222 54.449062 43.634418 0.000000 1.995474 1.280239 2.048322 3.579920 6.708518 0.213609
223 54.754284 43.836437 0.000000 2.315872 1.341892 2.259970 4.201476 8.457783 0.250000
224 54.586834 43.382854 0.000000 2.124278 1.253342 1.975770 3.405435 6.306845 0.200200
225 54.624859 43.693901 0.000000 2.102379 1.275947 2.043406 3.580720 6.741355 0.298360
226 54.669724 43.669724 0.000000 1.917645 1.282786 2.071074 3.671091 7.015812 0.251194
227 54.490582 43.661907 0.000000 2.253774 1.261088 2.011487 3.537038 6.751276 0.200000
228 54.592312 43.594975 0.000000 1.912586 1.240199 1.929597 3.286030 6.028579 0.250004
229 54.700474 43.648556 0.000000 2.332426 1.266723 2.019917 3.527747 6.627548 0.250000
230 54.646290 43.574890 0.000000 2.269577 1.283275 2.069685 3.657848 6.957521 0.200134
231 54.527653 43.613712 0.000000 2.294113 1.252489 1.972311 3.395681 6.282025 0.250000
232 54.477726 43.667889 0.000000 2.128586 1.251768 1.971328 3.394107 6.278329 0.200000
233 54.579124 43.576309 0.000000 2.639482 1.269526 2.019510 3.511527 6.553745 0.250000
234 54.608307 43.732113 0.000000 2.528641 1.244521 1.950081 3.341717 6.157506 0.250000
235 54.703373 43.905331 0.000000 2.680467 1.294849 2.109990 3.774425 7.272171 0.250000
236 54.678799 43.707676 0.000000 2.515333 1.284140 2.064121 3.622630 6.810164 0.250000
237 54.555065 43.768894 0.000000 2.663730 1.265842 2.010875 3.490644 6.502388 0.200000
238 54.709919 43.708988 0.000000 2.883548 1.296080 2.115234 3.791724 7.331813 0.250000
239 54.739914 43.717972 0.000000 2.927597 1.283519 2.071386 3.658678 6.939141 0.250000
240 54.736118 43.904659 0.000000 2.413119 1.291774 2.096061 3.728975 7.136147 0.166667
241 54.751862 43.864101 0.000000 2.360572 1.293117 2.101089 3.751313 7.223910 0.250000
242 54.780941 43.611725 0.000000 2.734096 1.276272 2.050666 3.618242 6.890105 0.200000
243 54.633018 43.927433 0.000000 2.987057 1.267058 2.016289 3.507178 6.546624 0.200000
244 54.866119 43.639725 0.000000 3.155965 1.293849 2.095893 3.723994 7.125838 0.250000
245 54.841057 43.923790 0.000000 3.716279 1.326632 2.214106 4.069456 8.072155 0.226141
246 54.841476 43.693226 0.000000 3.243266 1.273349 2.038509 3.580062 6.776533 0.200000
247 54.975945 43.909889 0.000000 3.477901 1.363088 2.343462 4.456394 9.176132 0.228117
248 54.700512 43.940556 0.000000 3.404345 1.289478 2.099338 3.758480 7.261573 0.200000
249 54.779991 43.758171 0.000000 3.268441 1.274886 2.040898 3.568894 6.689849 0.166668
250 54.685661 43.878040 0.000000 3.850739 1.299842 2.130377 3.844642 7.497112 0.166667
251 54.818310 43.832184 0.000000 4.027672 1.321106 2.191734 4.006290 7.918167 0.198335
252 54.697655 43.837723 0.000000 3.524700 1.320223 2.177687 3.936642 7.647801 0.200000
253 54.670208 43.757370 0.000000 3.939309 1.296414 2.102047 3.723033 7.064682 0.167423
254 54.753330 43.646896 0.000000 3.822220 1.288583 2.086900 3.708095 7.099631 0.330244
255 54.755032 43.811039 0.000000 3.627783 1.306237 2.134297 3.815235 7.317062 0.170615
256 54.862808 43.833073 0.000000 4.124259 1.320040 2.186592 3.982277 7.820485 0.177819
257 54.719608 43.913383 0.000000 4.321439 1.313630 2.160774 3.902563 7.595758 0.200000
258 54.809170 43.895573 0.000000 4.563446 1.349201 2.276401 4.224197 8.450974 0.143219
259 54.944855 43.838219 0.000000 3.972686 1.349793 2.281668 4.251311 8.560214 0.166667
260 54.849899 43.735844 0.000000 4.052489 1.312612 2.165181 3.926444 7.682067 0.166667
261 54.695290 43.799850 0.000000 3.979551 1.293931 2.103800 3.755104 7.222098 0.166667
262 54.878048 43.807236 0.000000 4.425091 1.335572 2.232083 4.101747 8.128885 0.142857
263 54.903767 43.891220 0.000000 4.459266 1.332031 2.227521 4.094730 8.108618 0.142857
264 54.857281 43.915054 0.000000 5.019578 1.352181 2.287635 4.258749 8.549699 0.166667
265 54.787426 43.911999 0.000000 4.636007 1.319584 2.182707 3.968838 7.780639 0.166667
266 54.908436 43.858120 0.000000 3.841516 1.338045 2.244205 4.137958 8.218775 0.166667
267 54.902534 43.942883 0.000000 4.566959 1.333842 2.238202 4.141172 8.282067 0.200000
268 54.969921 43.924786 0.000000 4.058755 1.373853 2.363663 4.477691 9.141572 0.200000
269 55.000389 43.920048 0.000000 3.929407 1.370465 2.350550 4.435555 9.012954 0.200000
270 55.108433 44.082966 0.000000 3.962433 1.338098 2.251437 4.181225 8.403134 0.200000
271 55.013367 44.096107 0.000000 4.139307 1.347321 2.293706 4.330365 8.882596 0.200000
272 55.015690 44.240456 0.000000 4.223708 1.365469 2.346266 4.460633 9.191575 0.200000
273 55.241936 44.007679 0.000000 4.036711 1.323254 2.204159 4.043758 8.009262 0.200000
274 55.290394 43.990807 0.000000 3.510369 1.347470 2.284265 4.272093 8.636560 0.200000
275 55.475014 44.286659 0.000000 4.113826 1.274498 2.037632 3.561030 6.677882 0.200000
276 55.556629 44.328430 0.000000 4.313622 1.309752 2.140176 3.822097 7.315069 0.200000
277 55.585594 44.264221 0.000000 3.899329 1.294213 2.093062 3.694570 6.979825 0.200000
278 55.719421 44.304996 0.000000 4.360765 1.300787 2.117465 3.770321 7.202237 0.200000
279 55.890430 44.346653 0.000000 4.359155 1.328088 2.199426 3.984007 7.736365 0.200000
280 55.878159 44.268520 0.000000 4.646709 1.327131 2.202429 4.012778 7.872986 0.200000
281 56.073036 44.314274 0.000000 3.875165 1.338115 2.247313 4.160872 8.327822 0.200000
282 55.850559 44.450748 0.000000 3.892828 1.298609 2.106839 3.732614 7.082287 0.200000
283 56.147205 44.529881 0.000000 4.253230 1.325811 2.192028 3.968712 7.718495 0.200000
284 56.068184 44.435673 0.000000 3.845676 1.305599 2.135219 3.830822 7.395923 0.200000
285 56.202671 44.518608 0.000000 3.319941 1.299183 2.117362 3.780590 7.255464 0.200000
286 56.236084 44.637302 0.000000 3.533184 1.262092 2.004774 3.489704 6.543806 0.200000
287 56.363377 44.367794 0.000000 2.826657 1.291665 2.088761 3.686084 6.960620 0.200000
288 56.399860 44.385651 0.000000 2.870592 1.244720 1.949165 3.338211 6.149031 0.200000
289 56.146973 44.614067 0.000000 2.417729 1.412043 2.473962 4.765838 9.889253 0.200000
290 56.125977 44.019062 0.000000 2.429170 1.359806 2.340001 4.472067 9.301542 0.219202
291 55.637066 44.050255 0.000000 2.014336 1.386392 2.408989 4.612768 9.528602 0.200000
292 55.980595 43.739178 0.000000 1.564918 1.310878 2.208156 4.171809 8.679303 0.166667
293 55.863338 43.626587 0.000000 1.613025 1.346677 2.263178 4.182187 8.339190 0.166667
294 55.734646 44.106430 0.000000 1.376509 1.390539 2.435704 4.741645 10.046270 0.173680
295 55.908405 44.041748 0.000000 1.028783 1.426263 2.556271 5.081439 10.947407 0.153302
