%% Trajectory 41
%% frame x (pixel)     y (pixel)    z (pixel)      m0         m1           m2           m3           m4           s 
55 75.984383 54.517300 0.000000 1.160597 1.357002 2.327044 4.395152 8.945781 0.166667
57 75.752884 53.812832 0.000000 1.558666 1.256722 1.989367 3.453716 6.464026 0.111111
59 75.891258 53.754631 0.000000 1.670589 1.341922 2.247805 4.128438 8.149981 0.142857
60 75.918175 53.859562 0.000000 1.538225 1.428334 2.579269 5.142054 11.044529 0.104561
62 75.009987 54.051193 0.000000 1.969339 1.436004 2.599934 5.218739 11.348295 0.125000
64 75.269691 53.717171 0.000000 1.970170 1.277360 2.057042 3.641367 6.958679 0.125000
65 75.533913 53.975670 0.000000 2.635224 1.353826 2.299811 4.297549 8.651730 0.111112
67 75.577957 53.924435 0.000000 2.027737 1.281693 2.088296 3.751805 7.301317 0.125000
68 75.606285 53.624756 0.000000 2.186434 1.239620 1.941387 3.338577 6.208990 0.142857
69 75.620766 53.649300 0.000000 2.037305 1.232192 1.919505 3.271269 5.999450 0.166667
70 75.861008 53.630119 0.000000 2.794019 1.254669 1.991499 3.470309 6.527441 0.125000
71 75.676590 53.697712 0.000000 3.359609 1.256772 1.981115 3.415001 6.327005 0.125000
72 75.603394 53.695549 0.000000 3.243082 1.261038 1.996819 3.465813 6.485918 0.100000
73 75.665062 53.771984 0.000000 3.516357 1.300257 2.135264 3.867334 7.589573 0.100000
74 75.867096 53.911240 0.000000 3.255366 1.379006 2.375934 4.514082 9.264622 0.142915
75 75.840477 53.699955 0.000000 3.346917 1.275524 2.043490 3.583300 6.752930 0.142857
76 75.825829 53.884453 0.000000 3.569148 1.351075 2.282370 4.244001 8.514899 0.111111
77 75.712051 53.985218 0.000000 3.858098 1.330182 2.208473 4.018121 7.854290 0.100000
78 75.831467 53.809532 0.000000 3.823570 1.319948 2.193902 4.018104 7.955687 0.125092
79 75.827492 53.972878 0.000000 2.990237 1.314752 2.173485 3.939429 7.671888 0.125000
80 75.891327 53.859753 0.000000 2.705248 1.319457 2.190282 4.005891 7.923239 0.142857
81 75.786720 53.908283 0.000000 3.342352 1.333718 2.224310 4.060548 7.947222 0.111111
82 75.922821 53.983665 0.000000 2.631781 1.353246 2.303367 4.309537 8.672916 0.090909
83 75.760193 53.668076 0.000000 2.811528 1.263156 1.999262 3.458775 6.426178 0.125000
84 75.880821 53.975212 0.000000 3.515600 1.360242 2.318184 4.345381 8.774655 0.090909
85 75.927094 54.111206 0.000000 3.452914 1.348267 2.293155 4.321533 8.846478 0.100000
86 75.739998 54.438660 0.000000 3.246013 1.315938 2.182663 4.011625 8.033429 0.142857
87 75.726952 54.072754 0.000000 3.557650 1.305342 2.147273 3.883652 7.576219 0.125000
88 75.726318 54.410664 0.000000 3.442342 1.276128 2.040641 3.568542 6.702390 0.100000
89 75.678360 54.775547 0.000000 3.670954 1.283681 2.062371 3.619163 6.805501 0.083333
90 75.942398 54.693348 0.000000 3.276194 1.365529 2.357519 4.510169 9.359434 0.076923
91 75.567223 54.498669 0.000000 3.480972 1.285607 2.083199 3.712118 7.145830 0.111111
92 75.482399 54.744495 0.000000 3.032830 1.306259 2.142305 3.854396 7.461611 0.125000
93 75.564674 54.732807 0.000000 3.603962 1.328790 2.207422 4.035294 7.972391 0.100000
94 75.565025 54.744423 0.000000 3.368825 1.293082 2.109389 3.798006 7.419132 0.111111
95 75.715080 54.929192 0.000000 3.062991 1.289747 2.104612 3.793969 7.419149 0.083333
97 74.570541 54.833321 0.000000 2.955714 1.273015 2.032301 3.551290 6.673432 0.111111
98 74.480743 54.530304 0.000000 3.045685 1.269336 2.018059 3.508662 6.554378 0.090909
99 74.408531 54.692741 0.000000 2.795169 1.288162 2.085359 3.694599 7.029540 0.090909
100 74.637848 54.970577 0.000000 2.538004 1.381955 2.381849 4.516284 9.222558 0.100000
101 74.226105 54.500393 0.000000 2.629030 1.307387 2.155297 3.917503 7.705409 0.111111
102 74.398560 54.914268 0.000000 2.202832 1.413549 2.491310 4.820148 10.013023 0.090909
103 74.151825 55.158527 0.000000 2.112218 1.371665 2.361372 4.496463 9.281689 0.090909
104 74.412720 55.234329 0.000000 1.869786 1.447839 2.694415 5.606472 12.700962 0.083333
106 74.621727 54.800671 0.000000 1.049744 1.229200 1.954441 3.457448 6.706414 0.090841
108 74.476395 54.627937 0.000000 1.763964 1.408259 2.457877 4.748509 9.954595 0.100000
