%% Trajectory 23
%% frame x (pixel)     y (pixel)    z (pixel)      m0         m1           m2           m3           m4           s 
180 34.710590 63.909447 0.000000 1.453334 1.130855 1.671225 2.721067 4.823100 0.250000
182 35.003696 64.397591 0.000000 1.082259 1.094332 1.584466 2.527381 4.399053 0.250000
183 34.892555 63.805313 0.000000 1.260056 1.150666 1.734145 2.882434 5.208072 0.250000
185 34.849892 64.001007 0.000000 1.289232 1.161716 1.808198 3.167575 6.141688 0.250000
186 35.128532 64.326820 0.000000 1.207206 1.111697 1.615398 2.586533 4.525200 0.250000
188 35.040493 63.998627 0.000000 1.190538 1.257225 2.100039 3.955204 8.199244 0.250000
189 35.163986 64.257317 0.000000 1.093426 1.081914 1.536708 2.408083 4.141419 0.250000
190 34.923706 64.115517 0.000000 1.404785 1.202141 1.843154 3.095834 5.607649 0.250000
191 35.042736 63.890629 0.000000 1.693802 1.227479 1.974509 3.534721 6.906768 0.250000
192 35.271671 64.102798 0.000000 1.891570 1.202139 1.880333 3.284125 6.313967 0.250000
193 34.981190 63.913300 0.000000 1.437287 1.208377 1.914348 3.388539 6.583196 0.250000
194 34.923023 64.088455 0.000000 1.806755 1.266457 2.098162 3.905459 7.992935 0.250586
195 35.071102 64.023552 0.000000 1.718368 1.283637 2.173753 4.138727 8.648436 0.250000
196 34.995033 64.181046 0.000000 1.510879 1.185927 1.850117 3.242547 6.293277 0.250000
197 34.865906 63.916279 0.000000 1.577467 1.174497 1.808483 3.117675 5.935407 0.250000
198 34.866673 64.027077 0.000000 1.221709 1.209448 1.934803 3.471873 6.858828 0.250000
199 34.955616 64.214767 0.000000 1.129895 1.209144 1.944332 3.531967 7.111115 0.200000
200 34.843815 64.107941 0.000000 1.048587 1.145705 1.667282 2.645070 4.532531 0.200000
201 34.936001 64.015900 0.000000 1.299389 1.224179 1.988787 3.621420 7.235330 0.250000
202 34.878654 63.917904 0.000000 1.531821 1.163613 1.785606 3.066741 5.815241 0.250000
203 34.913033 64.184746 0.000000 1.807193 1.174935 1.767546 2.911998 5.183852 0.250000
204 34.810284 64.289406 0.000000 1.322827 1.116510 1.584903 2.450393 4.102737 0.250000
205 35.030464 64.140846 0.000000 2.056058 1.223877 1.925763 3.353311 6.357639 0.250000
206 35.011162 64.352333 0.000000 1.760164 1.198682 1.858915 3.202141 6.037522 0.200000
207 34.969971 64.265648 0.000000 1.720403 1.203622 1.872754 3.219450 6.017005 0.200014
208 34.796726 64.120079 0.000000 1.738039 1.178023 1.764118 2.892842 5.131960 0.333333
209 35.100216 64.106415 0.000000 2.098988 1.215655 1.895071 3.261513 6.102217 0.200000
210 34.966606 64.131714 0.000000 2.009933 1.231537 1.978144 3.550144 6.990439 0.333333
211 35.010998 64.189453 0.000000 1.983784 1.222176 1.932075 3.383473 6.450760 0.250000
212 35.097023 64.433609 0.000000 2.049477 1.161204 1.739227 2.866252 5.130891 0.250000
213 35.071220 64.160545 0.000000 2.182416 1.221558 1.901901 3.257113 6.037053 0.250000
214 35.374222 64.373604 0.000000 1.931226 1.133960 1.647695 2.619596 4.518038 0.250000
215 35.342514 64.247597 0.000000 2.049703 1.151212 1.692812 2.726624 4.762352 0.250000
216 35.462303 64.301010 0.000000 1.942337 1.109804 1.577469 2.446969 4.119399 0.250000
217 35.594547 64.529991 0.000000 1.904718 1.144211 1.670666 2.670293 4.629684 0.250000
218 35.641102 64.444199 0.000000 2.136000 1.135766 1.647449 2.608414 4.469305 0.250000
219 35.378185 64.171570 0.000000 1.919696 1.145616 1.669906 2.661800 4.598969 0.250000
220 35.765385 64.388412 0.000000 1.755437 1.149455 1.693822 2.734811 4.786598 0.250000
221 35.765446 64.581291 0.000000 1.952471 1.136369 1.635818 2.566265 4.356851 0.200000
222 35.812225 64.470848 0.000000 1.986478 1.136484 1.648791 2.614897 4.497463 0.250000
223 35.999691 64.606445 0.000000 2.390951 1.196543 1.854383 3.185604 5.983670 0.250000
224 35.799644 64.427200 0.000000 2.699903 1.216450 1.874219 3.161583 5.749338 0.250000
225 35.932693 64.467178 0.000000 1.833378 1.178614 1.784450 2.963417 5.321133 0.250000
226 36.097836 64.754929 0.000000 2.051533 1.216228 1.891110 3.229409 5.953524 0.200000
227 36.089878 64.588867 0.000000 1.795441 1.227680 1.923629 3.309692 6.141725 0.250000
228 36.213097 64.457092 0.000000 2.198503 1.243349 1.967040 3.420950 6.426600 0.200000
229 36.284798 64.611748 0.000000 2.019278 1.253038 2.005255 3.561762 6.918105 0.200002
230 36.373287 64.535942 0.000000 1.834409 1.203009 1.853648 3.150823 5.833862 0.200022
231 36.340649 64.846733 0.000000 1.459773 1.214874 1.888663 3.241687 6.051188 0.250000
232 36.484047 64.889191 0.000000 2.003479 1.233140 1.946361 3.408879 6.537840 0.250000
233 36.657665 64.873436 0.000000 1.778901 1.198694 1.824400 3.044447 5.492046 0.200000
234 37.123802 64.824089 0.000000 1.701102 1.323008 2.215293 4.119537 8.357007 0.209365
235 37.506878 64.806816 0.000000 2.092480 1.308401 2.162421 3.950924 7.837073 0.200000
237 36.314739 64.865364 0.000000 1.257636 1.271175 2.068619 3.764550 7.530044 0.372973
238 36.668312 65.466110 0.000000 1.286460 1.321725 2.199990 4.054001 8.128656 0.247677
239 36.403259 64.904007 0.000000 1.196800 1.392147 2.451011 4.780393 10.098535 0.146463
241 36.451084 64.378944 0.000000 0.971244 1.396843 2.504715 5.063119 11.274391 0.390301
