%% Trajectory 14
%% frame x (pixel)     y (pixel)    z (pixel)      m0         m1           m2           m3           m4           s 
51 53.473164 64.907593 0.000000 0.976861 1.304517 2.173419 4.038273 8.222797 0.200002
52 53.329990 65.184349 0.000000 0.928495 1.241102 1.947550 3.340984 6.157628 0.200000
53 53.618393 65.194786 0.000000 1.088085 1.231489 1.911436 3.247819 5.945502 0.166667
54 53.568230 65.034424 0.000000 0.904326 1.257534 2.002638 3.506964 6.643213 0.250000
55 53.226688 64.735199 0.000000 1.055245 1.236567 1.940399 3.342102 6.213252 0.250000
56 53.244389 64.839417 0.000000 1.171120 1.255836 1.997579 3.496557 6.621938 0.250000
57 53.466808 65.029144 0.000000 1.439507 1.284349 2.081011 3.700766 7.088097 0.250000
58 53.282246 64.848389 0.000000 1.172141 1.237104 1.946000 3.375406 6.356844 0.200025
59 53.520203 64.966949 0.000000 1.345317 1.254462 2.020999 3.644448 7.256371 0.250000
60 53.551853 64.998314 0.000000 1.642217 1.278854 2.090943 3.818374 7.666470 0.200000
61 53.487595 64.817879 0.000000 1.671950 1.246114 1.968884 3.421750 6.433243 0.250000
62 53.318329 64.916931 0.000000 1.462448 1.243108 1.956313 3.373871 6.264014 0.200000
63 53.511963 64.964134 0.000000 1.494018 1.251090 2.001631 3.571664 7.010086 0.200000
64 53.486172 64.932617 0.000000 1.598018 1.292915 2.126717 3.879144 7.707962 0.166667
65 53.648937 64.859314 0.000000 1.683952 1.250924 1.983058 3.471107 6.609942 0.200626
66 53.519508 64.785919 0.000000 1.775732 1.219927 1.877664 3.163210 5.745576 0.200000
67 53.469879 64.707268 0.000000 1.858580 1.221869 1.885564 3.185241 5.800037 0.166667
68 53.519215 64.702293 0.000000 2.100981 1.264050 2.008941 3.506012 6.609626 0.200000
69 53.483543 64.821350 0.000000 2.103840 1.244623 1.952293 3.351422 6.189596 0.200000
70 53.463352 64.770103 0.000000 1.974602 1.269793 2.027602 3.553424 6.718918 0.166667
71 53.595963 64.904724 0.000000 2.222444 1.264325 2.032221 3.612674 6.991166 0.142857
72 53.564518 64.742165 0.000000 1.879699 1.260769 2.008040 3.515371 6.650251 0.200038
73 53.541721 64.730270 0.000000 1.627457 1.247979 1.969457 3.414573 6.401188 0.200555
74 53.344296 64.906837 0.000000 1.880075 1.293473 2.124270 3.878400 7.739693 0.142857
75 53.366989 64.642464 0.000000 2.053369 1.238903 1.943151 3.347654 6.235846 0.142857
76 53.599354 64.580116 0.000000 2.195913 1.198535 1.817613 3.015496 5.399715 0.125000
77 53.422649 64.716499 0.000000 1.629658 1.207621 1.845092 3.085955 5.569663 0.166676
78 53.377728 64.856781 0.000000 1.897635 1.289920 2.101050 3.766533 7.294660 0.166668
79 53.310230 64.812141 0.000000 2.220020 1.275442 2.053436 3.643069 7.002901 0.125000
80 53.287685 64.785591 0.000000 2.552857 1.276461 2.060260 3.657857 7.017261 0.166667
81 53.295681 64.783363 0.000000 2.459715 1.283293 2.066922 3.638472 6.865049 0.125000
82 53.252148 64.803490 0.000000 2.085294 1.294755 2.114098 3.798152 7.369597 0.183991
83 53.390598 64.705681 0.000000 2.412245 1.234031 1.917103 3.258668 5.964479 0.166667
84 53.224728 64.881195 0.000000 2.477951 1.279541 2.072821 3.701221 7.157488 0.166667
85 53.132683 64.712486 0.000000 2.622342 1.301967 2.129646 3.818869 7.361372 0.166667
86 53.295021 64.822113 0.000000 2.515509 1.278153 2.061125 3.652906 6.986717 0.166667
87 53.189323 64.817818 0.000000 2.160672 1.289824 2.110410 3.815854 7.491695 0.169249
88 53.184090 65.026253 0.000000 2.404363 1.382133 2.406693 4.630097 9.624110 0.166667
89 53.242958 64.794022 0.000000 2.548351 1.296646 2.122291 3.832041 7.497252 0.142860
90 53.308292 64.899834 0.000000 2.525027 1.253586 1.985546 3.447722 6.446190 0.166667
91 53.473412 64.968361 0.000000 2.455057 1.267362 2.041573 3.629840 7.001579 0.142857
92 53.261295 64.869797 0.000000 2.366920 1.279600 2.076723 3.721714 7.237727 0.127951
93 53.319378 64.729256 0.000000 2.664072 1.258669 2.004458 3.515731 6.683496 0.166667
94 53.126369 64.844124 0.000000 2.354094 1.317381 2.179549 3.961544 7.753222 0.166675
95 53.295692 64.840904 0.000000 2.542387 1.269344 2.029986 3.558470 6.713253 0.166667
96 53.240891 64.790939 0.000000 2.376400 1.310481 2.169812 3.975033 7.914653 0.142857
97 53.096996 64.806190 0.000000 2.690836 1.322834 2.203025 4.045372 8.034568 0.166676
98 53.083912 64.743103 0.000000 2.685923 1.324437 2.210553 4.060735 8.044947 0.166669
99 53.093964 64.954788 0.000000 2.980744 1.340078 2.275821 4.284124 8.754942 0.125000
100 53.201664 64.811653 0.000000 2.827367 1.288129 2.102930 3.798057 7.461305 0.125000
101 52.994629 64.794571 0.000000 2.604757 1.354332 2.320198 4.398227 9.032468 0.142865
102 53.081852 64.725067 0.000000 3.060529 1.309852 2.163802 3.937587 7.743185 0.142857
103 52.922901 64.780167 0.000000 2.639563 1.336736 2.247254 4.173185 8.393587 0.145596
104 52.982693 64.733803 0.000000 2.576099 1.359942 2.334527 4.438298 9.153771 0.114246
105 52.907776 64.654686 0.000000 3.012508 1.329288 2.209243 4.031752 7.922488 0.125000
106 53.001118 64.504463 0.000000 2.673727 1.302236 2.135729 3.845596 7.455048 0.190653
107 52.908646 64.362206 0.000000 2.521839 1.276744 2.042320 3.570129 6.692967 0.126031
108 52.873772 64.168739 0.000000 2.774530 1.339644 2.251312 4.167038 8.330429 0.136230
109 52.943523 64.153328 0.000000 2.649498 1.327036 2.207154 4.027990 7.904800 0.147926
110 53.011444 63.936024 0.000000 2.419346 1.390884 2.435914 4.724062 9.922626 0.142863
111 53.083035 63.934658 0.000000 2.812501 1.322988 2.216783 4.105230 8.237005 0.142876
112 53.015862 63.950253 0.000000 2.762457 1.363694 2.362323 4.544348 9.496902 0.149560
113 52.976315 63.838665 0.000000 2.199954 1.346080 2.281312 4.256950 8.564611 0.239327
114 52.977356 63.709423 0.000000 2.929622 1.335957 2.234423 4.103178 8.106944 0.125362
115 52.973030 63.815754 0.000000 2.548847 1.329209 2.237647 4.168432 8.424683 0.125038
116 53.211632 63.518921 0.000000 2.455135 1.266794 2.015661 3.509604 6.567491 0.125122
117 53.600475 63.361286 0.000000 1.935331 1.279127 2.064208 3.672931 7.087891 0.207177
