%% Trajectory 10
%% frame x (pixel)     y (pixel)    z (pixel)      m0         m1           m2           m3           m4           s 
36 30.925829 69.621765 0.000000 1.323963 1.654284 3.333796 7.377065 17.471043 0.212153
38 30.825657 69.332153 0.000000 1.490084 1.626498 3.205530 6.909201 15.900770 0.175058
40 32.305874 69.683762 0.000000 1.011116 1.609602 3.192771 7.003087 16.544653 0.173720
42 31.095886 68.923286 0.000000 1.598139 1.576955 3.104383 6.794315 16.082045 0.142857
44 31.540041 69.316010 0.000000 2.112596 1.431646 2.557720 5.051271 10.795039 0.200000
46 31.350309 69.336258 0.000000 1.506931 1.598521 3.137571 6.781057 15.738875 0.250438
47 30.487892 69.034576 0.000000 1.481859 1.605969 3.156228 6.811366 15.736442 0.166696
49 30.679924 68.916641 0.000000 1.793054 1.536815 2.911681 6.092919 13.743402 0.166667
51 30.710262 68.956039 0.000000 1.051668 1.680022 3.450855 7.771093 18.701530 0.143162
53 31.613852 67.669617 0.000000 1.166811 1.578114 3.094397 6.707925 15.651765 0.166889
55 29.979208 67.706612 0.000000 1.065807 1.507957 2.913001 6.335125 15.051619 0.250000
57 29.791878 68.022949 0.000000 0.726046 1.436262 2.642723 5.476197 12.441968 0.166723
59 30.385126 68.682312 0.000000 1.781457 1.482800 2.702457 5.412685 11.649870 0.166667
60 30.550501 68.391930 0.000000 1.855886 1.532981 2.915972 6.139102 13.954965 0.250000
61 30.597204 68.722198 0.000000 1.450344 1.511983 2.852516 5.981453 13.594073 0.250007
62 30.447891 68.872459 0.000000 2.043246 1.506588 2.819088 5.850616 13.149626 0.250000
63 30.343435 68.513542 0.000000 1.836568 1.555907 2.967926 6.234132 14.074544 0.208905
64 30.580753 68.643257 0.000000 2.095377 1.462795 2.650950 5.298604 11.429836 0.200000
65 30.385511 68.337074 0.000000 1.594962 1.411792 2.458143 4.699691 9.672630 0.125701
66 30.721273 68.444649 0.000000 1.674709 1.425912 2.557126 5.093957 11.020641 0.125000
67 30.586634 68.257988 0.000000 1.903508 1.381771 2.388761 4.563083 9.434452 0.166838
68 30.656704 68.584900 0.000000 2.021009 1.494982 2.768718 5.666033 12.518609 0.200000
69 30.331533 68.317848 0.000000 1.958344 1.357335 2.321806 4.392239 9.005371 0.166667
71 31.000536 68.278786 0.000000 2.461640 1.526311 2.886672 6.036353 13.624481 0.200000
72 30.879446 67.944855 0.000000 2.451810 1.439473 2.595967 5.189105 11.233859 0.142857
73 30.822701 68.026917 0.000000 3.263849 1.438543 2.589276 5.157079 11.109974 0.200000
74 30.745285 67.698715 0.000000 3.078202 1.402076 2.455135 4.737649 9.863630 0.166667
75 30.978088 67.814835 0.000000 3.331309 1.498357 2.785680 5.721681 12.677954 0.142857
76 30.782043 67.639008 0.000000 2.814769 1.457831 2.636895 5.266932 11.363997 0.166667
78 30.811308 68.141685 0.000000 3.929940 1.445111 2.610745 5.212233 11.243576 0.250000
79 30.889200 67.983864 0.000000 3.021654 1.447345 2.630259 5.322905 11.718039 0.200000
80 30.825476 67.960526 0.000000 3.199682 1.441783 2.598438 5.183776 11.189729 0.166667
81 30.701475 67.735611 0.000000 3.345446 1.418653 2.499764 4.843589 10.105703 0.200000
82 30.684923 68.026154 0.000000 3.795211 1.413091 2.520925 5.010955 10.856075 0.200871
83 30.743202 67.993477 0.000000 3.970936 1.424589 2.537394 5.005490 10.695211 0.281377
84 30.714008 67.610138 0.000000 4.486089 1.407891 2.457156 4.716652 9.757338 0.166668
85 30.766624 67.826859 0.000000 4.822429 1.379255 2.375278 4.510340 9.256380 0.250000
86 31.019360 67.642059 0.000000 4.269901 1.449530 2.607736 5.165876 11.019560 0.166670
87 30.847860 67.852470 0.000000 5.071821 1.437612 2.580305 5.120961 10.987867 0.166667
88 30.830114 67.875702 0.000000 4.622693 1.405772 2.474086 4.820832 10.182626 0.200000
89 30.782291 67.956757 0.000000 4.750620 1.452147 2.644545 5.347715 11.728538 0.166667
90 30.839251 67.916664 0.000000 5.100464 1.422153 2.524718 4.948516 10.478409 0.166667
91 30.696482 67.722076 0.000000 5.360291 1.420828 2.496208 4.814278 9.982147 0.200000
92 30.945345 67.918839 0.000000 5.781282 1.446318 2.606238 5.187567 11.152401 0.250000
93 30.781483 67.578697 0.000000 5.969151 1.378226 2.364931 4.466443 9.101499 0.200000
94 30.903456 67.721443 0.000000 5.383269 1.382594 2.380531 4.506444 9.189542 0.200000
95 30.837307 67.658165 0.000000 6.017344 1.379285 2.374305 4.499061 9.197606 0.166667
96 30.818155 67.774788 0.000000 6.537104 1.428789 2.533099 4.948239 10.426570 0.142857
97 31.008341 67.732704 0.000000 6.260661 1.403359 2.457959 4.754886 9.946350 0.166667
98 30.942287 67.918930 0.000000 6.037218 1.434383 2.575347 5.123958 11.047645 0.166667
99 31.063107 67.912346 0.000000 5.826939 1.406544 2.462787 4.749598 9.874554 0.200000
100 31.001461 67.909103 0.000000 6.024385 1.401065 2.459500 4.775929 10.037925 0.200000
101 31.020853 67.700134 0.000000 6.569699 1.431871 2.552171 5.018195 10.647807 0.200000
102 30.952753 67.779510 0.000000 6.384562 1.401170 2.445935 4.706197 9.775826 0.166667
103 31.104792 67.801529 0.000000 6.419839 1.388932 2.404501 4.579305 9.396649 0.200000
104 30.841537 67.779724 0.000000 6.144295 1.412945 2.476764 4.772158 9.894863 0.142857
105 31.098543 67.646599 0.000000 6.723623 1.390647 2.413535 4.610081 9.491957 0.166667
106 30.988447 67.683968 0.000000 6.421005 1.415241 2.504699 4.902470 10.385322 0.166667
107 30.981920 67.567612 0.000000 6.429080 1.408286 2.472860 4.788486 10.008699 0.200000
108 31.126112 67.685799 0.000000 6.697777 1.373790 2.350791 4.417004 8.927764 0.250000
110 31.088993 67.783127 0.000000 5.495776 1.404034 2.450659 4.698218 9.684155 0.100000
111 30.977083 67.711052 0.000000 6.246159 1.394374 2.436981 4.716666 9.902839 0.125000
112 31.225492 67.708122 0.000000 6.592828 1.396879 2.440403 4.706262 9.812430 0.166667
113 31.166901 67.667267 0.000000 6.254549 1.420781 2.500101 4.835059 10.061760 0.166667
114 31.260235 67.649223 0.000000 6.676575 1.388123 2.404313 4.591467 9.472929 0.166667
115 31.031771 67.710533 0.000000 5.848354 1.399521 2.451027 4.747132 9.955024 0.142857
116 30.960457 67.713669 0.000000 6.217398 1.385073 2.398757 4.581539 9.452811 0.142857
117 31.112268 67.715149 0.000000 5.980112 1.376873 2.369547 4.491993 9.187906 0.100000
118 31.219440 67.687210 0.000000 6.405152 1.383424 2.400039 4.601686 9.552571 0.166667
119 31.125135 67.736595 0.000000 5.882753 1.399439 2.441790 4.701633 9.785821 0.142857
120 31.239620 67.828056 0.000000 6.655466 1.387805 2.406506 4.606468 9.533427 0.142857
121 31.254660 67.848198 0.000000 6.165584 1.421150 2.520987 4.939776 10.463531 0.142857
122 31.215954 67.859299 0.000000 5.649517 1.435386 2.580253 5.146926 11.142694 0.166667
123 31.235527 68.014175 0.000000 5.937889 1.425346 2.545374 5.034474 10.785274 0.125000
124 31.106844 67.959785 0.000000 5.365259 1.404009 2.456967 4.737523 9.850126 0.083333
125 31.323505 67.842728 0.000000 5.403602 1.391305 2.417157 4.629064 9.571942 0.200000
126 31.182106 67.931442 0.000000 5.503716 1.398635 2.442822 4.697833 9.735687 0.142857
127 31.318615 67.929085 0.000000 5.800668 1.423206 2.526618 4.952728 10.489352 0.100000
128 31.120317 67.830551 0.000000 5.492607 1.367452 2.332532 4.375423 8.840006 0.111111
129 31.146563 67.887749 0.000000 5.456332 1.405795 2.468230 4.785821 10.028457 0.100000
130 31.147190 67.977112 0.000000 5.975044 1.379140 2.388083 4.566997 9.441836 0.125000
131 31.082804 68.001785 0.000000 5.391266 1.398807 2.457690 4.779505 10.064296 0.200000
132 31.109335 67.866875 0.000000 6.355084 1.371524 2.355699 4.457563 9.099701 0.166667
133 31.068871 67.912369 0.000000 5.519073 1.370655 2.359968 4.488616 9.234309 0.166667
134 31.176737 67.958046 0.000000 5.512869 1.344563 2.269411 4.221024 8.479729 0.125000
135 31.072037 67.921135 0.000000 5.354537 1.371617 2.359941 4.479733 9.186682 0.111111
136 31.266891 67.801804 0.000000 5.622249 1.344651 2.254489 4.146970 8.206424 0.142857
137 31.090065 67.865440 0.000000 5.347634 1.353161 2.295695 4.298200 8.704583 0.100000
138 31.211376 67.906906 0.000000 5.483081 1.368440 2.347291 4.442093 9.087108 0.142857
139 31.339100 67.881920 0.000000 5.475730 1.317451 2.167137 3.906725 7.569585 0.142857
140 31.317350 67.951958 0.000000 6.369874 1.355995 2.296022 4.268918 8.541600 0.200000
141 31.371021 67.829308 0.000000 6.257964 1.313731 2.156318 3.877038 7.492074 0.166667
143 31.540323 67.866013 0.000000 5.462337 1.295932 2.099439 3.714185 7.038136 0.142857
144 31.761316 67.887283 0.000000 5.028610 1.340881 2.254313 4.174154 8.349248 0.142857
145 31.841827 68.026535 0.000000 5.424498 1.373102 2.369895 4.528381 9.382060 0.142857
146 31.853102 67.808228 0.000000 4.661798 1.347595 2.265347 4.173555 8.258841 0.166667
147 31.845093 67.745605 0.000000 5.261408 1.323937 2.185421 3.946246 7.642164 0.200000
148 32.061642 67.572708 0.000000 4.945436 1.351752 2.288009 4.268380 8.604676 0.166667
149 31.944685 67.694107 0.000000 5.072356 1.373522 2.353583 4.432434 8.989054 0.166667
150 32.132820 67.669220 0.000000 5.205633 1.345135 2.251329 4.128513 8.129582 0.250000
151 32.222073 67.611176 0.000000 4.679308 1.285063 2.066394 3.627956 6.822921 0.166667
152 32.289497 67.589859 0.000000 4.945614 1.316458 2.160918 3.881430 7.481222 0.250000
153 32.531273 67.718384 0.000000 4.755059 1.283098 2.058053 3.604590 6.764802 0.250000
154 32.435493 67.527702 0.000000 4.188172 1.289750 2.083277 3.675907 6.951272 0.200000
155 32.652523 67.346420 0.000000 4.193707 1.310690 2.142529 3.831632 7.355365 0.185342
156 32.800938 67.201553 0.000000 3.826011 1.314337 2.151007 3.847048 7.373257 0.200000
157 32.895184 67.475304 0.000000 4.224665 1.341764 2.248608 4.141155 8.222829 0.187920
158 33.009102 67.744064 0.000000 3.662942 1.340883 2.256880 4.192418 8.426295 0.200000
160 32.700073 68.543152 0.000000 3.324055 1.281036 2.049904 3.581913 6.708134 0.142857
161 32.695053 68.290993 0.000000 3.427522 1.355676 2.282549 4.220050 8.402096 0.200000
163 32.775364 68.416832 0.000000 2.736784 1.345421 2.290249 4.336835 8.964958 0.200000
165 32.411648 67.736992 0.000000 2.913755 1.460773 2.623451 5.171070 10.939196 0.200000
