%% Trajectory 19
%% frame x (pixel)     y (pixel)    z (pixel)      m0         m1           m2           m3           m4           s 
42 28.492361 54.898144 0.000000 0.689341 1.391936 2.391428 4.504793 9.113683 0.167613
44 28.940613 54.707008 0.000000 0.711686 1.349938 2.295607 4.299274 8.683006 0.142857
45 28.670361 55.221897 0.000000 0.855853 1.344958 2.263577 4.200988 8.436087 0.200937
46 28.503414 55.169838 0.000000 0.824708 1.289117 2.078471 3.660657 6.910374 0.166667
47 29.012896 54.821548 0.000000 0.823682 1.390129 2.426865 4.697870 9.857600 0.250000
48 29.220743 54.762779 0.000000 0.967221 1.299533 2.122768 3.805130 7.342854 0.173394
49 28.630453 54.532536 0.000000 0.680315 1.287700 2.085588 3.706883 7.097520 0.203807
50 29.044498 54.595665 0.000000 1.073874 1.300149 2.127502 3.844413 7.540961 0.167381
51 28.978085 55.089443 0.000000 0.916678 1.365018 2.364240 4.564874 9.621251 0.166668
52 28.885452 54.956081 0.000000 1.170823 1.336866 2.252246 4.187579 8.420257 0.250273
53 28.767208 54.639938 0.000000 1.043386 1.321925 2.165308 3.863703 7.361104 0.142857
54 29.057556 55.061470 0.000000 1.448562 1.339312 2.274971 4.279911 8.735395 0.166667
55 29.012686 54.897427 0.000000 1.152586 1.410204 2.501195 4.916315 10.473690 0.242663
56 29.191568 54.735905 0.000000 1.198732 1.295812 2.121358 3.821822 7.439652 0.166667
57 29.022726 55.008236 0.000000 1.018656 1.385831 2.434042 4.740623 10.005224 0.125001
58 28.859556 54.836353 0.000000 1.293416 1.365738 2.349818 4.479174 9.267651 0.168312
59 28.926678 54.871792 0.000000 1.312470 1.385073 2.416452 4.666029 9.757315 0.200009
60 28.888840 54.860630 0.000000 1.370715 1.318300 2.190418 4.017146 7.978343 0.166667
61 28.797998 55.007706 0.000000 1.539669 1.341711 2.262949 4.207636 8.450282 0.166778
62 28.782066 54.934731 0.000000 1.664273 1.387284 2.398489 4.568923 9.392958 0.166822
63 28.859522 54.899212 0.000000 1.712605 1.370319 2.337136 4.378031 8.822692 0.203565
64 29.103628 55.023689 0.000000 1.957914 1.355662 2.309168 4.343682 8.835148 0.166667
65 28.774481 54.757515 0.000000 1.606298 1.333408 2.218681 4.044748 7.919406 0.156961
66 28.764168 54.862286 0.000000 1.842199 1.295481 2.109844 3.764744 7.219594 0.166667
67 28.793465 55.098206 0.000000 1.662018 1.356512 2.295735 4.258915 8.483069 0.143292
68 28.900785 54.871933 0.000000 2.215536 1.379854 2.389933 4.582365 9.526266 0.142857
69 28.842211 55.121868 0.000000 2.279123 1.375034 2.362644 4.475893 9.162475 0.166667
70 28.861214 54.849712 0.000000 2.240204 1.349785 2.280714 4.238211 8.486383 0.125000
71 29.041563 54.839348 0.000000 1.853198 1.375524 2.374162 4.513945 9.256055 0.166667
72 28.755342 54.822094 0.000000 1.763051 1.329080 2.213444 4.063025 8.069287 0.125000
73 28.856714 55.067135 0.000000 2.149878 1.365605 2.330377 4.368948 8.810133 0.166667
74 28.897352 54.801483 0.000000 2.142175 1.350690 2.284975 4.260849 8.581212 0.090909
75 29.209190 54.926682 0.000000 2.246143 1.360929 2.332002 4.422986 9.098332 0.111111
76 28.887318 54.728500 0.000000 2.358919 1.344181 2.260583 4.177550 8.312362 0.100000
77 28.850922 54.795151 0.000000 2.284939 1.344808 2.268475 4.216890 8.473958 0.100000
78 29.052799 54.796028 0.000000 2.388868 1.344183 2.265499 4.200661 8.399768 0.100001
79 29.068075 54.940434 0.000000 1.915872 1.371701 2.360074 4.473490 9.142859 0.111111
80 28.869823 54.900295 0.000000 2.541369 1.391466 2.424288 4.668119 9.725176 0.171210
81 28.951023 54.909401 0.000000 2.328780 1.363475 2.339530 4.440711 9.132159 0.090989
82 28.909075 54.810699 0.000000 2.469637 1.351905 2.298614 4.318563 8.787381 0.142994
83 28.954697 54.837399 0.000000 2.685113 1.380945 2.396568 4.609771 9.623613 0.111113
84 29.090151 54.791088 0.000000 2.526019 1.353557 2.287809 4.239621 8.436048 0.142857
85 28.887325 54.783447 0.000000 2.389391 1.303244 2.132406 3.834967 7.439477 0.166667
86 28.913443 54.930187 0.000000 2.634575 1.391600 2.427765 4.688160 9.811655 0.275287
87 28.930553 54.904964 0.000000 2.784105 1.379828 2.381328 4.534439 9.330773 0.142991
88 29.132044 54.779919 0.000000 2.794043 1.331780 2.215117 4.033866 7.882061 0.125000
89 29.043932 54.831684 0.000000 3.099536 1.370223 2.356424 4.472109 9.173476 0.167937
90 28.912123 54.803761 0.000000 2.641853 1.337720 2.252022 4.182717 8.401511 0.166667
91 28.934607 54.950207 0.000000 2.933439 1.373850 2.369892 4.519083 9.325782 0.125000
92 29.146111 54.841419 0.000000 3.184873 1.337936 2.249372 4.174490 8.389184 0.142857
93 29.046162 54.877975 0.000000 3.189682 1.375951 2.362195 4.461935 9.080761 0.142858
94 29.098024 54.762211 0.000000 3.108720 1.356049 2.292305 4.249264 8.463490 0.125000
95 29.123825 54.864010 0.000000 3.053625 1.364394 2.320140 4.326268 8.661958 0.179635
96 28.878658 55.082169 0.000000 3.554078 1.379805 2.386550 4.561346 9.434567 0.166667
97 29.119257 54.975979 0.000000 3.618530 1.401851 2.461536 4.773173 10.002591 0.243463
98 29.023859 55.118172 0.000000 3.582015 1.411363 2.491407 4.864076 10.275847 0.166667
99 29.060442 55.006638 0.000000 3.658600 1.397000 2.446319 4.736123 9.918505 0.250007
100 29.048368 55.025284 0.000000 3.788555 1.403458 2.465775 4.787744 10.048417 0.270987
101 28.938068 55.135509 0.000000 3.464434 1.377330 2.375036 4.515540 9.270282 0.250000
102 28.857193 55.112595 0.000000 3.186773 1.361624 2.325547 4.380698 8.918126 0.200000
103 28.946503 55.135765 0.000000 3.526070 1.390575 2.425551 4.684947 9.814897 0.256698
104 28.811001 55.060703 0.000000 3.210932 1.381792 2.392231 4.571181 9.442206 0.200000
105 28.725075 55.305122 0.000000 3.788596 1.320695 2.184768 3.969554 7.774943 0.250000
106 28.914944 55.248131 0.000000 3.474130 1.359733 2.314382 4.341114 8.795827 0.250000
107 28.851248 55.517269 0.000000 3.256578 1.359702 2.310276 4.324286 8.743917 0.200000
108 28.901720 55.497871 0.000000 3.379404 1.350562 2.281061 4.237748 8.489497 0.250000
109 28.920238 55.730461 0.000000 3.345649 1.379540 2.380254 4.534074 9.342991 0.250000
110 28.964436 55.733875 0.000000 3.629100 1.368598 2.346898 4.440688 9.084640 0.200000
111 29.262260 55.757919 0.000000 3.809835 1.367882 2.327663 4.350028 8.751607 0.200000
112 29.281675 55.734550 0.000000 3.809703 1.308802 2.138988 3.818654 7.302183 0.200000
113 29.241589 55.792191 0.000000 3.976563 1.355780 2.287278 4.227706 8.390791 0.250000
114 29.605196 55.752853 0.000000 3.632997 1.353010 2.282676 4.228816 8.436338 0.200000
115 29.571993 55.858269 0.000000 3.928077 1.342371 2.257648 4.182793 8.376736 0.250000
116 29.630840 55.795094 0.000000 3.604563 1.366169 2.316235 4.302288 8.577163 0.200000
117 29.700798 56.019272 0.000000 3.887336 1.345928 2.280852 4.279726 8.724133 0.200000
118 29.805239 55.951054 0.000000 3.640700 1.395827 2.428810 4.655345 9.624825 0.278289
119 29.668421 56.058430 0.000000 3.853176 1.367298 2.341401 4.425004 9.044847 0.250000
120 29.620821 56.479591 0.000000 3.336992 1.322679 2.173526 3.890296 7.430054 0.250100
121 29.298660 56.507435 0.000000 3.451811 1.347024 2.257823 4.135698 8.108510 0.317971
122 29.564211 56.474163 0.000000 3.097998 1.342177 2.233523 4.051974 7.851281 0.250020
123 29.581528 56.694275 0.000000 3.170650 1.341437 2.229291 4.028749 7.751372 0.250000
124 29.842669 56.482246 0.000000 2.829128 1.341757 2.248542 4.139246 8.212250 0.311185
125 29.945719 56.518803 0.000000 2.874476 1.412886 2.498884 4.885329 10.323877 0.250136
126 29.848043 56.652138 0.000000 2.621265 1.404056 2.453978 4.724417 9.812122 0.252934
127 29.818821 56.659557 0.000000 2.691951 1.348619 2.258484 4.134280 8.103088 0.452705
128 29.800476 56.778187 0.000000 2.648476 1.381545 2.384848 4.526917 9.248005 0.251617
129 29.764797 56.470783 0.000000 2.547434 1.377033 2.354965 4.413503 8.879957 0.324689
130 29.293280 56.600727 0.000000 2.235548 1.387175 2.381752 4.472544 8.996948 0.288652
131 29.225224 56.473488 0.000000 2.425433 1.354856 2.279349 4.193020 8.264848 0.275993
132 28.983757 56.449341 0.000000 2.270246 1.370061 2.354723 4.474545 9.213634 0.250000
133 28.776148 56.260845 0.000000 1.957532 1.333430 2.223000 4.066521 8.006344 0.250000
134 28.813166 56.389313 0.000000 1.727035 1.379380 2.370759 4.473809 9.078523 0.250000
135 29.054905 56.152004 0.000000 1.425933 1.403753 2.464679 4.782225 10.034480 0.250000
136 28.953754 56.509468 0.000000 1.313319 1.367814 2.351196 4.448836 9.072266 0.250000
137 29.150341 56.411049 0.000000 1.240654 1.419515 2.557441 5.146749 11.299641 0.231965
138 28.644487 56.309666 0.000000 0.893972 1.470531 2.668632 5.344459 11.550108 0.250000
139 28.800898 56.192669 0.000000 1.098447 1.468536 2.683381 5.411817 11.775334 0.272143
