%% Trajectory 29
%% frame x (pixel)     y (pixel)    z (pixel)      m0         m1           m2           m3           m4           s 
74 60.627068 49.673294 0.000000 1.815319 1.198881 1.828686 3.055861 5.514946 0.166667
75 60.430138 49.629139 0.000000 1.556164 1.208310 1.861038 3.182481 5.976674 0.166667
76 60.597721 49.560207 0.000000 2.351421 1.150338 1.689553 2.715100 4.726145 0.200000
77 60.572929 49.500771 0.000000 1.874376 1.208706 1.843099 3.084723 5.596431 0.200000
78 60.882931 49.266335 0.000000 2.271276 1.231133 1.936509 3.386865 6.496256 0.166667
79 60.840267 49.768398 0.000000 2.487261 1.306362 2.169930 3.996274 8.012467 0.199840
80 60.815800 49.660019 0.000000 1.897509 1.154915 1.710253 2.791157 4.981450 0.166667
81 60.592625 49.744190 0.000000 2.296707 1.262369 2.020135 3.571414 6.862602 0.143051
82 60.900494 49.932117 0.000000 2.802056 1.314497 2.183627 3.998999 7.910129 0.344860
83 60.995121 49.539146 0.000000 3.350199 1.323744 2.206755 4.056957 8.065626 0.135870
85 60.833538 49.575790 0.000000 3.590892 1.289149 2.111966 3.830708 7.559266 0.250182
86 60.634838 49.761833 0.000000 4.345393 1.237696 1.941014 3.342698 6.222307 0.166681
87 60.776146 49.719193 0.000000 3.693240 1.264536 2.009052 3.491421 6.518263 0.205577
89 60.617188 49.708317 0.000000 3.806545 1.287988 2.109569 3.835492 7.614506 0.142861
90 60.873589 49.757595 0.000000 3.838645 1.318061 2.197500 4.058678 8.150708 0.166667
91 60.905807 49.594669 0.000000 4.009340 1.273002 2.049385 3.626723 6.932280 0.250000
92 61.081432 49.640812 0.000000 3.894051 1.247060 1.975189 3.443148 6.494846 0.200000
93 60.711174 49.377380 0.000000 4.389031 1.244745 1.955447 3.359717 6.203825 0.142857
94 60.878628 49.335804 0.000000 4.120994 1.296058 2.101607 3.734007 7.134226 0.166667
95 60.847370 49.286053 0.000000 5.045409 1.301116 2.138647 3.890104 7.697761 0.166667
96 60.872341 49.493591 0.000000 5.815306 1.312804 2.146356 3.840510 7.380440 0.166997
97 60.906437 49.513893 0.000000 5.207665 1.344082 2.271588 4.242356 8.584059 0.175440
98 60.822823 49.553677 0.000000 5.874778 1.320617 2.177454 3.931559 7.622663 0.200000
100 60.752239 49.401436 0.000000 4.642059 1.268777 2.023408 3.543435 6.701412 0.166667
101 60.921211 49.300533 0.000000 5.321659 1.375851 2.380770 4.567946 9.523748 0.166740
102 60.964382 49.336262 0.000000 4.888195 1.340814 2.261859 4.218246 8.524000 0.250389
103 60.873497 49.209236 0.000000 4.496851 1.338563 2.265116 4.249726 8.661448 0.258015
104 60.794846 49.629608 0.000000 4.454478 1.295572 2.107251 3.761817 7.239205 0.170877
105 60.881496 49.273727 0.000000 4.934672 1.335030 2.260404 4.245067 8.663173 0.200000
106 61.047104 49.629681 0.000000 4.216213 1.402455 2.483379 4.884242 10.430405 0.200002
107 61.052776 49.476475 0.000000 4.363998 1.266593 2.050099 3.692705 7.288246 0.200000
108 60.903603 49.346825 0.000000 4.498946 1.298439 2.136208 3.886580 7.672314 0.166667
109 60.913017 49.738960 0.000000 4.223758 1.331080 2.227332 4.108860 8.195391 0.142857
110 60.998489 49.501045 0.000000 4.791474 1.309642 2.176784 4.020038 8.106541 0.166667
111 60.927135 49.462208 0.000000 3.931074 1.262741 2.005211 3.483390 6.500046 0.200000
112 60.987476 49.144024 0.000000 3.523485 1.345878 2.303470 4.384904 9.085212 0.166667
114 60.924580 49.186245 0.000000 3.570612 1.371001 2.372019 4.552419 9.477555 0.166667
115 60.687359 49.253628 0.000000 4.181242 1.340044 2.275093 4.289230 8.811566 0.200000
116 60.776978 49.109402 0.000000 3.850479 1.274813 2.075203 3.737495 7.313792 0.166667
117 60.818550 49.106792 0.000000 3.728670 1.293842 2.130661 3.901631 7.799434 0.200000
118 60.869373 48.917225 0.000000 4.147876 1.341125 2.265855 4.229714 8.549287 0.200000
119 61.111057 48.645279 0.000000 3.845522 1.326539 2.233556 4.170022 8.469265 0.250000
121 61.277740 48.551876 0.000000 4.335125 1.233374 1.925019 3.288462 6.046184 0.200000
122 61.145042 48.404209 0.000000 3.919134 1.265267 2.033741 3.605791 6.933489 0.166667
123 61.331436 48.551197 0.000000 3.887156 1.286061 2.093849 3.776086 7.416030 0.166667
124 61.358032 48.110950 0.000000 3.190744 1.250114 1.992016 3.514050 6.764091 0.142857
125 61.627148 47.821220 0.000000 3.213186 1.350016 2.299776 4.351730 8.962579 0.166667
126 61.779751 48.038666 0.000000 3.443180 1.358155 2.368683 4.613484 9.799922 0.200000
127 61.809677 48.043266 0.000000 3.811656 1.351794 2.313441 4.398282 9.093987 0.125000
129 62.897812 47.992226 0.000000 3.701560 1.413625 2.519567 4.963666 10.559601 0.142857
131 63.281830 47.398365 0.000000 3.096212 1.255062 1.985694 3.435592 6.383781 0.111111
133 62.501137 46.520718 0.000000 2.809936 1.388671 2.397760 4.550427 9.297000 0.125001
135 61.388515 46.656742 0.000000 2.552158 1.374401 2.383858 4.588696 9.592499 0.125000
136 61.546833 46.416428 0.000000 2.139342 1.231305 1.973035 3.558826 7.133745 0.111111
137 61.459873 46.372719 0.000000 2.065633 1.292042 2.106101 3.788944 7.393926 0.142857
