%% Trajectory 37
%% frame x (pixel)     y (pixel)    z (pixel)      m0         m1           m2           m3           m4           s 
54 48.518909 54.097565 0.000000 1.256425 1.321849 2.185713 3.964365 7.737164 0.200503
56 48.289371 53.819794 0.000000 1.798030 1.409342 2.476495 4.811186 10.115879 0.250000
57 47.654396 53.990421 0.000000 1.699596 1.486683 2.736093 5.560243 12.187322 0.333333
59 47.930534 54.211697 0.000000 2.369006 1.349195 2.284662 4.268540 8.628944 0.250000
60 47.993877 54.007690 0.000000 2.391986 1.399528 2.465942 4.819963 10.223659 0.200005
61 47.923176 54.101181 0.000000 1.851700 1.384623 2.416163 4.659517 9.719369 0.250353
62 47.885723 54.181080 0.000000 2.577353 1.415100 2.504279 4.906890 10.419289 0.250000
63 47.999947 54.095299 0.000000 2.161188 1.454793 2.652735 5.372643 11.805415 0.250000
64 48.188690 53.913338 0.000000 2.148788 1.367362 2.373929 4.581676 9.619479 0.250289
65 48.289707 54.078514 0.000000 2.160409 1.372049 2.370031 4.538195 9.440199 0.323742
66 47.812866 54.306244 0.000000 2.522314 1.397243 2.422303 4.613420 9.455907 0.250000
67 47.727394 54.095791 0.000000 2.400486 1.494766 2.766553 5.665695 12.541354 0.250000
68 48.178398 53.912807 0.000000 2.392085 1.412731 2.510176 4.936378 10.507646 0.250000
69 47.875206 54.508438 0.000000 2.446650 1.325989 2.218039 4.111856 8.298684 0.206316
70 48.474430 54.159237 0.000000 2.373883 1.356570 2.302238 4.311696 8.744473 0.250040
71 48.393238 54.455872 0.000000 2.766269 1.299994 2.109860 3.745195 7.137315 0.200000
72 48.043034 54.398144 0.000000 2.609862 1.358832 2.334408 4.454932 9.256481 0.219398
73 48.092308 54.288029 0.000000 2.773928 1.362246 2.324441 4.375247 8.902884 0.200000
74 48.248642 54.455864 0.000000 2.588520 1.417662 2.503408 4.884901 10.311172 0.166682
75 47.760784 54.236530 0.000000 2.827228 1.390936 2.401996 4.557633 9.311243 0.201085
76 47.837666 54.558147 0.000000 2.618788 1.299764 2.122805 3.805956 7.354885 0.255544
77 48.070385 54.691555 0.000000 3.004799 1.342887 2.267533 4.218597 8.470983 0.358686
78 48.342125 54.396873 0.000000 3.112955 1.327616 2.207338 4.034550 7.957872 0.250000
79 48.062309 54.557228 0.000000 3.620044 1.370002 2.346691 4.437742 9.085923 0.256003
80 48.580891 54.511719 0.000000 3.872408 1.298996 2.112145 3.757395 7.176404 0.200000
81 48.360226 54.642567 0.000000 3.694557 1.267400 2.023469 3.544280 6.693964 0.200070
82 48.714970 54.391624 0.000000 3.807133 1.295649 2.117764 3.808155 7.395156 0.253404
83 48.867432 54.424915 0.000000 3.602024 1.309798 2.143549 3.830462 7.326690 0.267868
84 48.835667 54.538864 0.000000 3.385951 1.286187 2.070238 3.637471 6.844303 0.200000
85 48.979889 54.330856 0.000000 3.519392 1.303355 2.134545 3.838272 7.433921 0.250000
86 48.981712 54.855724 0.000000 3.376468 1.383995 2.399838 4.588938 9.474064 0.250000
87 48.993416 54.429619 0.000000 3.706910 1.347426 2.278620 4.256161 8.613750 0.250004
88 49.215641 54.386894 0.000000 3.851457 1.308609 2.138534 3.821884 7.326967 0.250000
89 49.058979 54.335537 0.000000 3.680415 1.360394 2.319788 4.358340 8.835547 0.250000
91 49.354942 54.419983 0.000000 3.267615 1.264894 2.011068 3.495298 6.520018 0.200030
92 49.532425 53.836315 0.000000 2.986549 1.347752 2.279834 4.246007 8.530867 0.200000
93 49.730301 53.627949 0.000000 3.341219 1.293102 2.089910 3.686555 6.961986 0.369102
95 50.211777 54.505527 0.000000 1.825267 1.368801 2.397196 4.720901 10.234600 0.200000
96 50.464149 54.713959 0.000000 2.351933 1.333947 2.241165 4.162262 8.386847 0.204158
97 50.189980 54.760319 0.000000 2.257188 1.324541 2.213123 4.106035 8.313391 0.250000
98 50.292171 55.154037 0.000000 2.098946 1.366470 2.352732 4.489615 9.305213 0.200000
100 50.532730 54.496479 0.000000 1.236421 1.309260 2.153285 3.933799 7.859756 0.200474
102 50.457462 54.145473 0.000000 0.947360 1.224480 1.912300 3.281766 6.093072 0.200000
