%% Trajectory 9
%% frame x (pixel)     y (pixel)    z (pixel)      m0         m1           m2           m3           m4           s 
13 58.464958 66.960144 0.000000 1.389192 1.471994 2.725924 5.602655 12.473149 0.166667
14 58.557869 67.215538 0.000000 1.872677 1.576208 3.035809 6.434619 14.645577 0.142945
15 58.832043 67.304909 0.000000 1.629613 1.457005 2.621293 5.175485 10.964310 0.166917
16 58.717793 67.067993 0.000000 1.530357 1.478166 2.719975 5.530427 12.141161 0.287826
18 59.549103 67.136940 0.000000 1.765498 1.483184 2.724656 5.506811 11.957855 0.175619
19 58.858597 67.235260 0.000000 1.988457 1.492575 2.770412 5.691587 12.641138 0.142857
21 58.889072 66.906021 0.000000 1.764126 1.474352 2.705698 5.493283 12.046268 0.167527
22 58.829075 67.127754 0.000000 2.133148 1.405316 2.476942 4.837202 10.247906 0.177674
23 58.617447 67.259857 0.000000 2.026213 1.539120 2.909204 6.064868 13.621214 0.168950
24 58.989151 67.308662 0.000000 2.394212 1.479227 2.736019 5.620309 12.516886 0.166734
25 59.153473 67.081947 0.000000 2.306956 1.423544 2.543674 5.040683 10.830958 0.125082
26 58.849010 67.183945 0.000000 2.116718 1.425910 2.537672 4.990425 10.607815 0.156627
27 58.668884 66.860405 0.000000 2.730170 1.434030 2.568506 5.093699 10.937527 0.145010
28 58.883724 67.348969 0.000000 2.327884 1.412451 2.508149 4.952569 10.642047 0.183019
29 59.060669 67.209892 0.000000 2.311760 1.482435 2.735637 5.595073 12.385560 0.166672
30 58.780586 67.235779 0.000000 2.911138 1.451267 2.642254 5.355051 11.801881 0.166667
31 58.684700 66.930405 0.000000 2.381635 1.494159 2.798601 5.822316 13.115965 0.142857
32 59.044743 67.246666 0.000000 2.527871 1.425801 2.547544 5.047964 10.848659 0.186237
33 59.035175 67.465874 0.000000 2.339478 1.447846 2.627144 5.291484 11.560000 0.167316
34 59.090813 67.245171 0.000000 2.370095 1.504261 2.827192 5.901480 13.342110 0.171762
35 59.081573 67.396027 0.000000 2.460061 1.452999 2.624777 5.232491 11.254089 0.267912
36 59.188362 67.289696 0.000000 2.565334 1.484787 2.742033 5.609761 12.414412 0.198164
37 59.023041 67.243469 0.000000 2.965536 1.491706 2.743150 5.558889 12.133723 0.142857
38 59.073902 67.365540 0.000000 2.851892 1.377834 2.370382 4.497175 9.221469 0.143743
39 59.254391 67.411804 0.000000 2.788282 1.406596 2.459815 4.735166 9.819241 0.185172
40 59.117966 67.330399 0.000000 2.976397 1.392279 2.440347 4.740872 9.996079 0.127640
41 59.150612 67.100357 0.000000 3.078459 1.419798 2.514249 4.914699 10.376072 0.125053
42 59.067677 67.132362 0.000000 3.308185 1.434311 2.582558 5.163367 11.201477 0.142857
43 59.277809 67.325806 0.000000 3.083909 1.435912 2.557104 5.022441 10.644378 0.146369
44 58.747108 66.859322 0.000000 3.139846 1.444563 2.599035 5.173301 11.141762 0.112306
45 59.207348 67.021645 0.000000 3.313178 1.450067 2.627395 5.263709 11.390744 0.156394
46 58.785236 66.937935 0.000000 3.334914 1.485583 2.748699 5.645217 12.560303 0.143092
47 59.247665 66.993706 0.000000 3.172077 1.368768 2.358779 4.495881 9.281425 0.198910
48 59.138588 66.764160 0.000000 3.262664 1.428587 2.548841 5.033672 10.767826 0.142862
49 58.909569 66.558868 0.000000 3.514994 1.430804 2.555737 5.047214 10.777671 0.125654
50 58.795235 66.630203 0.000000 3.048911 1.403743 2.443410 4.674798 9.628188 0.180332
51 58.735867 66.448570 0.000000 3.696284 1.387400 2.397106 4.563339 9.383916 0.142981
52 58.583687 66.642937 0.000000 3.512914 1.430538 2.552178 5.035901 10.752328 0.125401
53 58.628513 66.561890 0.000000 4.078169 1.390016 2.420156 4.663877 9.745700 0.142857
54 58.425316 66.618568 0.000000 3.530808 1.455491 2.642729 5.307291 11.525867 0.125140
55 58.246033 66.793304 0.000000 3.847293 1.398358 2.447001 4.737270 9.942078 0.177361
56 58.172539 66.456375 0.000000 3.574784 1.418721 2.504877 4.877844 10.258790 0.176044
57 58.190174 66.438255 0.000000 3.322514 1.438194 2.569756 5.069672 10.806741 0.147612
58 58.125824 66.483627 0.000000 3.596552 1.391160 2.421582 4.658599 9.705375 0.170678
59 58.000069 66.606369 0.000000 3.369597 1.444308 2.602028 5.180187 11.139976 0.218909
60 57.582249 66.146126 0.000000 2.999126 1.483609 2.736424 5.579288 12.285111 0.167622
61 57.720921 66.762505 0.000000 2.734106 1.469524 2.659919 5.292215 11.325453 0.166678
62 57.183884 66.623260 0.000000 3.132286 1.450792 2.606088 5.162873 11.037951 0.166859
63 57.501869 66.425240 0.000000 2.632474 1.450313 2.597978 5.125331 10.905098 0.166667
64 57.362625 66.400734 0.000000 2.775869 1.345075 2.272233 4.228246 8.503447 0.166667
65 57.772743 65.981842 0.000000 2.523361 1.433386 2.559372 5.050506 10.771319 0.166752
67 56.582706 66.711197 0.000000 2.017235 1.515795 2.821684 5.797311 12.857680 0.252304
69 57.773144 67.070358 0.000000 2.329487 1.387380 2.386358 4.491871 9.059765 0.142860
70 57.144062 67.354553 0.000000 2.064730 1.413584 2.470851 4.745175 9.804474 0.144096
72 57.693363 67.344093 0.000000 1.462140 1.416279 2.511393 4.924688 10.442752 0.144618
73 57.452477 67.544922 0.000000 1.377362 1.302242 2.122433 3.793693 7.301528 0.166667
