%% Trajectory 20
%% frame x (pixel)     y (pixel)    z (pixel)      m0         m1           m2           m3           m4           s 
144 79.054924 54.785404 0.000000 0.813287 1.355404 2.341528 4.475990 9.259369 0.333333
145 79.066322 54.472351 0.000000 0.924322 1.375758 2.372042 4.503216 9.215160 0.256562
147 79.112411 54.438709 0.000000 1.164958 1.360414 2.344918 4.499710 9.421455 0.282138
148 79.067909 54.425045 0.000000 0.956597 1.324436 2.219587 4.112206 8.258458 0.252277
149 79.256409 54.231030 0.000000 0.995649 1.287607 2.099511 3.782604 7.396948 0.250000
150 79.150284 54.470646 0.000000 1.421080 1.308454 2.166345 3.976132 7.942514 0.278883
152 79.133400 54.331474 0.000000 0.827452 1.365694 2.367481 4.564995 9.582345 0.250000
153 78.943069 54.403111 0.000000 1.191125 1.337162 2.271260 4.284462 8.798083 0.379851
154 78.890327 54.287762 0.000000 1.316745 1.338763 2.239329 4.103257 8.068959 0.333333
155 79.184586 54.418995 0.000000 1.488664 1.340440 2.256137 4.176666 8.341577 0.281206
156 79.002472 54.117825 0.000000 1.451156 1.391783 2.444345 4.763413 10.073644 0.200722
157 78.996399 54.300259 0.000000 1.878837 1.383327 2.415470 4.693793 9.939939 0.251315
158 78.965004 54.226368 0.000000 1.734487 1.362975 2.336119 4.428751 9.100501 0.250119
159 79.197800 54.332043 0.000000 1.849776 1.337835 2.238882 4.117937 8.159677 0.200000
160 78.962616 54.368149 0.000000 1.831945 1.413533 2.517511 4.980515 10.704674 0.572347
161 79.369400 54.128822 0.000000 1.783406 1.299766 2.122646 3.815387 7.411773 0.268907
162 79.253250 54.178898 0.000000 1.947944 1.315559 2.173171 3.954761 7.778695 0.333423
163 78.963242 54.240501 0.000000 2.014817 1.319926 2.197040 4.028132 7.978216 0.337835
164 79.110321 54.440323 0.000000 2.308553 1.350865 2.284924 4.256683 8.558994 0.250002
165 79.039276 54.569973 0.000000 2.157352 1.346738 2.297588 4.366686 9.071833 0.457422
166 78.963097 54.399460 0.000000 2.242614 1.361669 2.342121 4.468612 9.263885 0.335550
167 78.924454 54.319160 0.000000 2.412895 1.382813 2.385838 4.531063 9.278208 0.481011
168 78.829781 54.392830 0.000000 2.574366 1.370275 2.350342 4.452618 9.136116 0.250001
169 78.949539 54.487614 0.000000 2.155346 1.333914 2.242587 4.160979 8.357906 0.253020
170 79.105377 54.254803 0.000000 1.885687 1.349083 2.289732 4.291650 8.705215 0.250003
171 79.046387 54.320049 0.000000 2.441710 1.354039 2.312243 4.380973 9.026491 0.646623
172 79.176292 54.188293 0.000000 2.503335 1.373565 2.356883 4.466860 9.164489 0.382329
173 79.045303 54.275684 0.000000 2.333867 1.381062 2.394859 4.604589 9.613271 0.259180
174 78.878845 54.346992 0.000000 2.715524 1.361935 2.307549 4.299456 8.641374 0.284575
175 78.856453 54.146900 0.000000 2.569601 1.359860 2.311603 4.322626 8.715204 0.358364
176 79.136642 54.435390 0.000000 2.722179 1.339876 2.244116 4.128121 8.178545 0.437654
177 78.856018 54.432674 0.000000 3.040437 1.376091 2.351560 4.406986 8.872017 0.250033
178 78.935333 54.246471 0.000000 2.890558 1.384919 2.403970 4.605434 9.536603 0.251848
179 78.881500 54.392857 0.000000 2.831519 1.325458 2.207821 4.048054 8.018320 0.383636
180 79.018600 54.344952 0.000000 2.969388 1.358444 2.329805 4.442404 9.234388 0.250811
181 79.054054 54.532772 0.000000 2.976567 1.377176 2.383474 4.571317 9.521775 0.356287
182 78.952560 54.518078 0.000000 3.027442 1.323978 2.215680 4.104559 8.262882 0.250087
183 78.948189 54.528881 0.000000 2.952071 1.356367 2.294527 4.263928 8.533187 0.286105
184 78.966774 54.490314 0.000000 2.952110 1.329323 2.222859 4.110893 8.259515 0.250003
185 79.085861 54.684982 0.000000 3.034293 1.369055 2.341747 4.411819 8.970325 0.250002
186 78.968224 54.554138 0.000000 3.162979 1.396427 2.447304 4.753349 10.018329 0.277004
187 78.742416 54.601398 0.000000 3.369924 1.355827 2.291646 4.254220 8.501675 0.253191
188 78.885483 54.487579 0.000000 3.213771 1.324464 2.198318 4.012783 7.906036 0.250091
189 78.814629 54.546429 0.000000 3.290968 1.322605 2.188059 3.975088 7.779893 0.251475
190 78.898048 54.679661 0.000000 3.062622 1.382567 2.374571 4.475684 9.067598 0.258741
191 78.742386 54.666809 0.000000 3.250226 1.327761 2.204224 4.007987 7.825872 0.250239
192 78.723328 54.624973 0.000000 2.944531 1.347635 2.263325 4.164587 8.225405 0.250000
193 78.672493 54.686100 0.000000 2.892119 1.323102 2.182512 3.946056 7.671623 0.250000
194 78.728233 54.651447 0.000000 2.687512 1.311332 2.153840 3.878014 7.509520 0.250000
195 78.459381 54.589542 0.000000 2.939360 1.322474 2.178252 3.917853 7.541623 0.250000
196 78.491898 54.505749 0.000000 3.025226 1.302096 2.114124 3.743780 7.089201 0.250000
197 78.487663 54.707542 0.000000 3.225456 1.331244 2.205546 3.995858 7.761282 0.200000
198 78.336624 54.435513 0.000000 3.243289 1.374737 2.347922 4.400177 8.868365 0.250000
199 78.236786 54.355717 0.000000 2.735718 1.325979 2.194775 3.977388 7.735877 0.250000
200 78.290253 54.237675 0.000000 3.040997 1.328746 2.216459 4.066263 8.045928 0.250000
201 78.146347 54.375908 0.000000 2.793113 1.331492 2.212992 4.035975 7.925521 0.250000
203 78.047585 54.328568 0.000000 2.895995 1.371739 2.350547 4.444546 9.090509 0.250000
