%% Trajectory 8
%% frame x (pixel)     y (pixel)    z (pixel)      m0         m1           m2           m3           m4           s 
8 29.737972 58.666706 0.000000 1.442335 1.377613 2.369519 4.494212 9.204982 0.201938
9 30.158510 58.312538 0.000000 1.753273 1.380010 2.401155 4.627018 9.663857 0.166667
10 29.833618 58.759869 0.000000 1.437633 1.320332 2.176575 3.941686 7.695086 0.166667
12 30.310759 58.492096 0.000000 1.700182 1.389231 2.417864 4.659283 9.746416 0.291301
13 29.888981 58.546085 0.000000 1.670220 1.319956 2.179761 3.959920 7.772548 0.200000
15 29.771666 58.519844 0.000000 1.449061 1.363729 2.353086 4.528216 9.524781 0.200000
16 30.279285 58.636246 0.000000 1.608737 1.364654 2.372480 4.616478 9.854349 0.167045
17 29.826149 58.455269 0.000000 1.949243 1.299333 2.114388 3.767000 7.213156 0.200000
19 30.003498 58.026482 0.000000 1.856275 1.468273 2.716882 5.573730 12.365762 0.200000
21 30.134007 58.495705 0.000000 2.152921 1.303217 2.155659 3.948233 7.866972 0.173965
22 29.980774 58.603294 0.000000 2.139477 1.324797 2.223126 4.140616 8.400382 0.323471
23 30.011826 58.646286 0.000000 1.855927 1.314822 2.220619 4.215606 8.830253 0.166668
24 29.875336 58.441788 0.000000 1.810542 1.401851 2.453932 4.725655 9.804365 0.171672
25 29.679163 58.306377 0.000000 2.084175 1.356747 2.304527 4.334599 8.856039 0.166667
26 30.007975 58.319664 0.000000 2.774934 1.391991 2.445011 4.780584 10.184739 0.202354
27 29.702364 58.222935 0.000000 2.683231 1.418972 2.525847 4.994454 10.737170 0.200000
28 30.087830 58.335823 0.000000 2.656420 1.401488 2.469455 4.830995 10.272089 0.142857
29 29.971123 58.328873 0.000000 2.741904 1.378536 2.391294 4.594699 9.584431 0.166667
30 30.223997 58.347111 0.000000 3.004424 1.455983 2.656126 5.381848 11.840752 0.200000
31 30.164597 58.421352 0.000000 3.225431 1.383196 2.407653 4.658182 9.818007 0.166667
32 30.005836 58.345608 0.000000 2.960746 1.427657 2.555832 5.069912 10.894176 0.200000
33 30.230545 58.228214 0.000000 3.006648 1.355610 2.308189 4.345941 8.871411 0.166667
34 30.238096 58.414978 0.000000 3.927783 1.360619 2.324721 4.393419 9.008882 0.250000
36 30.226038 58.108940 0.000000 4.184797 1.493764 2.767635 5.667091 12.527129 0.250000
37 30.203056 58.168976 0.000000 3.305765 1.451095 2.629235 5.273378 11.443401 0.250000
38 30.102077 58.309956 0.000000 3.772547 1.357582 2.313055 4.357409 8.899338 0.166667
39 30.133234 58.289253 0.000000 3.867037 1.342702 2.275532 4.270670 8.707129 0.200000
40 30.115364 58.375816 0.000000 3.639166 1.436776 2.586923 5.172112 11.227579 0.200244
41 30.222517 58.319717 0.000000 3.948090 1.401193 2.456901 4.767702 10.030540 0.200000
42 30.296375 58.405075 0.000000 4.115736 1.400908 2.477061 4.878136 10.472824 0.166667
43 30.106482 58.377205 0.000000 3.198178 1.355131 2.306711 4.345683 8.889761 0.166667
44 30.115812 58.548897 0.000000 3.752050 1.368230 2.345659 4.440130 9.100411 0.200000
45 30.194986 58.365227 0.000000 3.492182 1.410915 2.496470 4.901279 10.454919 0.200000
46 30.169178 58.242596 0.000000 3.875926 1.370412 2.358599 4.486763 9.243011 0.200000
47 29.899475 58.171024 0.000000 3.453930 1.391612 2.436029 4.730548 9.979576 0.250000
48 30.079678 58.524635 0.000000 3.841132 1.426499 2.562948 5.128837 11.174266 0.250000
49 30.380329 58.174137 0.000000 4.165656 1.481267 2.734565 5.594745 12.391337 0.250000
50 30.277390 58.428448 0.000000 4.224951 1.360922 2.319030 4.361305 8.876446 0.200000
51 30.256502 58.273968 0.000000 3.979640 1.360167 2.309074 4.311297 8.680171 0.166667
52 30.253241 58.221497 0.000000 4.246316 1.396722 2.453700 4.790856 10.175205 0.250000
53 30.432678 58.256332 0.000000 4.218822 1.338524 2.235883 4.106037 8.136721 0.250000
54 30.681816 58.227188 0.000000 4.094716 1.371682 2.351032 4.441679 9.068740 0.166667
55 30.761137 58.294189 0.000000 3.927133 1.329947 2.217192 4.066774 8.054501 0.200000
56 30.840717 58.238132 0.000000 4.131723 1.405612 2.476218 4.835455 10.246458 0.200000
57 31.306509 58.074741 0.000000 3.720888 1.429237 2.547061 5.015732 10.676880 0.166667
58 31.215477 58.134098 0.000000 4.121494 1.362067 2.315421 4.321427 8.673767 0.166667
59 31.300484 57.877926 0.000000 4.252001 1.354843 2.301359 4.316638 8.767526 0.166667
60 31.273575 57.994198 0.000000 3.909047 1.400048 2.452222 4.736226 9.866729 0.200000
61 31.387506 57.895275 0.000000 3.390531 1.399066 2.429718 4.642765 9.564403 0.167453
62 31.292595 57.924763 0.000000 3.992513 1.376084 2.360254 4.446976 9.014959 0.166667
63 31.661400 57.961243 0.000000 4.143810 1.338759 2.246009 4.152253 8.296850 0.200000
64 31.501038 58.229298 0.000000 4.275625 1.277809 2.050152 3.601941 6.804959 0.200000
66 31.739748 58.269833 0.000000 3.809382 1.346019 2.270449 4.219556 8.476130 0.176552
67 32.177677 58.427071 0.000000 3.329546 1.368785 2.373067 4.575505 9.614635 0.166667
68 32.293358 58.238808 0.000000 3.166351 1.396685 2.445288 4.737334 9.945692 0.271315
