%% Trajectory 19
%% frame x (pixel)     y (pixel)    z (pixel)      m0         m1           m2           m3           m4           s 
95 67.219582 78.669525 0.000000 1.765065 1.252177 1.991366 3.499684 6.694884 0.142857
97 67.402107 78.726692 0.000000 2.006788 1.255345 1.996826 3.504627 6.684802 0.166667
98 67.046936 78.707565 0.000000 1.912388 1.314390 2.169150 3.926015 7.642032 0.166667
100 67.287903 78.555527 0.000000 1.866082 1.274336 2.039618 3.578492 6.762248 0.166667
101 67.332054 78.754234 0.000000 2.072989 1.310176 2.174459 4.006055 8.054455 0.166667
102 67.087074 78.619858 0.000000 2.084528 1.300002 2.113180 3.749659 7.119467 0.166673
103 67.159439 78.586311 0.000000 1.981761 1.307972 2.143116 3.861585 7.515881 0.166667
104 67.018982 78.788422 0.000000 2.009076 1.443466 2.619501 5.261494 11.431861 0.166667
105 66.998482 78.531586 0.000000 2.131540 1.313652 2.167850 3.928510 7.663963 0.166667
106 67.225052 78.643036 0.000000 1.919030 1.301714 2.135393 3.867380 7.601480 0.166667
107 67.124481 78.775818 0.000000 2.434614 1.299167 2.128064 3.840622 7.498412 0.166667
108 67.148376 78.346497 0.000000 2.323621 1.329372 2.227245 4.137627 8.373908 0.166667
109 67.012070 78.706810 0.000000 1.869526 1.349539 2.295280 4.308249 8.742106 0.166667
110 67.283249 78.595413 0.000000 2.585678 1.276566 2.055804 3.652203 7.043070 0.166667
111 67.128456 78.537369 0.000000 2.521320 1.286669 2.072491 3.646187 6.872555 0.166682
112 67.192383 78.518295 0.000000 2.127424 1.282621 2.082308 3.729801 7.244989 0.166667
113 67.254547 78.716164 0.000000 2.169339 1.318150 2.197949 4.063721 8.184211 0.166667
114 67.329605 78.463036 0.000000 2.967458 1.356076 2.313540 4.371573 8.972834 0.166667
115 67.229210 78.711441 0.000000 2.280987 1.295235 2.108182 3.766411 7.251592 0.166667
116 67.282120 78.646385 0.000000 2.607108 1.300743 2.133325 3.857095 7.554124 0.166667
117 67.243347 78.629478 0.000000 2.276417 1.298667 2.103525 3.716899 7.025565 0.166669
118 67.296425 78.492889 0.000000 2.469771 1.264009 2.024076 3.580089 6.886259 0.166813
119 67.236679 78.469856 0.000000 1.963190 1.386153 2.432760 4.781651 10.305205 0.166670
120 67.318695 78.170563 0.000000 2.406160 1.360164 2.330217 4.429817 9.161399 0.166667
121 67.080528 78.407440 0.000000 2.925146 1.344955 2.271954 4.232239 8.529595 0.167217
122 67.305580 78.685341 0.000000 2.523493 1.322683 2.198606 4.029612 7.996383 0.166667
123 67.215050 78.470856 0.000000 2.458450 1.317767 2.182225 3.977596 7.832837 0.166667
124 67.375519 78.601524 0.000000 2.732942 1.298024 2.138498 3.907279 7.785455 0.166667
125 67.042923 78.586220 0.000000 2.557006 1.319136 2.197150 4.032218 7.998020 0.166667
126 67.195724 78.518997 0.000000 2.443128 1.295549 2.099797 3.719267 7.062887 0.166667
127 67.348740 78.480347 0.000000 2.378125 1.299832 2.115671 3.766844 7.198140 0.200000
128 67.387215 78.665810 0.000000 2.512202 1.299947 2.123722 3.814113 7.396795 0.166667
129 67.247681 78.632156 0.000000 2.524608 1.319148 2.187781 4.010026 7.982210 0.142857
130 67.302170 78.354149 0.000000 2.385729 1.343994 2.271405 4.215516 8.411071 0.200000
131 67.031189 78.555298 0.000000 2.504535 1.319873 2.198360 4.042422 8.050065 0.200000
132 67.035751 78.676880 0.000000 2.763064 1.338860 2.258422 4.212332 8.518929 0.200000
133 67.235664 78.558853 0.000000 2.204257 1.282009 2.078779 3.714904 7.191803 0.200000
134 67.335342 78.630165 0.000000 2.754758 1.335423 2.231713 4.094639 8.090829 0.200056
135 67.286026 78.642555 0.000000 2.921019 1.334587 2.222659 4.060977 7.979307 0.200001
136 67.084991 78.463928 0.000000 2.687477 1.352076 2.315276 4.395148 9.058101 0.200000
137 67.137856 78.490837 0.000000 3.027681 1.340983 2.255617 4.187898 8.424492 0.200040
138 67.152061 78.695435 0.000000 3.119827 1.348860 2.279349 4.228089 8.433764 0.200000
139 67.283623 78.482948 0.000000 3.057389 1.342898 2.255347 4.167546 8.307013 0.166667
140 67.180359 78.529167 0.000000 2.925742 1.334008 2.231899 4.114565 8.200462 0.182631
141 67.222122 78.475784 0.000000 2.783468 1.347512 2.288838 4.303311 8.784006 0.219110
142 67.116776 78.698616 0.000000 3.072352 1.324661 2.212229 4.084767 8.186979 0.200011
143 67.323776 78.318901 0.000000 3.211553 1.350544 2.282405 4.237045 8.462530 0.166667
144 67.228127 78.352013 0.000000 3.294789 1.333261 2.230093 4.104592 8.150153 0.166667
145 67.301842 78.524193 0.000000 2.857952 1.376444 2.379596 4.551588 9.429866 0.166667
146 67.287735 78.518089 0.000000 3.246094 1.310256 2.161832 3.922744 7.682441 0.166667
147 67.333466 78.213371 0.000000 3.266005 1.345253 2.282927 4.287394 8.736355 0.166667
148 67.262939 78.491516 0.000000 3.018734 1.300950 2.117273 3.761871 7.153448 0.166667
149 67.337914 78.397308 0.000000 3.226177 1.360801 2.318009 4.348005 8.801443 0.142857
150 67.391815 78.381142 0.000000 3.061554 1.318594 2.175956 3.942129 7.690469 0.142857
151 67.450447 78.180679 0.000000 3.232743 1.340661 2.255627 4.187428 8.415442 0.142857
152 67.361359 78.260674 0.000000 3.346271 1.322224 2.195142 4.011825 7.919718 0.166667
153 67.466003 78.197922 0.000000 2.984194 1.334692 2.253702 4.216972 8.573913 0.142857
154 67.391289 77.817093 0.000000 3.034571 1.365931 2.374456 4.619481 9.855786 0.125009
155 67.219223 78.083145 0.000000 2.785189 1.319940 2.186186 3.974529 7.773649 0.142857
156 67.410583 77.646538 0.000000 3.033886 1.360334 2.366516 4.621290 9.922011 0.148041
157 67.392624 77.910500 0.000000 2.921450 1.460757 2.704687 5.610413 12.707791 0.163191
158 67.624969 77.457352 0.000000 2.924648 1.421024 2.577057 5.255121 11.763099 0.142858
159 67.597321 77.588821 0.000000 3.093361 1.441041 2.670054 5.582321 12.819366 0.167732
160 67.452232 77.588776 0.000000 2.710140 1.355314 2.380842 4.734431 10.420198 0.166860
161 67.439163 77.610260 0.000000 2.819179 1.371167 2.442374 4.934117 11.031831 0.230487
162 67.620209 77.342148 0.000000 2.869165 1.531410 2.955988 6.381044 14.976628 0.173659
163 67.747070 77.440331 0.000000 3.167922 1.418578 2.593375 5.359160 12.196321 0.226120
164 67.514938 77.312820 0.000000 2.649537 1.500000 2.869226 6.156235 14.396546 0.266610
165 67.606438 77.161301 0.000000 2.528402 1.514342 2.933413 6.388263 15.166639 0.142865
167 67.571747 77.219070 0.000000 2.716700 1.446046 2.683998 5.632336 12.997972 0.230417
169 66.838722 76.947601 0.000000 1.489007 1.332114 2.397799 4.994132 11.658784 0.142857
170 66.688446 76.677284 0.000000 1.698081 1.307528 2.278303 4.593977 10.451104 0.146131
171 66.804054 76.735771 0.000000 1.614378 1.323134 2.341583 4.814473 11.171079 0.142857
173 66.334457 76.985123 0.000000 1.283969 1.326733 2.360098 4.829657 11.048329 0.166667
174 66.323196 76.661163 0.000000 1.513587 1.374006 2.485068 5.126853 11.735972 0.166667
175 66.064850 76.774506 0.000000 1.407567 1.422761 2.628357 5.465888 12.443421 0.166667
177 65.384125 76.748169 0.000000 1.228985 1.270515 2.077869 3.823192 7.799031 0.166667
180 65.526535 75.706764 0.000000 1.273879 1.228904 1.945123 3.424528 6.613292 0.166667
