%% Trajectory 6
%% frame x (pixel)     y (pixel)    z (pixel)      m0         m1           m2           m3           m4           s 
22 81.011772 56.426380 0.000000 0.534104 1.281912 2.076347 3.699123 7.112823 0.250000
23 80.632378 56.304447 0.000000 0.787000 1.281106 2.065521 3.653132 6.962159 0.250000
25 80.826637 56.083496 0.000000 0.843646 1.320633 2.199472 4.038674 8.018725 0.266640
26 80.684090 55.996006 0.000000 0.720235 1.347664 2.288033 4.292977 8.720057 0.250059
27 80.580406 55.920925 0.000000 0.719999 1.224854 1.906311 3.257734 6.017201 0.250000
28 80.831909 56.297894 0.000000 0.845634 1.295116 2.112494 3.779855 7.279753 0.250070
29 80.659409 56.271385 0.000000 0.930641 1.257573 1.998481 3.493481 6.611354 0.250000
30 80.740295 56.161442 0.000000 0.919050 1.332416 2.210649 4.009291 7.789360 0.255114
31 80.560043 56.083019 0.000000 0.953899 1.314392 2.164307 3.911963 7.617148 0.250001
32 80.741646 56.023991 0.000000 1.006420 1.294966 2.130980 3.880011 7.671957 0.256276
33 80.762436 56.352528 0.000000 1.032159 1.272513 2.042006 3.596709 6.832335 0.272535
34 80.864372 56.173496 0.000000 0.948689 1.277269 2.054267 3.626608 6.898015 0.259794
35 80.593369 56.054577 0.000000 1.280749 1.278333 2.047846 3.590080 6.761990 0.333333
36 80.621750 55.985397 0.000000 1.122468 1.294006 2.123188 3.858953 7.633010 0.250004
37 80.757164 56.081718 0.000000 1.265269 1.326235 2.228305 4.165776 8.504017 0.333333
38 80.660690 56.143261 0.000000 1.141071 1.265031 2.008725 3.487756 6.503636 0.333333
39 80.545143 56.092911 0.000000 1.440299 1.304589 2.147240 3.905845 7.715723 0.250000
40 80.832840 56.267380 0.000000 1.434653 1.309905 2.150747 3.875276 7.515880 0.250000
41 80.874092 56.145092 0.000000 1.374904 1.321579 2.191817 4.008930 7.934052 0.250000
42 80.620346 55.991184 0.000000 1.420866 1.321985 2.198017 4.024074 7.953354 0.333333
43 80.701813 56.000011 0.000000 1.395245 1.320004 2.214293 4.126736 8.389256 0.333333
44 80.731766 56.060936 0.000000 1.247947 1.292507 2.100363 3.746894 7.199961 0.333333
45 80.694077 55.955845 0.000000 1.378159 1.291345 2.098673 3.752913 7.253532 0.333333
46 80.438698 55.958385 0.000000 1.602916 1.303292 2.116754 3.751418 7.111890 0.333333
47 80.658356 56.066319 0.000000 1.645756 1.314104 2.163002 3.910560 7.617233 0.333333
48 80.748680 56.100761 0.000000 1.742004 1.310234 2.157558 3.904509 7.617144 0.333334
49 80.696304 56.094269 0.000000 1.366687 1.280048 2.068853 3.675802 7.048291 0.333333
50 80.844208 56.227940 0.000000 1.494944 1.284888 2.083775 3.713776 7.142514 0.333335
51 80.795265 56.064278 0.000000 1.727232 1.306550 2.156228 3.923252 7.724287 0.333334
52 80.704224 56.298958 0.000000 1.608773 1.255590 1.986480 3.450106 6.472788 0.333334
53 80.782547 56.284634 0.000000 1.682579 1.276631 2.054126 3.629537 6.917129 0.353180
54 80.692749 56.161518 0.000000 1.285154 1.281495 2.064459 3.645347 6.925281 0.333338
55 80.922668 56.035248 0.000000 1.851587 1.324389 2.212234 4.083485 8.166431 0.334457
56 80.584877 56.145981 0.000000 1.879973 1.277833 2.048225 3.591060 6.760298 0.333349
57 80.693817 56.031250 0.000000 1.994514 1.326098 2.206806 4.032529 7.931912 0.333336
58 80.703644 56.074780 0.000000 1.767568 1.319311 2.177603 3.934372 7.625521 0.341043
59 80.598541 55.999069 0.000000 1.739050 1.305818 2.139896 3.840774 7.403657 0.339461
60 80.615173 55.997810 0.000000 1.883303 1.344078 2.269615 4.228240 8.522470 0.621252
61 80.495155 56.080170 0.000000 1.992434 1.310124 2.139913 3.817419 7.292064 0.265800
62 80.651138 55.869545 0.000000 1.981766 1.289129 2.081300 3.677329 6.977741 0.400218
63 80.651085 55.937267 0.000000 1.932891 1.290995 2.088151 3.699013 7.043890 0.333380
64 80.571564 56.144577 0.000000 1.858411 1.293453 2.095682 3.714341 7.064619 0.252177
65 80.506538 56.074795 0.000000 1.964433 1.300061 2.112749 3.757058 7.173227 0.337134
66 80.478882 56.041660 0.000000 1.950327 1.312259 2.154830 3.882472 7.533101 0.631290
67 80.220741 56.225574 0.000000 1.781920 1.307710 2.139627 3.836539 7.399795 0.357900
68 80.194168 56.236191 0.000000 1.997161 1.305820 2.133759 3.821728 7.363995 0.370142
69 80.111183 56.182705 0.000000 1.742175 1.375060 2.367579 4.500133 9.250058 0.257586
70 80.084511 56.427216 0.000000 1.932447 1.316831 2.168279 3.915950 7.610740 0.275961
71 80.015526 56.487629 0.000000 1.868659 1.326270 2.213316 4.075557 8.129571 0.250001
72 79.884926 56.557236 0.000000 2.106134 1.307679 2.154195 3.913448 7.702849 0.461464
73 79.739555 56.567940 0.000000 1.795273 1.281969 2.056601 3.604063 6.771085 0.333340
74 79.744194 56.644844 0.000000 1.877441 1.319992 2.185075 3.974353 7.793910 0.252277
75 79.773300 56.610954 0.000000 1.587003 1.294276 2.112257 3.784116 7.306024 0.333333
76 79.756721 56.782146 0.000000 1.749545 1.285660 2.087322 3.725431 7.178885 0.333333
77 79.503548 56.722122 0.000000 1.893213 1.299614 2.107419 3.734153 7.091672 0.250001
78 79.613518 56.726044 0.000000 1.614322 1.318728 2.163230 3.875172 7.433025 0.250021
79 79.379913 56.707668 0.000000 1.830354 1.279952 2.056058 3.616500 6.842276 0.333333
80 79.355377 56.719501 0.000000 1.732548 1.320612 2.176623 3.931568 7.637633 0.250000
81 79.217857 56.696201 0.000000 1.934081 1.301655 2.131405 3.848518 7.532989 0.333343
82 79.239220 56.928127 0.000000 2.193018 1.350614 2.295185 4.310460 8.772703 0.377730
83 79.033394 56.724277 0.000000 1.618362 1.358142 2.326206 4.419361 9.131503 0.482482
84 79.382439 56.906563 0.000000 1.829379 1.319543 2.188654 3.991952 7.853306 0.250006
85 79.341682 56.842834 0.000000 1.617773 1.310694 2.174917 3.997405 7.993501 0.253711
86 79.129318 56.696518 0.000000 1.523720 1.294508 2.104702 3.760934 7.257828 0.529773
87 79.152863 56.971367 0.000000 1.227861 1.428045 2.562326 5.097939 10.998738 0.255680
88 79.266312 57.263653 0.000000 1.183375 1.246273 1.969886 3.431934 6.492092 0.250027
89 79.603874 57.576263 0.000000 1.198261 1.274567 2.042006 3.574261 6.705864 0.252668
90 79.750481 57.687035 0.000000 1.112454 1.276368 2.038488 3.559907 6.674877 0.393500
91 79.625626 57.783760 0.000000 0.962075 1.305006 2.143184 3.873252 7.559284 0.435920
93 79.725594 57.636753 0.000000 0.814454 1.252331 1.994117 3.508639 6.718400 0.300238
94 80.005592 57.776993 0.000000 0.697572 1.343644 2.316556 4.460514 9.391210 0.250003
95 79.464676 57.976467 0.000000 0.605155 1.379711 2.385695 4.537235 9.284431 0.252467
