%% Trajectory 15
%% frame x (pixel)     y (pixel)    z (pixel)      m0         m1           m2           m3           m4           s 
57 17.750767 28.260277 0.000000 0.508943 1.203048 1.839432 3.083329 5.582870 0.200000
59 18.111238 28.199444 0.000000 0.488152 1.193506 1.823775 3.055898 5.529260 0.200000
60 17.772707 28.148710 0.000000 0.621778 1.210891 1.879313 3.207454 5.925133 0.200000
61 18.268517 28.027548 0.000000 0.823974 1.293246 2.135666 3.905744 7.757780 0.200000
62 17.868999 28.027855 0.000000 0.613695 1.306091 2.161472 3.936817 7.735231 0.200000
63 17.979496 28.490826 0.000000 0.746313 1.317044 2.219887 4.193975 8.721894 0.200000
64 17.720915 28.009542 0.000000 0.773950 1.317787 2.186315 3.981097 7.800332 0.200000
65 18.089802 28.427244 0.000000 0.717396 1.199368 1.824016 3.040047 5.477025 0.200000
66 17.637011 28.237432 0.000000 0.692248 1.231015 1.927461 3.311582 6.136554 0.200000
68 17.574713 28.579372 0.000000 0.531111 1.215979 1.904034 3.330661 6.440004 0.166746
69 17.495796 28.000296 0.000000 0.519787 1.238645 1.957084 3.408807 6.437279 0.166667
70 17.628063 28.152367 0.000000 0.633038 1.203861 1.836543 3.069159 5.540480 0.166713
71 17.812407 28.048027 0.000000 0.570809 1.262338 2.046461 3.681377 7.224756 0.200000
72 18.058716 28.514833 0.000000 0.740675 1.299410 2.149748 3.959734 7.981537 0.166717
73 17.680231 28.116079 0.000000 0.669961 1.230487 1.935219 3.353490 6.303103 0.200000
74 17.897274 28.396593 0.000000 0.747106 1.159368 1.708655 2.758382 4.829634 0.200000
75 17.638046 28.211683 0.000000 0.991009 1.212115 1.855553 3.110936 5.630940 0.200000
76 17.633453 28.137991 0.000000 0.866258 1.223725 1.903942 3.245758 5.961667 0.284975
77 17.926521 28.220060 0.000000 0.924863 1.245133 1.983540 3.485954 6.649054 0.200000
78 17.976353 28.378082 0.000000 1.058883 1.237023 1.966870 3.461329 6.634248 0.200000
79 18.207338 28.345995 0.000000 1.051226 1.253800 2.021638 3.640854 7.215291 0.200000
80 17.879768 28.198900 0.000000 1.235541 1.265478 2.020062 3.530247 6.626020 0.166667
81 17.792356 28.237606 0.000000 1.087236 1.256433 2.014519 3.556512 6.790348 0.200000
82 17.840519 28.177942 0.000000 1.399417 1.275959 2.054893 3.628243 6.893158 0.166667
83 17.926659 28.260506 0.000000 1.444215 1.273893 2.042340 3.582592 6.744561 0.200000
84 18.102701 28.402393 0.000000 1.197672 1.294472 2.151834 4.014113 8.264835 0.166667
85 17.931772 28.250229 0.000000 1.023606 1.231671 1.920353 3.284447 6.061509 0.167428
86 18.065416 28.180965 0.000000 1.409488 1.257745 2.015729 3.568722 6.859910 0.166667
87 17.770336 28.461361 0.000000 1.281962 1.213323 1.864353 3.134711 5.680784 0.200000
88 17.957043 28.538465 0.000000 1.161969 1.265499 2.054243 3.703034 7.292519 0.173215
89 17.864035 28.277561 0.000000 1.129686 1.249874 1.972605 3.410315 6.343850 0.200195
90 17.883896 28.419876 0.000000 1.189629 1.220459 1.888291 3.199886 5.845474 0.143584
91 17.831209 28.381502 0.000000 1.284135 1.271092 2.047545 3.634727 6.990327 0.217771
92 17.868164 28.405878 0.000000 1.479611 1.230624 1.926494 3.310199 6.142077 0.166667
93 18.056576 28.700928 0.000000 1.525380 1.282419 2.100432 3.835633 7.686121 0.166667
94 17.975863 28.543406 0.000000 1.323252 1.253238 2.012908 3.581915 6.947889 0.330040
95 17.945986 28.441170 0.000000 1.727472 1.248324 1.973189 3.416083 6.361615 0.166667
96 17.889021 28.551691 0.000000 1.424048 1.244974 1.948215 3.336037 6.147291 0.143422
97 17.892017 28.670349 0.000000 1.589681 1.218252 1.879294 3.175565 5.786866 0.166678
98 18.047232 28.963451 0.000000 1.608929 1.366163 2.372226 4.594507 9.723103 0.206569
99 18.048803 28.872829 0.000000 1.695183 1.332664 2.268707 4.313287 8.981863 0.142863
100 17.990589 28.923887 0.000000 1.701327 1.307897 2.184598 4.056323 8.206841 0.171688
101 17.973646 28.922857 0.000000 1.427925 1.295571 2.166770 4.068545 8.419901 0.142870
102 17.896151 29.030592 0.000000 1.581294 1.322430 2.238472 4.231007 8.755166 0.217616
103 18.145107 28.878426 0.000000 1.703481 1.295841 2.142771 3.935833 7.891299 0.147795
104 18.095835 28.836279 0.000000 2.230281 1.292140 2.136218 3.949793 8.034957 0.145162
105 18.168413 28.787930 0.000000 2.223037 1.286625 2.109642 3.850187 7.696144 0.143040
106 18.103241 28.979151 0.000000 1.924006 1.333498 2.257854 4.257373 8.773750 0.178866
107 18.100502 28.834837 0.000000 2.378179 1.287374 2.124796 3.916199 7.927496 0.205339
108 18.145752 28.779152 0.000000 1.974298 1.279645 2.076936 3.725106 7.258767 0.203985
109 17.925161 28.807278 0.000000 2.086773 1.273227 2.059103 3.678024 7.130034 0.169330
110 18.026321 28.666140 0.000000 2.060223 1.271880 2.050818 3.656649 7.095160 0.166980
111 17.979837 28.648607 0.000000 1.845551 1.281367 2.094952 3.806457 7.558295 0.142857
112 18.083197 28.852930 0.000000 1.850946 1.291829 2.139743 3.953351 8.007839 0.142931
113 18.024755 28.684418 0.000000 2.024355 1.286396 2.116823 3.887867 7.841662 0.142988
114 18.110098 28.725113 0.000000 1.929216 1.285096 2.098760 3.807607 7.549535 0.142972
115 18.050478 28.633268 0.000000 1.965983 1.271017 2.050895 3.652873 7.061466 0.142857
116 18.043652 28.716282 0.000000 1.771452 1.268978 2.075196 3.795325 7.641032 0.125379
117 18.144478 28.928926 0.000000 1.901004 1.336274 2.302136 4.464062 9.546445 0.125360
118 18.065136 28.776257 0.000000 1.976115 1.282362 2.094591 3.793653 7.491515 0.143722
119 18.129225 28.857805 0.000000 2.009990 1.300888 2.166373 4.024323 8.192709 0.166670
120 17.973333 28.859524 0.000000 2.083301 1.306790 2.169021 3.998017 8.031316 0.147121
121 18.089838 28.924389 0.000000 2.498448 1.317008 2.205195 4.104884 8.339067 0.135723
122 18.132053 29.221415 0.000000 2.157332 1.383808 2.419879 4.698152 9.914351 0.131855
123 17.976551 28.886868 0.000000 2.059923 1.328215 2.259754 4.305274 9.000326 0.125927
124 18.285297 29.013323 0.000000 2.099262 1.336317 2.292299 4.417408 9.375621 0.154066
125 18.127048 28.741880 0.000000 1.924626 1.292767 2.127181 3.895385 7.810522 0.157098
126 18.081993 28.886883 0.000000 2.296593 1.303655 2.169133 4.005556 8.057950 0.147343
127 18.110226 28.916405 0.000000 2.110400 1.313049 2.184349 4.023091 8.052301 0.117868
128 18.280123 28.928698 0.000000 2.247252 1.324803 2.240030 4.226816 8.738756 0.125006
129 18.140835 29.005108 0.000000 2.313761 1.345989 2.296147 4.345633 8.943045 0.129132
130 18.142447 29.262447 0.000000 2.448891 1.363255 2.339873 4.446591 9.170282 0.125877
131 18.229452 29.344788 0.000000 2.361294 1.311519 2.156326 3.898327 7.609379 0.125009
132 18.118418 29.353582 0.000000 2.284419 1.372387 2.370046 4.534400 9.419557 0.128204
133 18.129595 29.180368 0.000000 2.090361 1.346728 2.287489 4.294781 8.736773 0.125044
134 18.044437 29.195444 0.000000 2.179723 1.355281 2.302632 4.318648 8.764475 0.130913
135 18.163267 29.175993 0.000000 2.529678 1.368780 2.352912 4.471136 9.204208 0.125935
136 18.214029 29.189184 0.000000 2.118986 1.385663 2.410532 4.644327 9.704720 0.134202
137 18.120491 28.844826 0.000000 2.069873 1.314003 2.187796 4.031242 8.067982 0.175737
138 18.161352 29.099428 0.000000 1.871043 1.354191 2.321168 4.413932 9.122510 0.111112
139 17.900076 29.094955 0.000000 1.977769 1.338958 2.244684 4.129354 8.167128 0.141970
140 17.997049 28.896109 0.000000 2.048454 1.345040 2.287747 4.309040 8.803065 0.125006
141 18.185041 28.965139 0.000000 2.476114 1.351997 2.306626 4.357624 8.936249 0.225016
142 18.184399 28.943680 0.000000 1.973513 1.306206 2.157137 3.941982 7.831213 0.125106
143 17.973946 28.927216 0.000000 2.146438 1.330753 2.241229 4.178610 8.451875 0.155895
144 18.016752 28.765940 0.000000 2.310867 1.306291 2.161987 3.954358 7.845353 0.125766
145 18.150850 28.830458 0.000000 1.787262 1.295016 2.113577 3.808293 7.448030 0.126062
146 18.304636 28.559057 0.000000 2.328600 1.276530 2.054835 3.634729 6.942644 0.136235
147 18.125648 28.650490 0.000000 2.119289 1.300877 2.137207 3.873466 7.607487 0.143516
148 18.192284 28.739130 0.000000 2.201921 1.298283 2.114413 3.780535 7.287116 0.144351
149 18.247732 28.401331 0.000000 1.820426 1.291581 2.101975 3.759235 7.256776 0.238080
150 18.308474 28.604843 0.000000 1.842118 1.310477 2.165186 3.951384 7.826263 0.235844
151 18.691292 28.672041 0.000000 1.961068 1.322045 2.197953 4.033590 8.026177 0.152090
152 18.687698 28.604067 0.000000 2.353414 1.355189 2.306940 4.342571 8.868518 0.142857
153 18.576593 28.760975 0.000000 2.049084 1.301118 2.132370 3.841997 7.471418 0.187709
154 18.770443 28.566389 0.000000 1.858801 1.335898 2.258080 4.248272 8.736332 0.142968
155 18.650175 28.714373 0.000000 1.467484 1.284703 2.065634 3.634994 6.873298 0.157550
156 18.786745 28.535349 0.000000 2.008944 1.293772 2.110980 3.794720 7.386079 0.169916
157 18.739864 28.490097 0.000000 1.648095 1.287725 2.096009 3.785347 7.469321 0.145399
158 18.852102 28.680693 0.000000 1.974893 1.336250 2.253002 4.209679 8.558872 0.146386
159 19.027285 28.701704 0.000000 1.640871 1.326736 2.228108 4.148127 8.402180 0.142858
160 18.931440 28.647507 0.000000 1.892134 1.332776 2.242388 4.193185 8.561209 0.142863
161 18.952211 28.489637 0.000000 1.424604 1.338420 2.244070 4.143417 8.267603 0.148326
162 19.029711 28.796167 0.000000 1.444432 1.356093 2.320151 4.397189 9.042696 0.142857
163 19.326563 28.772287 0.000000 1.652888 1.334389 2.250107 4.201706 8.522509 0.166667
164 19.303438 28.549946 0.000000 1.815734 1.388051 2.435188 4.758293 10.144415 0.166667
165 19.245569 28.826532 0.000000 1.578765 1.395049 2.427726 4.672911 9.746748 0.166667
166 19.462692 28.960424 0.000000 1.604172 1.374666 2.376720 4.548164 9.436087 0.154354
167 19.352535 28.849384 0.000000 1.412671 1.349846 2.294121 4.300543 8.718419 0.166677
169 19.688534 28.732918 0.000000 1.326973 1.411262 2.496939 4.910100 10.510444 0.166667
