%% Trajectory 6
%% frame x (pixel)     y (pixel)    z (pixel)      m0         m1           m2           m3           m4           s 
4 39.060780 59.836475 0.000000 0.831041 1.253970 2.005041 3.534271 6.748579 0.166667
5 39.638176 59.886044 0.000000 1.038496 1.337582 2.278919 4.315933 8.902515 0.170776
6 39.258083 59.902554 0.000000 0.955667 1.349848 2.337310 4.536399 9.666353 0.200031
7 39.521614 60.271194 0.000000 1.043139 1.338424 2.242267 4.153231 8.349767 0.166667
8 39.343628 60.037296 0.000000 0.958988 1.351573 2.336058 4.508941 9.507177 0.293246
9 38.986790 59.742180 0.000000 1.148301 1.343123 2.290893 4.329526 8.875976 0.169679
10 39.504768 60.019382 0.000000 0.962878 1.322476 2.231345 4.219316 8.767895 0.200035
11 39.490322 59.876175 0.000000 1.113309 1.322067 2.234288 4.203990 8.644784 0.223078
12 39.502777 59.999748 0.000000 1.470575 1.269081 2.046309 3.629855 6.955843 0.200000
13 39.218399 59.992176 0.000000 1.554260 1.339476 2.282146 4.313359 8.867084 0.200007
14 39.463795 59.972473 0.000000 1.675256 1.287481 2.102021 3.795413 7.450470 0.200000
15 39.209572 59.739532 0.000000 2.023029 1.343257 2.268821 4.248187 8.652637 0.214572
16 39.209721 59.775822 0.000000 1.618030 1.267329 2.041006 3.626045 6.987103 0.200000
17 39.355782 59.922768 0.000000 1.816795 1.292872 2.114126 3.813783 7.458683 0.200051
18 39.374195 59.771343 0.000000 2.171628 1.248906 1.954599 3.345843 6.161951 0.232880
19 39.473331 59.765175 0.000000 2.345662 1.251510 1.981949 3.454273 6.522282 0.310254
20 39.420109 59.896118 0.000000 2.701055 1.277258 2.049071 3.598487 6.789771 0.200000
21 39.388783 59.805050 0.000000 2.565188 1.270355 2.027594 3.539754 6.637019 0.205160
22 39.317490 59.890003 0.000000 2.756976 1.267120 2.030805 3.570319 6.759939 0.176170
23 39.458233 59.816395 0.000000 2.970911 1.267029 2.017387 3.510750 6.555437 0.200002
24 39.392467 59.665016 0.000000 2.911785 1.243707 1.953050 3.359372 6.225758 0.245566
25 39.341846 59.738571 0.000000 2.872780 1.235960 1.928569 3.291789 6.044605 0.175751
26 39.399509 59.699722 0.000000 3.190605 1.242398 1.946489 3.335901 6.149217 0.200009
27 39.358723 59.659927 0.000000 3.234675 1.257944 1.989361 3.438654 6.381899 0.167355
28 39.274521 59.652328 0.000000 3.313538 1.273674 2.047784 3.614861 6.884170 0.200000
29 39.487240 59.672913 0.000000 3.077759 1.277120 2.051819 3.619738 6.892680 0.200000
30 39.322083 59.530216 0.000000 3.113449 1.293445 2.105866 3.780539 7.359046 0.166667
31 39.271519 59.518200 0.000000 3.331551 1.255958 1.984195 3.426691 6.355325 0.142857
32 39.332138 59.504517 0.000000 3.937334 1.277897 2.056759 3.637146 6.946094 0.166667
33 39.565559 59.456703 0.000000 3.786055 1.315364 2.186317 4.018956 8.026693 0.200018
34 39.449478 59.675568 0.000000 3.340157 1.345339 2.273115 4.244026 8.594516 0.166667
35 39.458958 59.729691 0.000000 3.743682 1.280059 2.059866 3.626816 6.858789 0.142857
36 39.429272 59.632202 0.000000 4.203979 1.338883 2.254686 4.186466 8.408027 0.200014
37 39.293625 59.581539 0.000000 4.410398 1.300370 2.117313 3.778206 7.253294 0.200000
38 39.506813 59.707443 0.000000 4.161524 1.341339 2.247091 4.134427 8.193245 0.166667
39 39.376724 59.671650 0.000000 4.495421 1.303699 2.125315 3.789679 7.252125 0.166667
40 39.459522 59.731819 0.000000 3.961108 1.290298 2.083172 3.670048 6.919524 0.142857
41 39.543137 59.717358 0.000000 3.936713 1.300885 2.122431 3.794138 7.293364 0.166667
42 39.564487 59.715588 0.000000 4.546438 1.325404 2.197845 3.998064 7.827816 0.200000
43 39.598213 59.553288 0.000000 4.106994 1.333402 2.231450 4.114566 8.205413 0.166667
44 39.615673 59.589577 0.000000 4.308728 1.315714 2.169106 3.925771 7.656245 0.166667
45 39.462837 59.815239 0.000000 4.122231 1.292764 2.094636 3.713152 7.067257 0.166667
46 39.671440 59.653454 0.000000 4.609788 1.359297 2.304985 4.293921 8.616405 0.125000
47 39.665295 59.691589 0.000000 4.322504 1.328039 2.201127 4.000924 7.825587 0.142857
48 39.563194 59.554100 0.000000 4.401553 1.330835 2.201437 3.976568 7.687388 0.142857
49 39.647236 59.713829 0.000000 4.110939 1.298129 2.104589 3.723258 7.047021 0.142857
50 39.598019 59.663647 0.000000 4.209664 1.277808 2.044569 3.573594 6.696596 0.142857
51 39.460934 59.694664 0.000000 4.671094 1.306348 2.124877 3.769612 7.150534 0.142857
52 39.531181 59.807178 0.000000 4.301023 1.314960 2.155931 3.867206 7.442264 0.142857
53 39.480865 59.674168 0.000000 5.140773 1.287229 2.072794 3.643361 6.857157 0.142857
54 39.526119 59.722511 0.000000 4.536042 1.309668 2.133424 3.789036 7.192294 0.142857
55 39.671532 59.732601 0.000000 4.445790 1.301092 2.111342 3.741530 7.101808 0.142857
56 39.643116 59.678162 0.000000 4.422201 1.312676 2.149063 3.839423 7.335618 0.166667
57 39.545559 59.676273 0.000000 4.276343 1.327148 2.199541 3.989239 7.762558 0.166667
58 39.440857 59.617039 0.000000 4.383280 1.282797 2.061447 3.616843 6.797015 0.200000
59 39.480152 59.552368 0.000000 4.536901 1.306427 2.125872 3.772280 7.155618 0.166667
60 39.401321 59.674961 0.000000 4.426201 1.267138 2.015183 3.503082 6.536211 0.200004
61 39.421112 59.500534 0.000000 4.400464 1.277685 2.046006 3.578981 6.711204 0.200000
62 39.528942 59.333237 0.000000 4.152362 1.311667 2.147124 3.841959 7.370612 0.324983
63 39.507999 59.314651 0.000000 4.371442 1.285628 2.067256 3.631882 6.841657 0.389664
64 39.585457 59.030151 0.000000 3.898365 1.361617 2.318263 4.344268 8.777069 0.203013
65 39.795002 59.122375 0.000000 4.188210 1.319758 2.190415 4.004210 7.907020 0.200483
66 39.886063 58.931274 0.000000 4.075239 1.362175 2.323159 4.362347 8.836072 0.254071
67 39.951042 58.854401 0.000000 4.391468 1.365795 2.341838 4.438171 9.108578 0.200303
68 40.023479 58.840237 0.000000 4.041325 1.359968 2.328389 4.408948 9.044423 0.207799
69 40.028656 58.840694 0.000000 4.309754 1.383798 2.394461 4.580817 9.490779 0.166667
70 40.133133 58.626904 0.000000 4.157415 1.316652 2.179097 3.961840 7.761225 0.200000
71 40.162693 58.587181 0.000000 4.138168 1.348702 2.278130 4.237342 8.512543 0.200000
72 40.114170 58.558853 0.000000 3.770983 1.325768 2.203101 4.016567 7.877406 0.203340
73 40.345844 58.432926 0.000000 4.000889 1.310619 2.145837 3.840422 7.368173 0.272248
74 40.459393 58.326527 0.000000 4.296461 1.308718 2.142264 3.841372 7.401439 0.212165
75 40.623154 58.217236 0.000000 4.252150 1.329348 2.215106 4.060130 8.030199 0.180322
76 40.792622 57.963329 0.000000 4.299318 1.413224 2.488546 4.832118 10.128055 0.200084
78 40.420853 58.058475 0.000000 4.752631 1.394949 2.436076 4.703140 9.828279 0.166788
79 40.470894 57.964199 0.000000 4.387496 1.388136 2.422039 4.675761 9.774287 0.169603
81 41.289898 58.185524 0.000000 4.147505 1.348893 2.286191 4.275045 8.648294 0.267183
82 41.579590 58.289585 0.000000 3.885833 1.339835 2.244999 4.133708 8.202869 0.166669
83 41.248581 57.802559 0.000000 3.471262 1.396192 2.431321 4.660067 9.623075 0.166667
85 43.044441 58.091366 0.000000 3.000767 1.400761 2.480777 4.897183 10.532499 0.166667
