%% Trajectory 34
%% frame x (pixel)     y (pixel)    z (pixel)      m0         m1           m2           m3           m4           s 
223 63.447289 48.718056 0.000000 1.483235 1.452165 2.599314 5.103352 10.750682 0.151997
224 62.829914 48.874538 0.000000 1.466667 1.448059 2.611990 5.199913 11.165805 0.142947
225 63.462021 48.417374 0.000000 1.564591 1.394059 2.398128 4.520629 9.148106 0.142857
226 63.610451 48.801876 0.000000 1.596882 1.427816 2.532997 4.975041 10.594960 0.169750
227 63.767292 48.540668 0.000000 1.530951 1.406849 2.464747 4.783404 10.081145 0.166687
228 63.023170 48.413841 0.000000 1.349732 1.420912 2.558540 5.131880 11.196568 0.166667
230 63.383396 48.548458 0.000000 1.856692 1.473394 2.671839 5.320138 11.372324 0.169080
232 63.544876 48.597340 0.000000 2.107090 1.375035 2.351606 4.414479 8.913916 0.183086
234 63.455460 48.245174 0.000000 1.680363 1.394914 2.434472 4.702951 9.852810 0.166709
235 63.613342 48.577923 0.000000 1.862309 1.406097 2.446169 4.664278 9.548284 0.173645
236 63.474499 48.442131 0.000000 1.930643 1.437589 2.585867 5.166659 11.223416 0.176732
237 63.483444 48.700722 0.000000 2.004154 1.454468 2.613034 5.165712 10.999035 0.187952
238 63.486034 48.668472 0.000000 2.256997 1.400748 2.438090 4.665013 9.611641 0.200018
239 63.564449 48.839745 0.000000 2.228236 1.415105 2.502356 4.911005 10.474448 0.218887
240 63.331085 48.698402 0.000000 1.834990 1.431518 2.548619 4.995937 10.549013 0.200001
241 63.724014 48.646339 0.000000 1.995198 1.412624 2.481699 4.801671 10.020711 0.200000
242 63.466843 48.686840 0.000000 2.012736 1.390180 2.393151 4.523187 9.199847 0.200804
243 63.583370 48.703049 0.000000 2.146353 1.490008 2.771512 5.723774 12.813141 0.200042
244 63.574963 48.640083 0.000000 2.017848 1.382585 2.397934 4.601019 9.576063 0.201289
245 63.468956 48.774567 0.000000 1.989158 1.503535 2.795928 5.752822 12.797477 0.367074
246 63.666447 48.750370 0.000000 2.259923 1.437832 2.591414 5.182672 11.246570 0.200000
247 63.332363 48.722477 0.000000 2.149425 1.440727 2.562731 5.003878 10.498338 0.200019
248 63.560528 48.787395 0.000000 2.042545 1.483979 2.726757 5.524887 12.073023 0.200000
249 63.573799 48.685894 0.000000 1.835974 1.407397 2.457733 4.718668 9.762960 0.200779
250 63.623993 48.871529 0.000000 2.121668 1.484413 2.732515 5.556119 12.192844 0.200001
251 63.068386 48.802174 0.000000 1.789332 1.483980 2.779750 5.813750 13.228263 0.209199
252 63.097111 48.734993 0.000000 1.901927 1.468578 2.722362 5.625710 12.644205 0.200000
253 63.519440 48.695114 0.000000 2.162688 1.482404 2.727941 5.541644 12.146901 0.201825
254 63.627144 48.730690 0.000000 2.166576 1.503059 2.817216 5.863835 13.225142 0.200002
255 63.360767 48.764301 0.000000 2.727919 1.494649 2.773928 5.695194 12.633801 0.235759
256 63.645836 48.713177 0.000000 3.131815 1.490882 2.739448 5.552016 12.138404 0.250328
257 63.339851 48.592903 0.000000 2.421710 1.416840 2.504055 4.888251 10.322739 0.224793
258 63.425869 48.682972 0.000000 2.964737 1.388439 2.411543 4.631613 9.642529 0.200000
259 63.637112 48.710110 0.000000 2.934740 1.444484 2.602743 5.195687 11.241179 0.200011
260 63.482864 48.600563 0.000000 3.068688 1.404232 2.464128 4.790252 10.111385 0.200000
261 63.702068 48.719658 0.000000 2.690291 1.440473 2.609412 5.273217 11.616098 0.200000
262 63.494049 48.754074 0.000000 2.905508 1.365502 2.324620 4.350197 8.773962 0.200000
263 63.867352 48.812794 0.000000 3.051894 1.443390 2.597675 5.170547 11.131427 0.200000
264 63.645782 48.594730 0.000000 3.188225 1.415305 2.491056 4.828159 10.093562 0.250000
265 63.623131 48.798897 0.000000 3.096950 1.463602 2.665328 5.365030 11.673561 0.250000
266 64.240211 48.766575 0.000000 3.104777 1.486404 2.753672 5.660783 12.614240 0.250000
267 63.622978 48.798733 0.000000 3.400547 1.507941 2.832494 5.907585 13.350400 0.200000
268 63.624340 48.718647 0.000000 3.138814 1.434535 2.566949 5.088078 10.930707 0.200000
269 63.791752 48.740726 0.000000 3.145163 1.498015 2.789837 5.753372 12.829774 0.200000
270 63.403049 48.651173 0.000000 3.245150 1.413715 2.482219 4.794908 9.980377 0.250000
271 63.657043 48.778690 0.000000 2.849998 1.415154 2.483840 4.799768 9.999940 0.309451
272 63.587395 48.712143 0.000000 3.013980 1.388569 2.432294 4.735774 10.038424 0.200000
273 63.625549 48.855930 0.000000 2.973066 1.439472 2.572406 5.070463 10.788436 0.250102
274 63.766644 48.827435 0.000000 3.133637 1.422800 2.528118 4.965002 10.548443 0.200000
275 63.740543 48.858276 0.000000 2.712837 1.464576 2.673252 5.406696 11.840988 0.200304
276 63.831772 48.922421 0.000000 2.987694 1.462341 2.664437 5.377334 11.746900 0.200000
277 63.742512 49.067379 0.000000 2.774391 1.428015 2.550947 5.047022 10.814561 0.250000
278 63.809052 49.045780 0.000000 2.900666 1.490648 2.758359 5.643742 12.470715 0.200000
279 63.607536 48.984619 0.000000 2.839991 1.447559 2.612713 5.217021 11.268435 0.166667
280 63.740368 49.192272 0.000000 3.150120 1.459872 2.665074 5.395602 11.837429 0.200000
281 63.506870 49.159573 0.000000 3.002789 1.453692 2.627322 5.251684 11.355241 0.250000
282 63.736847 49.201019 0.000000 3.035625 1.420832 2.521855 4.956677 10.561274 0.250000
283 63.662491 49.036831 0.000000 3.003906 1.475173 2.697150 5.437711 11.812775 0.200000
284 64.152969 49.266998 0.000000 3.098419 1.515970 2.846982 5.921064 13.313874 0.200000
285 63.887764 49.198513 0.000000 2.536512 1.505004 2.813351 5.822829 13.025326 0.200000
286 63.878044 49.464291 0.000000 2.663306 1.480692 2.726425 5.559820 12.270757 0.200000
288 64.399933 49.728989 0.000000 2.745283 1.432009 2.537774 4.944225 10.363984 0.200000
289 64.588631 49.512051 0.000000 2.287092 1.404629 2.445719 4.685252 9.672752 0.263279
290 64.596954 49.514408 0.000000 2.729792 1.513417 2.801784 5.695836 12.432112 0.200002
291 64.297310 49.410049 0.000000 2.628223 1.459133 2.636840 5.251348 11.271708 0.221077
292 64.373367 49.623852 0.000000 2.547538 1.462066 2.637364 5.228557 11.142647 0.200000
293 64.573921 49.482960 0.000000 2.697325 1.522390 2.839055 5.819044 12.814353 0.200000
294 64.507347 49.495991 0.000000 2.669272 1.445476 2.602341 5.185579 11.181202 0.200000
295 64.288414 49.650848 0.000000 2.196524 1.432721 2.561338 5.066957 10.852244 0.201524
296 64.355499 49.469219 0.000000 2.147073 1.457022 2.637697 5.286898 11.472421 0.249460
298 62.986210 50.025612 0.000000 1.249308 1.586487 3.114860 6.758895 15.779574 0.200169
