%% Trajectory 47
%% frame x (pixel)     y (pixel)    z (pixel)      m0         m1           m2           m3           m4           s 
155 29.260870 58.423363 0.000000 1.836288 1.441959 2.614055 5.267850 11.523210 0.208270
157 28.888680 58.320103 0.000000 1.914529 1.367878 2.375797 4.612772 9.809829 0.166828
158 29.557928 58.391216 0.000000 1.946768 1.362646 2.351634 4.535480 9.588375 0.200015
159 29.666353 57.933624 0.000000 2.097920 1.467751 2.692045 5.488690 12.151353 0.168200
161 29.544136 58.207119 0.000000 2.023179 1.531401 2.905786 6.110739 13.886612 0.145595
163 29.268749 58.197109 0.000000 1.790117 1.464517 2.705199 5.570008 12.469574 0.321020
165 29.675985 58.352680 0.000000 1.654878 1.501156 2.847463 6.027487 13.867726 0.298705
167 28.670265 58.595924 0.000000 1.605400 1.443377 2.626358 5.346741 11.890929 0.321667
168 28.400478 58.604969 0.000000 1.209005 1.369741 2.381044 4.620053 9.802066 0.149892
169 28.773561 58.300407 0.000000 1.258099 1.405838 2.509706 5.009089 10.924829 0.197658
170 28.516256 58.600334 0.000000 1.668894 1.464748 2.691253 5.518968 12.325204 0.148501
171 28.469212 58.215996 0.000000 1.758204 1.336594 2.269734 4.288784 8.850162 0.197308
172 28.884321 58.577454 0.000000 1.493481 1.474854 2.758454 5.789744 13.279222 0.177150
174 28.061035 58.544910 0.000000 0.998163 1.481279 2.747320 5.661120 12.643842 0.185790
176 28.579058 58.245277 0.000000 1.345901 1.497412 2.833630 6.017469 13.949797 0.345422
177 28.478544 58.680656 0.000000 1.793658 1.441927 2.633004 5.391248 12.077293 0.143594
178 28.709709 58.654621 0.000000 1.903957 1.379245 2.435809 4.837859 10.573640 0.166846
179 28.776129 58.480129 0.000000 1.717254 1.411297 2.563463 5.240881 11.766160 0.200000
180 28.751024 58.416111 0.000000 2.239503 1.454963 2.704766 5.674319 13.078206 0.173296
181 28.562805 58.291634 0.000000 2.049389 1.331362 2.225701 4.107342 8.217228 0.200025
182 28.431566 58.205551 0.000000 2.008826 1.393817 2.428843 4.653620 9.592130 0.200001
183 28.618647 58.663380 0.000000 1.539206 1.426658 2.571105 5.193803 11.494935 0.166667
184 28.591753 58.300663 0.000000 1.913522 1.314701 2.184862 4.015730 8.013870 0.142857
185 28.456606 58.577374 0.000000 1.923756 1.294759 2.131984 3.894976 7.762542 0.200000
186 28.563663 58.407131 0.000000 2.309153 1.298985 2.110703 3.754939 7.177022 0.171108
187 28.648844 58.452969 0.000000 2.182730 1.338028 2.270199 4.299699 8.927446 0.200000
188 28.360853 58.676888 0.000000 2.087816 1.316669 2.207756 4.124486 8.430157 0.200000
189 28.687511 58.563931 0.000000 2.214127 1.285438 2.071178 3.642952 6.860261 0.250000
190 28.968527 58.584061 0.000000 1.708036 1.348686 2.306782 4.378148 9.029693 0.200000
191 28.762815 58.335796 0.000000 2.235273 1.399815 2.461941 4.795088 10.123065 0.166667
192 28.812267 58.363277 0.000000 2.387318 1.370792 2.374603 4.588054 9.694233 0.250000
193 28.741192 58.453312 0.000000 2.258750 1.281078 2.048008 3.573887 6.683105 0.200000
194 28.752714 58.537682 0.000000 2.714093 1.386398 2.382149 4.486905 9.073875 0.200000
195 28.696594 58.408947 0.000000 2.247863 1.300512 2.126221 3.828195 7.458884 0.200000
196 28.487841 58.351814 0.000000 2.774682 1.380570 2.375044 4.500766 9.210938 0.200000
197 28.891649 58.578949 0.000000 2.642426 1.341511 2.259742 4.191943 8.399218 0.200000
198 28.698915 58.297241 0.000000 2.466089 1.371122 2.358400 4.460466 9.085237 0.143849
199 28.587996 58.551746 0.000000 2.832436 1.354216 2.302455 4.338115 8.893395 0.166667
200 28.729801 58.375904 0.000000 2.925772 1.372061 2.351586 4.445528 9.084432 0.200007
201 29.107998 58.241226 0.000000 3.288308 1.401046 2.452114 4.738817 9.900578 0.200000
202 28.762306 58.494473 0.000000 2.860007 1.380396 2.397094 4.609633 9.610686 0.166667
203 28.719959 58.199642 0.000000 3.054049 1.347858 2.276358 4.232895 8.492991 0.142857
204 29.136995 58.100433 0.000000 2.729591 1.410295 2.490541 4.877797 10.367760 0.142857
205 28.759964 58.620846 0.000000 2.784574 1.346087 2.265520 4.198335 8.403471 0.200000
206 28.835730 58.265823 0.000000 3.207098 1.350595 2.289213 4.285971 8.695889 0.166667
207 28.548338 58.128613 0.000000 3.429796 1.494650 2.788441 5.775627 12.957511 0.200372
208 28.687176 58.261860 0.000000 3.267684 1.401747 2.438373 4.657329 9.565000 0.166667
209 28.734684 58.096626 0.000000 3.440480 1.448747 2.594140 5.113951 10.860510 0.203230
210 28.713297 58.392052 0.000000 3.410379 1.348059 2.263406 4.168622 8.256524 0.142858
211 28.749929 58.224487 0.000000 3.459064 1.343446 2.260420 4.179720 8.325669 0.142857
212 28.590223 58.128773 0.000000 3.571943 1.388764 2.409224 4.605833 9.500935 0.125000
213 28.906813 58.462910 0.000000 3.181945 1.400109 2.454239 4.763453 10.032430 0.145401
214 28.642328 58.550659 0.000000 3.208003 1.307598 2.137869 3.831146 7.387388 0.142857
215 28.510281 58.330421 0.000000 3.364049 1.305383 2.134137 3.830956 7.413496 0.125000
216 28.905685 58.274658 0.000000 2.902638 1.394720 2.427028 4.667016 9.707909 0.167215
218 28.801796 58.771523 0.000000 2.874444 1.377649 2.380579 4.553229 9.452544 0.219989
220 28.951586 58.426491 0.000000 3.719222 1.384068 2.418736 4.701092 9.951160 0.142858
222 29.295347 58.484798 0.000000 3.293083 1.321695 2.211097 4.108965 8.335217 0.142857
223 29.394119 58.303288 0.000000 2.949718 1.317902 2.183151 3.993776 7.928267 0.142863
224 29.348116 58.333900 0.000000 3.421693 1.358152 2.303782 4.298461 8.653054 0.166667
225 29.484556 58.441326 0.000000 2.699884 1.309796 2.169217 3.982506 7.969013 0.166667
226 29.372404 58.280479 0.000000 3.112451 1.313669 2.172879 3.971277 7.881618 0.166693
227 29.651627 58.186172 0.000000 2.909608 1.272739 2.026821 3.526917 6.584493 0.147192
228 30.038874 58.346687 0.000000 2.890290 1.348577 2.287777 4.293347 8.744325 0.166686
229 30.034191 58.377689 0.000000 3.280481 1.332161 2.257766 4.269281 8.842665 0.142857
230 29.574347 58.313744 0.000000 2.929175 1.326144 2.200399 4.015731 7.914876 0.138970
231 29.649158 58.211754 0.000000 3.031171 1.362837 2.327644 4.394688 8.994135 0.142906
232 30.358683 57.982021 0.000000 3.109972 1.401586 2.472012 4.830260 10.228915 0.166667
233 30.417219 57.984825 0.000000 2.835206 1.383734 2.404557 4.630129 9.671451 0.199546
234 30.190916 57.834789 0.000000 2.502221 1.291394 2.121165 3.865364 7.677065 0.166670
235 30.462074 57.786518 0.000000 2.544680 1.308357 2.152166 3.891158 7.589367 0.229066
236 30.846395 57.471615 0.000000 2.747328 1.309420 2.190603 4.100269 8.445250 0.220604
237 30.756632 57.644100 0.000000 2.475378 1.357026 2.320754 4.392426 9.025705 0.202033
238 30.174442 57.253284 0.000000 2.581023 1.376011 2.386119 4.605602 9.691978 0.174679
239 30.386215 57.459991 0.000000 2.528540 1.456846 2.684400 5.526278 12.406110 0.182583
241 30.215799 57.382103 0.000000 2.163010 1.367161 2.355604 4.496756 9.327214 0.166667
242 30.308838 57.332813 0.000000 1.751124 1.397677 2.435248 4.675934 9.691514 0.166667
243 30.227945 57.172207 0.000000 1.686328 1.415074 2.543300 5.122052 11.292583 0.142857
244 30.468988 57.205120 0.000000 1.698312 1.391180 2.429088 4.716089 9.981453 0.146042
