%% Trajectory 17
%% frame x (pixel)     y (pixel)    z (pixel)      m0         m1           m2           m3           m4           s 
90 78.105972 83.383583 0.000000 1.116496 1.452239 2.656353 5.376562 11.752773 0.307131
92 77.858162 83.265411 0.000000 1.266791 1.465834 2.719341 5.620080 12.614047 0.200005
94 78.603355 83.265160 0.000000 0.897905 1.475543 2.750497 5.672881 12.616724 0.250558
95 78.376778 83.186234 0.000000 0.908286 1.373946 2.395676 4.657425 9.875284 0.250000
96 78.018860 83.532387 0.000000 1.072021 1.491240 2.764351 5.665487 12.528182 0.250000
97 78.288521 83.198135 0.000000 1.104583 1.417295 2.523234 5.007523 10.845050 0.333333
99 78.625290 83.535469 0.000000 1.290846 1.286648 2.073338 3.649501 6.881642 0.333333
100 78.185158 83.144272 0.000000 1.703560 1.377182 2.372185 4.508440 9.256745 0.333333
101 77.993294 83.238113 0.000000 1.102259 1.420563 2.576483 5.223155 11.543629 0.250000
102 78.098389 83.193420 0.000000 1.561012 1.408383 2.486127 4.867908 10.340390 0.250000
103 78.130157 83.221313 0.000000 1.455691 1.445371 2.625818 5.280530 11.480757 0.333333
104 77.547600 82.903625 0.000000 1.358900 1.375754 2.364384 4.469934 9.096055 0.333333
105 77.695526 83.095863 0.000000 1.565472 1.459270 2.653842 5.338759 11.611274 0.333333
106 78.096939 83.360687 0.000000 1.355048 1.501951 2.824032 5.888857 13.276226 0.333333
107 77.700089 83.270981 0.000000 1.657282 1.392179 2.449819 4.795760 10.218535 0.333333
108 77.463562 82.765320 0.000000 1.773598 1.451578 2.624415 5.236684 11.264749 0.333333
109 77.776176 82.832603 0.000000 2.028232 1.447165 2.621972 5.259254 11.401923 0.250000
110 77.789207 83.126183 0.000000 1.599514 1.365531 2.333760 4.390027 8.903766 0.333333
111 77.747017 83.255951 0.000000 1.558600 1.417765 2.517781 4.937408 10.459144 0.333333
113 78.197571 82.971596 0.000000 1.750684 1.454050 2.649151 5.348581 11.681048 0.333333
114 77.800941 83.147110 0.000000 2.148895 1.437754 2.585353 5.137669 11.029649 0.333338
115 77.644951 82.877632 0.000000 2.199121 1.451807 2.633024 5.277027 11.410761 0.333333
116 77.929054 83.249077 0.000000 1.832861 1.420430 2.556843 5.128728 11.185897 0.333333
117 77.739037 83.185448 0.000000 2.311534 1.410558 2.481178 4.810719 10.056496 0.333606
118 78.189896 83.267197 0.000000 1.818802 1.386211 2.441584 4.803122 10.316605 0.333333
119 77.869667 83.132690 0.000000 2.236046 1.489670 2.776469 5.724453 12.738807 0.333347
120 78.112907 83.128181 0.000000 1.957738 1.503790 2.831248 5.909922 13.322174 0.333333
122 78.257309 82.967804 0.000000 2.242271 1.435870 2.595795 5.215605 11.370104 0.333333
123 77.865051 82.615860 0.000000 2.248621 1.395006 2.424907 4.639744 9.561628 0.333333
124 77.949165 82.578514 0.000000 2.329917 1.462611 2.658141 5.333178 11.536828 0.333333
126 77.785164 82.744217 0.000000 2.193874 1.404181 2.477336 4.835169 10.209008 0.333333
127 77.743263 82.663292 0.000000 1.840628 1.503560 2.785316 5.683957 12.480634 0.500000
128 77.916183 82.638603 0.000000 2.062001 1.477617 2.706727 5.461284 11.859374 0.500000
129 78.074242 82.648674 0.000000 1.880697 1.413981 2.501678 4.883916 10.279287 0.500000
130 77.945381 82.682571 0.000000 2.051007 1.444000 2.613320 5.247885 11.413332 0.500000
131 77.692497 82.418846 0.000000 2.538811 1.373865 2.356845 4.449272 9.049519 0.333333
132 77.589508 82.388138 0.000000 2.370455 1.407215 2.489642 4.872830 10.311505 0.500000
133 77.465157 82.143616 0.000000 2.125954 1.455014 2.648789 5.347537 11.692819 0.500000
134 77.603439 82.153801 0.000000 2.262965 1.546088 2.939722 6.164682 13.905261 0.500000
135 77.565117 81.944702 0.000000 2.630515 1.499403 2.794621 5.741045 12.680726 0.500000
136 77.284332 81.825897 0.000000 2.316499 1.513999 2.854279 5.949113 13.368418 0.500000
137 77.358040 81.647957 0.000000 2.530868 1.451709 2.630254 5.278289 11.457953 0.500000
138 77.463905 81.668732 0.000000 2.053279 1.443453 2.618215 5.290224 11.630683 0.333333
140 76.850159 81.420929 0.000000 2.328301 1.573294 3.052191 6.519528 14.945438 0.500000
141 76.647537 81.462128 0.000000 2.734014 1.534660 2.904558 6.049559 13.529499 0.500000
142 76.408859 81.332756 0.000000 2.400146 1.548721 2.973511 6.305969 14.393191 0.500000
143 76.303864 81.121063 0.000000 2.066128 1.462418 2.673493 5.411409 11.839794 0.500000
144 75.808372 80.830795 0.000000 1.886401 1.485830 2.768856 5.723450 12.797303 0.333333
146 75.845551 81.388184 0.000000 1.087411 1.539747 2.938239 6.181545 13.978244 0.250637
147 75.945961 80.972679 0.000000 1.463365 1.390646 2.461276 4.870915 10.524233 0.500000
148 75.793877 81.338448 0.000000 1.296615 1.476629 2.736045 5.591746 12.294492 0.259676
150 75.368042 80.971359 0.000000 1.310092 1.576267 3.052834 6.492364 14.787119 0.333333
