%% Trajectory 93
%% frame x (pixel)     y (pixel)    z (pixel)      m0         m1           m2           m3           m4           s 
120 69.622673 53.847210 0.000000 0.468050 1.641810 3.337227 7.443333 17.748123 0.125000
122 70.101379 53.888702 0.000000 0.468697 1.318889 2.227892 4.202527 8.687815 0.143228
123 70.829018 54.119671 0.000000 0.705856 1.329090 2.213104 4.055061 8.018606 0.198051
125 70.778122 54.017723 0.000000 0.812028 1.354714 2.309767 4.337917 8.791551 0.215060
126 70.584549 54.407631 0.000000 0.640166 1.474061 2.728108 5.619654 12.567376 0.158649
127 70.628639 54.380482 0.000000 0.644994 1.364333 2.363670 4.569569 9.655004 0.333891
128 70.592941 54.374172 0.000000 0.762626 1.329200 2.217758 4.090646 8.191856 0.257020
130 70.764130 54.254196 0.000000 0.952265 1.270429 2.044347 3.607498 6.851058 0.259107
131 70.505920 54.280346 0.000000 0.751068 1.273459 2.042906 3.599691 6.848404 0.182358
132 70.922508 54.380360 0.000000 1.179448 1.343959 2.326199 4.517181 9.633814 0.166668
133 70.641190 54.064781 0.000000 1.215375 1.368573 2.320776 4.310491 8.590188 0.166849
134 70.510399 53.962376 0.000000 1.129008 1.372902 2.383791 4.601509 9.668896 0.142875
135 70.624466 54.070045 0.000000 1.596914 1.313356 2.174669 3.973918 7.869786 0.166681
136 70.635986 53.885601 0.000000 1.519829 1.302117 2.130801 3.828157 7.412110 0.200000
137 70.365028 54.180401 0.000000 1.403399 1.323581 2.187763 3.967994 7.750289 0.166667
138 70.425194 54.261932 0.000000 1.756922 1.296713 2.096905 3.699239 6.982925 0.166667
139 70.691460 54.230892 0.000000 1.491885 1.309615 2.153520 3.899035 7.632610 0.147070
140 70.395050 54.322212 0.000000 1.571554 1.301333 2.134315 3.845798 7.474960 0.251164
141 70.600426 54.270676 0.000000 1.974157 1.282139 2.068658 3.670630 7.042131 0.166667
142 70.509544 54.338291 0.000000 1.795060 1.275648 2.038519 3.563310 6.691806 0.166667
143 70.551834 54.205212 0.000000 1.853234 1.290518 2.096582 3.741895 7.203958 0.200001
144 70.734741 54.320812 0.000000 1.597903 1.278843 2.076310 3.731778 7.307575 0.142857
145 70.499252 54.230446 0.000000 1.852105 1.294602 2.103446 3.750796 7.208560 0.166668
146 70.444099 54.112774 0.000000 2.022774 1.291380 2.104606 3.775622 7.317896 0.200000
147 70.511963 54.295601 0.000000 1.904727 1.284558 2.064936 3.626301 6.827316 0.200000
148 70.595856 54.234615 0.000000 1.824728 1.260365 1.994871 3.450936 6.409324 0.200000
149 70.439140 54.320087 0.000000 1.994241 1.249855 1.964995 3.378188 6.242813 0.200000
150 70.472908 54.463589 0.000000 2.101899 1.262318 2.002980 3.479199 6.501342 0.166667
151 70.464333 54.438709 0.000000 1.838861 1.287646 2.071780 3.637708 6.838139 0.200000
152 70.557045 54.342216 0.000000 2.347385 1.259815 1.993969 3.449353 6.406824 0.166667
153 70.457947 54.489857 0.000000 2.257577 1.256710 1.983577 3.421391 6.336802 0.166667
154 70.463890 54.412205 0.000000 2.111664 1.268181 2.030548 3.575544 6.810149 0.200000
155 70.571136 54.425903 0.000000 2.315634 1.252070 1.968105 3.382728 6.249918 0.200000
156 70.303062 54.367821 0.000000 2.171931 1.276432 2.042927 3.570197 6.685348 0.200000
157 70.446007 54.301941 0.000000 2.170286 1.302234 2.112163 3.742590 7.107862 0.142857
158 70.307396 54.141506 0.000000 1.936740 1.293183 2.099787 3.740533 7.174047 0.200000
159 70.385277 54.165104 0.000000 2.357054 1.258632 1.990073 3.441350 6.395590 0.250000
160 70.375015 54.222137 0.000000 1.869248 1.260940 2.000876 3.471117 6.464190 0.166667
161 70.092560 54.001789 0.000000 2.206929 1.376221 2.373382 4.510787 9.248430 0.200000
162 69.833717 53.933773 0.000000 2.481505 1.368495 2.352643 4.467384 9.178170 0.200000
163 69.934669 54.111809 0.000000 2.092876 1.370802 2.361675 4.489030 9.218050 0.200000
164 69.761261 53.937172 0.000000 2.485666 1.313979 2.173594 3.959349 7.787930 0.250000
165 69.632324 54.036217 0.000000 2.116550 1.344703 2.271958 4.228111 8.493665 0.166667
166 69.417221 53.829517 0.000000 2.587059 1.340017 2.243474 4.122751 8.155136 0.200000
167 69.530281 54.172169 0.000000 2.306841 1.287292 2.081172 3.686629 7.022086 0.250000
168 69.655876 54.201508 0.000000 2.287905 1.326958 2.204763 4.015146 7.858687 0.200000
169 69.227829 54.181564 0.000000 2.229729 1.292828 2.107751 3.789394 7.385427 0.250000
170 69.157944 54.222836 0.000000 2.397840 1.373702 2.352328 4.433289 9.010953 0.250000
171 69.190872 53.806053 0.000000 2.502146 1.331095 2.216341 4.050295 7.968041 0.200000
172 68.980843 54.293259 0.000000 2.123115 1.393740 2.438519 4.725887 9.933814 0.250000
173 68.779457 54.465977 0.000000 1.972988 1.270163 2.025583 3.539567 6.661388 0.200000
174 68.591545 54.333511 0.000000 1.792234 1.296803 2.115022 3.805321 7.427707 0.166667
175 68.527359 53.844913 0.000000 1.891147 1.401033 2.436037 4.650996 9.550874 0.200000
176 68.408211 54.051464 0.000000 1.776570 1.425209 2.541293 5.005539 10.654140 0.210600
178 69.057594 52.657898 0.000000 1.589522 1.425392 2.527192 4.942173 10.431818 0.209630
179 69.271599 52.951096 0.000000 1.552357 1.429222 2.550867 5.050314 10.851160 0.200286
