%% Trajectory 34
%% frame x (pixel)     y (pixel)    z (pixel)      m0         m1           m2           m3           m4           s 
194 74.508087 15.304464 0.000000 1.384829 1.353548 2.314288 4.385705 9.037093 0.250000
195 74.709167 15.802887 0.000000 1.870789 1.372377 2.376698 4.573617 9.590726 0.261595
197 74.674751 15.280446 0.000000 1.376724 1.413020 2.520774 5.000087 10.787210 0.250000
199 74.779762 15.863119 0.000000 1.744241 1.371250 2.384443 4.641335 9.909159 0.200291
200 74.824432 15.854903 0.000000 1.949647 1.363368 2.343287 4.474003 9.309799 0.200011
201 74.920425 16.074905 0.000000 1.922343 1.436237 2.598542 5.224756 11.400433 0.301609
202 74.730705 15.803077 0.000000 2.148081 1.313437 2.163950 3.907716 7.583102 0.250000
203 74.673790 15.909595 0.000000 1.893320 1.367937 2.372011 4.580971 9.656317 0.333333
204 74.827011 16.117207 0.000000 1.866845 1.429197 2.555176 5.070856 10.931098 0.243862
205 74.933334 15.658896 0.000000 1.982836 1.339686 2.271538 4.282028 8.805718 0.200001
206 74.526993 15.549785 0.000000 1.986424 1.318051 2.190456 4.021031 8.009727 0.200000
207 74.514641 15.890129 0.000000 1.944778 1.307631 2.173786 4.024496 8.160761 0.250000
208 74.604034 15.752147 0.000000 2.339242 1.370076 2.336649 4.378102 8.833561 0.250009
209 74.448792 15.662938 0.000000 2.028372 1.324336 2.205668 4.041141 7.990135 0.200000
210 74.656845 15.553636 0.000000 2.104748 1.320760 2.194003 4.010056 7.916069 0.250001
211 74.802856 15.552987 0.000000 1.775035 1.374323 2.379034 4.563069 9.502943 0.200452
212 74.626862 15.575102 0.000000 2.220728 1.380889 2.371278 4.481190 9.135024 0.244484
213 74.659737 15.478538 0.000000 2.022374 1.322481 2.192051 3.995333 7.859584 0.200001
214 74.483948 15.648953 0.000000 1.565195 1.289941 2.091301 3.717449 7.113976 0.203286
215 74.717186 15.829467 0.000000 1.840861 1.411609 2.483362 4.812274 10.054029 0.394438
216 74.853149 15.489063 0.000000 2.074805 1.307344 2.166031 3.974965 7.940598 0.200001
217 74.478012 15.643547 0.000000 2.077908 1.288574 2.090302 3.721118 7.140355 0.203146
218 74.486671 15.374574 0.000000 1.983637 1.318447 2.170310 3.919677 7.624638 0.232866
219 74.701546 15.692834 0.000000 2.194667 1.314508 2.166655 3.922518 7.658220 0.200250
220 74.938797 15.751060 0.000000 2.254332 1.433414 2.564261 5.083148 10.924401 0.200002
221 74.706017 15.570959 0.000000 2.506785 1.310356 2.146305 3.845855 7.394414 0.200000
222 74.499992 15.375796 0.000000 2.255918 1.346931 2.251412 4.115421 8.065604 0.250002
223 74.483559 15.720497 0.000000 2.152137 1.311870 2.157691 3.902140 7.621187 0.250001
224 74.547379 15.580647 0.000000 2.294516 1.317618 2.164043 3.874593 7.408831 0.250000
225 74.442299 15.702240 0.000000 2.380761 1.345043 2.276904 4.264562 8.673274 0.250000
226 74.544777 15.842526 0.000000 2.133403 1.360116 2.347001 4.527387 9.576632 0.333419
227 74.574554 15.165553 0.000000 2.238406 1.378488 2.374733 4.496352 9.164904 0.340507
228 74.578583 15.702045 0.000000 2.471483 1.320756 2.201070 4.040630 8.019761 0.608195
229 74.513702 15.655350 0.000000 2.756404 1.352950 2.277488 4.198744 8.312742 0.333333
230 74.516098 15.757420 0.000000 2.249414 1.388976 2.423906 4.681347 9.799219 0.251907
231 74.657005 16.441153 0.000000 2.289454 1.348311 2.261483 4.154841 8.196030 0.491112
232 74.731255 15.923912 0.000000 2.276076 1.374566 2.369387 4.517370 9.332547 0.276417
233 74.772766 16.116045 0.000000 2.195237 1.348307 2.271720 4.223212 8.500370 0.402009
234 74.609795 15.598650 0.000000 2.336250 1.355998 2.288968 4.233273 8.409001 0.360186
235 74.723213 15.685869 0.000000 2.135113 1.322886 2.188375 3.969155 7.744187 0.334284
236 74.431030 15.766739 0.000000 2.508854 1.350024 2.263980 4.150408 8.148719 0.333513
237 74.318069 16.123190 0.000000 2.607609 1.451344 2.619398 5.205305 11.137485 0.250000
238 74.598183 16.286646 0.000000 2.533692 1.407435 2.473771 4.800292 10.071532 0.333333
239 74.195419 16.304382 0.000000 2.086129 1.374015 2.344799 4.390715 8.845683 0.337737
240 74.333511 16.246422 0.000000 1.707634 1.444289 2.600616 5.175131 11.127310 0.250133
242 74.451118 16.238110 0.000000 2.339167 1.339583 2.221414 4.022546 7.794497 0.250018
243 74.440964 16.646065 0.000000 2.101328 1.309531 2.132278 3.791024 7.221752 0.252032
245 74.436966 16.663130 0.000000 2.181561 1.358744 2.300125 4.261960 8.467365 0.250000
247 74.350304 17.024666 0.000000 2.540022 1.382859 2.390523 4.558357 9.390449 0.333333
248 74.451118 17.301313 0.000000 2.743799 1.391008 2.401964 4.564163 9.354006 0.250000
249 74.145752 17.324596 0.000000 2.526598 1.381120 2.374934 4.495093 9.174298 0.333333
250 73.807640 17.246954 0.000000 1.864161 1.438721 2.598238 5.211884 11.342350 0.333333
251 73.891342 16.806433 0.000000 2.366228 1.413849 2.489621 4.843066 10.192997 0.250000
252 73.840630 17.117817 0.000000 1.991139 1.401578 2.489553 4.944394 10.738226 0.250000
253 73.745087 17.386267 0.000000 1.727653 1.317301 2.189320 4.032831 8.094399 0.250385
254 73.695862 17.223240 0.000000 1.271643 1.428583 2.614382 5.357045 11.991460 0.204069
255 73.669914 17.373974 0.000000 1.729817 1.362488 2.312533 4.312831 8.667623 0.200030
256 73.792099 17.336958 0.000000 1.565273 1.444536 2.606672 5.211930 11.290688 0.210526
257 74.332260 17.794783 0.000000 1.485673 1.342830 2.266880 4.222578 8.510674 0.196686
259 75.157738 17.600506 0.000000 1.134861 1.190862 1.799039 2.979540 5.341371 0.168244
