%% Trajectory 15
%% frame x (pixel)     y (pixel)    z (pixel)      m0         m1           m2           m3           m4           s 
32 30.403511 53.494820 0.000000 1.290423 1.182575 1.778326 2.926601 5.205340 0.125000
33 30.372231 53.348286 0.000000 1.454143 1.179795 1.766407 2.891930 5.114550 0.125000
35 30.391010 53.374496 0.000000 1.728464 1.271411 2.033550 3.559375 6.696519 0.125001
36 30.418423 53.206570 0.000000 1.725724 1.192432 1.814050 3.023911 5.444500 0.125000
37 30.264151 53.373985 0.000000 1.640327 1.193421 1.808442 2.999376 5.371980 0.111148
38 30.501675 53.204750 0.000000 2.190423 1.278109 2.041873 3.562576 6.663205 0.125021
39 30.410389 53.272533 0.000000 2.352104 1.257107 1.980286 3.409524 6.306550 0.150695
40 30.376255 53.474232 0.000000 2.109368 1.210226 1.845068 3.078394 5.544381 0.125014
41 30.582235 53.557056 0.000000 2.020569 1.351325 2.277997 4.208517 8.346856 0.158156
42 30.549772 53.341488 0.000000 2.303737 1.291208 2.083397 3.668775 6.915895 0.111153
43 30.357674 53.212948 0.000000 2.233819 1.303233 2.132150 3.827361 7.394666 0.145067
44 30.021467 53.218239 0.000000 1.848964 1.376740 2.373835 4.521475 9.316016 0.158146
46 30.656469 53.455109 0.000000 2.390700 1.269155 2.022799 3.525033 6.595045 0.126528
47 30.543264 53.281456 0.000000 2.755408 1.290919 2.083771 3.674021 6.942563 0.142857
48 30.545757 53.195446 0.000000 2.569008 1.325060 2.193084 3.977870 7.756330 0.150855
50 30.586296 53.169006 0.000000 3.417053 1.346190 2.254941 4.136977 8.149725 0.147967
51 30.740623 53.191761 0.000000 2.950891 1.343039 2.256669 4.164029 8.271186 0.166667
52 30.598270 53.262634 0.000000 3.166896 1.323887 2.188782 3.966524 7.730168 0.125000
53 30.570236 53.601852 0.000000 3.154107 1.285393 2.063230 3.615403 6.787219 0.200696
54 30.532400 53.248772 0.000000 3.546116 1.307297 2.135225 3.812286 7.298404 0.166667
55 30.614750 52.984299 0.000000 3.905027 1.383209 2.385561 4.520351 9.211787 0.166692
56 30.630268 53.188087 0.000000 3.332765 1.316738 2.162429 3.888148 7.508852 0.283787
57 30.511669 53.212898 0.000000 4.031579 1.304705 2.128445 3.803384 7.306555 0.166667
58 30.631987 53.076004 0.000000 3.580106 1.319002 2.173842 3.925579 7.615278 0.143808
59 30.492699 53.179790 0.000000 3.871041 1.316865 2.173892 3.937463 7.672929 0.142857
60 30.394239 52.968891 0.000000 3.588959 1.370166 2.351208 4.447236 9.083281 0.166706
61 30.425667 53.118908 0.000000 3.977048 1.324043 2.191282 3.976839 7.761009 0.166881
62 30.612606 53.097221 0.000000 4.140241 1.339654 2.247885 4.157026 8.312996 0.327942
63 30.584101 53.435665 0.000000 4.886172 1.307243 2.127198 3.774701 7.160483 0.166692
65 30.524126 53.279041 0.000000 4.105461 1.294572 2.098763 3.723098 7.093139 0.166667
66 30.588333 53.251472 0.000000 3.953358 1.351437 2.281691 4.233542 8.460073 0.166668
67 30.653404 53.235119 0.000000 4.294991 1.332376 2.221748 4.071487 8.044135 0.166667
68 30.647316 53.308002 0.000000 4.226228 1.338905 2.239712 4.109717 8.107411 0.207702
69 30.791767 53.382381 0.000000 4.731941 1.347365 2.261354 4.159994 8.224274 0.166755
70 30.874407 53.344913 0.000000 4.392415 1.345294 2.258110 4.164430 8.278584 0.166667
71 31.082752 53.186935 0.000000 4.490712 1.392432 2.425570 4.666853 9.708206 0.166667
72 31.081718 53.131302 0.000000 4.069881 1.375410 2.376980 4.541649 9.394650 0.166669
73 31.145727 53.127468 0.000000 4.010830 1.387744 2.411213 4.616037 9.527654 0.166667
74 31.304314 53.267509 0.000000 4.414587 1.343142 2.254666 4.158887 8.262735 0.166667
76 31.369154 53.224583 0.000000 3.747533 1.372099 2.344656 4.399794 8.877560 0.146331
77 31.718168 53.188091 0.000000 3.484170 1.391244 2.408473 4.588363 9.422352 0.180399
78 31.591574 52.947361 0.000000 3.844507 1.398438 2.448947 4.744628 9.957949 0.169577
79 31.798433 52.965897 0.000000 3.789479 1.461306 2.665154 5.378314 11.734228 0.200000
80 31.813335 52.767593 0.000000 3.701448 1.434816 2.552123 5.013766 10.653097 0.205053
81 31.892776 52.757076 0.000000 3.890555 1.452725 2.621153 5.216539 11.202956 0.166699
82 31.733295 52.750763 0.000000 3.885625 1.375728 2.346941 4.390555 8.826267 0.166677
83 32.074581 52.413589 0.000000 3.790107 1.435590 2.564533 5.049396 10.717715 0.222597
84 32.269039 52.467674 0.000000 4.454794 1.400005 2.444957 4.713669 9.830410 0.125190
86 32.344471 53.422447 0.000000 3.083603 1.480500 2.710893 5.465955 11.866894 0.200000
87 32.056595 53.288731 0.000000 3.020831 1.473563 2.694927 5.444689 11.873023 0.142857
88 32.250004 53.463150 0.000000 3.072031 1.535589 2.909124 6.088245 13.742031 0.166667
90 33.088390 53.586891 0.000000 2.084000 1.666485 3.366821 7.466355 17.720520 0.143021
