%% Trajectory 28
%% frame x (pixel)     y (pixel)    z (pixel)      m0         m1           m2           m3           m4           s 
178 34.762581 49.557316 0.000000 1.224909 1.254558 2.005393 3.563325 6.943186 0.200001
180 35.045689 49.643692 0.000000 1.121465 1.278430 2.077311 3.744216 7.367259 0.200017
181 35.225986 49.553864 0.000000 1.378005 1.257098 1.996054 3.494091 6.640258 0.203959
182 35.036858 49.514587 0.000000 1.398272 1.269055 2.054471 3.687609 7.220936 0.224419
184 35.302380 49.723999 0.000000 1.501532 1.290922 2.104982 3.778457 7.333224 0.223315
186 34.856476 49.498024 0.000000 1.703169 1.267826 2.015889 3.502922 6.531971 0.361317
187 35.019032 49.725109 0.000000 1.928805 1.299104 2.139251 3.887281 7.651230 0.255656
188 35.089222 49.602905 0.000000 1.853248 1.260816 2.001639 3.480184 6.510294 0.347486
189 35.057922 49.852943 0.000000 2.349095 1.339093 2.255579 4.190455 8.417784 0.223637
190 34.823601 49.733238 0.000000 2.161909 1.286152 2.077556 3.677184 7.000004 0.250001
191 34.920120 49.803013 0.000000 1.887699 1.300341 2.124952 3.811140 7.358664 0.250000
192 34.927124 49.730690 0.000000 2.406102 1.306063 2.160995 3.953851 7.854171 0.250000
193 35.148872 49.755665 0.000000 2.138344 1.300724 2.142289 3.905314 7.745187 0.233790
194 35.115387 49.615475 0.000000 2.394675 1.270241 2.026077 3.536985 6.637516 0.204815
195 35.094849 49.629681 0.000000 2.209748 1.314341 2.187742 4.039024 8.127840 0.226480
196 35.009830 49.702816 0.000000 2.532804 1.330011 2.241736 4.199942 8.584701 0.217955
197 35.129490 49.806213 0.000000 2.114708 1.319076 2.193729 4.028818 8.021280 0.223799
198 35.085819 49.675735 0.000000 2.592634 1.283796 2.077260 3.698853 7.122807 0.200000
199 35.129318 49.774220 0.000000 2.347095 1.280153 2.072366 3.701863 7.172808 0.290984
200 34.967060 49.657925 0.000000 2.346747 1.305346 2.160496 3.953389 7.852231 0.284515
201 35.151783 49.715851 0.000000 2.457280 1.282159 2.075429 3.694920 7.108139 0.257734
202 35.264198 49.712143 0.000000 2.647189 1.273072 2.036433 3.568952 6.731455 0.218928
203 35.154556 49.700340 0.000000 2.803389 1.263847 2.009729 3.499830 6.557201 0.200001
204 35.094894 49.605743 0.000000 2.824957 1.300674 2.127353 3.828291 7.445284 0.200002
205 35.071106 49.622929 0.000000 2.778107 1.293256 2.103718 3.758972 7.245461 0.217769
206 35.268200 49.693108 0.000000 3.023081 1.260627 1.996958 3.461136 6.449416 0.200006
207 35.098000 49.557484 0.000000 3.015902 1.280615 2.065725 3.661036 7.005586 0.207250
208 35.128517 49.717842 0.000000 3.126205 1.327770 2.222272 4.106955 8.226592 0.209034
209 35.223099 49.611984 0.000000 2.990425 1.262252 2.004932 3.495002 6.576797 0.200044
210 35.079002 49.534378 0.000000 2.766801 1.283427 2.079379 3.720335 7.232488 0.298990
211 35.203117 49.437424 0.000000 2.892423 1.255220 1.992171 3.479325 6.582359 0.228990
212 35.231312 49.642792 0.000000 3.309858 1.297126 2.111282 3.770817 7.257302 0.318244
213 35.165359 49.565372 0.000000 2.898798 1.268508 2.024868 3.544722 6.689205 0.229256
214 35.046345 49.591835 0.000000 3.112709 1.299383 2.132178 3.865561 7.612108 0.279532
215 35.181988 49.543884 0.000000 2.797632 1.314781 2.157349 3.878114 7.495159 0.200003
216 35.059700 49.574585 0.000000 2.658015 1.268815 2.034640 3.588682 6.844685 0.174243
217 35.140816 49.563457 0.000000 3.137628 1.292377 2.103656 3.771081 7.318039 0.366115
218 35.230644 49.543949 0.000000 3.193849 1.256503 1.992770 3.474838 6.557480 0.238453
219 35.180576 49.633148 0.000000 3.009453 1.261893 2.000587 3.467043 6.450825 0.204340
220 35.084492 49.502632 0.000000 3.166626 1.262240 2.002959 3.476800 6.484696 0.167126
221 35.195950 49.678631 0.000000 3.473349 1.274276 2.036409 3.556017 6.658949 0.200914
222 35.094173 49.627598 0.000000 3.298082 1.301732 2.134907 3.857908 7.545680 0.341383
223 35.189659 49.618473 0.000000 3.047992 1.271439 2.027409 3.531878 6.598805 0.212503
224 35.129028 49.576721 0.000000 3.450939 1.287539 2.084338 3.707632 7.121642 0.219155
225 35.104904 49.587746 0.000000 3.250099 1.290452 2.101074 3.768824 7.319685 0.206867
226 35.218369 49.599091 0.000000 3.402587 1.254446 1.978567 3.413140 6.328532 0.219747
227 35.202759 49.527264 0.000000 3.002212 1.252430 1.981581 3.442141 6.458848 0.166668
228 35.180656 49.533405 0.000000 2.807373 1.279964 2.066372 3.672409 7.065027 0.142960
229 35.233273 49.561554 0.000000 3.471130 1.257616 1.988451 3.436325 6.375830 0.169318
230 35.188751 49.626179 0.000000 3.193048 1.243921 1.954245 3.370015 6.279103 0.166667
231 35.286491 49.591461 0.000000 3.522102 1.263349 2.004457 3.475602 6.468184 0.172967
232 35.280949 49.681789 0.000000 3.189854 1.275644 2.039039 3.560599 6.667251 0.170626
233 35.377941 49.805588 0.000000 3.295145 1.287113 2.084440 3.704659 7.097198 0.166675
234 35.408386 49.805271 0.000000 3.595333 1.265398 2.010062 3.489485 6.501136 0.166668
235 35.455509 49.865929 0.000000 3.445619 1.291677 2.087979 3.689826 6.995024 0.166668
236 35.603531 49.842907 0.000000 3.009720 1.266486 2.019142 3.524173 6.613501 0.203515
237 35.648594 49.983414 0.000000 3.198667 1.294477 2.101304 3.736110 7.137064 0.200328
238 35.749378 49.911335 0.000000 3.084087 1.298174 2.117352 3.792404 7.320252 0.202428
239 35.853554 49.943501 0.000000 3.218775 1.341132 2.278169 4.290710 8.781829 0.200322
240 35.813488 49.979656 0.000000 3.017249 1.335955 2.249175 4.176289 8.379743 0.248636
241 35.878086 50.066624 0.000000 2.867700 1.339462 2.265738 4.239389 8.601273 0.200014
242 36.151619 50.022129 0.000000 3.100636 1.344109 2.275808 4.255966 8.614722 0.203483
243 35.958111 50.016464 0.000000 2.856447 1.393029 2.430391 4.680298 9.733488 0.200044
244 36.080696 50.238865 0.000000 2.527878 1.290160 2.097500 3.759959 7.303163 0.200000
245 36.275799 50.055443 0.000000 3.033874 1.318824 2.193317 4.013377 7.919785 0.274459
246 36.154675 50.124222 0.000000 2.983985 1.319547 2.187726 3.994658 7.882660 0.464518
247 36.228878 50.189819 0.000000 2.825652 1.320253 2.185288 3.969245 7.758138 0.266183
248 36.383720 50.406670 0.000000 2.747891 1.287670 2.070293 3.633669 6.830881 0.252203
249 36.317638 50.413052 0.000000 2.595124 1.308555 2.148613 3.881423 7.577801 0.250000
250 36.412563 50.229939 0.000000 2.344639 1.269463 2.018452 3.505824 6.532510 0.250049
251 36.509254 50.323177 0.000000 2.135205 1.282816 2.068111 3.667624 7.036996 0.250000
252 36.263680 50.302696 0.000000 1.947704 1.305282 2.150197 3.911178 7.716959 0.250000
253 36.441841 50.542679 0.000000 2.080141 1.292365 2.122954 3.883730 7.791226 0.258612
254 36.605278 50.434338 0.000000 1.498185 1.294121 2.116606 3.830709 7.546677 0.250000
255 36.497952 50.601105 0.000000 1.617157 1.241549 1.938545 3.319801 6.142121 0.252182
256 36.056435 50.672592 0.000000 1.199274 1.285656 2.083581 3.722946 7.212483 0.200000
