%% Trajectory 3
%% frame x (pixel)     y (pixel)    z (pixel)      m0         m1           m2           m3           m4           s 
0 75.963943 76.570351 0.000000 0.397205 1.291283 2.140745 3.924766 7.786682 0.122736
2 75.510925 77.294899 0.000000 0.726309 1.266103 2.079412 3.845801 7.858386 0.091941
4 75.512650 76.870781 0.000000 0.690439 1.184578 1.797917 3.017072 5.546257 0.090923
5 75.496620 77.109009 0.000000 0.659881 1.251186 2.053095 3.799198 7.771924 0.104786
6 75.628593 76.905983 0.000000 0.746100 1.230603 1.968817 3.533879 7.013242 0.100010
7 75.460030 77.371468 0.000000 0.617069 1.139415 1.667248 2.676252 4.665589 0.090909
8 75.451973 77.052879 0.000000 0.749490 1.204605 1.910641 3.415218 6.771819 0.091043
9 75.100922 76.905151 0.000000 0.822962 1.262585 2.094000 3.904716 8.015189 0.111111
10 75.801704 77.126877 0.000000 0.845213 1.233781 1.958022 3.440414 6.573087 0.111111
11 75.512306 77.064644 0.000000 1.408888 1.296544 2.134225 3.878989 7.631075 0.100000
12 75.681900 77.030258 0.000000 0.832363 1.209929 1.914395 3.418231 6.801288 0.107689
13 75.451767 76.939209 0.000000 0.980778 1.311402 2.234806 4.258577 8.859890 0.100776
14 75.513908 77.277901 0.000000 1.509915 1.168837 1.746434 2.863940 5.091659 0.083333
15 75.265434 77.074554 0.000000 1.872496 1.236892 1.953798 3.411029 6.474787 0.111111
16 75.513268 77.159622 0.000000 1.569103 1.194630 1.825105 3.061859 5.555306 0.100000
17 75.678619 77.241882 0.000000 1.250447 1.162862 1.744139 2.877105 5.150000 0.111111
18 75.559067 77.084579 0.000000 1.586206 1.223513 1.906651 3.264275 6.035669 0.125000
19 75.430542 77.246460 0.000000 1.934837 1.196319 1.825062 3.054579 5.525829 0.100000
20 75.368538 77.247925 0.000000 1.708570 1.150210 1.682992 2.697905 4.694006 0.111111
21 75.621941 77.217087 0.000000 1.714280 1.195162 1.821999 3.051046 5.529868 0.090909
22 75.252441 77.142578 0.000000 1.612925 1.187430 1.809319 3.048250 5.606668 0.083333
23 75.550224 77.224312 0.000000 1.916497 1.192079 1.819448 3.051009 5.536833 0.111111
24 75.846077 77.331779 0.000000 1.433444 1.153870 1.717636 2.807612 4.978008 0.100000
26 75.280075 77.314789 0.000000 2.114818 1.162714 1.726357 2.810498 4.960190 0.090909
27 75.426430 77.033607 0.000000 1.594369 1.154426 1.715610 2.805346 4.989959 0.090909
28 75.431938 77.274384 0.000000 2.275985 1.226206 1.907523 3.261848 6.035457 0.100000
29 75.497383 77.368484 0.000000 2.421519 1.260970 1.990256 3.434721 6.369673 0.083333
30 75.679619 77.364845 0.000000 2.215029 1.207259 1.850859 3.111316 5.650470 0.083333
31 75.611763 77.177032 0.000000 2.205887 1.263783 2.006073 3.489176 6.534052 0.083333
32 75.503647 77.627655 0.000000 2.550877 1.249462 1.972909 3.433733 6.492479 0.125000
33 75.470795 77.307320 0.000000 2.832354 1.248889 1.954958 3.346824 6.163287 0.100037
34 75.536011 77.257195 0.000000 2.733725 1.249011 1.962406 3.378407 6.270462 0.111111
35 75.604553 77.250580 0.000000 2.511637 1.274966 2.040067 3.581244 6.773194 0.100000
36 75.487686 77.366776 0.000000 3.203179 1.262277 2.000438 3.469446 6.472582 0.100000
37 75.365967 77.037018 0.000000 2.774833 1.297302 2.122756 3.836941 7.529564 0.076923
38 75.267990 77.219383 0.000000 3.214052 1.304707 2.139026 3.844453 7.432188 0.090909
39 75.295624 77.313263 0.000000 2.640100 1.281339 2.067353 3.664788 7.013624 0.083333
40 75.191002 77.041840 0.000000 3.203791 1.357885 2.307846 4.314706 8.689499 0.111179
41 75.013962 77.383377 0.000000 3.434265 1.346109 2.269626 4.207499 8.404007 0.091218
42 75.150642 76.851685 0.000000 3.142576 1.358658 2.305507 4.315090 8.735452 0.076923
43 75.173988 76.812958 0.000000 3.624548 1.322264 2.195753 4.014627 7.933267 0.090909
44 74.966728 76.800240 0.000000 3.215882 1.352575 2.299905 4.324584 8.813028 0.100000
45 74.978081 76.517654 0.000000 3.339044 1.321500 2.208284 4.090347 8.247627 0.083333
46 74.760429 76.611465 0.000000 2.759120 1.285449 2.080489 3.695199 7.074469 0.111112
47 74.824654 76.720238 0.000000 3.086647 1.328166 2.219984 4.086840 8.128925 0.103024
48 74.576553 76.494667 0.000000 3.094360 1.252040 1.977371 3.428401 6.422041 0.100000
49 74.402733 76.717140 0.000000 3.160659 1.381713 2.376015 4.489898 9.137030 0.125003
50 74.580086 76.343414 0.000000 3.507378 1.309024 2.146934 3.860668 7.469834 0.166757
51 74.439735 76.072838 0.000000 3.330760 1.321695 2.198624 4.034399 8.012947 0.273355
52 74.162827 75.803398 0.000000 3.041505 1.396443 2.438368 4.714320 9.885181 0.155504
53 73.685699 76.045036 0.000000 3.003680 1.389641 2.408596 4.593904 9.438843 0.125000
54 73.585739 76.319969 0.000000 3.387503 1.415874 2.511654 4.938614 10.536926 0.100020
55 73.192116 76.259880 0.000000 3.008285 1.354146 2.308736 4.361012 8.945775 0.125000
56 73.162865 76.631531 0.000000 2.987288 1.298082 2.115036 3.776814 7.253785 0.100000
57 73.258606 76.748329 0.000000 3.151979 1.333773 2.241908 4.166994 8.407510 0.142857
58 73.481789 76.636414 0.000000 2.864799 1.378729 2.388508 4.580182 9.525664 0.142857
59 73.973289 76.304443 0.000000 2.749054 1.367065 2.337502 4.400208 8.929127 0.125000
60 73.874130 76.134827 0.000000 2.999663 1.391795 2.414485 4.608922 9.481790 0.111111
62 74.174278 76.005257 0.000000 2.494601 1.394760 2.450765 4.786902 10.166230 0.111111
64 74.344872 76.249039 0.000000 1.712952 1.421098 2.540210 5.068970 11.045933 0.111139
66 74.643005 75.209274 0.000000 1.509334 1.300991 2.177325 4.074768 8.377940 0.142905
68 74.656975 75.683952 0.000000 1.239396 1.237801 1.991287 3.605397 7.249395 0.100000
70 74.860504 76.435211 0.000000 0.799434 1.258429 2.045211 3.709993 7.381621 0.100499
71 75.248825 76.388077 0.000000 0.748530 1.499612 2.812671 5.867812 13.271764 0.180041
