%% Trajectory 85
%% frame x (pixel)     y (pixel)    z (pixel)      m0         m1           m2           m3           m4           s 
207 51.695320 26.214487 0.000000 1.474884 1.424451 2.553362 5.115227 11.203354 0.166667
208 51.640377 26.532646 0.000000 1.511416 1.383478 2.379841 4.508543 9.226460 0.166667
210 51.575016 25.777960 0.000000 1.793535 1.334809 2.255095 4.231203 8.653476 0.213872
211 51.426285 25.896206 0.000000 1.536316 1.414593 2.517599 4.960181 10.566647 0.166669
212 51.276085 26.276361 0.000000 2.252696 1.469719 2.723197 5.638146 12.725783 0.166668
214 52.064342 26.062422 0.000000 2.259196 1.430866 2.580432 5.175953 11.274794 0.200186
215 51.661446 25.702904 0.000000 2.387154 1.425848 2.540091 5.026028 10.815062 0.166667
216 51.843494 25.597994 0.000000 1.919955 1.374462 2.362117 4.466773 9.106266 0.229215
217 51.593460 25.648066 0.000000 2.554378 1.366857 2.326354 4.358999 8.816552 0.166731
218 51.747677 25.851126 0.000000 2.023162 1.374669 2.402855 4.703139 10.092979 0.200046
219 51.590942 25.574282 0.000000 2.530778 1.326883 2.252383 4.280725 8.943083 0.200000
220 51.664906 25.542253 0.000000 2.609838 1.428531 2.550947 5.043554 10.805326 0.200032
221 51.761063 25.761875 0.000000 2.585166 1.402188 2.479126 4.883457 10.487826 0.146273
222 51.842857 26.137314 0.000000 2.517102 1.407303 2.501079 4.954816 10.703497 0.200793
223 51.957714 26.245226 0.000000 3.247319 1.443478 2.614710 5.249632 11.411294 0.201076
224 51.790405 25.626980 0.000000 3.400389 1.371883 2.368217 4.535586 9.446972 0.318015
225 51.917965 25.762033 0.000000 3.530556 1.500957 2.815647 5.872591 13.284467 0.166667
226 51.687717 25.754425 0.000000 3.876785 1.433992 2.560673 5.067404 10.878692 0.200254
227 51.654354 25.520809 0.000000 3.809323 1.401033 2.461955 4.799605 10.167185 0.171055
228 51.683266 25.585415 0.000000 3.614493 1.417764 2.527386 5.019151 10.867544 0.173670
229 51.777294 25.685505 0.000000 3.521947 1.461865 2.640338 5.256018 11.283661 0.200472
230 51.525822 26.087046 0.000000 3.710224 1.388909 2.435639 4.760251 10.155212 0.279020
231 51.754459 26.041824 0.000000 3.492558 1.399788 2.461676 4.809533 10.223381 0.200011
232 51.659336 25.903646 0.000000 3.988893 1.381967 2.388700 4.561760 9.434676 0.166826
233 51.627445 25.914925 0.000000 4.396256 1.375444 2.367978 4.503891 9.272882 0.195706
234 51.681099 25.844103 0.000000 3.993468 1.368241 2.367580 4.556630 9.559355 0.200003
235 51.521629 25.661638 0.000000 3.949297 1.409157 2.478735 4.827374 10.195585 0.250003
236 51.849129 25.823719 0.000000 4.039838 1.378685 2.387566 4.571802 9.481648 0.200002
237 51.688629 25.963835 0.000000 3.446490 1.438211 2.602600 5.252797 11.553500 0.167727
238 51.488358 25.796461 0.000000 4.085345 1.398888 2.467372 4.847381 10.384065 0.250034
239 51.507622 25.953892 0.000000 3.699501 1.353945 2.326531 4.454615 9.322749 0.200000
241 51.462807 26.272621 0.000000 4.096601 1.323792 2.202988 4.057060 8.126280 0.200261
242 51.713707 26.405607 0.000000 3.944266 1.389963 2.413788 4.630594 9.619949 0.211275
243 51.455265 26.645132 0.000000 4.573398 1.302705 2.127578 3.815366 7.378778 0.206792
244 51.425858 26.965189 0.000000 4.240728 1.373557 2.394204 4.664338 9.951643 0.202907
245 51.451694 26.514160 0.000000 3.761900 1.286713 2.074481 3.663381 6.958364 0.166899
247 51.478577 26.806358 0.000000 4.395044 1.356215 2.299286 4.287642 8.623229 0.171162
248 51.527615 26.839447 0.000000 4.454422 1.397128 2.435028 4.674056 9.677099 0.321526
249 51.343029 26.914139 0.000000 4.807570 1.338834 2.245413 4.141059 8.236633 0.200000
250 51.096600 26.970264 0.000000 4.564396 1.409541 2.481490 4.824026 10.130383 0.295220
251 51.268250 27.110394 0.000000 4.146914 1.392594 2.421952 4.641576 9.602431 0.200059
252 51.135239 27.077114 0.000000 3.320014 1.363080 2.328493 4.395986 8.995631 0.200000
253 50.894463 27.534462 0.000000 3.767783 1.341354 2.248155 4.143080 8.235588 0.143575
254 50.595600 27.674526 0.000000 3.011969 1.381854 2.377061 4.505990 9.232003 0.166667
256 49.666008 27.445673 0.000000 2.729563 1.420735 2.497091 4.826970 10.053289 0.200087
258 50.399261 26.774666 0.000000 1.712660 1.506868 2.841066 5.965648 13.603336 0.166667
259 50.110928 26.587896 0.000000 1.958002 1.397411 2.465184 4.851869 10.422902 0.170728
261 49.545170 27.821001 0.000000 1.442826 1.402710 2.523336 5.111030 11.369672 0.193123
