%% Trajectory 10
%% frame x (pixel)     y (pixel)    z (pixel)      m0         m1           m2           m3           m4           s 
44 53.586769 47.159447 0.000000 1.171135 1.230815 1.950998 3.459945 6.779590 0.176899
46 53.481342 46.945992 0.000000 1.334241 1.310517 2.222476 4.248351 8.983831 0.200000
47 53.346474 47.047005 0.000000 1.422436 1.304253 2.170172 4.008995 8.058270 0.200351
48 53.387211 47.322887 0.000000 1.336789 1.335613 2.272796 4.322217 9.007388 0.200000
49 53.602112 47.262085 0.000000 1.729222 1.321116 2.219583 4.159216 8.536510 0.218291
50 53.522686 47.112053 0.000000 1.660693 1.259878 2.013012 3.530272 6.671914 0.203239
51 53.406914 46.944038 0.000000 1.548252 1.263013 2.009826 3.516759 6.656480 0.142891
52 53.841705 47.064144 0.000000 1.853364 1.328474 2.212876 4.043832 7.945498 0.148422
53 53.536354 46.948681 0.000000 2.064571 1.346445 2.312538 4.441518 9.351590 0.351321
54 53.895969 47.109234 0.000000 2.183069 1.318647 2.192447 4.017897 7.956933 0.172235
55 53.737984 47.037182 0.000000 2.583997 1.358088 2.312996 4.335510 8.761065 0.166749
56 53.484859 47.206085 0.000000 2.432624 1.273448 2.037906 3.590688 6.857213 0.200002
57 53.638863 46.982891 0.000000 2.649406 1.378762 2.385086 4.557151 9.417658 0.166667
58 53.595486 47.118637 0.000000 2.299675 1.290499 2.101275 3.776923 7.369982 0.321078
59 53.696922 47.003643 0.000000 2.110743 1.332591 2.235037 4.142168 8.320888 0.243656
60 53.792278 47.006035 0.000000 2.433509 1.336735 2.261552 4.244124 8.660947 0.237640
61 53.841419 47.091198 0.000000 3.044637 1.357933 2.317948 4.364309 8.880036 0.166667
62 53.693829 47.086784 0.000000 3.002533 1.335742 2.253199 4.202199 8.499229 0.166667
63 53.752483 47.095623 0.000000 3.091950 1.336858 2.236277 4.105937 8.107939 0.200000
64 53.874737 47.236515 0.000000 3.701410 1.316352 2.182712 3.988526 7.879882 0.200000
65 53.823498 47.010281 0.000000 3.182886 1.384634 2.413498 4.663197 9.774907 0.200000
66 53.802994 47.043640 0.000000 3.754209 1.375194 2.380747 4.573587 9.552833 0.167175
67 53.856838 47.211899 0.000000 3.802335 1.368438 2.348586 4.463763 9.210432 0.259465
68 53.747524 47.424038 0.000000 3.938115 1.380673 2.384567 4.544123 9.366314 0.243423
69 53.839157 47.308952 0.000000 3.794571 1.382433 2.389177 4.554965 9.388550 0.250000
70 53.986103 47.004841 0.000000 3.749713 1.415831 2.525189 5.009411 10.806339 0.200000
71 53.838329 47.104610 0.000000 4.408549 1.373577 2.352506 4.426760 8.961530 0.200000
72 53.870842 47.392281 0.000000 4.705829 1.366527 2.328073 4.356109 8.774465 0.166668
73 53.755978 47.321922 0.000000 4.154841 1.314750 2.149197 3.836219 7.330598 0.167352
74 53.723816 47.131687 0.000000 4.492263 1.342012 2.252725 4.152854 8.241555 0.167116
75 53.904278 47.150314 0.000000 4.276339 1.400609 2.451207 4.739069 9.910662 0.169741
76 53.802368 47.109104 0.000000 4.216890 1.368641 2.342821 4.417187 8.986945 0.166667
77 53.812504 47.090832 0.000000 4.350110 1.336859 2.250319 4.183865 8.426894 0.166667
78 53.789715 47.080021 0.000000 4.719017 1.356846 2.312207 4.350184 8.858401 0.196486
79 53.921001 47.114273 0.000000 4.342214 1.384825 2.403574 4.607536 9.551616 0.166667
80 53.817963 46.926426 0.000000 4.549929 1.379227 2.376143 4.510886 9.241760 0.167088
81 53.736393 46.894577 0.000000 4.261133 1.347106 2.264729 4.179930 8.302985 0.166667
82 53.929367 47.042919 0.000000 4.748697 1.398269 2.455167 4.773015 10.050649 0.166669
83 53.788311 47.109127 0.000000 4.758398 1.409487 2.482017 4.830566 10.172004 0.166673
84 53.854187 47.088272 0.000000 5.155466 1.372434 2.357875 4.461843 9.107342 0.166672
85 53.900913 46.978947 0.000000 4.329545 1.416293 2.520685 4.976145 10.653015 0.166667
86 54.018124 47.123844 0.000000 4.962690 1.410572 2.484391 4.824130 10.100922 0.166667
87 53.870106 46.914089 0.000000 4.444242 1.402780 2.478672 4.868252 10.400365 0.166715
88 53.834999 47.120342 0.000000 5.190836 1.383730 2.397470 4.592996 9.530079 0.200284
89 53.746323 47.118385 0.000000 4.872970 1.377109 2.363753 4.458514 9.049682 0.144748
90 53.854687 46.868484 0.000000 4.336126 1.370702 2.364818 4.518432 9.366775 0.177729
91 53.843800 47.195995 0.000000 5.018403 1.360940 2.308634 4.296832 8.592662 0.167892
92 53.854897 47.162594 0.000000 5.165282 1.387865 2.413954 4.644199 9.679571 0.171916
93 53.738388 47.097534 0.000000 5.304556 1.378456 2.380716 4.536160 9.339503 0.209014
94 53.796127 47.091850 0.000000 5.080966 1.403454 2.457439 4.749395 9.919392 0.211535
95 53.891861 47.156403 0.000000 5.729106 1.405496 2.455394 4.716817 9.754536 0.200000
96 53.955063 47.064053 0.000000 5.194299 1.419723 2.527479 4.987628 10.668503 0.193910
97 53.924522 47.094353 0.000000 6.103720 1.382650 2.403563 4.623347 9.633684 0.166886
98 53.898022 47.080345 0.000000 5.937757 1.415029 2.507691 4.921810 10.468096 0.177835
99 54.055820 47.084164 0.000000 5.649800 1.417263 2.504794 4.887893 10.299157 0.195245
100 53.892021 47.111614 0.000000 5.223010 1.369644 2.350548 4.452879 9.120248 0.166667
101 53.934223 47.172409 0.000000 5.552796 1.376391 2.377265 4.538114 9.380133 0.167023
102 53.929016 47.067875 0.000000 5.092360 1.416409 2.521227 4.973998 10.636182 0.176681
103 53.829613 46.976040 0.000000 5.303175 1.409885 2.494725 4.891785 10.398289 0.195417
104 53.869896 47.141582 0.000000 6.237501 1.385346 2.407829 4.632059 9.661366 0.166667
105 53.915844 47.102242 0.000000 5.987186 1.403053 2.469303 4.809249 10.143092 0.166667
106 53.967384 47.144062 0.000000 5.282950 1.427149 2.545418 5.020488 10.709269 0.166667
107 53.864460 47.075508 0.000000 5.425332 1.373480 2.372725 4.537506 9.409516 0.142857
108 53.816643 47.197609 0.000000 5.723799 1.349866 2.286101 4.272057 8.639823 0.166667
109 53.858379 47.164974 0.000000 5.762318 1.375887 2.368167 4.499150 9.244967 0.142857
110 53.859985 47.087673 0.000000 6.060645 1.362454 2.337015 4.435281 9.124457 0.142857
111 53.852962 47.131920 0.000000 6.818527 1.365158 2.330930 4.381834 8.885435 0.166667
112 53.861366 46.991512 0.000000 6.173154 1.390364 2.433813 4.721550 9.935590 0.142857
113 53.770222 46.908745 0.000000 5.518665 1.397608 2.438046 4.695632 9.778825 0.166667
114 54.123135 47.020889 0.000000 6.180919 1.383225 2.398597 4.594241 9.514435 0.166667
115 53.939377 46.897614 0.000000 6.023962 1.366557 2.352231 4.490966 9.316044 0.166667
116 53.889835 46.963341 0.000000 6.116514 1.398565 2.449148 4.741661 9.933033 0.142857
117 53.876339 47.158417 0.000000 6.593498 1.362068 2.328440 4.399952 9.010153 0.166667
118 53.842468 47.071247 0.000000 5.964602 1.389202 2.413118 4.620263 9.547900 0.142857
119 53.903786 47.050999 0.000000 6.482258 1.404056 2.466507 4.786536 10.043540 0.166667
120 53.969597 47.179951 0.000000 6.018826 1.395660 2.439597 4.718316 9.887028 0.142857
121 53.840530 47.013039 0.000000 6.483183 1.384015 2.409775 4.645829 9.707227 0.142857
122 53.857864 47.130836 0.000000 6.659726 1.352094 2.288264 4.266572 8.591836 0.142857
123 53.883888 47.095299 0.000000 6.356597 1.372046 2.358212 4.470228 9.156219 0.166667
124 53.930546 47.118832 0.000000 6.155163 1.384898 2.401163 4.598284 9.526362 0.166667
125 53.953144 47.026745 0.000000 6.099043 1.388400 2.427530 4.705937 9.901004 0.142857
126 53.925175 47.175396 0.000000 5.969151 1.357698 2.309942 4.331883 8.776134 0.166667
127 54.011326 47.160122 0.000000 6.013986 1.359844 2.327966 4.413185 9.075014 0.166667
128 53.871170 46.982979 0.000000 6.793510 1.365800 2.347033 4.461755 9.188423 0.166667
129 53.928074 47.113422 0.000000 6.765388 1.392403 2.422812 4.647490 9.622004 0.142857
130 53.935406 47.164471 0.000000 6.716981 1.395496 2.432917 4.679357 9.723096 0.166667
131 53.867523 47.074196 0.000000 6.073624 1.374531 2.364837 4.484406 9.177824 0.166667
132 54.083092 47.162506 0.000000 6.759716 1.364379 2.337066 4.422626 9.056506 0.166667
133 53.958344 47.322174 0.000000 7.098084 1.363572 2.325471 4.367308 8.851309 0.142857
134 54.172192 47.300129 0.000000 6.360818 1.334089 2.223740 4.067511 8.003615 0.166667
136 54.131424 47.275444 0.000000 6.042295 1.338061 2.247419 4.161493 8.330679 0.166667
137 54.184475 47.432148 0.000000 6.905935 1.361056 2.313317 4.324858 8.717453 0.166667
138 54.047386 47.308079 0.000000 6.568227 1.352427 2.304325 4.344472 8.885127 0.166667
139 54.223713 47.526714 0.000000 6.891132 1.342804 2.250592 4.144251 8.223620 0.142857
140 54.253422 47.393318 0.000000 6.515401 1.333187 2.230876 4.108996 8.170887 0.142857
141 54.265808 47.489567 0.000000 7.131917 1.363142 2.324155 4.363967 8.845137 0.166667
142 54.207138 47.517845 0.000000 7.131423 1.341584 2.246035 4.119135 8.111653 0.166667
144 54.251003 47.435211 0.000000 6.206113 1.336843 2.239302 4.131673 8.238690 0.166667
145 54.124100 47.454174 0.000000 5.998776 1.378325 2.377560 4.528505 9.331298 0.166667
146 54.432716 47.701668 0.000000 5.759628 1.398754 2.434729 4.658499 9.588065 0.142857
147 54.481625 47.662270 0.000000 6.167174 1.323076 2.180131 3.925580 7.571541 0.166667
148 54.040947 47.768063 0.000000 6.577280 1.385155 2.410521 4.642181 9.682675 0.200000
149 54.274216 47.701630 0.000000 6.427265 1.358419 2.302021 4.279482 8.549978 0.166667
150 54.202354 47.694828 0.000000 6.039751 1.371322 2.346380 4.419453 8.982074 0.200000
151 54.288723 48.022751 0.000000 6.172971 1.396854 2.453205 4.782732 10.131101 0.200000
152 54.119789 47.810696 0.000000 5.727952 1.425775 2.533551 4.965885 10.505714 0.200000
153 54.049683 47.746918 0.000000 6.397223 1.382316 2.391381 4.557219 9.362583 0.200000
154 54.203575 47.793682 0.000000 5.875583 1.434223 2.579369 5.152393 11.178878 0.166667
156 54.047878 47.863274 0.000000 5.086047 1.477577 2.716917 5.526294 12.145983 0.200000
157 54.014187 47.804749 0.000000 4.914274 1.408076 2.483274 4.838953 10.191562 0.166667
158 54.259197 48.069000 0.000000 4.537131 1.369798 2.370461 4.564093 9.581511 0.166667
159 54.407940 47.779556 0.000000 4.346033 1.330603 2.225072 4.111090 8.242782 0.172781
160 54.538788 47.945995 0.000000 4.162419 1.346699 2.294276 4.340051 8.942163 0.166667
161 54.762936 47.754269 0.000000 3.790595 1.324288 2.208334 4.069474 8.134449 0.222381
162 54.662724 48.046562 0.000000 3.573357 1.342217 2.278016 4.296732 8.836344 0.166986
163 54.958923 47.703094 0.000000 3.616222 1.339139 2.246560 4.146606 8.251738 0.166667
164 54.969494 47.794796 0.000000 3.591753 1.326915 2.210891 4.054266 8.022697 0.166667
165 55.021740 47.661728 0.000000 3.990397 1.311454 2.167114 3.936884 7.707171 0.166667
167 55.172436 48.163216 0.000000 2.608644 1.393500 2.431836 4.687803 9.773863 0.168300
169 55.074261 47.434399 0.000000 2.072656 1.283326 2.101657 3.801345 7.454601 0.166667
170 55.228966 47.950188 0.000000 2.534113 1.261084 2.022959 3.577763 6.852696 0.279970
171 55.376068 47.940910 0.000000 1.804254 1.303089 2.147856 3.916154 7.762321 0.200000
173 55.275566 48.390289 0.000000 1.998814 1.223257 1.876965 3.148979 5.693965 0.200000
174 54.837559 48.921680 0.000000 1.885242 1.282462 2.078005 3.705171 7.137978 0.166667
176 54.341679 49.362427 0.000000 1.675288 1.163845 1.738781 2.853039 5.089788 0.200000
177 54.314743 49.472507 0.000000 1.653349 1.172485 1.740399 2.822286 4.945263 0.166667
179 53.892876 49.508442 0.000000 1.415933 1.320270 2.302626 4.576643 10.117696 0.166667
180 53.512844 49.414154 0.000000 1.533012 1.264856 2.141300 4.194649 9.308682 0.166667
181 53.974834 49.261497 0.000000 1.442109 1.246336 2.034625 3.762476 7.764296 0.166667
182 53.633644 49.447639 0.000000 1.117465 1.203565 1.991904 3.882428 8.716562 0.166667
