%% Trajectory 213
%% frame x (pixel)     y (pixel)    z (pixel)      m0         m1           m2           m3           m4           s 
142 82.724350 60.303642 0.000000 0.711851 1.376518 2.351759 4.407335 8.872577 0.165785
143 82.906891 60.056103 0.000000 0.842750 1.347734 2.321666 4.450999 9.302462 0.100001
144 82.768082 60.158955 0.000000 1.223519 1.336724 2.305303 4.447083 9.389455 0.111121
145 82.834351 60.235321 0.000000 0.983416 1.268762 2.052377 3.686212 7.240010 0.100053
146 82.964134 60.326057 0.000000 1.217952 1.521290 2.887089 6.081223 13.879284 0.125592
147 83.173332 60.381519 0.000000 1.181599 1.309856 2.165826 3.948220 7.783097 0.100001
148 83.083862 60.510414 0.000000 1.021478 1.366760 2.384506 4.652182 9.928819 0.125316
149 83.297516 60.212025 0.000000 1.013007 1.315449 2.206316 4.134240 8.496508 0.210480
150 82.914215 60.214081 0.000000 1.543712 1.381696 2.411427 4.661873 9.764494 0.125506
151 83.012993 60.321644 0.000000 1.463631 1.317590 2.211473 4.135626 8.459272 0.125052
152 83.184975 60.380764 0.000000 1.846936 1.248791 1.974517 3.436261 6.474793 0.131515
153 82.991310 60.306458 0.000000 2.204178 1.337530 2.254181 4.193352 8.442657 0.210310
154 83.161072 60.422066 0.000000 1.876463 1.328473 2.224623 4.127365 8.330288 0.222430
155 83.166000 60.366108 0.000000 1.895387 1.335606 2.259221 4.241472 8.675220 0.225541
156 82.951118 60.327469 0.000000 2.135497 1.387969 2.460045 4.884343 10.617219 0.177367
157 82.829338 59.859615 0.000000 1.682095 1.312901 2.174582 3.999557 8.022207 0.125000
158 82.874763 60.446655 0.000000 2.106557 1.360121 2.327543 4.407420 9.056980 0.170211
159 82.805603 60.314728 0.000000 2.278077 1.315215 2.154753 3.866553 7.454843 0.149801
160 83.107803 60.451797 0.000000 1.828028 1.350089 2.276084 4.211134 8.377251 0.159299
161 82.982628 60.326000 0.000000 2.186002 1.341418 2.261302 4.197176 8.402694 0.148507
162 82.996666 60.391109 0.000000 2.284233 1.335793 2.253270 4.207946 8.530675 0.109888
163 82.803551 60.084343 0.000000 2.756276 1.372188 2.376260 4.562343 9.512626 0.130051
164 83.048569 60.240379 0.000000 2.195293 1.330037 2.243182 4.177989 8.417146 0.141897
165 83.027328 60.401215 0.000000 1.855674 1.306722 2.154735 3.926630 7.765629 0.119111
166 82.952873 60.455044 0.000000 2.328680 1.303319 2.134030 3.841991 7.463355 0.111122
167 82.952545 60.182251 0.000000 2.283622 1.393423 2.440544 4.731861 9.937712 0.111164
168 82.918556 60.391205 0.000000 2.581569 1.338793 2.273761 4.284853 8.785834 0.100000
169 82.936310 60.471203 0.000000 2.020144 1.329705 2.234790 4.157999 8.405966 0.111738
170 82.863144 60.712929 0.000000 2.081666 1.289285 2.106867 3.815654 7.531750 0.100202
171 82.958557 60.502796 0.000000 2.540228 1.310330 2.172534 3.984404 7.938825 0.100000
172 82.870224 60.429932 0.000000 2.232318 1.375744 2.388335 4.608132 9.672695 0.111117
173 82.840683 60.328827 0.000000 2.307403 1.352530 2.301469 4.322948 8.783844 0.101606
174 82.544563 60.812519 0.000000 2.294923 1.341885 2.245407 4.118644 8.118199 0.111187
175 82.581261 60.656067 0.000000 2.225099 1.320555 2.200408 4.044402 8.047922 0.111133
176 82.436745 60.550209 0.000000 2.547678 1.318956 2.165474 3.887864 7.485827 0.111451
177 82.279083 60.424610 0.000000 2.501909 1.262343 2.009538 3.510103 6.615929 0.100000
178 82.150230 60.793392 0.000000 2.094487 1.385316 2.413061 4.657077 9.757005 0.107603
179 82.293732 61.025375 0.000000 2.266341 1.392983 2.431269 4.680063 9.716916 0.120840
180 81.926270 60.716251 0.000000 2.413749 1.359918 2.335531 4.460979 9.285824 0.111111
181 82.235123 60.942154 0.000000 2.030304 1.355354 2.342519 4.511447 9.478587 0.111195
182 81.758934 60.584053 0.000000 2.333477 1.379470 2.394213 4.609766 9.647282 0.120753
183 82.030136 60.567928 0.000000 1.966770 1.345968 2.284744 4.299836 8.796247 0.111774
184 81.730835 60.535137 0.000000 2.319000 1.356660 2.285560 4.216480 8.347006 0.111117
185 82.042969 60.623619 0.000000 2.043547 1.317600 2.203060 4.092095 8.295453 0.344611
186 81.868744 60.678482 0.000000 2.526688 1.329032 2.239600 4.191453 8.552057 0.115530
187 81.538582 60.671734 0.000000 2.418921 1.297656 2.102328 3.717273 7.033872 0.111121
188 81.664116 60.599220 0.000000 2.419281 1.393710 2.430995 4.702454 9.881488 0.108278
189 82.010208 60.737350 0.000000 1.970222 1.347686 2.292607 4.317485 8.827129 0.111324
190 81.970924 60.322163 0.000000 1.792787 1.380435 2.424476 4.761995 10.239125 0.137076
191 81.606979 60.092274 0.000000 1.797349 1.302473 2.144586 3.887906 7.611490 0.112404
192 81.848869 60.546349 0.000000 1.693609 1.278789 2.094965 3.836675 7.734799 0.111399
193 81.831055 60.322891 0.000000 1.284250 1.286456 2.078638 3.705571 7.169702 0.194062
194 81.650154 60.162281 0.000000 1.406953 1.306911 2.165504 3.994982 8.059779 0.111114
195 81.664581 60.169243 0.000000 1.207773 1.216410 1.890488 3.228187 5.960180 0.111111
196 81.317085 60.214973 0.000000 1.019373 1.390707 2.422730 4.684307 9.857899 0.140883
197 81.381065 60.367714 0.000000 1.020196 1.381845 2.374681 4.502049 9.225916 0.183727
198 81.172203 60.597103 0.000000 0.776726 1.431951 2.617845 5.350182 11.898972 0.111113
199 81.488792 60.419647 0.000000 0.875788 1.435369 2.566890 5.084938 10.907565 0.177466
