%% Trajectory 17
%% frame x (pixel)     y (pixel)    z (pixel)      m0         m1           m2           m3           m4           s 
69 77.662491 61.789875 0.000000 0.605569 1.110561 1.588149 2.489939 4.254754 0.200000
70 77.762131 62.086025 0.000000 0.657063 1.184689 1.856389 3.274662 6.420673 0.200000
72 77.368744 61.602623 0.000000 1.188256 1.109285 1.579747 2.451226 4.117926 0.166667
73 77.208656 61.757591 0.000000 1.555833 1.287811 2.131063 3.947592 8.050660 0.218555
74 77.402679 61.858734 0.000000 1.319118 1.222058 1.893815 3.228869 5.968492 0.222205
75 77.237968 61.681969 0.000000 1.887126 1.252525 1.974878 3.407342 6.320208 0.166729
76 77.485199 61.543148 0.000000 1.521060 1.186008 1.779344 2.922251 5.191556 0.143110
77 77.307915 61.598049 0.000000 1.689348 1.302037 2.154939 3.964015 7.968704 0.138335
78 77.410492 61.778759 0.000000 1.888204 1.269699 2.049391 3.658366 7.107264 0.142857
79 77.226646 61.613262 0.000000 1.837000 1.220720 1.899498 3.259134 6.082167 0.111147
80 77.005707 61.876717 0.000000 2.064112 1.330153 2.258378 4.282661 8.891542 0.142857
81 76.988953 61.803539 0.000000 2.101237 1.308111 2.188753 4.087694 8.365887 0.143337
82 76.944817 61.909306 0.000000 2.385817 1.307851 2.185764 4.071383 8.294449 0.166911
83 77.187088 61.733757 0.000000 2.574648 1.328093 2.206078 4.029954 7.945530 0.248168
84 77.219528 61.833687 0.000000 2.275084 1.226279 1.904384 3.240798 5.945842 0.166667
85 77.356110 61.830360 0.000000 2.398525 1.286538 2.081783 3.698922 7.088097 0.143743
86 77.232933 61.916977 0.000000 2.181573 1.311958 2.149893 3.858419 7.436008 0.142857
87 76.972282 61.911350 0.000000 2.330988 1.328627 2.252217 4.261594 8.828696 0.150282
88 77.244659 61.895588 0.000000 2.621328 1.272444 2.036558 3.578086 6.777690 0.142857
89 77.280281 61.928696 0.000000 2.964764 1.293717 2.098294 3.719715 7.065632 0.142912
90 77.271416 61.928009 0.000000 2.882387 1.272894 2.042091 3.587541 6.772688 0.143141
91 77.220924 61.897655 0.000000 2.804152 1.293327 2.125455 3.865121 7.632812 0.167067
92 77.092400 61.957962 0.000000 3.070229 1.361621 2.339046 4.453498 9.206340 0.262720
93 77.135223 61.797150 0.000000 2.692659 1.326197 2.213515 4.067070 8.067705 0.126151
94 77.201118 62.082623 0.000000 2.807391 1.337578 2.241566 4.133739 8.231398 0.166695
95 77.094322 61.980896 0.000000 2.523547 1.356231 2.321492 4.389919 8.980630 0.166701
96 77.188416 62.057720 0.000000 2.819751 1.317754 2.176260 3.942938 7.687325 0.166668
97 77.302872 61.965382 0.000000 2.932205 1.299825 2.125481 3.818922 7.396681 0.166667
98 77.311584 62.160336 0.000000 2.985200 1.376560 2.386552 4.596350 9.641081 0.275656
99 77.118317 62.063663 0.000000 3.341761 1.342336 2.263399 4.199003 8.396910 0.289203
100 76.950539 62.051666 0.000000 3.221681 1.346992 2.290348 4.309274 8.786066 0.197297
101 77.299644 62.092846 0.000000 3.353343 1.284713 2.070507 3.645926 6.878657 0.232289
102 76.912033 62.117447 0.000000 3.683446 1.341845 2.281031 4.312032 8.889377 0.166667
103 76.979851 62.058704 0.000000 3.914088 1.397992 2.461106 4.809061 10.203561 0.166667
104 77.147392 62.168602 0.000000 4.273226 1.343981 2.257879 4.175372 8.339504 0.166667
105 76.956039 62.267826 0.000000 4.130584 1.326916 2.224830 4.126971 8.310575 0.166667
106 76.905525 62.206001 0.000000 4.654179 1.359920 2.316998 4.353507 8.839200 0.166667
107 76.909058 62.180176 0.000000 4.417112 1.362874 2.341434 4.459374 9.226199 0.200000
108 77.108505 62.168873 0.000000 4.245713 1.378322 2.368482 4.479364 9.136343 0.200000
109 76.838615 62.200832 0.000000 4.958807 1.339946 2.271668 4.278007 8.779956 0.166667
110 76.852440 62.104942 0.000000 5.179148 1.358865 2.324457 4.402814 9.050596 0.250000
111 76.819633 62.190434 0.000000 5.511148 1.337169 2.261047 4.240266 8.652172 0.166667
112 76.900826 62.214901 0.000000 5.764740 1.353323 2.297934 4.303171 8.710365 0.166667
114 77.020256 62.119751 0.000000 5.401403 1.370858 2.378615 4.594271 9.670280 0.166667
115 76.940956 62.178493 0.000000 5.528145 1.357505 2.319813 4.381014 8.958278 0.200000
116 76.812592 62.221966 0.000000 5.792481 1.335376 2.234743 4.110496 8.147917 0.200000
117 76.823311 62.247719 0.000000 5.967871 1.332806 2.231133 4.119593 8.231987 0.166667
118 76.751221 62.247997 0.000000 6.343598 1.313864 2.170995 3.951102 7.774261 0.166667
119 76.799706 62.284676 0.000000 6.058768 1.319542 2.191816 4.019068 7.987721 0.250000
120 76.900909 62.295769 0.000000 6.762650 1.316346 2.187198 4.016571 8.004117 0.200000
121 76.814545 62.317009 0.000000 6.487464 1.326920 2.215335 4.083084 8.153693 0.200000
122 76.789307 62.291176 0.000000 6.260322 1.323479 2.192730 3.997693 7.873984 0.166667
123 76.727364 62.397881 0.000000 6.805193 1.315999 2.174614 3.948879 7.733822 0.166667
124 76.689545 62.259068 0.000000 6.971151 1.305113 2.139323 3.855257 7.499092 0.200000
125 76.562027 62.317978 0.000000 6.682378 1.300132 2.114034 3.761954 7.190236 0.166667
126 76.488075 62.350849 0.000000 6.910136 1.291766 2.084302 3.669873 6.915868 0.200000
127 76.430649 62.361980 0.000000 6.954161 1.292679 2.087137 3.677303 6.934211 0.200000
128 76.454079 62.462273 0.000000 6.302233 1.305086 2.122704 3.768865 7.163756 0.200000
129 76.362305 62.362442 0.000000 6.497018 1.277922 2.045701 3.576100 6.699450 0.200000
130 76.290665 62.391361 0.000000 6.590274 1.333524 2.215389 4.024108 7.835095 0.166667
131 76.209885 62.314896 0.000000 6.910109 1.339535 2.242935 4.129686 8.204119 0.200000
132 76.211281 62.356361 0.000000 6.618903 1.336849 2.236650 4.113925 8.160447 0.200000
133 76.191925 62.337852 0.000000 6.708428 1.320994 2.186277 3.975735 7.795367 0.200000
134 76.254303 62.299164 0.000000 5.743980 1.313438 2.154392 3.863621 7.427476 0.166667
135 76.174126 62.362228 0.000000 6.251231 1.341039 2.251146 4.158763 8.296814 0.200000
136 75.961098 62.485668 0.000000 6.175505 1.354191 2.311723 4.371056 8.978315 0.200000
137 75.967293 62.476376 0.000000 5.677616 1.310186 2.169657 3.979547 7.945330 0.200000
138 76.004517 62.349316 0.000000 5.445220 1.379982 2.406016 4.667825 9.867661 0.200000
140 75.983261 62.465317 0.000000 5.206179 1.353896 2.311744 4.376769 9.011047 0.200000
141 76.016220 62.535530 0.000000 4.487188 1.341447 2.275511 4.274529 8.720342 0.200000
142 76.134552 62.440445 0.000000 4.749618 1.339613 2.252315 4.175576 8.377934 0.166667
143 75.926033 62.405823 0.000000 4.705309 1.363180 2.339616 4.448898 9.187317 0.200000
144 75.876488 62.467251 0.000000 5.101821 1.367149 2.347816 4.462014 9.203270 0.166667
146 75.971207 62.596050 0.000000 3.852286 1.357598 2.316442 4.375807 8.979115 0.166667
147 75.822975 62.598839 0.000000 3.795974 1.344765 2.266027 4.206391 8.439768 0.200000
148 76.184410 62.604023 0.000000 3.577121 1.358058 2.321780 4.398126 9.054058 0.166667
149 76.032272 62.758694 0.000000 3.658440 1.392883 2.440647 4.741715 9.999145 0.166667
150 75.978500 62.818653 0.000000 4.044592 1.402326 2.469671 4.813848 10.159825 0.167754
151 75.646111 62.666821 0.000000 3.996509 1.342714 2.256290 4.180440 8.382576 0.166667
152 75.705315 62.698227 0.000000 4.160998 1.382195 2.388715 4.558773 9.417047 0.166667
153 75.826302 62.792046 0.000000 3.376318 1.379528 2.375147 4.492313 9.139050 0.200042
154 75.769279 62.934330 0.000000 3.188094 1.407568 2.501129 4.953626 10.692536 0.200000
156 75.435059 62.790646 0.000000 3.761586 1.287581 2.073140 3.648237 6.885630 0.250000
157 75.448982 62.879795 0.000000 3.976570 1.378458 2.371310 4.490422 9.166066 0.200000
158 75.358170 62.723831 0.000000 3.864603 1.289306 2.090623 3.719543 7.131320 0.200000
160 75.282249 62.725842 0.000000 4.031009 1.307141 2.133135 3.805885 7.281353 0.166667
161 75.048264 62.829990 0.000000 3.392863 1.381356 2.409134 4.675483 9.884140 0.169920
162 75.156342 62.634445 0.000000 3.311510 1.321380 2.207833 4.093021 8.270809 0.200000
163 74.949394 62.711937 0.000000 3.247655 1.375302 2.380736 4.569674 9.530504 0.200000
164 74.905090 63.007179 0.000000 2.740742 1.393962 2.465840 4.852934 10.381640 0.166687
165 75.117897 62.788776 0.000000 3.445063 1.332248 2.224359 4.081998 8.073775 0.201605
166 74.668930 62.771564 0.000000 2.984244 1.266673 2.012712 3.496694 6.521658 0.166667
167 74.449905 62.838470 0.000000 2.773080 1.285761 2.075304 3.665411 6.948705 0.200751
169 73.556610 63.433117 0.000000 2.952823 1.327686 2.203101 4.016737 7.895715 0.200000
171 73.679108 63.324497 0.000000 2.114556 1.341168 2.268401 4.232626 8.540415 0.166686
172 73.540146 63.480484 0.000000 2.114796 1.456584 2.674589 5.483822 12.257174 0.200004
173 73.156799 63.945942 0.000000 1.746146 1.368426 2.368253 4.544785 9.469977 0.167541
175 73.633034 63.039299 0.000000 1.078832 1.452372 2.680313 5.526577 12.390819 0.143326
176 73.814537 62.580547 0.000000 0.860573 1.274239 2.064186 3.712736 7.289122 0.200769
177 74.142151 62.568996 0.000000 1.009554 1.480718 2.740785 5.651489 12.669502 0.128848
