%% Trajectory 53
%% frame x (pixel)     y (pixel)    z (pixel)      m0         m1           m2           m3           m4           s 
209 74.654861 61.140648 0.000000 2.384922 1.318403 2.181230 3.968971 7.792614 0.167933
210 74.696884 61.400127 0.000000 2.529722 1.237314 1.931614 3.298225 6.057950 0.155372
211 74.266777 61.393219 0.000000 2.278170 1.364751 2.338514 4.440312 9.162869 0.259852
212 74.422630 61.426662 0.000000 2.250129 1.281720 2.058119 3.608537 6.777285 0.142899
213 74.597214 61.228165 0.000000 2.783819 1.345105 2.258232 4.157852 8.230960 0.186964
214 74.501671 61.423706 0.000000 2.400883 1.308369 2.140999 3.841316 7.417094 0.176526
215 74.563560 61.256596 0.000000 2.564779 1.293624 2.113801 3.803685 7.404141 0.250128
216 74.554688 61.062809 0.000000 2.503792 1.289762 2.087175 3.706326 7.093047 0.211010
217 74.486877 61.178471 0.000000 2.243342 1.291641 2.089584 3.699343 7.034850 0.190242
218 74.741997 61.282669 0.000000 2.671940 1.251639 1.969801 3.390507 6.273296 0.166442
219 74.802406 61.208191 0.000000 3.350735 1.322197 2.197958 4.025187 7.969263 0.125327
221 74.521156 61.098927 0.000000 2.620517 1.303867 2.141681 3.865151 7.521864 0.184554
222 74.745445 61.213425 0.000000 3.117600 1.276215 2.045390 3.592228 6.791937 0.206980
223 74.755104 61.208637 0.000000 2.919886 1.300156 2.118499 3.780156 7.244207 0.128640
224 74.627525 61.201084 0.000000 2.896260 1.258686 2.002435 3.499410 6.606570 0.288100
225 74.771065 61.262535 0.000000 2.826467 1.282582 2.071715 3.674685 7.029209 0.129311
226 74.513451 61.315853 0.000000 2.959231 1.260680 1.994906 3.450294 6.406809 0.162344
227 74.579666 61.239433 0.000000 3.101750 1.323651 2.194139 4.002733 7.884028 0.255558
228 74.692261 61.335320 0.000000 3.349881 1.256346 1.987446 3.437574 6.385066 0.142941
229 74.722870 61.213104 0.000000 3.160225 1.287404 2.074683 3.650640 6.879694 0.142983
230 74.610550 61.412979 0.000000 3.199306 1.279736 2.043202 3.563146 6.664199 0.170693
231 74.380547 61.249992 0.000000 2.981408 1.332930 2.238346 4.160511 8.400344 0.146834
232 74.727539 61.311180 0.000000 3.001592 1.254669 1.984563 3.439690 6.422094 0.139896
233 74.828178 61.235428 0.000000 3.053571 1.264821 2.018482 3.530475 6.646904 0.198880
234 74.739151 61.249203 0.000000 3.403424 1.301021 2.110667 3.741034 7.106441 0.123277
235 74.610161 61.293812 0.000000 3.405939 1.253720 1.973390 3.396144 6.281745 0.158898
236 74.612152 61.402733 0.000000 3.750680 1.291210 2.106854 3.798418 7.441694 0.118006
237 74.708702 61.205582 0.000000 3.403532 1.289400 2.085204 3.687530 6.994583 0.283482
238 74.606812 61.229126 0.000000 3.415772 1.258979 2.000774 3.491986 6.582016 0.147863
239 74.761421 61.458881 0.000000 3.552914 1.257098 1.993310 3.455224 6.428954 0.115207
240 74.738144 61.383495 0.000000 3.896205 1.299191 2.105821 3.724180 7.046630 0.275162
241 74.731361 61.359745 0.000000 3.873319 1.295114 2.100273 3.726966 7.102616 0.269851
242 74.613228 61.229019 0.000000 4.355204 1.301167 2.112198 3.740952 7.087361 0.279121
243 74.621765 61.289829 0.000000 3.525983 1.266715 2.021614 3.539323 6.682479 0.144749
244 74.689880 61.201962 0.000000 3.886498 1.281437 2.058596 3.616554 6.818466 0.126657
245 74.650726 61.230911 0.000000 3.907518 1.242876 1.947821 3.340167 6.161667 0.142708
246 74.649895 61.478340 0.000000 3.654720 1.286820 2.083624 3.709574 7.137182 0.161988
247 74.700005 61.368290 0.000000 3.820252 1.282722 2.059565 3.610893 6.782941 0.218404
248 74.621376 61.296623 0.000000 3.941349 1.252329 1.972638 3.397290 6.286665 0.127253
249 74.645508 61.252075 0.000000 4.565543 1.263489 2.003593 3.473178 6.464619 0.125000
250 74.674492 61.366367 0.000000 4.133847 1.294643 2.098115 3.719823 7.080209 0.197367
251 74.590851 61.301285 0.000000 4.050251 1.290946 2.082603 3.674103 6.955565 0.142903
252 74.551300 61.253204 0.000000 4.485929 1.312567 2.157408 3.890195 7.553081 0.153855
253 74.597748 61.356884 0.000000 5.356452 1.287431 2.073333 3.645153 6.862565 0.125000
255 74.649872 61.195023 0.000000 4.594121 1.299419 2.114599 3.764015 7.188426 0.125023
256 74.837303 61.165749 0.000000 4.539306 1.330670 2.215650 4.045346 7.938742 0.125000
257 74.637939 61.181816 0.000000 3.780637 1.300204 2.113990 3.757363 7.161865 0.233470
258 74.659195 61.073029 0.000000 3.926017 1.314252 2.166697 3.917907 7.621817 0.160625
259 74.680550 61.090313 0.000000 4.090508 1.316166 2.167366 3.909525 7.575309 0.155658
260 74.654678 60.889671 0.000000 3.880243 1.362782 2.323394 4.365784 8.862975 0.148727
261 74.665001 61.059193 0.000000 4.232302 1.329130 2.218394 4.071256 8.056711 0.169445
262 74.685059 60.781357 0.000000 3.591788 1.345796 2.261088 4.180551 8.343038 0.198630
263 74.732025 61.060467 0.000000 3.540345 1.337112 2.243706 4.154201 8.326186 0.198878
264 74.566940 60.758907 0.000000 3.825278 1.293311 2.097710 3.728806 7.130442 0.143604
265 74.554367 60.846588 0.000000 3.756335 1.301068 2.119832 3.779469 7.232743 0.137648
266 74.432999 60.772766 0.000000 3.485261 1.319109 2.171905 3.910383 7.546288 0.158270
267 74.448967 60.579967 0.000000 4.027956 1.310582 2.143771 3.828390 7.317346 0.142857
268 74.295868 60.729202 0.000000 4.235665 1.303610 2.123200 3.783537 7.237727 0.144114
269 74.244415 60.504944 0.000000 4.285051 1.327569 2.206637 4.031970 7.949069 0.142857
270 74.381340 60.618858 0.000000 3.618179 1.312458 2.148808 3.848012 7.394524 0.206448
271 74.149033 60.575020 0.000000 3.342574 1.350907 2.285098 4.264753 8.619602 0.175052
272 74.199745 60.556076 0.000000 4.006730 1.336923 2.234684 4.098809 8.088721 0.142857
273 73.883453 60.298294 0.000000 4.164472 1.366990 2.339914 4.422320 9.050116 0.166780
274 73.870285 60.533737 0.000000 4.078589 1.376852 2.368706 4.493422 9.212187 0.143224
275 74.078758 60.390194 0.000000 3.407994 1.354504 2.318926 4.407589 9.117412 0.244307
276 73.799911 60.497181 0.000000 3.928749 1.316045 2.154529 3.843998 7.324365 0.111111
277 73.759071 60.352928 0.000000 3.685370 1.320448 2.179875 3.941131 7.654467 0.127370
278 73.735191 60.355469 0.000000 3.249703 1.313804 2.164538 3.920045 7.662307 0.174059
280 72.892647 60.938892 0.000000 3.686338 1.399302 2.453927 4.759317 9.994411 0.193929
281 72.555916 60.979118 0.000000 3.811802 1.371629 2.351382 4.433615 9.005682 0.143262
282 72.837936 60.897598 0.000000 3.551669 1.383792 2.388479 4.532981 9.261676 0.284895
283 73.213608 60.776321 0.000000 3.000655 1.309723 2.160043 3.930617 7.752264 0.127208
284 73.562912 60.392109 0.000000 2.725603 1.312713 2.154493 3.865027 7.431435 0.134310
285 73.204330 60.448395 0.000000 2.791610 1.304555 2.128525 3.796265 7.257546 0.228973
286 73.333206 60.258476 0.000000 3.275161 1.360001 2.303713 4.283811 8.568899 0.144817
287 73.315132 59.880882 0.000000 2.784242 1.349110 2.284218 4.279490 8.695477 0.171326
288 73.313332 59.685532 0.000000 2.973210 1.357562 2.282216 4.189623 8.228457 0.130423
