%% Trajectory 22
%% frame x (pixel)     y (pixel)    z (pixel)      m0         m1           m2           m3           m4           s 
70 52.332386 47.075554 0.000000 0.981238 1.209728 1.850061 3.099013 5.605436 0.142857
72 52.221378 46.689087 0.000000 1.292305 1.320043 2.174804 3.937479 7.694904 0.200438
73 52.080547 46.785618 0.000000 1.608562 1.338408 2.261945 4.226998 8.564939 0.166667
74 52.074371 46.694820 0.000000 1.224337 1.298496 2.144609 3.944145 7.944555 0.142857
75 51.948860 46.432571 0.000000 1.276454 1.290023 2.091799 3.718438 7.113270 0.142857
76 51.945065 46.781574 0.000000 1.812104 1.296955 2.132345 3.881973 7.687363 0.166681
77 52.082809 46.844330 0.000000 1.523813 1.376089 2.375782 4.535209 9.375021 0.166667
78 52.153824 46.741142 0.000000 2.324705 1.263324 2.017083 3.540070 6.711514 0.200284
79 51.949303 46.703121 0.000000 2.158460 1.326926 2.212605 4.057362 8.020878 0.174661
80 51.964035 46.471130 0.000000 1.939343 1.277411 2.062249 3.653460 6.968055 0.166667
81 51.939186 46.782291 0.000000 2.011131 1.293199 2.107318 3.778799 7.321564 0.166667
82 52.001381 46.573486 0.000000 1.819783 1.322885 2.188002 3.982466 7.832307 0.168217
83 52.212353 46.840523 0.000000 1.714309 1.254735 1.994960 3.478661 6.533730 0.142857
84 52.207581 46.622231 0.000000 2.086586 1.309415 2.151852 3.887391 7.577014 0.142857
85 52.110115 46.438965 0.000000 2.118806 1.339181 2.246362 4.158218 8.340372 0.166668
86 52.044273 46.667206 0.000000 2.439430 1.314633 2.175275 3.962718 7.794495 0.200174
87 52.013435 46.613018 0.000000 2.187374 1.307405 2.149462 3.883665 7.568621 0.166667
88 52.467041 46.550259 0.000000 2.863341 1.275535 2.035781 3.547801 6.628374 0.166667
89 52.297096 46.648861 0.000000 2.575270 1.279369 2.047921 3.584478 6.736382 0.142857
90 52.269592 46.529503 0.000000 2.399225 1.268060 2.016648 3.502425 6.522833 0.142862
91 52.168316 46.641747 0.000000 2.059269 1.244269 1.953228 3.360066 6.230753 0.166667
92 52.190189 46.439369 0.000000 2.422877 1.247828 1.960332 3.368781 6.225237 0.166667
93 52.126526 46.605087 0.000000 2.656615 1.258703 1.990722 3.444006 6.402364 0.166667
94 52.111885 46.705452 0.000000 2.596290 1.278004 2.054545 3.619990 6.862705 0.166701
95 52.012047 46.783295 0.000000 2.835399 1.304150 2.156351 3.950342 7.872817 0.142859
96 52.315109 46.508411 0.000000 2.896162 1.270658 2.023332 3.519020 6.563932 0.142857
97 52.238678 46.608620 0.000000 3.003509 1.292612 2.092518 3.709668 7.071680 0.200004
98 52.236397 46.549625 0.000000 3.092066 1.316068 2.174090 3.960404 7.813946 0.200000
99 52.229542 46.709270 0.000000 2.825966 1.269553 2.021834 3.516706 6.558614 0.166678
100 51.922009 46.684669 0.000000 3.000819 1.329078 2.226372 4.121025 8.274067 0.142858
101 52.022121 46.581196 0.000000 3.083160 1.284177 2.083481 3.724065 7.206338 0.166667
102 51.943703 46.528801 0.000000 3.161570 1.324962 2.196206 3.994710 7.821125 0.166667
103 52.211857 46.572536 0.000000 3.284925 1.299633 2.123488 3.821238 7.442414 0.166683
104 52.106636 46.515831 0.000000 3.678452 1.276275 2.048119 3.608272 6.860741 0.166671
105 52.071865 46.571133 0.000000 3.488295 1.289136 2.077387 3.655481 6.889849 0.205101
106 52.192154 46.690254 0.000000 3.178655 1.324479 2.201647 4.024271 7.935149 0.166670
108 52.165146 46.607731 0.000000 3.644000 1.261705 2.005258 3.490211 6.537746 0.200000
109 52.303116 46.395515 0.000000 3.884833 1.270458 2.023441 3.520011 6.566395 0.325598
110 52.258053 46.330631 0.000000 3.761428 1.273967 2.040375 3.584905 6.791548 0.342043
111 52.474567 46.239189 0.000000 3.608876 1.304742 2.125235 3.786035 7.235416 0.200000
112 52.608482 46.135956 0.000000 3.886811 1.287847 2.075544 3.657047 6.914394 0.321319
113 52.560612 46.216225 0.000000 3.533592 1.262599 2.000375 3.462512 6.431840 0.200000
114 52.500462 45.952511 0.000000 3.691900 1.295607 2.098208 3.711636 7.033363 0.200000
115 52.565201 45.928070 0.000000 3.318089 1.271873 2.038071 3.589349 6.832081 0.166667
116 52.605400 45.919437 0.000000 3.815342 1.300418 2.119961 3.782365 7.242303 0.183680
117 52.876949 45.879177 0.000000 3.389735 1.317119 2.179191 3.957231 7.729125 0.166753
118 52.720379 46.019257 0.000000 3.706882 1.328019 2.216700 4.070296 8.059674 0.282603
119 52.964222 45.765026 0.000000 3.398618 1.335229 2.249146 4.188014 8.452493 0.237409
120 52.954044 45.782185 0.000000 3.369678 1.316254 2.187034 4.016975 8.002431 0.180770
121 52.944561 45.751392 0.000000 3.175944 1.317498 2.191843 4.036913 8.081524 0.172518
122 52.844643 45.694954 0.000000 2.731488 1.320718 2.191320 3.995789 7.855948 0.166667
123 52.805614 45.577129 0.000000 2.576517 1.249456 1.969519 3.395979 6.292056 0.166667
124 52.848904 45.455097 0.000000 2.719146 1.257841 1.992232 3.458496 6.470886 0.200000
125 52.955036 45.316345 0.000000 2.205925 1.269529 2.044954 3.639718 7.042043 0.166667
126 52.565338 45.308239 0.000000 2.219089 1.225077 1.892021 3.195499 5.811961 0.200000
127 52.174606 45.073502 0.000000 1.933426 1.332497 2.238073 4.140029 8.267062 0.273813
128 51.782051 44.888191 0.000000 2.086905 1.299838 2.130223 3.854286 7.567914 0.182960
130 52.214329 45.238918 0.000000 1.704638 1.297642 2.151083 3.971062 8.022714 0.166668
131 52.723583 45.117798 0.000000 1.561757 1.305863 2.138947 3.843435 7.434990 0.170510
