%% Trajectory 118
%% frame x (pixel)     y (pixel)    z (pixel)      m0         m1           m2           m3           m4           s 
198 43.559326 65.455231 0.000000 0.440876 1.002677 1.323342 1.892503 2.941896 0.200000
199 43.616062 65.415466 0.000000 0.616983 1.290324 2.149549 4.022413 8.293633 0.200000
201 43.477482 65.408165 0.000000 0.611353 1.118505 1.581922 2.433769 4.056299 0.142857
202 43.568813 65.459373 0.000000 0.883795 1.212674 1.865293 3.139807 5.696165 0.166667
203 43.789665 65.559814 0.000000 0.885783 1.241279 1.962594 3.412055 6.413167 0.200000
204 43.332542 65.443016 0.000000 0.934269 1.137891 1.651702 2.619853 4.502854 0.200008
205 43.378620 65.390533 0.000000 0.809665 1.207896 1.863903 3.181863 5.941228 0.166667
206 43.871994 65.165176 0.000000 0.891785 1.218791 1.898961 3.277386 6.177619 0.142882
207 43.602215 65.466599 0.000000 1.044587 1.225456 1.901884 3.239154 5.963614 0.166676
208 43.362549 65.288956 0.000000 0.991142 1.235561 1.952977 3.434765 6.637967 0.200000
209 43.605469 65.374786 0.000000 1.202790 1.254167 1.999387 3.532973 6.822845 0.167645
210 43.388863 65.325790 0.000000 1.193794 1.200004 1.828713 3.050676 5.492403 0.200003
211 43.546417 65.535545 0.000000 1.257036 1.187690 1.789333 2.950223 5.255630 0.185618
212 43.715889 65.420708 0.000000 1.093433 1.223242 1.882079 3.174367 5.788435 0.190236
213 43.466251 65.314331 0.000000 1.226234 1.245722 1.947025 3.326580 6.110657 0.151261
214 43.488991 65.371490 0.000000 1.301519 1.244578 1.945932 3.327320 6.120447 0.337834
215 43.539459 65.405746 0.000000 1.353497 1.196274 1.817211 3.020947 5.420292 0.128056
216 43.386639 65.166672 0.000000 1.370441 1.225159 1.893628 3.205401 5.851038 0.221603
217 43.528801 65.330635 0.000000 1.681347 1.240256 1.933258 3.295345 6.043092 0.172700
218 43.533993 65.233437 0.000000 1.543489 1.228480 1.913117 3.278453 6.092923 0.142943
219 43.454029 65.228256 0.000000 1.478202 1.313506 2.177589 3.984361 7.896643 0.147235
220 43.459377 65.413399 0.000000 1.626857 1.234596 1.922377 3.278626 6.030463 0.168617
221 43.750084 65.431419 0.000000 1.634573 1.242651 1.948678 3.350343 6.212979 0.179928
222 43.527142 65.294106 0.000000 1.513622 1.247989 1.963410 3.394203 6.347110 0.167819
223 43.630882 65.371132 0.000000 1.892846 1.259447 1.995776 3.473660 6.535494 0.142921
224 43.617256 65.457222 0.000000 1.783563 1.260083 1.989849 3.433523 6.362031 0.143057
225 43.411064 65.524803 0.000000 1.726777 1.199854 1.819606 3.018664 5.405571 0.166667
226 43.652351 65.544228 0.000000 1.729691 1.218221 1.870263 3.143924 5.703123 0.166700
227 43.557827 65.407410 0.000000 1.905175 1.231554 1.907410 3.231818 5.898196 0.147462
228 43.578514 65.385757 0.000000 1.762649 1.257739 1.989666 3.439396 6.382246 0.148858
229 43.399734 65.291855 0.000000 1.931617 1.247615 1.959552 3.366469 6.218514 0.142860
230 43.524498 65.296837 0.000000 2.102947 1.216881 1.867956 3.136160 5.674920 0.166667
231 43.516014 65.332573 0.000000 1.973965 1.255307 1.978356 3.406664 6.299296 0.111111
232 43.512119 65.273514 0.000000 2.365342 1.260772 1.997666 3.463879 6.458200 0.142866
233 43.461311 65.308601 0.000000 2.439185 1.285612 2.070915 3.642091 6.859046 0.166671
234 43.490288 65.293495 0.000000 2.374741 1.261418 2.007329 3.512288 6.648441 0.126433
235 43.355591 65.214943 0.000000 2.340888 1.276317 2.040267 3.561509 6.663476 0.201055
236 43.444004 65.002861 0.000000 2.181116 1.295868 2.117948 3.804182 7.368696 0.166855
237 43.480240 65.160423 0.000000 2.078106 1.287996 2.083637 3.696098 7.056180 0.125000
238 43.362019 65.193428 0.000000 2.622299 1.283188 2.063463 3.633114 6.879235 0.166674
239 43.560787 65.055809 0.000000 2.398147 1.302379 2.150813 3.920317 7.738007 0.202038
240 43.228317 65.170837 0.000000 2.542679 1.304088 2.127623 3.798328 7.278141 0.125000
241 43.307430 65.161736 0.000000 2.221361 1.311775 2.161942 3.909505 7.611127 0.111113
242 43.436752 65.189049 0.000000 2.691030 1.263235 2.002530 3.469491 6.452724 0.144125
243 43.287125 65.233948 0.000000 2.566544 1.274816 2.036109 3.552646 6.646654 0.199985
244 43.492401 65.268478 0.000000 2.545445 1.291629 2.089216 3.708225 7.096943 0.170535
245 43.694252 65.356453 0.000000 2.845204 1.263938 2.008833 3.488840 6.501410 0.180787
246 43.560707 65.071632 0.000000 2.864317 1.286470 2.078932 3.680903 7.007914 0.143694
247 43.527138 65.080383 0.000000 3.028945 1.327991 2.235820 4.166551 8.428675 0.153189
248 43.661884 65.146965 0.000000 2.889604 1.308783 2.143970 3.855904 7.474993 0.200389
249 43.635983 65.201897 0.000000 3.056558 1.307968 2.126609 3.770176 7.145854 0.200000
250 43.711281 65.183228 0.000000 3.211859 1.295132 2.095830 3.700567 6.990519 0.254661
251 43.883499 65.215164 0.000000 3.044398 1.320307 2.187538 3.991951 7.871370 0.166667
252 44.032970 65.348335 0.000000 3.093652 1.333841 2.240280 4.158575 8.371876 0.200728
253 43.900974 65.047615 0.000000 2.852986 1.346322 2.286122 4.285867 8.687620 0.166413
254 44.088707 65.180405 0.000000 3.034111 1.352849 2.294180 4.285840 8.648981 0.286793
255 44.131367 65.114685 0.000000 2.505618 1.359328 2.310659 4.323407 8.728411 0.250726
256 44.397655 65.125053 0.000000 2.801335 1.330169 2.210901 4.035609 7.940066 0.200275
257 44.399319 64.878777 0.000000 2.778582 1.289649 2.082287 3.680765 6.990224 0.166717
258 44.495522 65.033081 0.000000 3.139471 1.312525 2.155112 3.879575 7.511706 0.172613
259 44.495251 65.081215 0.000000 2.923204 1.305103 2.138988 3.841001 7.411084 0.172468
260 44.410702 64.861176 0.000000 2.941626 1.337512 2.238203 4.119849 8.185901 0.239426
261 44.596325 64.949036 0.000000 2.985594 1.353804 2.288627 4.260130 8.561969 0.260931
262 44.609890 64.842133 0.000000 2.726741 1.292317 2.096079 3.733042 7.170860 0.200000
263 44.638882 64.907120 0.000000 2.372326 1.379229 2.378238 4.520915 9.281741 0.166667
264 44.817799 64.651077 0.000000 2.075675 1.326978 2.212540 4.057143 8.020721 0.200000
265 44.837307 64.636253 0.000000 2.114413 1.313523 2.166269 3.924848 7.667283 0.142858
266 45.051804 64.793182 0.000000 1.832562 1.340514 2.251245 4.158342 8.280273 0.142857
267 45.107346 65.043663 0.000000 2.363686 1.355362 2.314857 4.369151 8.928167 0.247865
268 45.167297 64.378380 0.000000 2.379140 1.346780 2.261123 4.158887 8.212084 0.322120
269 44.822124 63.893131 0.000000 2.465930 1.411765 2.491179 4.853317 10.214225 0.142861
271 45.211395 64.490524 0.000000 2.295640 1.371686 2.344500 4.411484 8.962132 0.200000
272 44.970718 64.877586 0.000000 1.905777 1.420800 2.531383 4.994700 10.671635 0.250000
273 45.087452 64.522835 0.000000 1.699383 1.296837 2.112242 3.767597 7.220215 0.250000
275 45.823139 63.885338 0.000000 1.276183 1.342291 2.283297 4.308824 8.846482 0.345767
276 45.196297 63.752979 0.000000 1.521246 1.419678 2.487873 4.787063 9.907679 0.200000
