%% Trajectory 125
%% frame x (pixel)     y (pixel)    z (pixel)      m0         m1           m2           m3           m4           s 
205 37.683136 62.332123 0.000000 1.198112 1.275445 2.087089 3.823863 7.717561 0.200000
206 37.939789 62.478138 0.000000 1.079173 1.253900 1.998211 3.504952 6.650582 0.200000
208 37.774097 62.317398 0.000000 0.920061 1.295458 2.199045 4.247509 9.130822 0.217687
209 37.617847 62.520565 0.000000 1.120960 1.509309 2.889066 6.156029 14.202370 0.144928
211 37.434517 63.100517 0.000000 1.675543 1.261767 2.008191 3.494882 6.527011 0.142899
212 37.281357 63.153236 0.000000 1.952425 1.287418 2.079671 3.683885 7.025517 0.142865
213 37.389282 63.136307 0.000000 1.652498 1.267528 2.022924 3.532849 6.626455 0.200000
214 37.714378 62.906239 0.000000 2.074702 1.365530 2.345692 4.459405 9.195001 0.245139
215 37.687847 62.886379 0.000000 1.843081 1.287888 2.093663 3.759068 7.326997 0.200000
216 37.705387 62.634109 0.000000 1.880343 1.371664 2.363848 4.523937 9.427453 0.200739
217 37.371265 62.965343 0.000000 1.533027 1.448711 2.615122 5.217028 11.232759 0.166673
218 37.815914 62.986935 0.000000 1.974097 1.390996 2.440199 4.740707 9.973715 0.169553
219 37.896034 62.508308 0.000000 2.137275 1.305322 2.159336 3.947840 7.823106 0.166879
220 37.522923 62.549725 0.000000 2.324304 1.287695 2.106790 3.817396 7.535913 0.166697
221 37.450596 62.589909 0.000000 2.534529 1.292498 2.086971 3.678464 6.942418 0.142857
222 37.432705 62.797859 0.000000 1.702815 1.321616 2.192520 4.013246 7.952918 0.166667
223 37.606678 62.879410 0.000000 1.730739 1.324113 2.215318 4.110486 8.302665 0.216933
224 37.654289 62.471344 0.000000 1.843713 1.341809 2.262434 4.210100 8.478102 0.142859
225 37.314224 62.806305 0.000000 1.884356 1.319387 2.187283 3.988190 7.841489 0.166667
226 37.570877 62.608204 0.000000 1.814276 1.369739 2.365126 4.519887 9.365535 0.167556
227 37.711761 62.682816 0.000000 2.536805 1.337847 2.240667 4.124409 8.180070 0.200013
228 37.621113 62.549030 0.000000 2.844682 1.275679 2.037856 3.555866 6.652236 0.188105
229 37.308392 62.611877 0.000000 2.481795 1.338442 2.279441 4.330463 9.003508 0.168283
230 37.435184 62.559860 0.000000 2.472811 1.302460 2.141927 3.879854 7.596290 0.167480
231 37.311203 62.679138 0.000000 2.266544 1.283818 2.086753 3.735918 7.239210 0.166724
232 37.537857 62.624638 0.000000 2.428147 1.240939 1.940340 3.320429 6.116797 0.142859
233 37.253109 62.441532 0.000000 2.300763 1.287801 2.098953 3.784514 7.427595 0.234010
234 37.539433 62.484470 0.000000 2.780661 1.306661 2.133768 3.814899 7.324542 0.171522
235 37.298447 62.487568 0.000000 2.484390 1.308054 2.147502 3.866639 7.493061 0.187605
236 37.468239 62.722374 0.000000 2.651092 1.282982 2.065642 3.637093 6.873735 0.166894
237 37.443714 62.522343 0.000000 2.545641 1.282836 2.056242 3.597432 6.741954 0.200489
238 37.350979 62.499874 0.000000 2.460519 1.318951 2.203299 4.078796 8.211480 0.200000
239 37.329845 62.438972 0.000000 2.261655 1.261259 2.000102 3.468498 6.459115 0.142857
240 37.537041 62.595810 0.000000 2.735702 1.269039 2.032759 3.578736 6.810226 0.180579
241 37.565365 62.560528 0.000000 2.840277 1.344604 2.297276 4.376751 9.117459 0.219798
242 37.357948 62.216747 0.000000 2.907923 1.314806 2.159773 3.879976 7.472377 0.201048
243 37.721523 62.250507 0.000000 2.552982 1.372451 2.375064 4.563101 9.528053 0.218617
244 37.587791 62.368484 0.000000 2.351298 1.376790 2.391673 4.624599 9.749779 0.166686
245 37.493637 62.363510 0.000000 2.711874 1.254207 1.983683 3.429397 6.364204 0.200104
246 37.736191 62.176357 0.000000 3.062971 1.366817 2.344893 4.448989 9.144835 0.305514
247 37.908230 62.068474 0.000000 3.407879 1.364096 2.350647 4.491308 9.314767 0.323550
248 37.996437 61.681843 0.000000 3.055123 1.482336 2.731527 5.550161 12.140873 0.250000
249 38.056496 61.847633 0.000000 3.095112 1.393716 2.441218 4.734416 9.952890 0.209906
250 38.201260 61.945187 0.000000 2.921518 1.325607 2.216343 4.092596 8.182372 0.154552
251 38.253765 61.597214 0.000000 3.088990 1.364949 2.333828 4.402532 8.981728 0.143059
252 38.299767 61.731323 0.000000 2.873645 1.314389 2.194776 4.072328 8.245210 0.276284
253 38.421490 61.384659 0.000000 2.429479 1.431905 2.561283 5.068082 10.852034 0.125003
254 38.412319 61.434265 0.000000 2.910981 1.341309 2.270713 4.264358 8.722600 0.142883
255 38.207256 61.334522 0.000000 3.071162 1.306758 2.125399 3.769823 7.148602 0.284134
256 38.280037 61.580070 0.000000 3.420080 1.321087 2.194207 4.019958 7.976451 0.166668
257 38.314545 61.508385 0.000000 3.550046 1.321405 2.178598 3.928423 7.598357 0.204615
258 38.432331 61.506683 0.000000 3.739336 1.355511 2.291231 4.244762 8.448258 0.200000
259 38.387356 61.559490 0.000000 2.977671 1.289503 2.088820 3.732276 7.237951 0.166671
261 38.994011 61.124271 0.000000 2.677023 1.425954 2.576640 5.182956 11.325048 0.142893
262 39.008396 60.839367 0.000000 2.567499 1.420087 2.529880 4.987525 10.636834 0.173065
263 39.274105 60.513947 0.000000 1.988214 1.435566 2.568205 5.093568 10.952826 0.194528
264 39.631451 60.662815 0.000000 2.080026 1.479428 2.724207 5.556796 12.261488 0.153471
