%% Trajectory 9
%% frame x (pixel)     y (pixel)    z (pixel)      m0         m1           m2           m3           m4           s 
29 49.477352 80.966942 0.000000 0.841507 1.314445 2.207322 4.110159 8.306198 0.166667
30 48.967213 81.503357 0.000000 0.921879 1.315503 2.224141 4.212766 8.768013 0.200000
31 49.061752 81.459656 0.000000 0.907684 1.294070 2.142086 3.926189 7.819338 0.200000
32 48.921410 81.354958 0.000000 1.066141 1.290949 2.138459 3.950742 7.996478 0.200000
33 48.857876 81.630852 0.000000 0.868719 1.205241 1.858984 3.160473 5.839605 0.166667
34 49.473988 81.663033 0.000000 1.123914 1.316172 2.197991 4.080604 8.269747 0.200000
35 48.851387 81.231911 0.000000 1.149488 1.344279 2.291743 4.358323 9.076759 0.200010
36 49.245895 81.246925 0.000000 1.286546 1.387426 2.425585 4.711161 9.949952 0.166907
37 49.410599 81.297203 0.000000 1.340884 1.241328 1.939713 3.317893 6.110599 0.125000
38 49.556736 81.360405 0.000000 1.564286 1.273872 2.031505 3.538672 6.610817 0.166667
39 49.426956 81.369736 0.000000 1.542642 1.288529 2.077270 3.662812 6.933943 0.166667
40 49.349030 81.608963 0.000000 1.671395 1.333424 2.214280 4.038652 7.942038 0.166667
41 49.199844 81.254921 0.000000 1.696815 1.320709 2.179816 3.945694 7.681677 0.142857
42 49.215202 81.340675 0.000000 1.848851 1.256395 1.987171 3.435321 6.375839 0.142857
43 49.294933 81.562424 0.000000 1.947109 1.309283 2.141925 3.834852 7.371399 0.166667
44 49.199341 81.472351 0.000000 2.038264 1.267916 2.023154 3.530832 6.616323 0.200000
45 49.639324 81.416359 0.000000 1.953164 1.267353 2.016247 3.505300 6.538478 0.200000
46 49.091595 81.350319 0.000000 2.254463 1.313614 2.174062 3.973342 7.875687 0.250000
47 49.312645 81.372353 0.000000 2.200489 1.293719 2.088864 3.683463 6.960557 0.166667
48 48.963993 81.359207 0.000000 2.082910 1.350156 2.296475 4.326028 8.854907 0.166667
49 49.246700 81.360863 0.000000 2.130364 1.279996 2.058586 3.620516 6.831926 0.166667
50 49.022438 81.469475 0.000000 1.809523 1.377111 2.381223 4.565990 9.517776 0.250053
52 49.259995 81.451286 0.000000 2.255431 1.271830 2.065942 3.725189 7.339803 0.200000
53 48.920864 81.116089 0.000000 2.520956 1.370120 2.346865 4.433914 9.054692 0.166667
54 49.226742 81.292747 0.000000 2.873424 1.280631 2.051943 3.592902 6.747366 0.200049
55 49.453960 81.273994 0.000000 2.877132 1.280938 2.054987 3.599326 6.753218 0.250000
56 49.368969 81.362587 0.000000 3.050713 1.307304 2.131658 3.790766 7.205983 0.250000
57 49.111099 81.209030 0.000000 2.635968 1.345438 2.272906 4.234513 8.527912 0.166667
58 49.220284 81.270454 0.000000 2.713693 1.309859 2.152599 3.878973 7.516889 0.166667
59 49.293167 81.251610 0.000000 3.173265 1.302245 2.130150 3.829317 7.424613 0.166667
60 49.176350 81.380745 0.000000 3.698777 1.314958 2.170818 3.932795 7.670543 0.250000
61 49.242577 81.382744 0.000000 3.220711 1.313007 2.151790 3.858879 7.428338 0.250003
62 49.211727 81.418236 0.000000 3.773656 1.271305 2.030543 3.547162 6.655683 0.250000
63 49.116821 81.315094 0.000000 3.276735 1.343768 2.248950 4.123089 8.113658 0.200000
64 49.252869 81.344444 0.000000 3.667341 1.295880 2.096344 3.700812 6.991606 0.200000
65 49.034641 81.422722 0.000000 3.319874 1.303786 2.130824 3.820004 7.372162 0.125000
66 49.167507 81.211784 0.000000 3.830797 1.325466 2.203222 4.023923 7.919603 0.125000
67 48.985645 81.364403 0.000000 3.498473 1.329511 2.219085 4.080490 8.110829 0.166667
68 49.206127 81.354912 0.000000 4.090686 1.288901 2.080418 3.664954 6.910243 0.200000
69 49.092869 81.385506 0.000000 4.069702 1.289558 2.089613 3.713291 7.105906 0.166667
70 49.042927 81.331039 0.000000 4.374419 1.328792 2.218269 4.075475 8.084170 0.166667
71 48.979916 81.384377 0.000000 4.626271 1.319482 2.186300 3.979934 7.804979 0.200000
72 49.052456 81.200012 0.000000 3.983592 1.380266 2.396684 4.601635 9.556623 0.142857
73 49.073833 81.138000 0.000000 4.768456 1.344601 2.274542 4.243071 8.554939 0.200000
74 49.058060 80.940163 0.000000 4.762959 1.389040 2.424044 4.674809 9.748938 0.166667
75 49.092709 81.215340 0.000000 4.519248 1.333877 2.233635 4.118877 8.201469 0.142857
76 48.999325 81.216476 0.000000 3.827611 1.382429 2.396814 4.598511 9.562780 0.166667
77 48.981182 81.189514 0.000000 4.378402 1.374783 2.367529 4.506393 9.289859 0.166667
78 48.890514 81.065948 0.000000 4.605017 1.388179 2.410752 4.629358 9.627135 0.250000
79 48.880589 80.919617 0.000000 3.788327 1.400431 2.459455 4.778927 10.056585 0.200000
80 48.949921 80.693352 0.000000 3.843429 1.344819 2.266569 4.210677 8.456280 0.166667
81 48.992428 80.727730 0.000000 4.280546 1.333099 2.232714 4.110003 8.149334 0.200000
82 48.932278 80.621033 0.000000 3.907159 1.330141 2.210761 4.024951 7.867887 0.200871
83 48.959663 80.563515 0.000000 4.054100 1.394336 2.432188 4.687373 9.777235 0.281377
84 48.812321 80.412926 0.000000 4.177684 1.289499 2.081171 3.665903 6.911355 0.166668
85 48.910183 80.391045 0.000000 3.957304 1.318272 2.177712 3.953796 7.739899 0.250000
86 49.241261 80.162514 0.000000 3.879673 1.373006 2.354515 4.439366 9.015160 0.166670
87 48.903625 80.106056 0.000000 3.641877 1.368706 2.348521 4.438857 9.047008 0.166667
88 48.855381 79.988823 0.000000 3.171692 1.415198 2.518902 4.967273 10.609823 0.200000
89 48.965336 79.955719 0.000000 3.965292 1.416299 2.521062 4.971650 10.617732 0.166667
91 48.421604 79.588806 0.000000 3.333225 1.340433 2.261778 4.217216 8.529370 0.200000
92 48.235008 79.486725 0.000000 2.852731 1.386983 2.387978 4.518728 9.207821 0.250000
93 48.330891 79.256584 0.000000 2.685297 1.431524 2.532277 4.921535 10.284917 0.200000
95 47.622147 79.932999 0.000000 2.400117 1.389088 2.411250 4.604722 9.466696 0.166667
96 47.735710 79.661880 0.000000 2.329039 1.369713 2.357703 4.482698 9.226752 0.142981
97 47.801029 79.444901 0.000000 2.609079 1.404149 2.444382 4.689650 9.712867 0.166941
98 47.532551 80.143120 0.000000 2.467340 1.434095 2.535930 4.917744 10.233074 0.241316
99 47.934357 80.394142 0.000000 2.321297 1.379637 2.378552 4.524644 9.311967 0.200282
101 48.473644 79.144699 0.000000 1.602296 1.468075 2.677257 5.390113 11.710966 0.200000
102 48.839275 78.972488 0.000000 1.819020 1.435007 2.580211 5.156795 11.195165 0.166667
103 48.298874 79.631195 0.000000 1.817188 1.436205 2.566992 5.071485 10.840016 0.200000
105 48.952408 79.113693 0.000000 1.395891 1.449157 2.672542 5.510467 12.369405 0.166667
107 48.638802 80.099411 0.000000 1.366057 1.543535 2.986185 6.408810 14.836013 0.200000
