%% Trajectory 7
%% frame x (pixel)     y (pixel)    z (pixel)      m0         m1           m2           m3           m4           s 
29 52.100044 66.576820 0.000000 1.637890 1.274100 2.062579 3.682883 7.121455 0.200000
30 52.148251 66.609085 0.000000 1.963754 1.285136 2.083533 3.710889 7.126760 0.200135
31 52.146755 66.446243 0.000000 2.225397 1.361337 2.341315 4.454228 9.169971 0.251758
32 52.092587 66.600052 0.000000 1.906451 1.341682 2.251910 4.148523 8.218487 0.200000
33 51.966244 66.624825 0.000000 2.129731 1.286635 2.096024 3.759498 7.287462 0.250004
34 51.902412 66.357552 0.000000 1.741290 1.255377 1.995112 3.489482 6.607749 0.200000
35 52.314892 66.433403 0.000000 2.028577 1.275570 2.034059 3.546318 6.640419 0.250000
36 52.035786 66.382088 0.000000 2.549660 1.355636 2.304797 4.307466 8.664435 0.250000
37 52.079559 66.850327 0.000000 1.930218 1.362661 2.338562 4.440570 9.135842 0.252239
39 52.316010 66.236313 0.000000 2.066931 1.295358 2.104906 3.748553 7.180379 0.200000
40 52.308125 66.316528 0.000000 2.258360 1.224323 1.898224 3.222014 5.891228 0.250000
41 52.282482 66.531242 0.000000 2.819853 1.270575 2.026717 3.536658 6.631877 0.250000
42 52.115707 66.446564 0.000000 2.930207 1.309028 2.135463 3.803385 7.250916 0.333333
43 52.164005 66.434425 0.000000 3.169154 1.280899 2.058794 3.615357 6.803692 0.333333
44 52.269897 66.411209 0.000000 3.443664 1.243595 1.945713 3.328787 6.123809 0.250785
45 52.040440 66.549751 0.000000 2.675730 1.291896 2.084411 3.672785 6.932405 0.250000
46 52.238018 66.344360 0.000000 2.953046 1.284851 2.068096 3.639400 6.873163 0.250000
47 52.469208 66.387611 0.000000 2.898627 1.258544 1.987724 3.431978 6.365137 0.250000
48 52.227566 66.444061 0.000000 3.126185 1.253665 1.979958 3.418992 6.341277 0.250000
49 52.275154 66.450981 0.000000 3.161320 1.263847 2.004776 3.474985 6.464769 0.200000
50 52.262482 66.530777 0.000000 2.654732 1.265030 2.006852 3.478463 6.469983 0.250000
51 52.210606 66.440132 0.000000 3.235779 1.261642 1.995364 3.450125 6.408484 0.200000
52 52.101772 66.562401 0.000000 3.115237 1.287623 2.079314 3.675786 6.980115 0.250000
53 52.222782 66.548950 0.000000 3.656112 1.242625 1.943825 3.326176 6.122932 0.200000
54 52.293064 66.465332 0.000000 4.006646 1.288540 2.083220 3.690834 7.037080 0.200000
55 52.282928 66.537552 0.000000 3.596615 1.246883 1.957141 3.358613 6.194691 0.250000
56 52.406853 66.397499 0.000000 3.738159 1.265698 2.024981 3.576524 6.868214 0.200000
57 52.358742 66.530716 0.000000 4.537326 1.253726 1.977847 3.411113 6.319585 0.200000
58 52.494652 66.200569 0.000000 4.209020 1.242786 1.943530 3.323774 6.112963 0.200000
59 52.587048 66.407677 0.000000 4.155103 1.250814 1.969442 3.389733 6.267622 0.166667
60 52.418159 66.414551 0.000000 5.105827 1.275351 2.036254 3.551990 6.645335 0.200000
61 52.531651 66.403992 0.000000 5.500422 1.316659 2.158031 3.860120 7.387352 0.250000
62 52.411926 66.338112 0.000000 5.163388 1.296348 2.099959 3.716712 7.050105 0.200000
63 52.448193 66.292885 0.000000 5.356105 1.270948 2.023500 3.519285 6.565156 0.250000
64 52.438877 66.439758 0.000000 4.856355 1.270125 2.023293 3.521127 6.572707 0.333333
65 52.341660 66.354286 0.000000 4.969765 1.256438 1.982081 3.417975 6.331737 0.250000
66 52.361942 66.441292 0.000000 5.313179 1.265794 2.011974 3.494937 6.514753 0.200000
67 52.474354 66.279175 0.000000 5.267537 1.256814 1.989278 3.442039 6.394536 0.333333
68 52.383671 66.440796 0.000000 5.512125 1.263482 2.000834 3.463144 6.436276 0.333333
69 52.459335 66.349007 0.000000 5.416248 1.274229 2.035523 3.552231 6.647671 0.333333
70 52.590305 66.353737 0.000000 6.111340 1.270859 2.026525 3.529782 6.592610 0.250000
72 52.495075 66.393112 0.000000 5.706322 1.261237 1.997894 3.458615 6.427223 0.333333
73 52.274708 66.300652 0.000000 6.034956 1.295630 2.100550 3.725102 7.089637 0.333333
74 52.334614 66.372566 0.000000 5.087813 1.282328 2.057681 3.604433 6.763155 0.333333
76 52.601799 66.303314 0.000000 6.248075 1.286503 2.068561 3.630809 6.825412 0.333333
77 52.522366 66.251015 0.000000 6.499354 1.270505 2.026624 3.531378 6.598112 0.333333
78 52.414040 66.433746 0.000000 6.203543 1.261066 1.999123 3.469363 6.478189 0.333333
79 52.457764 66.328140 0.000000 6.305371 1.271836 2.033916 3.557299 6.680732 0.250000
80 52.442745 66.368896 0.000000 6.431015 1.293657 2.090678 3.690131 6.979166 0.333333
81 52.399181 66.438011 0.000000 5.898952 1.252729 1.974653 3.402751 6.298710 0.333333
82 52.531631 66.362556 0.000000 6.264756 1.262961 2.005006 3.479241 6.480498 0.333333
83 52.651413 66.374283 0.000000 7.058132 1.292043 2.087488 3.684222 6.968382 0.250000
85 52.468967 66.218185 0.000000 6.482319 1.277460 2.043267 3.569650 6.685487 0.250000
86 52.615498 66.225044 0.000000 6.454260 1.287128 2.079137 3.681277 7.016965 0.200000
87 52.733017 66.300369 0.000000 6.138958 1.285125 2.066941 3.628615 6.821029 0.250000
88 52.700817 66.069702 0.000000 6.269838 1.312083 2.156316 3.889393 7.554275 0.250000
89 52.721275 65.963432 0.000000 6.703283 1.316267 2.186545 4.011537 7.976805 0.250000
90 52.770428 65.984726 0.000000 5.953588 1.347834 2.283628 4.269782 8.633320 0.200000
91 52.676579 65.801147 0.000000 5.512106 1.293210 2.098230 3.731020 7.136851 0.166667
92 52.619766 65.729263 0.000000 5.892142 1.284825 2.067799 3.650650 6.948097 0.250000
93 52.513283 65.590469 0.000000 5.426543 1.258555 1.998439 3.485651 6.569855 0.250000
94 52.525703 65.557899 0.000000 5.840722 1.243320 1.942464 3.318982 6.101247 0.200000
95 52.402412 65.485336 0.000000 5.838026 1.273060 2.030415 3.538375 6.614774 0.200000
96 52.544563 65.314606 0.000000 6.522186 1.275450 2.037031 3.553826 6.648453 0.250000
97 52.558426 65.318314 0.000000 6.099209 1.294108 2.088621 3.679023 6.937951 0.250000
98 52.467365 65.335831 0.000000 5.644927 1.297153 2.103922 3.732000 7.105047 0.166667
99 52.577354 65.081192 0.000000 5.921607 1.334293 2.238129 4.149756 8.345183 0.250000
100 52.606968 64.949707 0.000000 5.862448 1.355282 2.303380 4.317918 8.752350 0.250000
101 52.774036 64.726166 0.000000 5.179142 1.328659 2.211068 4.047034 7.996481 0.250000
102 52.654427 64.875069 0.000000 4.731168 1.321086 2.199620 4.048269 8.090908 0.250000
103 52.735107 64.683029 0.000000 4.180734 1.268865 2.034257 3.587569 6.844063 0.250000
104 52.686249 64.600731 0.000000 4.976096 1.338983 2.248693 4.169182 8.379345 0.250000
105 52.792301 64.508911 0.000000 4.048869 1.331679 2.244633 4.198452 8.556447 0.166667
106 52.931847 64.362000 0.000000 4.311858 1.371473 2.347308 4.420088 8.973299 0.250000
107 52.873917 64.394104 0.000000 3.905778 1.442782 2.585986 5.114565 10.924671 0.250000
108 53.367695 63.879230 0.000000 3.766352 1.409532 2.523963 5.050632 11.038645 0.250000
110 53.886292 63.558605 0.000000 2.589096 1.526168 2.954643 6.395748 15.041489 0.250000
112 54.687664 63.422771 0.000000 1.798739 1.495312 2.795435 5.849179 13.348737 0.166674
113 54.850639 63.270538 0.000000 2.221716 1.575611 3.091452 6.720326 15.753637 0.166667
