%% Trajectory 239
%% frame x (pixel)     y (pixel)    z (pixel)      m0         m1           m2           m3           m4           s 
192 56.307571 57.301605 0.000000 1.230620 1.398832 2.457386 4.766570 9.995907 0.105355
194 55.387783 56.985504 0.000000 1.239709 1.403111 2.498843 4.997753 10.963434 0.158041
196 55.295429 57.471016 0.000000 1.736039 1.599275 3.114691 6.644472 15.165005 0.100006
197 55.657482 57.729809 0.000000 1.586764 1.580724 3.088596 6.651019 15.377557 0.091923
198 56.169689 57.412918 0.000000 1.762551 1.478657 2.749820 5.699309 12.828341 0.111124
200 56.135849 57.499092 0.000000 2.416621 1.510576 2.862807 6.044986 13.853237 0.125002
201 56.135937 57.343468 0.000000 2.305507 1.513154 2.843654 5.919936 13.322010 0.211716
202 55.778393 56.822365 0.000000 2.668553 1.485811 2.730323 5.523674 12.018394 0.143695
203 55.884571 57.186825 0.000000 2.819359 1.459769 2.642860 5.272750 11.331681 0.076923
204 55.943871 56.801311 0.000000 2.239628 1.416008 2.564928 5.191157 11.457415 0.100000
205 55.806664 56.658279 0.000000 2.630886 1.417715 2.516992 4.950944 10.554772 0.136709
206 55.991348 57.002007 0.000000 2.369588 1.463851 2.715133 5.615835 12.618350 0.125002
208 56.259674 57.397343 0.000000 2.574532 1.489681 2.765024 5.707776 12.801496 0.100000
209 55.910778 57.445400 0.000000 2.648117 1.358933 2.333297 4.448259 9.223213 0.194827
210 55.697144 56.959595 0.000000 2.604897 1.465812 2.708714 5.586369 12.543797 0.100000
212 55.727962 57.619431 0.000000 3.329316 1.445335 2.629039 5.325609 11.740339 0.142857
213 55.676094 57.623756 0.000000 3.325957 1.371446 2.363364 4.519564 9.400319 0.090909
214 55.996738 57.488979 0.000000 3.228232 1.488363 2.771027 5.721731 12.784122 0.111111
215 55.755016 57.681358 0.000000 3.398961 1.460327 2.692270 5.554061 12.509713 0.111111
216 55.712254 57.522179 0.000000 3.013183 1.404506 2.461684 4.771321 10.013974 0.125000
217 55.657528 57.606880 0.000000 3.158370 1.355940 2.311328 4.373753 9.015800 0.090909
218 55.936584 57.389568 0.000000 3.012300 1.372525 2.342988 4.391974 8.854452 0.111120
219 56.102081 57.653809 0.000000 3.577100 1.391773 2.414248 4.609954 9.486467 0.111111
220 56.453098 57.963219 0.000000 3.500573 1.335550 2.280391 4.356573 9.139315 0.100000
221 56.398663 57.758347 0.000000 3.315017 1.387243 2.450487 4.861121 10.596599 0.125000
222 56.340351 58.075382 0.000000 2.715947 1.387244 2.436632 4.763111 10.136556 0.142962
224 56.467438 57.585964 0.000000 3.486174 1.266499 2.042609 3.650549 7.118826 0.111386
226 56.634171 57.861275 0.000000 2.649580 1.378551 2.398035 4.634192 9.732862 0.144672
227 56.571476 58.164665 0.000000 2.138084 1.277394 2.041150 3.568462 6.703761 0.125063
229 56.752769 58.368107 0.000000 3.140944 1.333793 2.218241 4.059807 8.027267 0.216876
230 57.144165 58.554340 0.000000 2.595292 1.386757 2.458727 4.872957 10.555784 0.142857
231 57.052479 58.257290 0.000000 2.351233 1.321389 2.217119 4.120039 8.318721 0.100000
232 57.150612 58.454796 0.000000 2.135920 1.350264 2.312175 4.390504 9.061821 0.100000
234 56.532600 58.349899 0.000000 1.894962 1.409436 2.524706 5.060968 11.087089 0.142859
235 56.741646 58.485939 0.000000 1.476055 1.501884 2.790390 5.734766 12.724268 0.104623
237 58.069420 59.025650 0.000000 1.313233 1.571242 3.104583 6.787717 15.965986 0.100548
