%% Trajectory 14
%% frame x (pixel)     y (pixel)    z (pixel)      m0         m1           m2           m3           m4           s 
57 43.698555 58.811245 0.000000 0.993834 1.337274 2.229016 4.084866 8.074056 0.413179
58 43.776108 58.569752 0.000000 1.231914 1.290594 2.083751 3.686595 7.019886 0.391704
59 43.900883 58.893921 0.000000 1.086921 1.338528 2.258141 4.201916 8.451231 0.200827
60 44.017086 58.608414 0.000000 1.112796 1.343777 2.254960 4.145632 8.177647 0.200024
61 44.008656 58.285351 0.000000 1.230796 1.470597 2.712555 5.545680 12.260216 0.200004
62 43.748466 58.838921 0.000000 1.087068 1.440413 2.561471 5.007903 10.538710 0.200002
63 44.000080 58.693279 0.000000 1.480916 1.375541 2.367722 4.486078 9.154598 0.265856
64 43.980583 58.824989 0.000000 1.367932 1.384123 2.409404 4.645240 9.703824 0.279672
65 43.922550 58.707077 0.000000 1.409035 1.371436 2.343299 4.398382 8.879690 0.205161
66 43.871014 58.560013 0.000000 1.369602 1.343356 2.249325 4.131111 8.158884 0.219537
68 43.697926 58.586433 0.000000 1.502272 1.404189 2.476461 4.852895 10.340647 0.390299
69 43.597191 58.635025 0.000000 1.312634 1.350110 2.294216 4.319041 8.838716 0.228431
70 43.706741 58.952892 0.000000 1.459128 1.326281 2.221245 4.106671 8.220434 0.200000
71 44.007042 58.622791 0.000000 1.288175 1.317652 2.206274 4.113019 8.387829 0.200001
72 43.857990 58.873047 0.000000 1.295510 1.347966 2.280305 4.254855 8.583758 0.200902
73 43.815704 58.925186 0.000000 1.581958 1.364926 2.334391 4.404484 8.982881 0.250006
74 43.693977 58.657993 0.000000 1.657085 1.297966 2.118514 3.793129 7.315417 0.240347
75 43.865166 58.853039 0.000000 1.756209 1.350061 2.264321 4.152990 8.156743 0.200147
76 44.114128 58.787369 0.000000 1.510198 1.406530 2.498538 4.943517 10.650773 0.339162
77 43.647652 58.689922 0.000000 1.433810 1.307100 2.146344 3.875499 7.557549 0.202699
78 44.126385 58.574818 0.000000 1.488915 1.405208 2.459526 4.742907 9.861437 0.220252
79 44.088280 58.856396 0.000000 1.679712 1.383546 2.406437 4.638921 9.706246 0.224204
80 43.928406 58.883759 0.000000 1.788215 1.413662 2.497856 4.871949 10.261022 0.250000
81 43.941048 58.718090 0.000000 1.640482 1.394168 2.440222 4.736223 9.983355 0.214491
82 43.903049 58.888409 0.000000 1.691625 1.364938 2.347637 4.466204 9.205888 0.250000
83 44.237564 58.728245 0.000000 1.672967 1.347806 2.283806 4.271170 8.639556 0.250037
84 44.186169 58.871708 0.000000 2.158800 1.313984 2.173050 3.964968 7.830845 0.250554
85 44.130634 58.849560 0.000000 1.477926 1.358941 2.321234 4.387849 8.998018 0.250000
86 44.165829 58.616146 0.000000 1.742496 1.357348 2.316457 4.374351 8.959510 0.250585
87 43.877411 58.812649 0.000000 1.727992 1.360648 2.309650 4.301464 8.611965 0.250000
88 43.973457 58.947994 0.000000 1.783594 1.384229 2.413779 4.656882 9.728139 0.250001
89 43.932388 58.902737 0.000000 1.704483 1.333097 2.230143 4.114044 8.208068 0.250002
90 43.950283 58.587780 0.000000 1.602875 1.308199 2.150921 3.890030 7.591564 0.250000
91 43.966679 58.807186 0.000000 1.638225 1.325596 2.209716 4.055297 8.032839 0.250000
92 44.187588 58.746788 0.000000 2.083365 1.317830 2.187432 4.011302 7.976045 0.349452
93 44.110149 58.670322 0.000000 2.162445 1.353658 2.295737 4.293257 8.681789 0.250000
94 44.021915 58.692139 0.000000 1.735614 1.353436 2.299085 4.307377 8.718399 0.250072
95 44.042091 58.768627 0.000000 1.517906 1.401199 2.466102 4.814808 10.202804 0.250000
96 43.917210 58.786568 0.000000 1.712689 1.343374 2.261948 4.200324 8.438797 0.255105
97 43.962585 58.891922 0.000000 1.423134 1.346390 2.279757 4.251147 8.549665 0.250000
98 44.070393 58.740917 0.000000 1.892572 1.305014 2.146888 3.887731 7.602304 0.207361
99 44.214523 58.648781 0.000000 2.013720 1.289418 2.086605 3.712694 7.137874 0.267705
100 44.079285 58.796772 0.000000 1.566541 1.367694 2.351117 4.475240 9.238605 0.200942
101 44.032780 58.830612 0.000000 1.590810 1.331276 2.241832 4.190822 8.532852 0.250000
102 44.072968 58.905033 0.000000 1.890090 1.321978 2.209167 4.091218 8.238445 0.250000
103 43.859169 58.932564 0.000000 1.631411 1.355612 2.316481 4.372450 8.930089 0.250000
104 44.095871 58.722847 0.000000 1.596030 1.338144 2.234499 4.097401 8.088962 0.250000
105 43.889820 59.061157 0.000000 1.611357 1.361359 2.326559 4.379458 8.889380 0.250000
106 44.079277 58.847580 0.000000 1.523229 1.353533 2.299535 4.317203 8.777493 0.250000
107 44.019016 58.705265 0.000000 1.481726 1.323177 2.213081 4.099140 8.249283 0.200030
108 44.011288 58.894226 0.000000 1.384688 1.386097 2.415121 4.658683 9.730050 0.200000
109 44.240143 58.646843 0.000000 1.292124 1.342801 2.254510 4.153378 8.225729 0.250000
110 44.100506 58.831673 0.000000 1.596736 1.335689 2.256603 4.219628 8.556692 0.200774
111 44.086697 58.825928 0.000000 1.523179 1.348366 2.294248 4.326138 8.860968 0.149749
112 43.889042 58.914417 0.000000 1.613713 1.411528 2.506814 4.931897 10.507407 0.200074
113 44.171150 58.539448 0.000000 1.505127 1.314329 2.172961 3.954982 7.777049 0.200241
114 44.080967 58.840107 0.000000 1.705721 1.331172 2.234534 4.164748 8.458189 0.200005
115 44.120712 59.029137 0.000000 1.926314 1.369846 2.357838 4.474998 9.169935 0.250000
116 43.839573 59.107948 0.000000 1.769710 1.309641 2.165700 3.948330 7.783559 0.200000
117 44.120331 58.852283 0.000000 1.696858 1.355751 2.315545 4.383227 9.011167 0.250084
118 44.124172 58.940010 0.000000 2.042742 1.362081 2.338308 4.451344 9.207387 0.166667
119 44.094536 58.919758 0.000000 2.213200 1.345535 2.285643 4.304932 8.808591 0.166667
120 43.905621 58.774216 0.000000 1.927346 1.317564 2.178692 3.956475 7.740130 0.201519
121 44.070557 58.912571 0.000000 1.772987 1.341555 2.273671 4.263832 8.669431 0.172841
122 43.798283 58.983807 0.000000 1.695345 1.325688 2.210829 4.053305 8.006581 0.298174
123 44.312298 58.729549 0.000000 1.957631 1.296982 2.111430 3.766787 7.225958 0.200007
124 44.029202 58.847412 0.000000 1.931161 1.367105 2.353634 4.479949 9.233541 0.200716
125 44.189915 58.796207 0.000000 1.866429 1.353949 2.291640 4.279633 8.646177 0.184993
126 44.107418 58.924824 0.000000 1.577218 1.348905 2.295677 4.327715 8.856232 0.200450
127 44.030399 58.873009 0.000000 1.968472 1.355740 2.319009 4.402548 9.093980 0.447132
128 44.109272 58.745998 0.000000 1.977092 1.300511 2.127395 3.831379 7.460209 0.213748
129 43.873375 58.913330 0.000000 2.221557 1.339600 2.260587 4.219413 8.545837 0.200109
130 44.027672 58.917778 0.000000 2.283597 1.364720 2.353972 4.499650 9.332496 0.209331
131 43.931862 58.787083 0.000000 1.759165 1.322150 2.204144 4.070564 8.175918 0.233058
132 43.984650 58.724384 0.000000 1.790632 1.340714 2.264319 4.234179 8.598075 0.200198
133 44.136692 58.893158 0.000000 1.580039 1.385892 2.412941 4.653063 9.731421 0.200166
134 44.326065 58.698086 0.000000 1.596240 1.310725 2.159590 3.913086 7.650299 0.200196
135 43.783810 58.814663 0.000000 1.739544 1.292192 2.111956 3.813325 7.478360 0.228065
136 43.921722 58.844135 0.000000 1.658919 1.377870 2.385777 4.566319 9.461793 0.201236
137 44.104023 58.613007 0.000000 1.894661 1.309708 2.159232 3.921788 7.708354 0.202883
138 44.106457 58.851799 0.000000 1.532798 1.350405 2.291969 4.286675 8.651286 0.200289
139 44.029491 58.617111 0.000000 1.732875 1.317362 2.187981 4.016488 8.003123 0.201892
140 44.054825 58.756363 0.000000 1.583370 1.332483 2.236077 4.152027 8.371861 0.202351
141 44.156475 58.583927 0.000000 1.349530 1.354668 2.285726 4.221665 8.359214 0.200365
142 44.109131 58.751812 0.000000 1.193244 1.319538 2.192538 4.026140 8.022029 0.206161
143 44.078922 58.793274 0.000000 1.656495 1.355326 2.323854 4.416807 9.113396 0.247616
144 44.272919 58.398643 0.000000 1.643179 1.358718 2.301638 4.283443 8.584133 0.214576
145 44.282719 58.209969 0.000000 1.568663 1.348755 2.275959 4.234842 8.518909 0.327353
146 44.151512 58.789425 0.000000 1.507091 1.344159 2.262886 4.199003 8.422302 0.173481
147 44.254597 58.511974 0.000000 1.571537 1.350600 2.274481 4.212698 8.420311 0.169793
148 44.273228 58.619896 0.000000 1.133042 1.330510 2.225427 4.115588 8.267617 0.239729
149 44.324722 58.153320 0.000000 1.236011 1.294547 2.103044 3.747401 7.185968 0.200000
150 44.256058 58.440948 0.000000 1.564073 1.299502 2.108512 3.742740 7.132729 0.166700
151 44.659382 58.115784 0.000000 1.933641 1.383862 2.398624 4.597025 9.538498 0.167797
152 44.624249 58.149601 0.000000 1.464346 1.316672 2.159803 3.871511 7.436458 0.220431
153 44.525120 58.223385 0.000000 1.127958 1.276364 2.056297 3.651515 7.027756 0.166670
154 44.715572 58.049236 0.000000 1.603412 1.397809 2.451472 4.757338 9.997861 0.180193
155 44.608940 58.134472 0.000000 1.230870 1.341233 2.278643 4.294508 8.806976 0.200284
156 44.602360 58.071884 0.000000 0.772048 1.277486 2.079326 3.753085 7.383770 0.166668
