%% Trajectory 53
%% frame x (pixel)     y (pixel)    z (pixel)      m0         m1           m2           m3           m4           s 
188 63.612762 53.299721 0.000000 0.651925 1.110611 1.582177 2.464560 4.175550 0.200000
189 63.506485 53.468861 0.000000 0.866159 1.193339 1.810134 3.006859 5.395883 0.200000
190 63.846821 53.398418 0.000000 0.879979 1.188409 1.806082 3.011639 5.431799 0.250000
191 63.422764 53.164467 0.000000 1.185810 1.323576 2.211391 4.088404 8.207915 0.250000
192 63.730469 53.422390 0.000000 0.973141 1.306694 2.185077 4.082716 8.371298 0.250000
193 63.486969 53.217911 0.000000 1.012684 1.220953 1.892625 3.214479 5.885750 0.200000
194 63.568855 53.278847 0.000000 1.321936 1.206424 1.842427 3.091721 5.630380 0.200000
195 63.649410 53.461815 0.000000 0.949549 1.224557 1.893107 3.206256 5.857937 0.250000
196 63.435322 53.239761 0.000000 1.183217 1.229595 1.899015 3.211229 5.856523 0.250000
197 63.507668 53.666267 0.000000 0.991012 1.244002 1.981619 3.510860 6.822369 0.250000
198 63.766853 53.290543 0.000000 1.315235 1.201249 1.841389 3.099016 5.640424 0.250000
199 63.487358 53.460716 0.000000 1.291120 1.313201 2.215110 4.180204 8.664991 0.200006
200 64.029861 53.427120 0.000000 1.283953 1.262962 2.048992 3.706104 7.358130 0.200000
201 63.582169 53.748993 0.000000 1.329157 1.363408 2.332354 4.413910 9.057869 0.200000
202 63.285572 53.452141 0.000000 1.689363 1.352462 2.310551 4.396275 9.144523 0.200159
203 63.615269 53.547955 0.000000 1.131856 1.252416 1.975442 3.411397 6.342005 0.200000
204 63.671780 53.233135 0.000000 1.002226 1.212294 1.856271 3.112494 5.633108 0.200104
205 63.771400 53.636230 0.000000 1.585689 1.214739 1.875005 3.169257 5.772784 0.200000
206 63.690010 53.298798 0.000000 1.390385 1.220206 1.878478 3.175903 5.816243 0.200000
207 63.663418 53.485943 0.000000 1.511057 1.261611 2.004260 3.489694 6.544706 0.200000
208 63.655697 53.345787 0.000000 1.499867 1.252509 1.979665 3.433211 6.426602 0.142858
209 63.873779 53.461231 0.000000 1.663242 1.270592 2.037993 3.590773 6.823636 0.200000
210 63.484592 53.385052 0.000000 1.808885 1.248097 1.957531 3.356376 6.185308 0.200000
211 63.560005 53.176872 0.000000 1.574836 1.278733 2.054384 3.613044 6.828204 0.200001
212 63.708530 53.490852 0.000000 1.799302 1.230041 1.911223 3.248119 5.940402 0.166667
213 63.630577 53.443138 0.000000 1.661952 1.291764 2.087463 3.694558 7.029933 0.142859
214 63.446930 53.590553 0.000000 2.268883 1.242784 1.944352 3.327810 6.127431 0.166667
215 63.855408 53.611893 0.000000 1.884292 1.319650 2.187580 3.983844 7.818498 0.166667
216 63.726086 53.387413 0.000000 2.339890 1.258386 1.989944 3.440966 6.391973 0.142857
217 63.591789 53.344555 0.000000 2.171671 1.256868 1.979646 3.409885 6.313722 0.166667
218 63.494656 53.350327 0.000000 2.109348 1.299433 2.103188 3.713894 7.017097 0.244659
219 63.874046 53.575172 0.000000 2.010442 1.315748 2.195626 4.066894 8.212323 0.166667
220 63.721558 53.515171 0.000000 2.553674 1.333744 2.215833 4.023398 7.824916 0.167301
221 63.555630 53.502522 0.000000 2.335816 1.271976 2.030785 3.541670 6.622163 0.166674
222 63.738049 53.583443 0.000000 2.286598 1.245567 1.950879 3.341125 6.152399 0.166667
223 63.434280 53.724945 0.000000 2.247160 1.275606 2.053539 3.648093 7.040149 0.166667
224 63.583603 53.901100 0.000000 2.621101 1.308465 2.145044 3.872735 7.566319 0.249750
225 63.460766 53.617191 0.000000 2.634094 1.281579 2.056410 3.603637 6.766872 0.166667
226 63.375111 53.435726 0.000000 2.305032 1.306569 2.126085 3.771945 7.152327 0.299764
227 63.604061 53.603195 0.000000 2.709800 1.313328 2.155673 3.874530 7.482219 0.166667
228 63.549526 53.493908 0.000000 2.666468 1.272572 2.031356 3.542623 6.625850 0.166667
229 63.756172 53.250874 0.000000 2.384211 1.297113 2.121794 3.836812 7.543245 0.166672
230 63.630882 53.413338 0.000000 2.566734 1.272899 2.029007 3.532964 6.597820 0.166667
231 63.386467 53.180286 0.000000 2.035532 1.261306 1.993192 3.443773 6.391911 0.191728
232 63.042751 53.221012 0.000000 2.427758 1.317033 2.193717 4.035447 8.043397 0.174813
233 63.056969 53.139847 0.000000 2.846127 1.371792 2.372246 4.539078 9.404744 0.167798
234 63.072937 53.116169 0.000000 2.501967 1.387314 2.403974 4.587707 9.437663 0.220186
235 62.856884 53.054413 0.000000 2.391483 1.331670 2.241787 4.168019 8.389079 0.181180
236 62.848064 53.108833 0.000000 2.904804 1.354837 2.299958 4.300884 8.682553 0.267932
237 62.445950 53.069115 0.000000 2.798398 1.395348 2.428686 4.662112 9.668278 0.190340
238 62.768375 52.877171 0.000000 2.493196 1.291394 2.116725 3.837306 7.559748 0.167550
239 62.756779 52.812378 0.000000 2.419411 1.331316 2.221098 4.068233 8.020262 0.296291
240 62.650795 52.768745 0.000000 2.596121 1.287840 2.083403 3.696796 7.065114 0.166689
241 62.463387 52.804955 0.000000 2.661760 1.342549 2.246287 4.116123 8.098458 0.171916
242 62.520031 52.759872 0.000000 2.777770 1.289677 2.077911 3.654701 6.884690 0.166672
243 62.337090 52.906277 0.000000 2.481157 1.282438 2.067940 3.671621 7.058966 0.166667
244 61.686802 53.068214 0.000000 2.237749 1.293885 2.114973 3.809474 7.427885 0.234932
245 61.577679 53.570824 0.000000 1.793949 1.254556 1.984614 3.447060 6.469835 0.166672
246 61.474144 54.308655 0.000000 1.724202 1.291025 2.089103 3.695076 7.007506 0.177546
247 61.373466 54.747246 0.000000 1.347694 1.375330 2.366069 4.488401 9.203178 0.166667
249 61.455769 54.546108 0.000000 1.801807 1.275274 2.040212 3.563570 6.669141 0.166667
250 61.725792 54.701321 0.000000 1.100834 1.273912 2.107362 3.914423 8.028639 0.166667
251 61.269958 54.794708 0.000000 1.555487 1.285364 2.084412 3.715665 7.146892 0.200000
