%% Trajectory 108
%% frame x (pixel)     y (pixel)    z (pixel)      m0         m1           m2           m3           m4           s 
176 67.205811 63.067623 0.000000 1.207815 1.353248 2.300254 4.299396 8.652468 0.100000
177 67.037674 62.669415 0.000000 0.997989 1.414109 2.510509 4.926266 10.451894 0.193315
178 66.759018 62.494831 0.000000 0.890039 1.213259 1.873281 3.191734 5.924289 0.100000
179 66.593361 62.742661 0.000000 1.186695 1.239693 1.965379 3.475289 6.771732 0.100014
180 66.969070 62.642513 0.000000 1.258468 1.328579 2.254537 4.251020 8.728267 0.126227
182 66.694618 62.163078 0.000000 1.793224 1.373414 2.373970 4.543506 9.435752 0.111135
184 66.633072 62.569798 0.000000 1.795834 1.325331 2.167584 3.891770 7.540523 0.100000
185 66.850967 62.495934 0.000000 1.592130 1.304989 2.150020 3.928827 7.827186 0.125000
186 66.858482 62.232761 0.000000 1.523769 1.305801 2.136084 3.832770 7.401050 0.125000
187 66.733276 62.388802 0.000000 1.967200 1.238412 1.935301 3.308668 6.086007 0.125000
188 66.860138 62.458500 0.000000 2.475730 1.352814 2.297053 4.300735 8.702758 0.142857
189 66.632423 62.345360 0.000000 2.448329 1.312074 2.173458 3.972461 7.861072 0.166667
190 66.760010 62.584106 0.000000 1.686875 1.230028 1.900116 3.213216 5.859423 0.111111
191 66.664688 62.284245 0.000000 2.309357 1.273692 2.040065 3.575336 6.733353 0.111111
192 66.802734 62.637398 0.000000 2.298041 1.349366 2.287248 4.279849 8.670715 0.166667
193 66.683868 62.444035 0.000000 2.224988 1.298871 2.118220 3.773808 7.199799 0.125000
194 66.701988 62.339092 0.000000 2.259482 1.249998 1.999191 3.544943 6.865895 0.125000
195 66.966545 62.683441 0.000000 2.129369 1.342082 2.245382 4.122769 8.141449 0.166667
196 66.839653 62.330647 0.000000 2.533982 1.289973 2.085240 3.684788 6.980427 0.142857
197 66.745483 62.681919 0.000000 2.281579 1.264028 2.013038 3.511625 6.592453 0.111111
198 66.622856 62.675255 0.000000 2.666886 1.312199 2.154433 3.874996 7.489483 0.142857
199 66.696587 62.513760 0.000000 3.272934 1.317509 2.173645 3.940013 7.698113 0.125000
200 66.591293 62.611149 0.000000 3.475983 1.228583 1.905340 3.232577 5.905041 0.166667
201 66.424416 62.587730 0.000000 2.932501 1.325936 2.212499 4.062797 8.050580 0.111111
202 66.524551 62.487373 0.000000 3.301287 1.253730 1.970856 3.389215 6.268351 0.142857
203 66.481583 62.595818 0.000000 3.729599 1.297188 2.101348 3.714492 7.025118 0.200000
204 66.595116 62.534821 0.000000 2.837311 1.295456 2.092789 3.687272 6.949177 0.166667
206 66.592491 62.519089 0.000000 3.389004 1.328284 2.218844 4.093569 8.190943 0.142857
207 66.699448 62.590580 0.000000 3.606446 1.302011 2.123396 3.790013 7.261401 0.172689
208 66.458870 62.327980 0.000000 3.190143 1.342619 2.235572 4.069927 7.940150 0.200000
209 66.637123 62.944244 0.000000 2.902534 1.362628 2.310435 4.298846 8.598228 0.142857
210 66.618309 62.690350 0.000000 3.186883 1.262900 2.014000 3.524190 6.649225 0.142857
211 66.314690 62.660946 0.000000 3.628025 1.270736 2.032403 3.557239 6.690229 0.143722
212 66.564629 62.748398 0.000000 3.206426 1.295461 2.101434 3.728827 7.101941 0.278312
213 66.456940 62.786152 0.000000 3.907289 1.291332 2.089248 3.701838 7.051121 0.200000
214 66.496254 62.653938 0.000000 4.149503 1.352382 2.274402 4.199350 8.351564 0.250000
215 66.432762 62.752666 0.000000 3.957374 1.332797 2.211937 4.014629 7.812319 0.200000
216 66.528488 62.620617 0.000000 3.259988 1.294653 2.091484 3.687515 6.958867 0.142857
218 66.304497 62.730186 0.000000 4.413373 1.298859 2.117587 3.796409 7.347936 0.166667
219 66.545486 62.782513 0.000000 3.801064 1.313074 2.160995 3.904894 7.605601 0.142866
220 66.266502 62.825577 0.000000 4.114234 1.333676 2.220374 4.051326 7.941431 0.166964
221 66.262642 62.627716 0.000000 3.603446 1.290278 2.088675 3.705897 7.074292 0.166667
222 66.525093 62.930305 0.000000 4.012119 1.305872 2.132178 3.817408 7.356519 0.250002
223 66.167923 62.519970 0.000000 4.226155 1.332626 2.224716 4.083964 8.090268 0.142857
224 66.164612 62.611809 0.000000 4.424351 1.368427 2.339128 4.393857 8.886566 0.167148
226 66.186394 62.706089 0.000000 3.697137 1.318645 2.184680 3.968987 7.750088 0.166667
227 65.950760 62.689423 0.000000 3.637589 1.342689 2.251172 4.156149 8.287519 0.142857
228 66.100113 62.193504 0.000000 3.392786 1.334939 2.240924 4.145420 8.282623 0.111111
229 65.841888 62.243168 0.000000 3.003700 1.415327 2.504992 4.905249 10.404163 0.142857
230 66.032120 62.195107 0.000000 2.782174 1.313607 2.196427 4.076326 8.241096 0.142857
231 66.073395 62.379292 0.000000 3.268764 1.366904 2.354012 4.504103 9.386308 0.142857
232 65.912079 62.075157 0.000000 3.286779 1.363794 2.339518 4.440508 9.134846 0.166667
234 65.916275 62.244808 0.000000 2.939834 1.365317 2.374722 4.617019 9.820922 0.100000
235 65.679962 61.844666 0.000000 2.869277 1.350860 2.295423 4.322052 8.848871 0.200000
236 65.741882 62.144878 0.000000 3.015490 1.391335 2.414364 4.628536 9.611031 0.125000
237 65.381058 62.171551 0.000000 2.426602 1.366580 2.362137 4.536262 9.488439 0.142857
239 65.515808 62.072762 0.000000 1.512791 1.391125 2.455491 4.847788 10.481539 0.126764
240 65.609573 62.069210 0.000000 1.731087 1.351034 2.332821 4.476351 9.355439 0.126433
242 64.624954 61.560635 0.000000 2.030001 1.459841 2.658088 5.364282 11.728858 0.166667
244 65.400162 62.381836 0.000000 1.953463 1.543160 2.922163 6.084599 13.599136 0.200000
246 64.462914 62.357899 0.000000 2.014119 1.355835 2.331087 4.472142 9.378945 0.112717
