%% Trajectory 22
%% frame x (pixel)     y (pixel)    z (pixel)      m0         m1           m2           m3           m4           s 
68 27.908344 43.557358 0.000000 1.120533 1.440389 2.619721 5.312273 11.726139 0.199016
70 27.999647 44.618565 0.000000 1.286175 1.361014 2.345225 4.470910 9.227908 0.173711
72 28.016613 44.555988 0.000000 1.203616 1.468837 2.687988 5.454687 11.977413 0.249462
73 27.820040 44.077374 0.000000 1.372806 1.439125 2.591994 5.159985 11.099471 0.200119
74 28.359900 44.218121 0.000000 1.621345 1.385893 2.416103 4.665777 9.761925 0.200105
75 28.196085 44.575962 0.000000 1.770916 1.381288 2.392068 4.586753 9.540286 0.200295
76 28.002678 44.025135 0.000000 1.550763 1.365350 2.379081 4.623518 9.805749 0.200020
77 28.156874 44.341423 0.000000 1.881351 1.429727 2.552835 5.038210 10.752166 0.201421
78 27.947145 44.322746 0.000000 1.578335 1.380713 2.387789 4.563062 9.428509 0.203082
79 27.869070 44.085022 0.000000 1.888347 1.394670 2.455050 4.804352 10.217717 0.200225
80 28.081270 44.434059 0.000000 1.727411 1.538202 2.917160 6.112989 13.810571 0.201056
81 28.140173 44.562607 0.000000 2.144611 1.419493 2.535557 5.029619 10.828311 0.201540
82 28.079952 44.355854 0.000000 2.057183 1.388027 2.407650 4.614843 9.575116 0.200198
83 27.841969 44.309856 0.000000 1.861124 1.340596 2.266227 4.227798 8.529067 0.200000
84 28.091597 43.751236 0.000000 2.017093 1.329909 2.212494 4.040932 7.939958 0.200741
85 27.942966 43.901783 0.000000 2.138932 1.386399 2.423686 4.690822 9.832861 0.200245
86 28.129295 43.987629 0.000000 2.500715 1.419127 2.534071 5.025436 10.823866 0.243162
87 27.857664 43.881405 0.000000 1.878953 1.374895 2.359290 4.461392 9.102247 0.200000
88 27.849600 44.310146 0.000000 1.804650 1.412605 2.486417 4.837446 10.184314 0.166668
90 27.872768 43.753929 0.000000 2.414012 1.345415 2.263108 4.178464 8.299975 0.200000
92 28.121998 43.783592 0.000000 2.417207 1.367116 2.338830 4.397863 8.896937 0.250000
93 28.057249 43.753094 0.000000 2.521763 1.377225 2.393984 4.607777 9.613507 0.250893
94 28.080469 43.934406 0.000000 2.462018 1.387950 2.410302 4.604399 9.462246 0.250000
95 28.195229 44.033691 0.000000 2.571872 1.336012 2.252281 4.200868 8.499692 0.250000
96 28.066235 44.094406 0.000000 2.306773 1.382263 2.400542 4.612165 9.600078 0.250000
97 28.068398 43.718338 0.000000 2.624470 1.356721 2.312135 4.344444 8.817534 0.250000
98 28.137892 43.726658 0.000000 2.755053 1.335461 2.227762 4.079987 8.042627 0.291307
99 28.015446 43.799332 0.000000 2.838766 1.380063 2.393677 4.588609 9.514326 0.250129
100 27.998638 43.753288 0.000000 3.054951 1.370261 2.359756 4.490139 9.243196 0.254859
101 28.047949 43.650715 0.000000 2.897232 1.344159 2.261266 4.180804 8.322515 0.250000
102 28.297279 43.659313 0.000000 2.886198 1.318506 2.175712 3.940407 7.685677 0.386603
103 28.075914 43.687565 0.000000 2.848771 1.425660 2.534961 4.982173 10.586167 0.250001
104 28.151451 43.508446 0.000000 2.401469 1.313934 2.167684 3.932659 7.696954 0.352530
106 28.155666 43.321972 0.000000 3.216308 1.380963 2.369671 4.469830 9.076900 0.200239
107 28.415777 43.456936 0.000000 3.242242 1.387794 2.385542 4.497314 9.110455 0.250001
108 28.425354 43.442539 0.000000 2.794349 1.336605 2.217518 4.012118 7.755984 0.334469
109 28.571068 43.481060 0.000000 3.004421 1.325319 2.190118 3.957793 7.670311 0.359959
110 28.844975 43.628227 0.000000 2.673876 1.405348 2.453871 4.720269 9.804274 0.200109
111 29.117170 43.647217 0.000000 2.384073 1.360313 2.330821 4.433106 9.180940 0.200004
112 29.358889 43.750240 0.000000 3.154824 1.384805 2.386344 4.508757 9.142041 0.203015
114 29.228807 43.917057 0.000000 2.511792 1.399669 2.442842 4.696317 9.736447 0.203487
115 29.488451 43.763378 0.000000 3.061262 1.345118 2.234235 4.040425 7.792783 0.200000
116 29.288807 43.755421 0.000000 2.814421 1.349719 2.278431 4.228088 8.449235 0.356955
117 29.545570 43.801468 0.000000 2.732434 1.382441 2.387230 4.542952 9.333954 0.210988
118 29.528362 43.687061 0.000000 2.295901 1.374894 2.360674 4.475048 9.187140 0.202519
119 29.618317 43.661720 0.000000 2.433052 1.362626 2.320149 4.357247 8.848269 0.200089
120 29.581043 43.715389 0.000000 2.563415 1.421198 2.497735 4.832911 10.086756 0.200000
121 29.839506 43.599319 0.000000 2.031343 1.392070 2.426102 4.664355 9.688349 0.242565
122 29.715965 43.842216 0.000000 2.435631 1.407950 2.468207 4.778911 10.008224 0.250000
123 30.028513 43.866386 0.000000 2.368364 1.375394 2.393326 4.624962 9.716363 0.200000
124 30.521891 43.852158 0.000000 1.917658 1.383427 2.401321 4.619089 9.651577 0.200754
125 30.074913 43.845837 0.000000 1.541792 1.471123 2.716528 5.574142 12.404602 0.200027
126 29.729105 43.630577 0.000000 2.051519 1.521146 2.856046 5.917568 13.219107 0.250000
127 30.249292 43.268303 0.000000 2.073939 1.393432 2.464910 4.880462 10.580177 0.200000
128 30.117296 43.385086 0.000000 2.069334 1.306364 2.163522 3.979194 7.989247 0.265233
