%% Trajectory 77
%% frame x (pixel)     y (pixel)    z (pixel)      m0         m1           m2           m3           m4           s 
201 32.321861 53.419514 0.000000 0.653422 1.439336 2.562050 5.064785 10.894206 0.170690
203 32.868660 53.421696 0.000000 1.076124 1.490708 2.804848 5.857540 13.229433 0.200525
204 33.073975 53.314205 0.000000 1.137017 1.494033 2.745976 5.545491 12.029298 0.204342
206 32.562698 53.445904 0.000000 1.185176 1.579337 3.041643 6.431999 14.577686 0.200000
207 33.168373 53.604153 0.000000 1.101682 1.494723 2.745019 5.535566 11.986939 0.200000
208 32.687946 53.468708 0.000000 1.313731 1.323790 2.194046 4.000854 7.876788 0.200112
209 32.677578 53.588505 0.000000 1.384223 1.493285 2.771886 5.690383 12.612748 0.250007
210 32.578819 53.601906 0.000000 1.251027 1.492652 2.773057 5.691879 12.599442 0.250000
211 32.596508 53.308517 0.000000 1.221680 1.495421 2.754125 5.566918 12.075524 0.266615
212 33.071083 53.585712 0.000000 1.202689 1.348808 2.295898 4.338377 8.927274 0.166667
213 33.026207 53.058987 0.000000 1.106280 1.457682 2.697775 5.589814 12.628811 0.250001
214 32.665482 53.234497 0.000000 1.646034 1.516211 2.839321 5.862576 13.036275 0.250000
215 32.646095 53.488365 0.000000 1.284368 1.509449 2.785981 5.642878 12.261806 0.250000
216 33.012733 53.086208 0.000000 1.578190 1.425497 2.541362 5.008017 10.666237 0.250000
217 32.901802 53.557274 0.000000 1.649614 1.407410 2.468026 4.774800 9.980922 0.200000
218 32.586132 53.759705 0.000000 1.617831 1.413024 2.477684 4.793437 10.024693 0.250000
219 32.386166 53.493595 0.000000 1.342550 1.328343 2.205043 4.025778 7.938237 0.250000
220 32.693562 53.695320 0.000000 1.352866 1.439701 2.572035 5.069365 10.796039 0.250000
221 32.274570 53.539688 0.000000 1.413775 1.439394 2.606704 5.248309 11.480329 0.333333
223 32.405224 53.428558 0.000000 1.604484 1.438604 2.579545 5.113521 10.953343 0.333333
224 32.960411 53.521603 0.000000 1.380811 1.399032 2.478580 4.892375 10.523553 0.333333
225 33.174641 53.082626 0.000000 1.081370 1.470783 2.723789 5.598708 12.458337 0.333333
227 32.628609 53.213707 0.000000 1.021559 1.495908 2.770843 5.657381 12.434712 0.250013
229 32.863838 53.249317 0.000000 1.366537 1.450404 2.613678 5.185372 11.077433 0.333333
230 33.213779 53.320538 0.000000 1.724093 1.493226 2.775445 5.705422 12.660693 0.333333
231 32.780323 53.108135 0.000000 1.563717 1.467366 2.680245 5.412851 11.811211 0.333333
232 32.916973 53.384300 0.000000 1.531608 1.472527 2.686713 5.415658 11.777989 0.333333
233 32.872929 53.606384 0.000000 1.348878 1.367293 2.370959 4.589195 9.716423 0.333333
234 32.711430 53.596218 0.000000 1.166268 1.374462 2.368631 4.511624 9.313555 0.333333
235 32.568089 53.395725 0.000000 1.352828 1.392356 2.384310 4.468639 8.986778 0.250000
237 32.806973 53.297249 0.000000 1.571702 1.428239 2.563397 5.129873 11.194782 0.333333
238 32.242889 52.963860 0.000000 1.336213 1.443983 2.633510 5.355527 11.858641 0.200000
240 33.038967 52.934311 0.000000 1.352546 1.457332 2.664709 5.405188 11.875046 0.200000
241 32.818291 52.825993 0.000000 1.531736 1.437773 2.597649 5.215053 11.374144 0.250000
242 32.578815 52.889553 0.000000 1.428362 1.381867 2.380602 4.503796 9.157940 0.202197
243 32.694870 53.028122 0.000000 1.658990 1.366661 2.350933 4.481483 9.272745 0.200000
244 32.582932 52.921993 0.000000 1.444122 1.436903 2.548983 4.965155 10.397454 0.250000
245 32.679966 53.060902 0.000000 1.621683 1.422073 2.544326 5.062351 10.948911 0.200000
246 32.771568 53.248241 0.000000 1.468987 1.449483 2.636204 5.318854 11.625586 0.200066
247 32.495262 53.104877 0.000000 1.266099 1.424094 2.551038 5.072597 10.938930 0.200000
249 33.274315 52.965584 0.000000 1.978468 1.423761 2.543541 5.023261 10.722250 0.200000
250 33.103912 52.835480 0.000000 1.680200 1.396358 2.445930 4.748446 9.998744 0.166667
251 33.636147 52.918106 0.000000 2.190644 1.426369 2.521689 4.902531 10.253949 0.200000
252 33.682629 52.663670 0.000000 2.363051 1.458230 2.638824 5.263577 11.313729 0.166667
253 33.486481 52.552834 0.000000 1.654777 1.397962 2.435630 4.689157 9.778595 0.166864
254 33.890385 52.488010 0.000000 1.780601 1.369644 2.340817 4.401908 8.923491 0.166667
255 33.727509 52.492950 0.000000 1.788541 1.441344 2.617780 5.291827 11.632676 0.166668
256 33.600842 52.309696 0.000000 1.701344 1.395444 2.429806 4.676832 9.755397 0.203512
257 33.888721 52.357983 0.000000 2.001578 1.343127 2.256156 4.162456 8.268206 0.166667
258 33.913948 52.365974 0.000000 1.290041 1.377430 2.380422 4.556151 9.463593 0.171214
259 34.211170 51.878536 0.000000 1.352691 1.400763 2.450525 4.731499 9.871306 0.166944
260 34.144939 51.754887 0.000000 1.823640 1.390489 2.395283 4.528184 9.197701 0.200107
261 34.384773 52.119690 0.000000 1.431823 1.505566 2.837321 5.928710 13.392158 0.166667
262 34.373837 52.552757 0.000000 1.345728 1.349996 2.261706 4.154433 8.205109 0.255345
263 34.634598 52.674438 0.000000 1.267935 1.421652 2.527764 4.987134 10.689241 0.166667
265 34.747478 53.376244 0.000000 1.121035 1.336480 2.283337 4.364304 9.155231 0.200317
266 34.542812 53.408287 0.000000 1.300510 1.284113 2.078496 3.704506 7.148948 0.285337
