%% Trajectory 69
%% frame x (pixel)     y (pixel)    z (pixel)      m0         m1           m2           m3           m4           s 
109 61.905090 93.831154 0.000000 1.020913 1.369871 2.386430 4.621413 9.740824 0.128715
110 61.722843 93.528442 0.000000 1.155068 1.328403 2.286893 4.455267 9.624889 0.109068
111 62.115681 92.976204 0.000000 1.036196 1.371530 2.377689 4.583241 9.627282 0.142857
112 61.823128 93.444443 0.000000 1.275666 1.271409 2.033786 3.581523 6.826297 0.131072
114 61.410683 93.512833 0.000000 1.339396 1.263146 2.027885 3.578513 6.815771 0.137113
116 62.085922 93.428810 0.000000 1.393497 1.353882 2.329306 4.466933 9.349447 0.142857
117 61.982834 93.301323 0.000000 1.767514 1.373017 2.367461 4.504734 9.264247 0.150090
118 61.798161 93.228035 0.000000 1.503129 1.278969 2.082135 3.753028 7.361578 0.132421
119 61.957573 93.137405 0.000000 2.107639 1.307934 2.168372 3.990379 8.001370 0.100244
120 61.660973 93.290115 0.000000 1.675194 1.301796 2.133285 3.845347 7.484612 0.121338
121 61.689262 93.201080 0.000000 1.991161 1.333995 2.219837 4.056874 7.984354 0.125005
122 61.716499 93.443054 0.000000 2.464499 1.258776 2.010720 3.546220 6.799858 0.115618
123 61.640827 93.160927 0.000000 2.511245 1.381388 2.385736 4.541784 9.335217 0.141679
124 61.562595 93.425987 0.000000 2.297913 1.281015 2.073132 3.700243 7.165005 0.084785
125 61.831818 93.227325 0.000000 2.595072 1.330795 2.226642 4.100354 8.145978 0.215542
126 61.744370 93.569702 0.000000 2.529905 1.293497 2.093709 3.720823 7.132494 0.100033
127 61.467617 93.192932 0.000000 2.343844 1.305534 2.122613 3.762559 7.129633 0.170899
128 61.596664 93.269348 0.000000 3.042911 1.306720 2.158618 3.947988 7.857715 0.100000
129 61.737045 93.419228 0.000000 2.486602 1.240693 1.941059 3.321323 6.112625 0.099959
130 61.603733 93.389786 0.000000 2.289545 1.264857 2.007190 3.481520 6.482076 0.105898
131 61.671822 93.514870 0.000000 3.067449 1.287845 2.072580 3.640512 6.846969 0.071429
132 61.556732 93.619141 0.000000 2.606792 1.251498 1.970284 3.390973 6.269908 0.116645
133 61.574482 93.585320 0.000000 2.992460 1.266632 2.013638 3.506086 6.571786 0.100313
134 61.900742 93.380371 0.000000 2.474626 1.295424 2.105595 3.749280 7.178598 0.093253
135 61.702797 93.478722 0.000000 1.864641 1.325290 2.216792 4.092712 8.182619 0.097622
136 61.696232 93.385925 0.000000 2.508212 1.274280 2.046314 3.612463 6.889629 0.100000
137 61.674828 93.179459 0.000000 2.541071 1.374189 2.383086 4.592026 9.634179 0.172294
138 61.644947 93.261017 0.000000 2.466908 1.366359 2.347632 4.472586 9.265459 0.095712
139 61.733566 93.534737 0.000000 2.594701 1.279935 2.054595 3.618310 6.871895 0.177192
140 61.745247 93.364708 0.000000 2.616823 1.297089 2.107189 3.751004 7.179833 0.138585
141 61.578197 93.339470 0.000000 2.693637 1.252097 1.974650 3.405820 6.312455 0.098168
142 61.358036 93.559082 0.000000 3.045283 1.236221 1.928406 3.291918 6.049914 0.090946
143 61.514301 93.335175 0.000000 3.542746 1.274094 2.038462 3.563344 6.677784 0.071429
144 61.452030 93.380821 0.000000 3.882042 1.283411 2.061245 3.617203 6.805919 0.076923
145 61.509285 93.417931 0.000000 3.058884 1.268180 2.021945 3.523517 6.587511 0.100058
146 61.607998 93.337128 0.000000 3.017648 1.295815 2.103923 3.750540 7.210693 0.092474
147 61.607658 93.443451 0.000000 3.493857 1.279576 2.053286 3.597242 6.751269 0.076923
148 61.597359 93.490807 0.000000 3.094406 1.282720 2.062125 3.619862 6.806222 0.126396
149 61.589447 93.434822 0.000000 3.150227 1.289505 2.078016 3.654859 6.882206 0.112358
150 61.591488 93.297569 0.000000 3.488957 1.286345 2.084480 3.718996 7.182130 0.090934
151 61.288826 93.389267 0.000000 3.230729 1.274522 2.038479 3.562608 6.677320 0.111636
152 61.408829 93.463135 0.000000 3.771181 1.292734 2.086579 3.675425 6.930014 0.090909
153 61.352001 93.449471 0.000000 3.536669 1.302934 2.122753 3.785261 7.248879 0.101810
154 61.363441 93.588776 0.000000 3.557033 1.315997 2.142911 3.804325 7.220609 0.090923
155 60.912960 93.619507 0.000000 3.423912 1.317871 2.179898 3.976617 7.856632 0.100059
156 61.209240 93.626305 0.000000 3.862492 1.340484 2.236259 4.086372 8.018630 0.100000
157 61.282047 93.433197 0.000000 4.099370 1.292652 2.086913 3.676489 6.931983 0.111111
159 61.015079 93.314110 0.000000 3.389357 1.338129 2.237622 4.101021 8.073023 0.189238
160 60.740814 93.450386 0.000000 3.171919 1.261740 2.005555 3.487146 6.514335 0.112778
161 60.746555 93.276825 0.000000 3.620811 1.392823 2.446119 4.780441 10.175132 0.100000
162 60.773548 93.166000 0.000000 3.469786 1.308017 2.158923 3.928510 7.735181 0.125100
163 60.546909 93.118408 0.000000 3.095035 1.338706 2.228425 4.063782 7.961400 0.178675
164 60.549797 93.100525 0.000000 3.446587 1.342211 2.255970 4.168152 8.296041 0.223266
165 60.572533 93.138870 0.000000 3.641707 1.317070 2.175859 3.945107 7.696827 0.090909
166 60.449669 93.187828 0.000000 3.097826 1.319467 2.180688 3.955910 7.727283 0.111226
167 60.517063 92.840965 0.000000 3.393646 1.286747 2.093845 3.760547 7.327248 0.111111
168 60.382942 92.745415 0.000000 3.481354 1.309481 2.160954 3.947050 7.845878 0.100000
169 60.527145 92.999588 0.000000 3.337363 1.357604 2.317466 4.383042 9.012433 0.111111
171 60.698349 92.768196 0.000000 3.087351 1.327117 2.198673 3.983101 7.733032 0.116296
172 60.180466 92.766022 0.000000 3.214751 1.351256 2.286916 4.265210 8.598432 0.111111
173 60.389046 92.525246 0.000000 2.933929 1.301317 2.119591 3.770293 7.180861 0.091783
174 60.619560 92.255814 0.000000 3.131423 1.327215 2.230549 4.157347 8.436587 0.090910
175 61.116306 92.137779 0.000000 3.251607 1.483111 2.738998 5.586822 12.290205 0.100071
176 61.346210 92.258347 0.000000 2.928419 1.518284 2.821045 5.760584 12.641343 0.100007
177 61.276726 92.281853 0.000000 3.165064 1.436048 2.566963 5.056350 10.741463 0.111111
178 61.008183 92.274040 0.000000 3.088006 1.432681 2.566360 5.088408 10.918523 0.101354
179 61.484146 92.049561 0.000000 2.742811 1.470205 2.704036 5.499662 12.082937 0.091692
180 61.317467 91.758820 0.000000 3.087939 1.408225 2.491514 4.895585 10.456180 0.173829
181 61.729977 91.774902 0.000000 2.846060 1.435385 2.582572 5.144449 11.090002 0.112159
182 62.078102 92.125633 0.000000 2.583452 1.403449 2.460094 4.771573 10.032171 0.112555
184 62.190899 91.585823 0.000000 2.193720 1.489234 2.761400 5.665636 12.552544 0.114202
186 61.830940 92.148842 0.000000 1.242218 1.558443 3.010127 6.410366 14.664971 0.157802
188 61.893253 92.452080 0.000000 1.321342 1.527639 2.896804 6.061553 13.656356 0.135077
