%% Trajectory 20
%% frame x (pixel)     y (pixel)    z (pixel)      m0         m1           m2           m3           m4           s 
57 69.180420 48.932507 0.000000 0.904283 1.324290 2.222877 4.140886 8.399937 0.290523
59 69.207977 49.233921 0.000000 0.871000 1.444092 2.593667 5.147469 11.048080 0.308445
60 68.718124 48.854408 0.000000 0.898504 1.418118 2.526718 4.975779 10.591378 0.266299
62 69.030022 48.810947 0.000000 1.249877 1.429446 2.567482 5.116098 11.051288 0.200001
63 68.932861 48.569771 0.000000 1.039110 1.434186 2.563947 5.061354 10.791260 0.253954
64 69.416550 48.833328 0.000000 1.140838 1.319123 2.168015 3.895542 7.501763 0.200032
65 69.294342 48.845928 0.000000 0.822638 1.373442 2.372597 4.542571 9.434189 0.486720
66 69.576820 48.896465 0.000000 1.099635 1.374285 2.374465 4.567563 9.596665 0.357076
67 69.358177 48.664265 0.000000 1.159532 1.397407 2.434221 4.684613 9.765310 0.498621
68 69.296928 48.850952 0.000000 0.970012 1.614664 3.194535 6.948071 16.206112 0.206935
69 69.247002 48.842682 0.000000 1.172355 1.402730 2.465356 4.809282 10.202674 0.274602
70 69.211945 48.283340 0.000000 1.178900 1.368368 2.343929 4.436240 9.101289 0.200068
71 69.123848 48.738850 0.000000 1.269349 1.467291 2.679404 5.403167 11.755177 0.204016
72 68.675568 48.366280 0.000000 1.101674 1.420908 2.525678 4.963034 10.549927 0.250000
73 68.939964 48.311169 0.000000 1.281589 1.481653 2.726062 5.553976 12.233722 0.320203
74 69.281425 48.234592 0.000000 1.346775 1.451520 2.608922 5.158764 10.980535 0.250005
75 68.915688 48.275433 0.000000 1.400639 1.478502 2.722051 5.532240 12.117648 0.255939
76 68.867508 48.312950 0.000000 1.204816 1.423630 2.550553 5.074811 10.961919 0.250004
77 69.160439 47.659283 0.000000 1.230945 1.414101 2.518356 4.981578 10.701683 0.205560
78 69.043434 48.137650 0.000000 1.428401 1.501003 2.817632 5.859055 13.170416 0.294428
79 68.595459 48.354488 0.000000 1.401450 1.481523 2.723556 5.544713 12.206204 0.250000
81 68.822166 48.199642 0.000000 1.304123 1.465750 2.672637 5.391593 11.761354 0.273557
82 68.916183 47.622799 0.000000 1.470637 1.407277 2.460390 4.728485 9.776560 0.250083
83 68.739990 47.921871 0.000000 1.756385 1.392881 2.433801 4.702909 9.837525 0.250000
84 68.610161 47.749428 0.000000 1.850015 1.468313 2.691035 5.470707 12.048126 0.285563
85 68.910225 47.700153 0.000000 1.757910 1.440318 2.582082 5.116261 10.958243 0.200004
86 68.608109 48.036209 0.000000 1.481384 1.393225 2.415352 4.602885 9.439390 0.200000
87 68.810509 47.454590 0.000000 1.302276 1.488235 2.761751 5.672390 12.588675 0.212877
88 68.557114 47.719963 0.000000 1.569744 1.369549 2.331109 4.350208 8.723125 0.250000
89 68.257553 47.930668 0.000000 1.548388 1.498965 2.764842 5.612491 12.250110 0.200000
90 68.608826 47.688160 0.000000 1.248494 1.424763 2.510411 4.854604 10.078239 0.383261
91 68.531143 47.614815 0.000000 1.740415 1.496793 2.744761 5.520152 11.905025 0.250000
92 68.544815 47.631630 0.000000 1.472517 1.359591 2.317276 4.352880 8.832924 0.250080
94 67.860428 47.868980 0.000000 1.385466 1.431584 2.554324 5.024103 10.656673 0.313610
95 68.252159 47.811138 0.000000 1.269413 1.489672 2.771436 5.707774 12.696497 0.200011
96 67.936691 48.285831 0.000000 1.158788 1.549907 2.961766 6.228781 14.065485 0.204395
98 67.896667 47.812992 0.000000 1.301242 1.407325 2.478779 4.837775 10.244716 0.250037
99 67.742767 48.091488 0.000000 1.435495 1.492780 2.765098 5.656636 12.482716 0.250017
101 67.496635 47.876896 0.000000 1.318186 1.419291 2.528248 4.992807 10.698661 0.250000
102 67.482567 47.426380 0.000000 1.148784 1.422990 2.515723 4.900438 10.287032 0.250000
103 67.304031 47.776012 0.000000 1.291918 1.434234 2.544250 4.947380 10.318777 0.250000
104 67.742294 48.198193 0.000000 0.977694 1.505020 2.828592 5.879629 13.187606 0.166667
105 67.518906 47.659679 0.000000 1.105319 1.461039 2.656961 5.338986 11.577467 0.200000
106 67.474052 47.540062 0.000000 1.125682 1.474987 2.685254 5.379379 11.596859 0.200000
107 66.891953 47.995403 0.000000 1.001187 1.484701 2.776192 5.789397 13.121272 0.200000
108 66.650459 47.614937 0.000000 1.035517 1.375563 2.375067 4.534558 9.380178 0.167337
109 67.216446 47.420204 0.000000 0.993703 1.374671 2.356904 4.445965 9.044972 0.168624
