%% Trajectory 45
%% frame x (pixel)     y (pixel)    z (pixel)      m0         m1           m2           m3           m4           s 
112 76.517723 76.691124 0.000000 1.557135 1.413666 2.571985 5.245757 11.689576 0.168149
114 77.015884 77.630600 0.000000 1.478094 1.583317 3.119813 6.789829 15.882860 0.190953
116 77.263054 77.396111 0.000000 1.518972 1.515989 2.878980 6.072596 13.862089 0.166667
118 77.200699 77.424431 0.000000 1.747305 1.518366 2.927347 6.325109 14.873221 0.205521
119 76.964722 77.066689 0.000000 2.479989 1.512621 2.844711 5.916015 13.273218 0.250127
120 76.872955 77.363945 0.000000 1.862643 1.578274 3.091347 6.699869 15.653277 0.200000
122 77.130905 76.662819 0.000000 2.730348 1.531054 2.901484 6.083510 13.770536 0.200000
124 76.839981 76.720543 0.000000 2.689780 1.531913 2.899417 6.078496 13.773517 0.250000
125 76.539421 76.802940 0.000000 2.299036 1.512322 2.887895 6.172777 14.368237 0.289919
127 77.039398 76.589394 0.000000 3.348959 1.557192 3.000666 6.397272 14.705389 0.333333
129 76.830116 76.594986 0.000000 3.113802 1.537310 2.940995 6.267396 14.492626 0.333333
130 76.749489 76.751404 0.000000 2.822423 1.436519 2.607883 5.299471 11.771457 0.559445
131 76.713814 76.544792 0.000000 3.178995 1.571714 3.038066 6.479506 14.863771 0.333334
132 76.739975 76.445114 0.000000 2.884642 1.437507 2.580804 5.120569 10.974075 0.345252
134 77.032417 76.660172 0.000000 3.075183 1.520979 2.886983 6.083944 13.873023 0.333334
135 77.043686 76.478920 0.000000 2.793377 1.539714 2.951583 6.279282 14.451483 0.250334
136 76.755867 76.646591 0.000000 3.350163 1.500663 2.809815 5.840968 13.149384 0.333333
137 76.603012 76.638756 0.000000 4.054270 1.568080 3.041209 6.540697 15.196257 0.333333
139 76.644753 77.070122 0.000000 3.184139 1.540377 2.990173 6.477270 15.219487 0.250000
140 76.897316 76.595711 0.000000 3.755701 1.528519 2.901381 6.102655 13.875924 0.333333
141 76.697838 76.856148 0.000000 3.224536 1.460802 2.682509 5.481757 12.166840 0.166667
142 76.741783 76.504753 0.000000 3.820282 1.542349 2.962441 6.312576 14.535266 0.333333
143 76.696152 75.829552 0.000000 4.048504 1.542487 2.993097 6.484961 15.249254 0.250000
145 76.677696 76.597488 0.000000 4.051221 1.483865 2.761033 5.724929 12.904505 0.250000
146 76.693108 76.338692 0.000000 4.650645 1.513451 2.862451 6.028761 13.781163 0.333333
148 76.868904 76.672379 0.000000 3.970985 1.468521 2.697535 5.504061 12.181150 0.251747
149 76.961334 75.915367 0.000000 4.054658 1.486343 2.774550 5.756938 12.942744 0.500053
150 77.096855 75.894913 0.000000 4.838975 1.465398 2.697762 5.522807 12.275558 0.250000
152 77.142677 76.494576 0.000000 4.810196 1.540981 2.918673 6.095012 13.699910 0.333333
153 76.888725 75.894585 0.000000 5.024402 1.502717 2.824549 5.898757 13.343525 0.333333
154 76.978493 76.192917 0.000000 4.346663 1.516153 2.851185 5.924904 13.277059 0.333333
155 77.121635 75.687019 0.000000 4.750049 1.481140 2.733785 5.582696 12.324299 0.333333
156 76.812256 75.535797 0.000000 5.038345 1.515627 2.875703 6.068419 13.882627 0.250000
158 76.809868 75.423676 0.000000 5.034735 1.519038 2.863792 5.969707 13.426244 0.333333
159 76.954964 75.373886 0.000000 4.409398 1.481998 2.734770 5.597434 12.409161 0.333333
160 76.704147 75.403328 0.000000 4.759327 1.460368 2.676360 5.465310 12.148609 0.500000
161 76.820854 75.198044 0.000000 5.008665 1.424622 2.536295 4.998587 10.669780 0.513209
162 76.657692 75.426941 0.000000 4.544165 1.406458 2.477523 4.826777 10.183939 0.333333
163 76.759155 75.188156 0.000000 4.572251 1.505414 2.825302 5.893091 13.323575 0.500000
164 76.882233 74.813499 0.000000 4.626380 1.582749 3.095390 6.687262 15.549175 0.500000
165 76.858780 75.190811 0.000000 3.861548 1.531489 2.930232 6.234401 14.370895 0.500000
166 76.664162 75.232300 0.000000 4.384120 1.514992 2.846669 5.933155 13.389095 0.500000
167 76.709396 74.691093 0.000000 4.544963 1.487773 2.752198 5.647820 12.558196 0.500000
168 76.562889 74.547516 0.000000 4.413193 1.467291 2.666458 5.343644 11.543689 0.500000
169 76.602409 74.657623 0.000000 3.471198 1.433222 2.554431 5.023460 10.662053 0.250000
170 76.574326 74.825706 0.000000 3.535798 1.351127 2.282796 4.244961 8.517694 0.333333
172 76.276146 74.562248 0.000000 3.418202 1.462688 2.639609 5.255577 11.301151 0.250000
173 76.275078 73.987221 0.000000 3.782475 1.535651 2.916270 6.134481 13.954383 0.500000
175 76.422363 73.826225 0.000000 2.742695 1.470872 2.689194 5.443684 11.934686 0.200000
177 76.141808 74.834694 0.000000 2.048373 1.440557 2.597965 5.184457 11.186479 0.200004
