%% Trajectory 20
%% frame x (pixel)     y (pixel)    z (pixel)      m0         m1           m2           m3           m4           s 
99 33.458191 42.960587 0.000000 1.537890 1.388350 2.426797 4.708032 9.921608 0.146105
100 33.624420 42.758488 0.000000 1.834496 1.424779 2.536744 4.978515 10.521666 0.184206
102 33.599415 42.638420 0.000000 1.751199 1.499400 2.786163 5.709295 12.590316 0.166691
103 33.754158 42.689949 0.000000 1.925686 1.461604 2.673131 5.391762 11.702539 0.187050
104 33.443790 43.036072 0.000000 1.932643 1.343123 2.282992 4.315712 8.897956 0.166671
105 33.464851 42.920231 0.000000 1.600048 1.427902 2.565090 5.106741 10.999823 0.166669
106 33.554741 42.984356 0.000000 1.815862 1.420303 2.538388 5.030217 10.799321 0.167303
107 33.419983 43.071262 0.000000 2.082070 1.454800 2.648587 5.345314 11.672157 0.154992
108 33.424435 43.232315 0.000000 1.773808 1.408456 2.476393 4.812454 10.114768 0.277820
109 33.578941 43.042778 0.000000 1.670982 1.467049 2.701988 5.523530 12.217232 0.142857
110 33.697865 43.216351 0.000000 2.253120 1.427385 2.547589 5.038502 10.795752 0.166667
111 33.466320 43.050587 0.000000 2.473618 1.402418 2.472670 4.833424 10.237814 0.142907
112 33.345989 43.185680 0.000000 1.974502 1.402745 2.462326 4.766865 9.952368 0.142864
113 33.507420 43.020618 0.000000 2.008203 1.402336 2.483463 4.881386 10.405078 0.125010
114 33.399769 43.328098 0.000000 2.256894 1.331009 2.223308 4.077741 8.049129 0.157796
115 33.502522 43.161472 0.000000 2.529976 1.375790 2.365236 4.479359 9.147320 0.152427
116 33.618820 43.077324 0.000000 2.442444 1.493467 2.774033 5.691243 12.582339 0.145073
117 33.689518 43.473186 0.000000 2.554611 1.417398 2.542341 5.087931 11.104359 0.127612
118 33.369186 43.351295 0.000000 2.660262 1.399379 2.459571 4.795015 10.145774 0.143295
119 33.447891 43.530029 0.000000 2.787711 1.358089 2.330883 4.447088 9.246573 0.125026
120 33.572517 43.345287 0.000000 2.904716 1.402889 2.454569 4.732121 9.835979 0.128895
121 33.574593 43.299755 0.000000 2.631635 1.386699 2.420693 4.675091 9.773471 0.127015
122 33.573784 43.265827 0.000000 2.657274 1.391710 2.439481 4.736873 9.966106 0.125285
123 33.491009 43.534470 0.000000 2.646689 1.336570 2.243422 4.148993 8.291232 0.129872
124 33.291698 43.309875 0.000000 3.086015 1.360433 2.316384 4.339440 8.764254 0.285273
125 33.418674 43.415749 0.000000 2.809186 1.375026 2.381306 4.567372 9.510053 0.246845
126 33.417316 43.416367 0.000000 3.143618 1.402564 2.474526 4.840046 10.269556 0.129941
127 33.495491 43.394932 0.000000 3.103606 1.375372 2.393740 4.624258 9.706470 0.142858
128 33.460629 43.444080 0.000000 3.152948 1.384999 2.419654 4.690677 9.878217 0.127301
129 32.982578 43.616817 0.000000 2.781300 1.385265 2.439818 4.810328 10.387952 0.115685
130 33.313545 43.492409 0.000000 3.040583 1.444938 2.638906 5.394351 12.043785 0.111111
131 33.310951 43.543457 0.000000 3.222219 1.399051 2.454100 4.765327 10.028289 0.142857
132 33.521854 43.455315 0.000000 3.311430 1.406282 2.497727 4.951343 10.711800 0.125001
133 33.485313 43.571857 0.000000 3.077541 1.412187 2.536647 5.099096 11.204295 0.146907
134 33.494690 43.605808 0.000000 3.385743 1.393569 2.456243 4.825508 10.345517 0.125000
135 33.345783 43.519608 0.000000 2.579676 1.387728 2.456915 4.884354 10.659807 0.125104
136 33.301750 43.541161 0.000000 3.280399 1.401172 2.487760 4.939542 10.727453 0.142857
137 33.161438 43.675549 0.000000 3.124485 1.367772 2.371661 4.583569 9.675056 0.125000
138 33.347874 43.722443 0.000000 3.346421 1.370242 2.366057 4.535350 9.464005 0.142857
139 32.892990 43.646801 0.000000 2.868731 1.367802 2.392357 4.697608 10.136316 0.166998
140 33.472221 43.613613 0.000000 2.954901 1.508778 2.838621 5.923938 13.371261 0.200001
141 33.217022 43.497089 0.000000 2.917173 1.448811 2.645322 5.353832 11.725140 0.166764
142 33.077774 43.572926 0.000000 2.724038 1.363276 2.388314 4.718903 10.284865 0.166768
143 33.219730 43.573673 0.000000 3.255718 1.441836 2.623696 5.313803 11.692817 0.166671
144 32.894226 43.565414 0.000000 2.823180 1.379629 2.443450 4.869352 10.666644 0.166667
145 33.163925 43.783573 0.000000 3.384161 1.478945 2.737416 5.611828 12.430189 0.166667
146 32.852673 43.760597 0.000000 3.243362 1.426148 2.569797 5.153565 11.241024 0.166669
147 33.277561 43.704521 0.000000 3.907760 1.415820 2.525039 5.002659 10.764266 0.166673
148 33.275173 43.747223 0.000000 3.501295 1.464653 2.701372 5.540279 12.326690 0.212460
149 33.278736 43.820148 0.000000 3.473866 1.524555 2.881273 6.004790 13.465826 0.166667
150 32.816151 43.943375 0.000000 3.255526 1.422990 2.534961 4.998015 10.673152 0.166667
151 32.881901 43.862965 0.000000 3.703988 1.417176 2.527978 5.009985 10.795240 0.166671
152 32.974648 44.026909 0.000000 3.654869 1.434250 2.586919 5.180971 11.258060 0.291361
153 32.884529 43.896530 0.000000 3.487609 1.450845 2.647801 5.369481 11.824570 0.291661
154 33.074776 43.866756 0.000000 3.767434 1.462447 2.697251 5.531199 12.308983 0.166739
155 33.187859 44.040779 0.000000 4.199790 1.471608 2.710348 5.534199 12.228358 0.166667
156 32.962784 44.033379 0.000000 3.476482 1.450389 2.648993 5.382423 11.874001 0.166708
157 32.869408 43.937225 0.000000 3.477462 1.457631 2.682290 5.492961 12.219880 0.243840
158 33.163010 43.999050 0.000000 3.714676 1.495990 2.801460 5.811634 13.033568 0.237882
159 32.800941 43.991871 0.000000 3.687549 1.401341 2.476781 4.861347 10.366782 0.166742
160 33.267017 44.191818 0.000000 3.415310 1.444856 2.619241 5.286694 11.606930 0.166689
161 32.759510 43.950115 0.000000 3.385429 1.395362 2.467446 4.861485 10.435562 0.258794
162 32.608513 44.001087 0.000000 3.039658 1.386917 2.431829 4.737973 10.042319 0.200028
163 32.800983 43.995590 0.000000 2.878858 1.428641 2.567665 5.123753 11.099620 0.166667
164 32.890667 44.141392 0.000000 2.811235 1.373983 2.387950 4.628832 9.809786 0.166696
165 32.791683 44.154385 0.000000 2.786555 1.407769 2.504990 4.978674 10.812785 0.200000
166 32.557781 44.154228 0.000000 2.577026 1.301425 2.134130 3.871963 7.645807 0.142895
167 32.784019 44.176373 0.000000 3.235701 1.357900 2.331562 4.458846 9.314406 0.169278
168 32.739594 44.234745 0.000000 3.292422 1.389788 2.451101 4.846616 10.515593 0.143036
169 32.725250 44.191368 0.000000 3.069550 1.354796 2.317600 4.406430 9.135464 0.144526
170 32.804119 44.164677 0.000000 3.172671 1.382620 2.424901 4.746503 10.154366 0.167001
171 32.690826 44.060234 0.000000 3.378456 1.411388 2.517605 4.986965 10.722076 0.142858
172 32.510181 44.191696 0.000000 3.144644 1.330624 2.251885 4.256851 8.822776 0.142932
173 32.695251 44.338066 0.000000 3.124791 1.356946 2.326938 4.438902 9.240216 0.142864
174 32.384201 44.177006 0.000000 3.023800 1.357100 2.330498 4.454872 9.291998 0.142938
175 32.658497 44.161968 0.000000 3.318571 1.333743 2.259341 4.268006 8.829116 0.144824
176 32.439571 44.229694 0.000000 3.445476 1.330286 2.234545 4.158276 8.417248 0.166828
177 32.557690 44.164967 0.000000 3.757548 1.290338 2.081945 3.671253 6.942177 0.143942
178 32.575451 44.176083 0.000000 3.545730 1.347292 2.302239 4.386621 9.142334 0.143511
179 32.600323 44.194111 0.000000 3.997544 1.305728 2.135387 3.830772 7.398951 0.186948
180 32.600868 44.266392 0.000000 3.952017 1.340033 2.239439 4.101965 8.074158 0.167026
181 32.497593 44.179363 0.000000 3.711226 1.314280 2.168617 3.943762 7.763265 0.166668
182 32.498493 44.235622 0.000000 3.360213 1.320186 2.196893 4.031551 8.004748 0.142884
183 32.472153 44.166782 0.000000 3.809024 1.308846 2.146552 3.857373 7.450146 0.200000
184 32.507111 44.126923 0.000000 3.843676 1.355442 2.299813 4.292917 8.642150 0.182886
185 32.617592 44.215847 0.000000 3.706300 1.349182 2.266930 4.180414 8.295460 0.200000
186 32.536293 44.180595 0.000000 4.217951 1.366715 2.349887 4.479105 9.278936 0.200992
187 32.566711 44.129642 0.000000 4.064090 1.298892 2.103660 3.717722 7.030306 0.166667
188 32.460751 44.166836 0.000000 3.700780 1.294656 2.102415 3.746500 7.191955 0.200000
189 32.545040 44.063503 0.000000 3.226604 1.311926 2.166496 3.944567 7.774496 0.200044
190 32.412685 44.115952 0.000000 3.358530 1.331398 2.211619 4.023334 7.856358 0.200000
191 32.607998 43.871506 0.000000 3.214658 1.282925 2.060848 3.616420 6.801269 0.201711
192 32.455719 43.960224 0.000000 3.510877 1.311522 2.155278 3.882786 7.520991 0.209474
193 32.607288 44.119942 0.000000 3.292783 1.291928 2.089375 3.688304 6.968393 0.174352
194 32.584679 44.107800 0.000000 2.962030 1.303346 2.130053 3.816986 7.358899 0.232335
195 32.520294 43.996490 0.000000 3.186370 1.293742 2.112424 3.798897 7.388700 0.200000
196 32.772511 44.102169 0.000000 3.520715 1.327729 2.211985 4.053725 8.016168 0.200000
197 32.650581 44.080399 0.000000 3.614597 1.289983 2.085698 3.687459 6.993676 0.200013
198 32.699001 44.117115 0.000000 3.314803 1.310141 2.148854 3.862981 7.468344 0.224211
199 32.656281 43.939636 0.000000 2.923119 1.298834 2.126346 3.837759 7.500132 0.244180
200 32.525661 44.264683 0.000000 3.307835 1.257185 1.983126 3.419212 6.332210 0.364303
201 32.624653 44.247807 0.000000 3.428481 1.266355 2.014125 3.500567 6.527480 0.166667
202 32.712078 44.337814 0.000000 3.355278 1.272402 2.026351 3.525062 6.577609 0.166667
203 32.837845 44.450279 0.000000 3.064617 1.260114 2.010559 3.536974 6.754855 0.232404
204 32.932487 44.654236 0.000000 3.550194 1.345291 2.274904 4.250654 8.607189 0.142935
205 32.919189 44.651154 0.000000 3.115093 1.309110 2.156728 3.917115 7.700693 0.125266
206 33.032341 44.666862 0.000000 3.088513 1.318932 2.212086 4.126385 8.404302 0.142858
207 33.090561 44.728649 0.000000 3.016825 1.293397 2.112033 3.793256 7.355780 0.245469
208 33.287491 44.664227 0.000000 2.968430 1.242292 1.950605 3.351069 6.189709 0.191669
209 33.170227 44.667465 0.000000 2.802772 1.295209 2.101645 3.729590 7.099059 0.136191
210 33.301361 44.834614 0.000000 2.614892 1.258108 1.997887 3.481205 6.541458 0.166670
211 33.250641 44.886551 0.000000 2.779510 1.310765 2.155853 3.890520 7.553861 0.171480
212 33.363750 44.803043 0.000000 3.177204 1.283264 2.062690 3.626349 6.845438 0.208774
213 33.545273 44.821461 0.000000 3.420561 1.312441 2.168236 3.948458 7.784383 0.143107
214 33.496040 44.738792 0.000000 3.011941 1.300353 2.117824 3.785339 7.292418 0.159868
215 33.490891 44.681618 0.000000 2.823653 1.270302 2.024491 3.524666 6.581784 0.142857
216 33.691471 44.968140 0.000000 2.610978 1.319709 2.206138 4.086708 8.228312 0.143942
217 33.779507 44.793007 0.000000 2.582222 1.277597 2.061114 3.653073 6.985888 0.142857
218 33.610420 44.647552 0.000000 2.446161 1.251615 1.973588 3.410591 6.353629 0.125000
220 33.950687 45.373917 0.000000 1.983083 1.325491 2.227645 4.151210 8.418311 0.142857
221 33.827091 45.312721 0.000000 2.007295 1.250087 1.973839 3.412394 6.346149 0.142857
222 33.853287 45.662849 0.000000 2.246053 1.349188 2.279674 4.246489 8.549448 0.125000
223 33.821789 46.072926 0.000000 1.905106 1.439903 2.622408 5.326214 11.771619 0.125165
224 33.864021 46.193199 0.000000 2.141789 1.390061 2.443138 4.770320 10.127635 0.131704
225 33.909428 46.642963 0.000000 1.922118 1.365036 2.348806 4.474627 9.253537 0.167356
226 33.540825 46.182217 0.000000 1.717729 1.378979 2.388809 4.589464 9.585706 0.139768
227 33.410076 46.692020 0.000000 2.290184 1.347190 2.274359 4.239123 8.563250 0.125643
228 33.596951 46.347839 0.000000 2.083548 1.363747 2.308949 4.285516 8.546301 0.111111
