%% Trajectory 23
%% frame x (pixel)     y (pixel)    z (pixel)      m0         m1           m2           m3           m4           s 
88 68.454010 38.638557 0.000000 0.564142 1.316586 2.173551 3.946520 7.733010 0.142942
90 68.774857 39.123306 0.000000 0.741403 1.374675 2.376054 4.546706 9.435843 0.167260
92 68.592712 38.995937 0.000000 0.901286 1.352337 2.297348 4.314009 8.772641 0.269805
93 69.039581 38.536430 0.000000 1.048910 1.283131 2.070693 3.665143 6.987467 0.142859
94 68.947906 38.416782 0.000000 1.120222 1.249001 1.974204 3.423144 6.397807 0.200000
95 68.970245 38.708660 0.000000 1.184346 1.294508 2.126018 3.844405 7.510365 0.200000
96 68.988556 38.665897 0.000000 1.231327 1.304474 2.144129 3.875688 7.554389 0.166675
97 68.579460 38.834450 0.000000 1.238866 1.334571 2.252961 4.204767 8.505131 0.200054
98 68.923111 38.522770 0.000000 1.526742 1.349613 2.282308 4.253109 8.566539 0.200395
99 69.024025 38.885803 0.000000 1.370425 1.385033 2.411285 4.660125 9.784119 0.200465
100 68.858093 38.895786 0.000000 1.365530 1.359653 2.321107 4.381976 8.967931 0.232753
101 68.791489 38.788258 0.000000 1.682293 1.334785 2.221197 4.038260 7.854625 0.200148
102 69.108658 38.652065 0.000000 1.464330 1.272755 2.061803 3.708007 7.291233 0.200000
103 68.767853 38.653538 0.000000 1.737009 1.344637 2.271721 4.245317 8.609529 0.200095
104 68.713043 38.477554 0.000000 1.523696 1.289882 2.101962 3.767041 7.293254 0.200000
105 68.784500 38.699230 0.000000 1.747991 1.332399 2.237631 4.155514 8.378128 0.221504
106 68.866562 38.476234 0.000000 1.345884 1.342078 2.261827 4.202811 8.446360 0.200000
107 68.848686 38.679485 0.000000 1.544166 1.306711 2.150406 3.890589 7.595866 0.166673
108 68.804031 38.680065 0.000000 1.476895 1.329176 2.196428 3.968372 7.685988 0.289747
109 68.870422 38.683998 0.000000 1.368855 1.340946 2.261676 4.214550 8.513078 0.166667
110 68.704796 38.725967 0.000000 2.250697 1.319872 2.184453 3.968306 7.765030 0.200896
111 69.024803 38.817520 0.000000 1.722987 1.379099 2.383881 4.544464 9.346371 0.399582
112 68.924507 38.621967 0.000000 1.683716 1.330742 2.239224 4.174669 8.463461 0.167879
113 68.871590 38.722919 0.000000 1.943790 1.315179 2.179020 3.979702 7.866253 0.218734
114 68.633781 38.590302 0.000000 2.240395 1.298954 2.113960 3.767545 7.216421 0.200003
115 68.757927 38.745762 0.000000 1.983118 1.310870 2.151529 3.874080 7.511349 0.200000
116 68.996872 38.861092 0.000000 1.829780 1.366388 2.356543 4.501072 9.323235 0.216940
117 68.876976 38.789707 0.000000 1.965730 1.349796 2.278195 4.227407 8.456463 0.201220
118 69.057655 38.775784 0.000000 1.657074 1.382946 2.417682 4.685027 9.831189 0.182663
119 68.776886 38.732117 0.000000 2.076792 1.335308 2.257469 4.236022 8.657680 0.220631
120 69.080063 38.665703 0.000000 1.647410 1.291815 2.111070 3.804774 7.421594 0.269390
121 68.934792 38.808472 0.000000 1.791005 1.369433 2.381326 4.618071 9.783828 0.154837
122 69.114220 38.683659 0.000000 1.624608 1.333288 2.242563 4.164705 8.368679 0.182600
123 69.008217 38.998394 0.000000 2.051318 1.348915 2.313495 4.401311 9.093228 0.166667
124 68.889030 38.680073 0.000000 2.054815 1.321246 2.179271 3.934979 7.629799 0.169891
125 68.890526 38.952847 0.000000 1.933496 1.392977 2.474012 4.924354 10.737073 0.218954
126 68.815903 38.768559 0.000000 1.991173 1.353680 2.313380 4.383773 9.032234 0.170773
127 69.039246 38.940578 0.000000 1.279158 1.336025 2.289381 4.368814 9.086041 0.142958
129 68.954552 38.983162 0.000000 2.184297 1.376691 2.420532 4.761384 10.250841 0.377005
130 68.930679 39.071831 0.000000 2.137823 1.331783 2.260166 4.268551 8.797203 0.168796
131 68.937210 38.976051 0.000000 1.903745 1.352769 2.333564 4.492459 9.451638 0.200099
132 68.805038 39.457184 0.000000 1.838462 1.302287 2.149397 3.921639 7.772144 0.166667
133 68.968361 39.298145 0.000000 2.134126 1.276697 2.070603 3.702361 7.162704 0.200000
134 68.758797 39.718960 0.000000 1.643580 1.284933 2.098149 3.801535 7.519695 0.179287
135 68.886383 39.751789 0.000000 2.163167 1.248907 1.974013 3.430915 6.452521 0.166668
136 68.836739 39.891037 0.000000 2.053208 1.268551 2.066160 3.744573 7.422211 0.166697
137 68.627167 39.868698 0.000000 2.181715 1.240987 1.947607 3.346199 6.185573 0.166674
138 68.754471 39.937523 0.000000 1.864807 1.279077 2.079603 3.741519 7.321782 0.166668
139 68.504135 39.729870 0.000000 1.971387 1.282548 2.082849 3.727043 7.221033 0.143062
140 68.434921 40.069454 0.000000 1.879190 1.247194 1.959660 3.368344 6.224589 0.209997
141 68.368347 40.137043 0.000000 2.327157 1.274092 2.035726 3.554389 6.656060 0.250000
142 68.265450 40.108337 0.000000 1.935510 1.262858 2.019947 3.555575 6.771780 0.170969
143 68.339066 39.963737 0.000000 1.659579 1.251993 1.990981 3.472251 6.517976 0.204568
144 68.091599 40.271877 0.000000 1.650402 1.275174 2.033237 3.543786 6.629467 0.218652
145 68.084656 40.086452 0.000000 2.001896 1.288800 2.112002 3.835275 7.581234 0.365522
146 67.716499 40.171162 0.000000 1.596697 1.291584 2.124806 3.899940 7.861242 0.168210
147 67.770638 40.307468 0.000000 1.835109 1.325585 2.233621 4.209705 8.721753 0.206900
148 67.948517 40.314354 0.000000 1.671795 1.286107 2.078277 3.683450 7.031111 0.167450
150 67.596146 40.290169 0.000000 1.262442 1.196323 1.818181 3.033364 5.490273 0.166762
151 67.766190 40.300797 0.000000 1.436573 1.210154 1.861442 3.150746 5.794779 0.200000
152 67.529617 40.304955 0.000000 1.365688 1.262615 2.002497 3.496965 6.625092 0.200000
154 67.374252 39.785645 0.000000 1.497407 1.516055 3.008622 6.780681 16.726261 0.200000
156 67.604012 40.642612 0.000000 1.066511 1.385197 2.440237 4.840488 10.578863 0.166667
157 67.192764 40.420773 0.000000 0.958227 1.191047 1.825149 3.082635 5.661566 0.166667
