%% Trajectory 41
%% frame x (pixel)     y (pixel)    z (pixel)      m0         m1           m2           m3           m4           s 
191 54.568462 61.791660 0.000000 1.426197 1.320204 2.219413 4.163754 8.562845 0.200000
192 54.533573 61.562923 0.000000 1.542590 1.221005 1.893588 3.213347 5.870797 0.200000
193 54.380985 61.413868 0.000000 1.531621 1.329929 2.205431 4.002813 7.793316 0.200000
194 54.418766 61.469891 0.000000 1.649928 1.247087 1.959874 3.368414 6.222439 0.200363
195 54.466431 61.357517 0.000000 1.904893 1.257103 1.998278 3.495308 6.622358 0.200003
196 54.555901 61.556591 0.000000 2.247900 1.307244 2.128614 3.793786 7.264633 0.200000
197 54.406368 61.768181 0.000000 2.475619 1.295145 2.112468 3.801064 7.419366 0.250000
198 54.446888 61.679455 0.000000 1.932455 1.355793 2.294293 4.255391 8.478597 0.250000
200 54.731991 61.443382 0.000000 2.546835 1.293396 2.093018 3.700311 7.010772 0.250000
201 54.654045 61.409863 0.000000 2.703906 1.320711 2.185368 3.990380 7.901955 0.250000
202 54.737564 61.417442 0.000000 3.100192 1.286304 2.071667 3.642620 6.858557 0.250003
203 54.713528 61.492931 0.000000 3.186774 1.279772 2.054853 3.602264 6.763869 0.278064
204 54.632484 61.503429 0.000000 3.029450 1.258711 1.998732 3.482850 6.549488 0.250000
205 54.951839 61.459484 0.000000 2.902997 1.268796 2.033978 3.592182 6.877064 0.200000
207 54.631107 61.387550 0.000000 2.876360 1.300629 2.112503 3.744521 7.102877 0.200000
208 54.842758 61.645664 0.000000 3.325851 1.302776 2.125230 3.798643 7.299679 0.270352
209 54.821964 61.579754 0.000000 3.538070 1.291782 2.090081 3.703539 7.056027 0.257943
210 54.601830 61.557430 0.000000 3.549372 1.261859 2.004767 3.480561 6.483575 0.279964
211 54.738911 61.651371 0.000000 3.760373 1.287511 2.072804 3.643335 6.858668 0.250000
212 54.682373 61.625740 0.000000 3.443135 1.275271 2.042409 3.579936 6.744926 0.392858
213 54.717358 61.590206 0.000000 3.964324 1.295440 2.096609 3.702302 6.994446 0.252375
214 54.727936 61.620884 0.000000 3.416427 1.290763 2.085817 3.679649 6.949340 0.250000
215 54.686794 61.839588 0.000000 3.617754 1.328308 2.209652 4.045915 8.004255 0.200152
216 54.848537 61.591278 0.000000 3.864950 1.271996 2.031343 3.543430 6.626310 0.335269
217 54.682404 61.693356 0.000000 3.561535 1.294324 2.108291 3.780120 7.332410 0.200000
218 54.556362 61.713974 0.000000 3.788353 1.272719 2.028283 3.530838 6.591994 0.200000
219 54.679684 61.721363 0.000000 3.386379 1.310253 2.139246 3.812744 7.273383 0.142857
220 54.627567 61.583847 0.000000 3.372334 1.293725 2.106739 3.770550 7.285925 0.142857
221 54.583523 61.766640 0.000000 3.813699 1.301511 2.110765 3.734227 7.066251 0.166839
222 54.785599 61.714428 0.000000 3.636762 1.315596 2.159704 3.874481 7.445779 0.142899
224 54.630722 61.719662 0.000000 4.526617 1.264113 2.011645 3.504170 6.564081 0.190614
225 54.727753 61.603489 0.000000 3.966978 1.278259 2.055031 3.621757 6.873868 0.166669
226 54.686073 61.682705 0.000000 4.605193 1.297776 2.110288 3.760118 7.207011 0.166680
227 54.728756 61.817516 0.000000 4.382666 1.308138 2.149313 3.884811 7.584873 0.200160
228 54.743111 61.603264 0.000000 4.371266 1.312469 2.173675 3.985664 7.953658 0.203171
229 54.715866 61.690647 0.000000 3.998976 1.293980 2.092243 3.696295 7.000306 0.200107
230 54.611275 61.556473 0.000000 4.151741 1.270952 2.026780 3.530689 6.595827 0.405140
231 54.691212 61.857891 0.000000 4.753684 1.336062 2.234923 4.103603 8.107494 0.227488
232 54.694424 61.900486 0.000000 4.481788 1.329420 2.214304 4.054231 8.003584 0.200000
233 54.634022 61.905853 0.000000 4.910807 1.305006 2.126883 3.786632 7.220919 0.200000
234 54.621407 61.687923 0.000000 4.533709 1.288464 2.077524 3.656078 6.887809 0.200000
235 54.738735 61.770897 0.000000 4.382662 1.296806 2.111442 3.768378 7.236786 0.200487
236 54.678883 61.938354 0.000000 4.779698 1.304771 2.131524 3.817834 7.358535 0.200000
237 54.703545 61.966782 0.000000 4.614824 1.356763 2.308506 4.328269 8.763017 0.200000
238 54.658154 61.779793 0.000000 4.692503 1.292739 2.094647 3.715058 7.077078 0.200000
239 54.580708 61.754585 0.000000 4.782910 1.288990 2.074570 3.644143 6.854260 0.200000
240 54.710445 61.714176 0.000000 4.924716 1.282789 2.073868 3.678336 7.028301 0.250057
241 54.742203 61.806469 0.000000 4.876452 1.266491 2.016898 3.510111 6.553330 0.250000
242 54.774529 61.731247 0.000000 4.550972 1.282285 2.075154 3.704352 7.174400 0.200000
243 54.668949 61.861828 0.000000 4.653072 1.302224 2.126395 3.808284 7.342449 0.250000
244 54.668793 61.779167 0.000000 4.740785 1.264288 2.009526 3.490087 6.503052 0.250000
245 54.701504 61.681755 0.000000 4.316275 1.301979 2.126391 3.801484 7.296777 0.250000
246 54.629257 61.784374 0.000000 4.626598 1.307845 2.135926 3.816573 7.322143 0.250000
247 54.823963 61.746517 0.000000 4.184358 1.322207 2.180906 3.930959 7.588583 0.200000
248 54.734978 61.976295 0.000000 4.577775 1.332877 2.232566 4.123296 8.236437 0.250001
249 54.794464 61.970356 0.000000 4.852079 1.333759 2.232056 4.108609 8.153605 0.250000
250 54.885723 62.063583 0.000000 4.492802 1.360521 2.318905 4.355890 8.834650 0.206918
251 54.886139 61.988796 0.000000 4.783326 1.371247 2.357731 4.466538 9.123881 0.244556
252 55.047993 62.038723 0.000000 3.911130 1.387776 2.423504 4.691019 9.848733 0.342111
253 55.085728 62.095154 0.000000 4.434915 1.368183 2.341549 4.410343 8.954000 0.205176
254 55.309151 61.961952 0.000000 4.577176 1.319432 2.186693 3.986640 7.841238 0.200000
255 55.381161 61.968315 0.000000 3.895102 1.311420 2.160979 3.906406 7.595558 0.200000
256 55.390579 61.930149 0.000000 4.054152 1.292149 2.101633 3.756460 7.246016 0.200000
257 55.582237 62.148338 0.000000 3.974494 1.327266 2.219625 4.094518 8.175767 0.200000
258 55.787663 62.024876 0.000000 3.510809 1.344794 2.279113 4.282021 8.748080 0.200007
259 55.699551 62.112694 0.000000 3.687755 1.299210 2.113982 3.770180 7.234352 0.200000
260 55.677498 62.157269 0.000000 3.526020 1.314050 2.168590 3.926153 7.648104 0.200000
262 56.183601 61.400047 0.000000 3.990288 1.301165 2.138181 3.876760 7.619281 0.200000
264 56.096436 61.181732 0.000000 3.202785 1.339389 2.257821 4.190694 8.392681 0.203714
265 56.311157 61.451946 0.000000 3.275944 1.299585 2.110746 3.755167 7.183070 0.248070
266 56.103436 61.596134 0.000000 2.493298 1.397112 2.458820 4.803512 10.193365 0.166771
267 56.066563 61.632729 0.000000 1.932371 1.307302 2.166092 3.964875 7.870799 0.166901
268 56.100365 61.417439 0.000000 2.130405 1.385660 2.439485 4.787177 10.245889 0.211152
269 55.774204 61.413113 0.000000 2.393466 1.324286 2.178197 3.902483 7.460016 0.200377
270 55.762669 61.243538 0.000000 2.119229 1.332501 2.243409 4.170114 8.388273 0.200609
271 56.059208 61.052971 0.000000 2.309891 1.418444 2.531706 5.004807 10.707936 0.200046
272 55.973011 60.888054 0.000000 1.428553 1.432160 2.569616 5.129980 11.134509 0.202202
273 55.706928 60.770573 0.000000 0.817008 1.322377 2.269914 4.400026 9.439949 0.328598
274 56.500443 61.168274 0.000000 0.843867 1.325128 2.217275 4.098103 8.207520 0.166667
276 56.250336 60.735374 0.000000 0.712374 1.253059 2.001145 3.561518 6.959534 0.166689
