%% Trajectory 79
%% frame x (pixel)     y (pixel)    z (pixel)      m0         m1           m2           m3           m4           s 
186 49.428040 32.210564 0.000000 0.860292 1.197126 1.845043 3.160027 5.953052 0.111135
188 49.203163 32.336132 0.000000 0.801256 1.378272 2.474091 5.023154 11.233335 0.220956
189 49.539658 32.153603 0.000000 1.016291 1.350038 2.315336 4.402035 9.087372 0.158334
190 48.994572 32.145481 0.000000 0.974972 1.515798 2.877619 6.030366 13.601148 0.219924
192 49.419102 32.076931 0.000000 1.752509 1.348836 2.276923 4.225734 8.447293 0.241259
193 49.381317 32.061993 0.000000 1.888377 1.281431 2.091717 3.803906 7.588941 0.142944
194 49.670094 32.349281 0.000000 1.807411 1.247550 1.976353 3.442662 6.489278 0.125000
195 49.479446 32.385509 0.000000 1.833126 1.233925 1.918728 3.266325 5.991463 0.142857
196 49.059681 32.214981 0.000000 1.691163 1.281167 2.100453 3.830194 7.633210 0.171893
197 49.149757 32.639393 0.000000 1.826533 1.251379 1.973901 3.420964 6.411533 0.200000
198 49.420719 32.012035 0.000000 1.915110 1.297897 2.129421 3.872243 7.675620 0.142858
199 49.425762 32.142036 0.000000 2.014185 1.284726 2.082579 3.734920 7.295975 0.166673
200 49.285133 32.183918 0.000000 2.479214 1.268555 2.048388 3.667391 7.169383 0.166667
201 49.509327 32.363255 0.000000 2.685996 1.267600 2.031785 3.586399 6.859421 0.166669
202 49.479393 32.220196 0.000000 2.751926 1.268023 2.016730 3.504443 6.533176 0.142858
203 49.209358 32.394302 0.000000 2.178244 1.251410 1.962595 3.366025 6.208304 0.200000
204 49.593025 31.963200 0.000000 2.308110 1.278904 2.064619 3.665297 7.031239 0.166667
205 49.644653 32.322254 0.000000 3.105996 1.274882 2.037476 3.557583 6.661228 0.166667
206 49.610096 32.505558 0.000000 2.540972 1.250198 1.970832 3.397086 6.290269 0.142875
207 49.609604 32.354366 0.000000 2.435495 1.291677 2.108873 3.810585 7.496546 0.125121
208 49.539162 32.062435 0.000000 2.605146 1.284766 2.084157 3.733865 7.266103 0.178602
209 49.626339 32.287746 0.000000 2.810392 1.278251 2.049255 3.592019 6.756995 0.125391
210 49.468628 32.179714 0.000000 2.741538 1.252736 1.982885 3.444264 6.457828 0.166675
211 49.754299 32.310337 0.000000 2.826878 1.289388 2.094541 3.755720 7.311034 0.125000
212 49.662682 32.300293 0.000000 2.797769 1.271410 2.025781 3.527394 6.589546 0.142857
213 49.645573 32.263611 0.000000 2.551436 1.261149 1.993911 3.449400 6.417241 0.166667
214 49.687382 32.666843 0.000000 2.914248 1.294999 2.097868 3.720178 7.086748 0.200111
215 49.724213 32.527309 0.000000 2.209173 1.297968 2.137655 3.904333 7.777363 0.125006
216 49.569427 32.866631 0.000000 2.946246 1.341696 2.278623 4.299393 8.846961 0.166668
217 49.783730 32.667171 0.000000 2.540560 1.281750 2.076511 3.716283 7.227479 0.166667
218 49.799442 32.738873 0.000000 2.303679 1.305131 2.137809 3.849774 7.480419 0.142857
219 49.899399 32.822781 0.000000 2.293698 1.344637 2.274784 4.246405 8.570368 0.166678
220 49.813587 32.916702 0.000000 2.768476 1.287865 2.096817 3.755098 7.262923 0.166667
221 49.926777 32.866035 0.000000 2.133091 1.317035 2.219565 4.174092 8.589312 0.200000
222 49.859699 33.177814 0.000000 2.266335 1.379664 2.396251 4.608065 9.609891 0.130586
223 50.263832 33.386196 0.000000 2.448991 1.284805 2.065470 3.632282 6.858914 0.142857
224 49.935616 33.357674 0.000000 2.115171 1.348533 2.283914 4.265104 8.605695 0.166667
225 49.802898 33.251057 0.000000 2.401112 1.347187 2.284602 4.280401 8.689050 0.125000
226 49.708527 33.624340 0.000000 2.617327 1.395005 2.456456 4.831971 10.391719 0.166667
227 50.383720 33.958202 0.000000 2.597501 1.392374 2.451477 4.810933 10.300585 0.125000
228 50.568733 33.903732 0.000000 2.573483 1.365571 2.359080 4.525329 9.438648 0.090909
229 50.507706 34.241383 0.000000 2.196933 1.308906 2.199317 4.122330 8.455409 0.182554
230 50.376495 34.275639 0.000000 1.321101 1.319510 2.178617 3.963246 7.795641 0.167030
231 50.294426 34.411232 0.000000 1.770416 1.384907 2.377360 4.486329 9.114298 0.129096
232 50.269459 34.413376 0.000000 2.044937 1.219233 1.884448 3.187234 5.805274 0.129304
233 50.458126 34.802799 0.000000 1.554426 1.271684 2.052879 3.660665 7.090791 0.166738
235 49.899529 35.516712 0.000000 1.333271 1.438350 2.595373 5.202178 11.311025 0.125003
237 48.731689 36.496284 0.000000 1.018633 1.320690 2.150555 3.814529 7.229467 0.129348
