%% Trajectory 9
%% frame x (pixel)     y (pixel)    z (pixel)      m0         m1           m2           m3           m4           s 
27 31.088106 41.533325 0.000000 0.512040 1.344984 2.278059 4.259598 8.617814 0.381827
28 30.702690 42.130085 0.000000 0.510624 1.384197 2.407463 4.632335 9.654963 0.200000
29 31.177341 41.836552 0.000000 0.556393 1.307275 2.161606 3.942121 7.778556 0.251245
31 30.925919 42.096813 0.000000 0.542558 1.486320 2.749206 5.609018 12.325335 0.264986
33 31.092873 41.749538 0.000000 0.611553 1.356503 2.324019 4.422369 9.159922 0.200037
34 31.266308 41.660076 0.000000 0.592907 1.446022 2.595357 5.147252 11.035692 0.216219
35 31.238997 41.514969 0.000000 0.594348 1.480162 2.710042 5.459743 11.828053 0.250017
36 30.930536 41.776745 0.000000 0.557442 1.312272 2.177268 3.983199 7.879330 0.255974
37 30.889927 41.841675 0.000000 0.584110 1.448231 2.636547 5.322824 11.647014 0.379105
38 31.101103 41.572231 0.000000 0.650845 1.424208 2.514532 4.890332 10.257799 0.291591
39 30.886934 41.723969 0.000000 0.732209 1.414019 2.485703 4.788589 9.891932 0.225061
40 30.906504 41.723576 0.000000 0.740865 1.383677 2.408653 4.631567 9.624332 0.252222
41 31.097143 42.114433 0.000000 0.863324 1.373245 2.363384 4.482611 9.173051 0.261485
42 31.040586 41.770672 0.000000 0.824251 1.394359 2.433598 4.672036 9.654205 0.451853
43 30.854977 41.530552 0.000000 0.670545 1.326104 2.205199 4.034809 7.964559 0.250770
44 31.083344 41.543068 0.000000 0.835399 1.298169 2.129498 3.834782 7.434551 0.250003
45 31.221235 41.748192 0.000000 0.855694 1.365828 2.317849 4.320241 8.674674 0.250165
46 31.098970 41.266201 0.000000 0.935504 1.349366 2.265140 4.163060 8.208522 0.210656
47 31.268866 41.655884 0.000000 1.006885 1.385796 2.408021 4.627670 9.634122 0.333335
48 30.987175 41.778103 0.000000 0.969771 1.382344 2.388792 4.547909 9.340608 0.200030
49 31.264442 41.720013 0.000000 0.844255 1.291855 2.102851 3.764119 7.275140 0.333333
50 31.202692 41.610195 0.000000 0.995861 1.264437 2.022982 3.554775 6.744096 0.333333
51 31.298899 41.664017 0.000000 1.028885 1.303624 2.123275 3.772753 7.169266 0.358560
52 31.379375 41.696697 0.000000 0.968829 1.352224 2.298664 4.307133 8.721052 0.645468
53 31.020769 41.422680 0.000000 1.058092 1.290305 2.102559 3.763393 7.257609 0.406626
54 31.214266 41.340740 0.000000 1.101672 1.296660 2.107222 3.747842 7.158395 0.292305
55 31.159521 41.392826 0.000000 0.889028 1.300145 2.134079 3.860038 7.555686 0.254148
56 30.897356 41.562454 0.000000 0.985727 1.282547 2.072432 3.670676 6.992601 0.485052
57 31.131468 41.671341 0.000000 1.013967 1.363022 2.341752 4.460070 9.227456 0.333591
58 31.252625 41.639019 0.000000 1.188457 1.292204 2.093693 3.717994 7.102205 0.333333
59 31.080685 41.310974 0.000000 0.940623 1.275795 2.051040 3.612647 6.841506 0.333836
60 30.974352 41.470581 0.000000 1.004190 1.316730 2.181660 3.981880 7.854778 0.334947
61 31.203226 41.621136 0.000000 1.199149 1.307324 2.145933 3.868842 7.520133 0.357611
62 31.158587 41.540394 0.000000 1.160933 1.317947 2.195622 4.050988 8.128418 0.340609
63 30.970196 41.708141 0.000000 1.064413 1.333556 2.242774 4.164648 8.369230 0.334799
64 31.151312 41.591930 0.000000 1.114444 1.280638 2.064508 3.651440 6.959002 0.496228
65 30.834526 41.981194 0.000000 1.021113 1.375148 2.373287 4.524281 9.327693 0.334355
66 31.119757 41.809261 0.000000 1.091946 1.349237 2.272597 4.199723 8.340303 0.333341
67 31.007837 41.846611 0.000000 1.192680 1.366250 2.350025 4.480500 9.275258 0.333342
68 30.977171 41.907822 0.000000 1.220363 1.394718 2.438169 4.707820 9.829605 0.333333
69 31.047806 42.043602 0.000000 1.113964 1.395223 2.448605 4.761148 10.038425 0.250000
70 31.323111 42.119614 0.000000 1.071973 1.292908 2.109484 3.790837 7.370565 0.345650
71 31.386492 42.368401 0.000000 1.245478 1.331927 2.204717 3.985855 7.714006 0.342212
72 31.216948 42.198177 0.000000 0.963414 1.310796 2.173576 3.977568 7.884582 0.333441
73 31.466085 42.109760 0.000000 1.018852 1.310301 2.162797 3.927415 7.700591 0.333396
74 31.327164 42.263771 0.000000 1.036557 1.349632 2.258677 4.126362 8.064092 0.336068
75 31.585453 42.317867 0.000000 1.246085 1.355896 2.291850 4.259579 8.538671 0.334831
76 31.648811 42.445518 0.000000 1.246784 1.302683 2.114336 3.743415 7.088704 0.347870
77 31.556185 42.312923 0.000000 1.156932 1.290059 2.078483 3.654093 6.877798 0.252169
78 31.995321 42.460789 0.000000 1.083724 1.354339 2.307576 4.344378 8.857376 0.250120
79 31.668810 42.612991 0.000000 0.978025 1.344287 2.247802 4.109515 8.052953 0.250060
80 32.175655 42.645237 0.000000 1.030706 1.308987 2.146348 3.870033 7.533749 0.343162
82 32.203777 42.426304 0.000000 0.943258 1.337852 2.250322 4.177500 8.398681 0.309379
83 32.091637 42.821590 0.000000 1.011399 1.383941 2.408882 4.639495 9.677464 0.250034
84 32.018826 42.700050 0.000000 0.869845 1.424887 2.527616 4.941910 10.417386 0.250945
85 32.343391 42.437656 0.000000 0.788667 1.270646 2.026294 3.536520 6.636161 0.264027
86 32.363609 42.229874 0.000000 0.702265 1.408196 2.471643 4.800226 10.108773 0.333333
