%% Trajectory 6
%% frame x (pixel)     y (pixel)    z (pixel)      m0         m1           m2           m3           m4           s 
0 68.413963 60.970955 0.000000 0.526787 1.373504 2.422163 4.765687 10.199821 0.094212
1 68.246758 60.462780 0.000000 0.640564 1.368851 2.376324 4.594141 9.688063 0.109697
3 67.949890 60.454105 0.000000 0.708922 1.449328 2.629439 5.261105 11.339531 0.176477
4 67.836227 61.006573 0.000000 0.648780 1.311843 2.193773 4.073850 8.240418 0.121790
6 68.164368 61.282440 0.000000 1.043197 1.339885 2.256305 4.193823 8.431919 0.159646
7 68.420685 61.340477 0.000000 1.261991 1.264223 2.027501 3.595547 6.944914 0.071515
8 68.433067 61.292107 0.000000 1.389225 1.287443 2.081774 3.683649 7.002578 0.108816
9 68.510269 61.453697 0.000000 1.560623 1.286268 2.078398 3.683616 7.032329 0.104915
10 68.463936 61.401520 0.000000 1.718804 1.285861 2.099168 3.799604 7.503805 0.098850
11 68.450180 61.291592 0.000000 1.696717 1.229727 1.913138 3.257577 5.971716 0.076926
12 68.516891 61.431599 0.000000 1.938758 1.289005 2.085884 3.706344 7.106323 0.111442
13 68.187134 61.185360 0.000000 1.508663 1.294618 2.111053 3.786365 7.331458 0.115354
14 68.393295 61.231167 0.000000 1.654642 1.254598 2.000607 3.525637 6.763123 0.091255
15 68.406601 60.989803 0.000000 2.075181 1.372872 2.372217 4.537672 9.411679 0.125069
16 68.193398 61.130672 0.000000 1.832572 1.348785 2.288640 4.286837 8.688475 0.118020
17 68.197754 61.081123 0.000000 2.209558 1.336915 2.240420 4.137990 8.256830 0.111133
18 68.531265 61.086864 0.000000 1.749652 1.327527 2.219509 4.097535 8.197014 0.125321
19 68.321075 60.978874 0.000000 2.437998 1.340781 2.270275 4.252290 8.640958 0.100000
20 68.488892 61.182335 0.000000 2.403942 1.263305 2.016793 3.533665 6.677719 0.100000
21 68.356087 61.142349 0.000000 2.542415 1.282995 2.073436 3.674002 7.004915 0.111111
22 68.488472 60.983891 0.000000 2.453214 1.314280 2.163812 3.905263 7.575341 0.111111
23 68.444656 60.959122 0.000000 2.272951 1.367314 2.352369 4.479261 9.236591 0.111497
24 68.513489 61.103863 0.000000 2.825331 1.284847 2.069150 3.645162 6.895517 0.125000
25 68.593590 61.054157 0.000000 2.870573 1.307165 2.138284 3.825136 7.337880 0.090909
26 68.379501 60.933819 0.000000 2.773242 1.345555 2.264299 4.189349 8.351848 0.100000
27 68.391174 61.018658 0.000000 2.837955 1.328093 2.209758 4.037344 7.939105 0.142857
28 68.431305 61.093498 0.000000 3.386167 1.288092 2.083255 3.690797 7.030265 0.100000
29 68.463188 60.938488 0.000000 2.822273 1.306081 2.136080 3.821185 7.330264 0.252846
30 68.316612 61.095371 0.000000 3.169015 1.311068 2.161856 3.928416 7.724602 0.125000
31 68.326653 61.083679 0.000000 3.066946 1.306309 2.155006 3.929143 7.773685 0.142857
32 68.340416 61.161552 0.000000 3.103997 1.309471 2.153363 3.887462 7.556884 0.090957
33 68.354141 60.999985 0.000000 3.122856 1.328875 2.214986 4.057370 8.004574 0.111170
34 68.464302 60.903908 0.000000 3.665563 1.324210 2.195457 3.986378 7.768491 0.111111
35 68.487946 61.027439 0.000000 3.671734 1.324189 2.198191 4.010885 7.892771 0.090909
36 68.433220 61.039257 0.000000 3.371785 1.319553 2.189245 3.993069 7.851502 0.111168
37 68.375443 61.055565 0.000000 3.467260 1.295122 2.115036 3.804232 7.401580 0.115201
38 68.277473 60.986507 0.000000 3.585125 1.363063 2.334307 4.412048 9.015773 0.132206
39 68.323471 60.952435 0.000000 3.015693 1.333373 2.225065 4.080234 8.063049 0.111467
40 68.450089 61.065331 0.000000 3.575507 1.325289 2.193117 3.970968 7.710649 0.196270
41 68.451225 60.931854 0.000000 3.820237 1.326269 2.204289 4.018521 7.878869 0.090909
42 68.545738 60.856239 0.000000 3.770273 1.288648 2.092135 3.724583 7.136233 0.090909
43 68.406326 61.039444 0.000000 3.313562 1.302836 2.132781 3.831595 7.409685 0.100000
44 68.411240 61.042057 0.000000 3.906769 1.351887 2.294732 4.301916 8.730066 0.119448
45 68.451057 61.039032 0.000000 4.189424 1.319759 2.183614 3.966851 7.758983 0.171779
46 68.451569 61.023537 0.000000 3.755322 1.310237 2.149073 3.860434 7.447013 0.111111
47 68.420235 60.894047 0.000000 3.975752 1.320870 2.178581 3.932958 7.621219 0.100000
48 68.215164 60.761883 0.000000 3.228749 1.325251 2.201137 4.026556 7.966402 0.100000
49 68.466850 60.886101 0.000000 3.867081 1.302772 2.123813 3.789408 7.259126 0.125000
50 68.610580 60.902481 0.000000 4.089715 1.302616 2.124208 3.789411 7.252074 0.071429
51 68.434883 60.740097 0.000000 4.102826 1.327024 2.199888 3.993981 7.787874 0.111111
52 68.419777 60.911648 0.000000 3.938121 1.310702 2.167356 3.943115 7.740119 0.100000
53 68.567223 60.965744 0.000000 4.341398 1.365429 2.336632 4.408193 8.983738 0.090909
54 68.364563 60.757870 0.000000 4.276694 1.301721 2.118596 3.776562 7.237152 0.111111
55 68.592651 60.719849 0.000000 4.533455 1.300506 2.115558 3.762153 7.174915 0.111111
56 68.528297 60.885277 0.000000 3.815500 1.319711 2.171182 3.902987 7.514760 0.125000
57 68.417259 60.657413 0.000000 3.911035 1.308278 2.130825 3.783436 7.178862 0.100000
58 68.278511 60.815395 0.000000 3.390624 1.303430 2.142553 3.882951 7.620458 0.125000
59 68.454140 60.719234 0.000000 3.935077 1.324346 2.195270 3.998396 7.852645 0.100000
60 68.552773 60.655834 0.000000 4.423566 1.324883 2.223276 4.144245 8.430796 0.090909
61 68.719032 60.651314 0.000000 4.316623 1.296901 2.106700 3.756678 7.224245 0.100000
62 68.622925 60.623383 0.000000 4.290508 1.379439 2.384879 4.566242 9.494632 0.100000
63 68.841789 60.677155 0.000000 3.595704 1.361687 2.340607 4.471227 9.310114 0.125001
64 69.036705 60.611198 0.000000 3.856540 1.325843 2.218256 4.114277 8.309756 0.083333
65 69.128326 60.590225 0.000000 4.210635 1.342413 2.271404 4.253496 8.648127 0.111171
66 69.339874 60.763130 0.000000 4.637619 1.384160 2.403398 4.623728 9.658933 0.125000
67 69.364258 60.828152 0.000000 3.900114 1.400114 2.455896 4.772277 10.062012 0.230846
68 69.260674 60.771515 0.000000 3.374912 1.448742 2.629167 5.300393 11.605130 0.135085
69 69.452583 60.770969 0.000000 3.192024 1.358707 2.308022 4.319946 8.737560 0.125019
70 69.516365 60.569771 0.000000 3.240106 1.392443 2.434845 4.730503 10.004080 0.128922
71 69.456238 60.550411 0.000000 3.432429 1.344800 2.296239 4.381056 9.167434 0.091197
72 69.485664 60.408295 0.000000 3.216020 1.361055 2.305838 4.295749 8.632960 0.100000
73 69.731491 60.490803 0.000000 3.014044 1.342993 2.278725 4.288078 8.782556 0.111111
74 69.683167 60.580868 0.000000 2.754378 1.384604 2.397011 4.601642 9.605044 0.111111
75 70.072762 60.738865 0.000000 2.830846 1.388934 2.428536 4.713216 9.939658 0.125000
76 70.301468 60.829414 0.000000 2.765241 1.450868 2.647798 5.376399 11.864404 0.100000
77 70.302948 60.361080 0.000000 3.029485 1.404047 2.483537 4.896992 10.539063 0.111111
78 70.210854 60.007534 0.000000 2.790267 1.417919 2.522990 4.967716 10.584576 0.125000
79 70.305260 59.835758 0.000000 2.327257 1.472209 2.692054 5.421676 11.755260 0.100000
80 70.279411 59.812706 0.000000 2.032606 1.449372 2.602713 5.154438 11.016347 0.100000
81 70.687378 60.184811 0.000000 2.086335 1.459604 2.635090 5.244762 11.247552 0.090909
82 71.004433 60.310387 0.000000 1.358102 1.430187 2.590626 5.259079 11.690885 0.090909
83 70.459465 60.408840 0.000000 1.408952 1.405690 2.493582 4.960239 10.827867 0.083492
85 70.349022 60.205887 0.000000 0.709326 1.418369 2.536690 5.050356 10.955009 0.133384
87 69.446289 60.663300 0.000000 0.511381 1.473931 2.793851 5.972764 13.963138 0.145679
