%% Trajectory 18
%% frame x (pixel)     y (pixel)    z (pixel)      m0         m1           m2           m3           m4           s 
29 63.811382 41.529724 0.000000 0.447175 1.257886 2.004733 3.518475 6.676879 0.147990
30 64.010643 41.394356 0.000000 0.614763 1.249138 1.968059 3.394566 6.297614 0.323518
31 64.115776 41.042217 0.000000 0.658781 1.334980 2.268263 4.278154 8.768379 0.201067
32 64.256676 41.166214 0.000000 0.524338 1.248921 1.955654 3.352596 6.187617 0.205793
33 63.944927 41.251480 0.000000 0.619244 1.246719 1.996258 3.578350 7.082951 0.142857
34 63.912106 41.183170 0.000000 0.824886 1.288563 2.117416 3.857344 7.646975 0.200442
35 63.967609 41.384384 0.000000 0.950769 1.347167 2.283831 4.272421 8.641531 0.144074
36 63.621742 41.559223 0.000000 1.092192 1.261234 1.993153 3.442238 6.383404 0.142857
37 63.915874 41.417713 0.000000 0.922342 1.271716 2.044911 3.625126 6.969231 0.166676
38 64.061951 41.278271 0.000000 1.068956 1.266093 2.025605 3.559586 6.752961 0.142857
39 63.781929 41.456848 0.000000 1.581804 1.261396 2.004558 3.497011 6.586690 0.142857
40 63.837185 41.220928 0.000000 1.492998 1.276709 2.065097 3.689738 7.162227 0.166667
41 64.081139 41.317596 0.000000 1.277486 1.303901 2.164901 4.003850 8.110432 0.200000
42 63.905891 41.245956 0.000000 1.524217 1.285205 2.088944 3.747612 7.287506 0.200000
43 64.008347 41.488350 0.000000 1.466875 1.308517 2.178701 4.030157 8.135288 0.166667
44 64.019455 41.400623 0.000000 1.544963 1.270229 2.055202 3.688605 7.226996 0.142857
45 64.026085 41.382915 0.000000 1.575683 1.280340 2.094285 3.800515 7.521504 0.166667
46 64.034760 41.466152 0.000000 1.660120 1.309797 2.164267 3.961120 7.891855 0.142857
47 63.858547 41.301418 0.000000 1.798473 1.262651 2.016213 3.546898 6.762474 0.200000
48 64.077972 41.538750 0.000000 1.689250 1.249360 1.965741 3.384437 6.266169 0.200000
49 63.942223 41.314964 0.000000 2.206034 1.301436 2.137959 3.874349 7.605767 0.125005
50 63.985558 41.494488 0.000000 2.241217 1.299136 2.138956 3.899518 7.737431 0.200001
51 63.828972 41.582840 0.000000 2.099655 1.261286 2.003862 3.491982 6.562473 0.166667
52 63.973633 41.613773 0.000000 2.469950 1.307178 2.150527 3.892488 7.604948 0.180339
53 63.981560 41.496326 0.000000 2.335881 1.303643 2.146307 3.906790 7.726431 0.167394
54 64.003593 41.352806 0.000000 2.453538 1.329518 2.217491 4.070342 8.066145 0.202230
55 63.929749 41.523293 0.000000 2.467128 1.288366 2.099365 3.785804 7.434295 0.200019
56 63.845463 41.450253 0.000000 2.505029 1.308686 2.145638 3.859626 7.476833 0.200009
57 63.990448 41.439774 0.000000 2.714465 1.298746 2.138095 3.897303 7.731159 0.250032
58 63.871647 41.471039 0.000000 2.470107 1.268929 2.030261 3.566287 6.761363 0.200000
59 64.000534 41.362988 0.000000 2.504062 1.298139 2.130517 3.867635 7.632823 0.200000
60 63.883141 41.273293 0.000000 2.572005 1.292067 2.104052 3.773053 7.317581 0.200000
61 63.981415 41.256943 0.000000 2.861563 1.318317 2.195277 4.045309 8.093678 0.254428
62 63.904583 41.393349 0.000000 2.700419 1.295537 2.118275 3.821894 7.476813 0.200000
63 63.968143 41.370926 0.000000 2.879292 1.304181 2.151691 3.930257 7.810744 0.200000
64 63.980801 41.421043 0.000000 2.793052 1.306119 2.155392 3.937402 7.823320 0.304053
65 63.984230 41.356670 0.000000 3.116934 1.288504 2.101170 3.786630 7.414848 0.202295
66 64.151649 41.358822 0.000000 2.899953 1.279889 2.051780 3.592014 6.738885 0.206516
67 63.892628 41.371681 0.000000 3.168417 1.330345 2.225119 4.107003 8.207241 0.396443
68 64.024757 41.425457 0.000000 3.154410 1.300420 2.124060 3.814801 7.400094 0.362488
69 64.060913 41.433559 0.000000 3.373889 1.293258 2.100362 3.741665 7.178337 0.295853
70 64.109879 41.345837 0.000000 3.381979 1.303517 2.138276 3.858737 7.522106 0.627486
71 64.202126 41.411858 0.000000 3.325780 1.268492 2.018592 3.510420 6.550303 0.250129
72 64.117188 41.382610 0.000000 3.504973 1.287698 2.078269 3.669197 6.954572 0.200006
73 63.966667 41.338352 0.000000 3.556674 1.303146 2.142598 3.885486 7.629368 0.250218
74 64.027718 41.394669 0.000000 3.749969 1.348066 2.287812 4.294778 8.745663 0.439593
75 64.175735 41.390259 0.000000 3.730187 1.292620 2.089715 3.691257 6.989869 0.253310
76 64.123985 41.324226 0.000000 3.462405 1.283909 2.065208 3.631154 6.848074 0.276208
77 64.131798 41.365360 0.000000 3.564837 1.316543 2.173928 3.947383 7.737904 0.256344
78 64.016411 41.332718 0.000000 3.850101 1.338204 2.255260 4.199041 8.469871 0.466764
79 64.110672 41.319515 0.000000 3.776320 1.309059 2.142876 3.839993 7.387992 0.228571
80 64.207687 41.361740 0.000000 3.881426 1.312327 2.153549 3.874096 7.498667 0.237144
81 64.054489 41.321743 0.000000 3.765532 1.326240 2.211454 4.067143 8.098906 0.235871
82 64.282158 41.234879 0.000000 3.917884 1.289523 2.078198 3.656498 6.889656 0.378148
83 64.085281 41.441441 0.000000 4.544087 1.305995 2.135800 3.826900 7.373429 0.250000
84 64.071999 41.428032 0.000000 4.292999 1.340435 2.241556 4.114810 8.132403 0.251008
85 64.029289 41.387154 0.000000 3.825570 1.330691 2.238523 4.169535 8.437453 0.200019
86 64.154419 41.309483 0.000000 3.910460 1.291656 2.087723 3.684275 6.960690 0.200000
87 64.115601 41.376099 0.000000 4.334251 1.309253 2.141973 3.831463 7.347095 0.200002
88 64.118904 41.381676 0.000000 4.347468 1.311898 2.150007 3.855327 7.419609 0.348582
89 64.109367 41.358471 0.000000 4.533162 1.323148 2.191270 3.985129 7.809155 0.463754
90 64.061821 41.417236 0.000000 4.522810 1.309372 2.142642 3.838558 7.386436 0.251837
91 64.061600 41.311211 0.000000 4.865024 1.338514 2.242303 4.131256 8.210733 0.277682
92 64.147659 41.380627 0.000000 4.943732 1.306682 2.135613 3.821093 7.343918 0.251891
93 64.174019 41.450794 0.000000 4.532946 1.302454 2.115203 3.746248 7.094176 0.250011
94 64.068428 41.393116 0.000000 4.927582 1.328481 2.213659 4.060030 8.043331 0.362893
95 64.183197 41.346466 0.000000 4.820641 1.301200 2.119022 3.777044 7.230901 0.267144
96 64.147041 41.392246 0.000000 4.765419 1.304864 2.131547 3.817283 7.357227 0.200291
97 64.188766 41.436058 0.000000 4.699886 1.301625 2.118855 3.772047 7.204202 0.200000
98 64.140518 41.384399 0.000000 5.072800 1.325158 2.195720 3.992558 7.817471 0.281639
99 64.152458 41.448383 0.000000 5.215693 1.311496 2.142187 3.816255 7.268084 0.200001
100 64.185455 41.420300 0.000000 5.483431 1.300145 2.113314 3.755503 7.158405 0.369973
101 64.196198 41.526318 0.000000 5.496042 1.301351 2.113364 3.743323 7.089561 0.200262
102 64.133362 41.459816 0.000000 6.172338 1.307090 2.132676 3.799414 7.246354 0.383143
103 64.111420 41.505844 0.000000 6.028865 1.304244 2.122613 3.768162 7.153025 0.200221
104 64.150116 41.414135 0.000000 6.496027 1.301554 2.113162 3.742496 7.088538 0.201134
105 64.178787 41.380371 0.000000 6.483711 1.303602 2.123266 3.780981 7.219738 0.322002
106 64.158920 41.453167 0.000000 6.899378 1.312677 2.149956 3.847414 7.376122 0.224388
107 64.147102 41.417446 0.000000 7.457177 1.314165 2.156113 3.869431 7.449547 0.250000
108 64.087929 41.462902 0.000000 6.760043 1.329850 2.212399 4.044101 7.970635 0.332820
109 64.120789 41.579426 0.000000 7.115835 1.331494 2.213158 4.034010 7.909143 0.471989
110 64.097092 41.436481 0.000000 6.988847 1.309977 2.148300 3.861975 7.467248 0.294983
111 64.118843 41.541302 0.000000 7.289099 1.322952 2.187864 3.968956 7.748914 0.166667
112 64.130554 41.496914 0.000000 7.233515 1.327532 2.201491 4.002629 7.827919 0.166669
113 64.190819 41.556095 0.000000 7.047656 1.314909 2.160642 3.885684 7.502201 0.336501
114 64.169662 41.590527 0.000000 7.153223 1.314326 2.154231 3.856602 7.393091 0.200034
115 64.142113 41.608299 0.000000 7.767305 1.311016 2.148666 3.854491 7.424969 0.250000
116 64.182045 41.567783 0.000000 7.615520 1.310286 2.145575 3.845380 7.401058 0.166667
117 64.156433 41.669765 0.000000 8.003273 1.328506 2.208447 4.029079 7.911058 0.166667
118 64.116158 41.722828 0.000000 7.441176 1.333049 2.221026 4.062092 7.998176 0.200000
119 64.064629 41.738873 0.000000 7.544994 1.356563 2.305029 4.314913 8.721539 0.142857
120 63.927803 41.701107 0.000000 7.257085 1.346466 2.269179 4.207615 8.416107 0.142857
121 63.872063 41.768318 0.000000 7.815216 1.354264 2.300056 4.314487 8.765495 0.166667
122 63.809681 41.748356 0.000000 7.560116 1.328937 2.216713 4.069739 8.067696 0.166667
123 63.757328 41.774784 0.000000 7.674167 1.360237 2.313564 4.332848 8.760365 0.167868
124 63.803253 41.838936 0.000000 7.100526 1.371113 2.349764 4.438364 9.057195 0.207826
125 63.655437 41.859203 0.000000 6.827193 1.361833 2.316077 4.331109 8.729989 0.198493
126 63.667744 41.885960 0.000000 6.676439 1.375756 2.362946 4.470322 9.127974 0.290637
127 63.569080 41.926529 0.000000 6.737036 1.380327 2.375321 4.496285 9.171012 0.200001
128 63.526501 42.013550 0.000000 6.299659 1.388831 2.409375 4.606148 9.502060 0.166698
129 63.599056 41.868317 0.000000 6.167743 1.408544 2.479040 4.820535 10.139241 0.143144
130 63.571262 41.819050 0.000000 6.005457 1.353711 2.282434 4.221145 8.393672 0.181539
131 63.458881 41.631691 0.000000 5.593147 1.365889 2.329904 4.376269 8.877623 0.166688
132 63.405083 41.724373 0.000000 5.595043 1.451419 2.621422 5.235902 11.315341 0.166674
133 63.377796 41.670120 0.000000 5.000430 1.488635 2.762035 5.692046 12.727272 0.142857
134 63.290245 41.526901 0.000000 4.769785 1.479764 2.723078 5.545675 12.212700 0.142859
135 63.482712 41.664692 0.000000 5.060712 1.475805 2.699760 5.453044 11.891057 0.142857
136 63.421295 41.702957 0.000000 5.243023 1.446006 2.588395 5.100535 10.829464 0.142857
137 63.301048 41.944378 0.000000 4.455822 1.469196 2.680956 5.402616 11.754624 0.166667
138 63.452492 41.853725 0.000000 4.051099 1.431092 2.538151 4.952070 10.404822 0.142857
139 63.316616 41.828793 0.000000 4.419067 1.401237 2.440700 4.673116 9.631660 0.166667
140 63.357994 42.016739 0.000000 4.131775 1.398960 2.438268 4.678093 9.671258 0.166667
141 63.447086 42.061596 0.000000 4.049375 1.394112 2.425872 4.656702 9.658304 0.166667
142 63.467743 42.303139 0.000000 3.784546 1.327229 2.192304 3.955302 7.641352 0.142857
143 63.387276 42.330139 0.000000 3.717529 1.338100 2.219668 4.013520 7.750266 0.142858
144 63.247322 42.250389 0.000000 3.326423 1.381162 2.372882 4.473999 9.068533 0.266814
145 63.209244 42.314056 0.000000 3.466215 1.363857 2.322430 4.351140 8.792135 0.200013
146 63.189091 42.403625 0.000000 3.063662 1.313194 2.155622 3.875616 7.487300 0.246977
147 62.931847 42.319138 0.000000 2.485437 1.360657 2.319988 4.360466 8.852121 0.166667
149 63.096237 43.153954 0.000000 2.675621 1.364429 2.327143 4.366186 8.826835 0.239574
150 63.178349 43.508694 0.000000 2.113571 1.280530 2.057176 3.608609 6.780237 0.180018
151 63.342209 43.500656 0.000000 1.791397 1.306264 2.141746 3.856921 7.490523 0.264562
152 63.296642 43.344585 0.000000 1.723326 1.394431 2.428240 4.665269 9.685974 0.268467
153 63.283527 43.924786 0.000000 1.251106 1.372562 2.356932 4.458927 9.104842 0.200469
154 63.262016 43.560326 0.000000 1.452896 1.429726 2.529096 4.923769 10.336936 0.200029
