%% Trajectory 12
%% frame x (pixel)     y (pixel)    z (pixel)      m0         m1           m2           m3           m4           s 
30 33.465527 61.102432 0.000000 1.195015 1.242133 1.961097 3.405825 6.397124 0.163761
31 33.409863 61.238071 0.000000 1.193217 1.203550 1.828533 3.057671 5.560358 0.250000
32 33.615570 61.204617 0.000000 1.311592 1.239397 1.951119 3.409813 6.533888 0.200000
33 33.351604 60.984985 0.000000 1.416760 1.331326 2.260498 4.260581 8.721292 0.200000
34 33.389282 60.945099 0.000000 1.458561 1.219872 1.886901 3.206685 5.901519 0.200000
35 33.662708 60.817345 0.000000 1.379709 1.262775 2.007534 3.491093 6.520424 0.200000
36 33.571499 60.971096 0.000000 1.518977 1.229946 1.930035 3.332608 6.224132 0.200000
37 33.530586 61.008331 0.000000 1.809495 1.220472 1.907764 3.286440 6.137140 0.166667
38 33.513756 61.076080 0.000000 2.209087 1.239194 1.947213 3.366046 6.298779 0.200000
39 33.573105 61.016556 0.000000 2.020392 1.267526 2.026579 3.556599 6.725591 0.200000
40 33.572170 60.946091 0.000000 2.170227 1.278114 2.072525 3.718935 7.258712 0.200000
41 33.540768 61.012081 0.000000 2.525796 1.245870 1.961830 3.385286 6.288439 0.200000
42 33.726242 61.052177 0.000000 2.753743 1.311276 2.177390 4.008432 8.025156 0.251469
43 33.518559 60.979671 0.000000 2.708586 1.280129 2.065019 3.660592 7.001327 0.250000
44 33.766735 60.897575 0.000000 2.733606 1.324896 2.195630 3.990550 7.798803 0.250000
45 33.690144 60.978168 0.000000 3.140142 1.332577 2.239518 4.150775 8.311505 0.250000
46 33.549393 61.032749 0.000000 3.407983 1.314782 2.177884 3.970144 7.809155 0.250000
47 33.655418 61.047993 0.000000 3.205409 1.326958 2.219959 4.107321 8.242877 0.250000
48 33.709381 60.956543 0.000000 3.009380 1.323977 2.189131 3.968727 7.732281 0.250000
49 33.632214 60.986217 0.000000 3.072121 1.276813 2.053609 3.633276 6.949974 0.200000
50 33.599319 61.092518 0.000000 3.703620 1.306603 2.143610 3.866625 7.523703 0.200000
51 33.737305 60.985516 0.000000 4.062032 1.344016 2.260384 4.169204 8.260038 0.166667
52 33.654961 61.003624 0.000000 3.634728 1.324698 2.204372 4.034904 7.963197 0.200000
53 33.725292 61.019608 0.000000 3.573349 1.318818 2.201152 4.059714 8.112143 0.166667
54 33.964115 60.942368 0.000000 4.463218 1.352889 2.301793 4.318618 8.751934 0.142857
55 33.763695 60.957058 0.000000 4.243026 1.334299 2.227285 4.087159 8.089841 0.200000
56 33.879089 60.976086 0.000000 4.359447 1.355974 2.316988 4.379345 8.972585 0.143074
57 34.057735 60.988853 0.000000 4.388932 1.376001 2.378100 4.546156 9.407173 0.125000
58 33.839390 61.048168 0.000000 3.977735 1.332433 2.229989 4.109295 8.171390 0.200542
59 33.751354 61.096527 0.000000 4.138305 1.340252 2.251965 4.162849 8.296407 0.166667
60 33.744835 60.966702 0.000000 3.883951 1.343561 2.261312 4.182627 8.331794 0.200000
61 33.858379 61.018635 0.000000 4.324623 1.345446 2.272509 4.232972 8.519227 0.142857
63 33.753838 60.987995 0.000000 3.992543 1.342309 2.263878 4.210152 8.459555 0.113305
64 33.866692 61.049458 0.000000 4.213681 1.317976 2.188319 4.006486 7.932091 0.111111
65 33.674915 61.068001 0.000000 4.401031 1.312727 2.162325 3.918518 7.664876 0.142857
66 33.946632 61.019585 0.000000 3.952566 1.396802 2.449502 4.747307 9.943146 0.175138
67 33.829117 61.119705 0.000000 4.665514 1.341038 2.260441 4.196548 8.408656 0.166667
68 33.920815 61.011932 0.000000 4.137744 1.369107 2.358166 4.496645 9.295335 0.111111
69 33.752384 61.006756 0.000000 4.865712 1.351013 2.290550 4.287019 8.677385 0.111111
70 33.940781 61.085300 0.000000 4.534044 1.355529 2.302687 4.317069 8.752788 0.200000
71 33.981094 60.993484 0.000000 4.136262 1.376270 2.404146 4.675853 9.900321 0.125000
72 34.040840 61.003918 0.000000 4.315032 1.347436 2.299632 4.350695 8.932974 0.166667
73 33.884331 61.107941 0.000000 4.520264 1.354118 2.303331 4.318854 8.742989 0.125000
74 34.021267 60.996445 0.000000 4.969263 1.391458 2.438667 4.736578 9.972075 0.125000
75 34.002678 61.014866 0.000000 4.857085 1.387857 2.435491 4.748844 10.066661 0.125000
76 33.876965 61.027912 0.000000 4.429029 1.382810 2.391408 4.559601 9.383182 0.166667
77 34.106178 61.034286 0.000000 5.315700 1.369224 2.367759 4.539708 9.446682 0.100000
78 34.039444 60.978344 0.000000 4.563051 1.388486 2.422093 4.664191 9.696605 0.111111
79 33.943951 61.062454 0.000000 4.855507 1.353288 2.296938 4.290225 8.635243 0.142857
80 34.037697 61.120903 0.000000 4.182853 1.377207 2.368360 4.476911 9.106681 0.111111
81 34.104076 60.883724 0.000000 4.748389 1.339620 2.249905 4.163887 8.323841 0.125000
82 34.046688 60.994377 0.000000 4.007720 1.387351 2.437143 4.755588 10.079664 0.111111
83 34.060513 60.968964 0.000000 3.985675 1.384120 2.426753 4.734942 10.054615 0.125000
84 34.272430 60.917801 0.000000 4.245981 1.371943 2.361143 4.497747 9.294680 0.125000
85 34.369080 60.814701 0.000000 4.247353 1.290292 2.095005 3.722870 7.099522 0.166667
86 34.440907 60.667545 0.000000 4.287879 1.318471 2.162468 3.877613 7.455637 0.142857
87 34.644718 60.843227 0.000000 4.457353 1.331172 2.211170 4.028762 7.895700 0.166667
88 34.680634 60.511635 0.000000 4.696804 1.334168 2.226065 4.081271 8.069336 0.125000
89 34.766735 60.717857 0.000000 4.072521 1.331666 2.220679 4.064878 8.007605 0.166667
90 35.011959 60.561317 0.000000 4.869111 1.390421 2.420823 4.658888 9.706891 0.200000
91 34.886726 60.641491 0.000000 4.531276 1.327205 2.198515 3.988216 7.766820 0.142857
92 35.118198 60.636421 0.000000 4.265433 1.367502 2.353657 4.485218 9.278428 0.166667
93 35.105961 60.435463 0.000000 3.841829 1.309679 2.158495 3.917966 7.692120 0.142857
94 34.894798 60.364399 0.000000 4.078409 1.406554 2.469925 4.790878 10.049293 0.142857
95 34.958557 60.423061 0.000000 3.798389 1.312274 2.152875 3.868305 7.465805 0.166667
96 35.250332 60.114544 0.000000 3.492203 1.361431 2.340034 4.464472 9.272187 0.200052
97 35.437035 59.907959 0.000000 3.645742 1.357456 2.314353 4.366699 8.940233 0.200000
