%% Trajectory 57
%% frame x (pixel)     y (pixel)    z (pixel)      m0         m1           m2           m3           m4           s 
125 61.828564 58.039413 0.000000 1.408304 1.323908 2.209456 4.072303 8.134715 0.149558
126 61.347675 58.058136 0.000000 1.553018 1.292647 2.095958 3.728530 7.145113 0.184433
127 61.178394 58.174423 0.000000 1.708020 1.299371 2.129576 3.838554 7.467158 0.166913
128 61.314606 58.139603 0.000000 1.777104 1.343384 2.262840 4.208521 8.471477 0.201582
129 61.241993 57.944088 0.000000 1.476876 1.269364 2.043227 3.612263 6.883419 0.136251
130 61.701935 58.172798 0.000000 1.560322 1.323749 2.192131 3.980957 7.775578 0.168110
131 61.221119 58.299660 0.000000 1.936258 1.259178 1.998271 3.471578 6.485897 0.200000
132 61.629227 58.020615 0.000000 2.011347 1.341507 2.243695 4.114603 8.109022 0.167212
133 61.380772 58.229370 0.000000 2.421197 1.315852 2.162370 3.900800 7.581554 0.178082
134 61.474289 58.022900 0.000000 2.240989 1.330228 2.244701 4.186525 8.452779 0.166826
135 61.509861 58.066158 0.000000 2.023997 1.327358 2.221108 4.112296 8.270613 0.166667
136 61.788021 58.076225 0.000000 2.172579 1.356231 2.341987 4.504131 9.442749 0.166703
137 61.811928 58.182064 0.000000 2.070190 1.304075 2.122334 3.778422 7.217566 0.192926
138 61.382385 57.982777 0.000000 1.732287 1.304272 2.144680 3.877881 7.564530 0.166668
139 61.508640 57.922539 0.000000 1.782893 1.324767 2.214713 4.065955 8.028940 0.142938
140 61.797825 58.040394 0.000000 1.829751 1.323687 2.238422 4.227851 8.741593 0.166678
141 61.372047 58.106285 0.000000 1.724776 1.232195 1.920722 3.287245 6.081930 0.150741
142 61.459534 58.105526 0.000000 2.338583 1.273845 2.031580 3.542742 6.634583 0.201855
143 61.386459 58.169209 0.000000 2.488215 1.304393 2.126567 3.789320 7.236691 0.142900
144 61.354706 58.033901 0.000000 2.847123 1.335975 2.251212 4.195435 8.483704 0.143338
145 61.491608 58.060440 0.000000 2.939541 1.312756 2.158995 3.892719 7.545239 0.148816
146 61.402069 58.121765 0.000000 2.742598 1.280970 2.063195 3.642123 6.918067 0.142861
147 61.579720 58.145687 0.000000 2.849565 1.290370 2.080894 3.663252 6.904982 0.259937
148 61.422760 57.986500 0.000000 3.186986 1.304015 2.147154 3.900672 7.677399 0.143622
149 61.619537 58.039265 0.000000 3.077466 1.302136 2.135541 3.857458 7.536117 0.166944
150 61.384495 57.969357 0.000000 3.456532 1.297847 2.109396 3.748804 7.141352 0.166667
151 61.532146 58.118046 0.000000 3.921590 1.302515 2.116822 3.753447 7.119410 0.166667
152 61.494534 58.034885 0.000000 3.549726 1.297952 2.120900 3.811861 7.401355 0.166667
153 61.568577 58.053051 0.000000 4.041574 1.288161 2.083270 3.691909 7.037034 0.166667
154 61.585716 58.149578 0.000000 3.533003 1.311872 2.154883 3.880256 7.516346 0.166667
155 61.428646 57.890957 0.000000 4.133939 1.304796 2.129318 3.804985 7.304850 0.166667
156 61.452766 58.067326 0.000000 3.499887 1.282480 2.069010 3.669111 7.031469 0.166667
157 61.487167 58.004200 0.000000 4.431652 1.308423 2.149280 3.874805 7.523827 0.200059
158 61.350906 58.139256 0.000000 3.609263 1.294166 2.094200 3.705519 7.034710 0.200000
160 61.259407 58.139435 0.000000 4.332388 1.300077 2.122031 3.799572 7.322309 0.200000
161 61.402538 57.912865 0.000000 4.096095 1.291915 2.085245 3.674905 6.935554 0.200000
162 61.459766 58.009922 0.000000 4.304433 1.303508 2.141470 3.879293 7.611145 0.250053
163 61.471321 58.100765 0.000000 4.013683 1.267926 2.017630 3.509933 6.554214 0.250000
164 61.387474 58.101643 0.000000 4.498530 1.304965 2.133959 3.831674 7.415163 0.250000
165 61.219101 58.105495 0.000000 5.073550 1.329462 2.211297 4.039049 7.943062 0.333333
166 61.426212 58.173996 0.000000 4.256084 1.290620 2.085101 3.685756 6.996931 0.250000
167 61.282536 58.101086 0.000000 4.205504 1.321724 2.201403 4.043955 8.040030 0.200000
168 61.313335 58.052277 0.000000 4.940401 1.325951 2.202217 4.014160 7.873118 0.200000
169 61.574608 58.210449 0.000000 4.544210 1.303944 2.136713 3.846895 7.468622 0.200000
170 61.417793 58.239628 0.000000 4.600754 1.305477 2.127436 3.792550 7.257369 0.200000
172 61.212627 58.119732 0.000000 5.224880 1.324528 2.204560 4.044204 8.021599 0.166667
173 61.191166 58.128746 0.000000 5.427678 1.327119 2.202462 4.008942 7.845348 0.200000
174 61.316036 58.034512 0.000000 4.868174 1.333475 2.233421 4.123547 8.233811 0.200000
175 61.328812 58.043354 0.000000 5.448426 1.321702 2.191201 3.991246 7.834689 0.200000
176 61.439564 57.933006 0.000000 5.365250 1.313721 2.162096 3.904293 7.589504 0.200000
177 61.274403 57.873501 0.000000 5.300538 1.318870 2.178233 3.940816 7.654894 0.166667
178 61.378124 57.738274 0.000000 5.929481 1.289040 2.076288 3.651208 6.876855 0.200000
179 61.418556 57.746326 0.000000 6.071150 1.284900 2.063693 3.618998 6.799325 0.200000
180 61.468891 57.668659 0.000000 5.095953 1.280030 2.055853 3.611868 6.814086 0.200000
181 61.532204 57.458645 0.000000 5.606413 1.310874 2.137837 3.800254 7.217674 0.200000
182 61.452969 57.468300 0.000000 5.019510 1.275071 2.040003 3.564700 6.676241 0.200000
183 61.509647 57.416775 0.000000 4.791909 1.275719 2.039279 3.560291 6.663050 0.166667
184 61.485058 57.419807 0.000000 5.247686 1.264053 2.003617 3.471003 6.455399 0.166667
185 61.342682 57.291805 0.000000 4.954703 1.282271 2.058683 3.608879 6.777182 0.142857
186 61.225098 57.141682 0.000000 4.931650 1.312216 2.165236 3.926824 7.677501 0.166667
187 61.371677 57.046272 0.000000 4.469098 1.334905 2.229162 4.084774 8.049196 0.203553
188 61.390030 57.231537 0.000000 5.051970 1.302063 2.113078 3.742797 7.096216 0.166696
189 61.300568 57.002422 0.000000 4.687853 1.359670 2.326108 4.401432 9.027745 0.166950
190 61.439999 56.998257 0.000000 4.671465 1.321972 2.200763 4.048056 8.078080 0.142863
191 61.172222 56.923222 0.000000 4.432493 1.376865 2.371464 4.496956 9.193115 0.166689
192 61.249668 56.691189 0.000000 3.616758 1.324783 2.205138 4.044086 8.019441 0.166667
193 61.510204 56.562965 0.000000 3.686850 1.280559 2.054191 3.607622 6.814510 0.142857
194 61.243141 56.430489 0.000000 3.296137 1.373924 2.354405 4.441596 9.041553 0.190007
195 61.099094 56.339993 0.000000 3.284924 1.361149 2.316898 4.344989 8.800830 0.142878
196 60.733402 56.403324 0.000000 3.220188 1.325653 2.181070 3.916456 7.522752 0.166667
197 60.774826 56.403847 0.000000 2.932359 1.328749 2.203423 3.999020 7.787926 0.166705
198 60.754314 56.462421 0.000000 2.586225 1.313753 2.164459 3.921725 7.670282 0.206808
199 60.925209 56.345501 0.000000 1.846660 1.430271 2.569694 5.128499 11.110363 0.205612
200 60.970985 55.946339 0.000000 1.902134 1.389314 2.435961 4.752177 10.096788 0.142857
201 61.067413 55.792141 0.000000 1.658758 1.421879 2.530020 5.004593 10.762125 0.125006
203 61.100754 56.607616 0.000000 1.552838 1.291493 2.105613 3.780822 7.342284 0.258120
204 61.154198 56.391708 0.000000 1.619503 1.400657 2.443615 4.692294 9.709994 0.146509
205 61.443745 56.718716 0.000000 1.511149 1.396917 2.460619 4.803397 10.171331 0.160866
206 61.012627 56.522293 0.000000 1.713329 1.356068 2.314619 4.371575 8.950788 0.166667
