%% Trajectory 3
%% frame x (pixel)     y (pixel)    z (pixel)      m0         m1           m2           m3           m4           s 
0 69.819939 36.792473 0.000000 0.669230 1.267595 2.042130 3.642146 7.072449 0.142857
1 69.363579 37.126274 0.000000 0.767278 1.249885 1.972282 3.402822 6.305176 0.142857
2 69.283005 36.894348 0.000000 0.786279 1.193699 1.820090 3.045520 5.510735 0.166667
3 69.403206 37.018658 0.000000 0.954993 1.291993 2.125425 3.867810 7.640841 0.166667
4 69.773857 37.125282 0.000000 0.873191 1.288325 2.119664 3.891036 7.835193 0.142857
5 69.455048 37.078812 0.000000 0.985140 1.328898 2.233796 4.156359 8.403283 0.166667
6 69.584534 36.850101 0.000000 1.185715 1.268140 2.033280 3.574042 6.754527 0.166682
7 69.314026 37.195141 0.000000 1.162285 1.263565 2.012418 3.525537 6.683392 0.220439
8 69.376869 37.066422 0.000000 1.126684 1.280484 2.062912 3.630033 6.840574 0.142860
9 69.420525 36.845005 0.000000 1.198067 1.308499 2.160419 3.940231 7.798574 0.142861
10 69.316071 37.030586 0.000000 1.354638 1.340678 2.267220 4.231093 8.538210 0.276683
11 69.523018 37.111107 0.000000 1.406927 1.303849 2.143966 3.878581 7.573507 0.166801
12 69.334892 37.160057 0.000000 1.681329 1.296221 2.107736 3.752810 7.177441 0.291025
13 69.420868 37.169601 0.000000 1.565335 1.265242 2.010498 3.500413 6.561970 0.166667
14 69.402367 37.070763 0.000000 1.473097 1.301657 2.128923 3.822639 7.391390 0.166672
15 69.350571 37.281013 0.000000 1.972237 1.346947 2.263659 4.183471 8.341550 0.166678
16 69.198830 37.048248 0.000000 1.772189 1.406462 2.493290 4.894710 10.401864 0.188748
17 69.006744 37.050888 0.000000 1.989674 1.417604 2.530349 5.020820 10.825379 0.190761
18 69.293175 37.190056 0.000000 1.816347 1.289886 2.081665 3.670993 6.939799 0.200006
19 69.299850 37.234283 0.000000 2.204321 1.326674 2.218699 4.095666 8.191991 0.223087
20 69.246605 37.066929 0.000000 2.013809 1.328429 2.207438 4.018600 7.854921 0.206183
21 69.361977 36.962688 0.000000 2.187859 1.342593 2.268638 4.230266 8.532623 0.156636
22 69.427048 37.116901 0.000000 2.053830 1.339820 2.267133 4.234241 8.556583 0.223972
23 69.281319 37.094643 0.000000 2.145224 1.344320 2.250732 4.125116 8.111695 0.283505
24 69.172806 37.114182 0.000000 2.247068 1.354347 2.283408 4.220547 8.382525 0.166731
25 69.242767 37.108051 0.000000 2.450596 1.380991 2.382696 4.534929 9.330033 0.200704
26 69.179565 37.132233 0.000000 2.532036 1.353792 2.281283 4.220043 8.400077 0.167387
27 69.175240 37.116688 0.000000 2.611667 1.339828 2.256313 4.198365 8.470699 0.168236
28 69.318825 37.127335 0.000000 2.538555 1.356586 2.306204 4.324220 8.766333 0.181709
29 69.140755 37.122063 0.000000 2.716667 1.405712 2.476567 4.839241 10.266005 0.219977
30 69.462418 37.094639 0.000000 2.174504 1.395771 2.429791 4.666429 9.681936 0.166667
31 69.342934 37.179821 0.000000 2.649437 1.373934 2.360061 4.470639 9.153182 0.265593
32 69.201370 37.136772 0.000000 2.697047 1.334221 2.234772 4.129058 8.258532 0.149260
33 69.205040 37.057995 0.000000 2.709018 1.368283 2.353006 4.474092 9.213305 0.168713
34 69.202705 37.178894 0.000000 2.827085 1.342920 2.264925 4.215217 8.491197 0.142857
35 69.209053 37.067059 0.000000 2.492648 1.400035 2.442128 4.697426 9.752752 0.144408
36 69.305069 37.037373 0.000000 2.533453 1.384097 2.385890 4.520992 9.223019 0.143831
37 69.247246 37.124317 0.000000 2.595538 1.414873 2.503003 4.898872 10.382267 0.143014
38 68.876129 37.276978 0.000000 2.875365 1.381398 2.394432 4.603181 9.616570 0.142863
39 69.324280 37.063931 0.000000 2.758723 1.410031 2.485976 4.839949 10.183332 0.226716
40 69.134247 37.177303 0.000000 2.869915 1.418483 2.520784 4.967999 10.626312 0.180081
41 69.009621 37.174603 0.000000 2.684082 1.370485 2.387459 4.649232 9.908138 0.143108
42 69.195747 37.215687 0.000000 2.726766 1.397705 2.450627 4.763666 10.054202 0.185597
43 69.222878 37.416115 0.000000 2.475787 1.380222 2.386240 4.567920 9.492820 0.166963
44 69.280296 37.368504 0.000000 2.485622 1.451650 2.606310 5.154078 10.988956 0.142860
45 69.235809 37.099960 0.000000 2.959070 1.374518 2.367540 4.501727 9.258478 0.200476
46 69.166336 37.143311 0.000000 3.045348 1.413245 2.496582 4.875092 10.301032 0.200522
47 69.191322 37.305004 0.000000 3.224608 1.384053 2.384748 4.522018 9.247115 0.166667
48 69.216690 37.170849 0.000000 3.088860 1.374623 2.351340 4.419876 8.948500 0.142857
49 69.153542 37.217812 0.000000 3.046275 1.391035 2.409462 4.595873 9.458909 0.142857
50 68.972252 37.358070 0.000000 3.414655 1.395767 2.448771 4.771832 10.112469 0.166667
51 69.247025 37.225960 0.000000 3.228813 1.357371 2.301207 4.293434 8.646958 0.166667
52 68.984985 37.074318 0.000000 3.108486 1.463149 2.674721 5.417935 11.876315 0.166667
53 69.098549 37.074345 0.000000 3.734595 1.457474 2.648349 5.323234 11.569780 0.166667
54 69.073326 37.248150 0.000000 3.423303 1.397675 2.454909 4.784951 10.133327 0.142857
55 68.941460 37.168419 0.000000 3.910527 1.430060 2.565823 5.114063 11.070667 0.142857
56 69.170258 37.234131 0.000000 3.937880 1.420059 2.503358 4.860326 10.173699 0.166667
57 69.160645 37.309540 0.000000 3.461088 1.387794 2.399087 4.568808 9.392164 0.142857
58 69.134872 37.134781 0.000000 3.626872 1.432395 2.551629 5.016709 10.650949 0.125000
59 69.075165 37.182098 0.000000 3.406529 1.435163 2.553475 5.006098 10.585915 0.142857
60 69.136147 37.159878 0.000000 3.312813 1.427690 2.558175 5.085962 10.968638 0.166667
61 68.948341 37.183006 0.000000 3.260535 1.440864 2.599630 5.201607 11.282660 0.200000
62 68.888512 37.179810 0.000000 3.170234 1.435675 2.569771 5.084648 10.876572 0.200000
63 68.856438 37.325275 0.000000 3.647346 1.429995 2.556681 5.071135 10.917354 0.166667
64 68.947609 37.366684 0.000000 3.469686 1.436651 2.568441 5.077382 10.857186 0.166668
65 69.200226 37.527615 0.000000 3.164601 1.411376 2.477866 4.792831 10.007005 0.168931
66 69.271759 37.456547 0.000000 3.150323 1.409381 2.470400 4.775588 9.974169 0.166667
67 69.103157 37.310017 0.000000 3.554392 1.431664 2.546214 4.991087 10.554542 0.200000
68 69.167252 37.345821 0.000000 3.011470 1.444191 2.598822 5.176636 11.165296 0.167226
69 68.814041 37.287704 0.000000 2.886036 1.395552 2.427913 4.657701 9.651098 0.166855
70 68.600616 37.553696 0.000000 3.015584 1.398878 2.437763 4.680388 9.698208 0.176167
71 68.507713 37.301323 0.000000 2.663180 1.414436 2.499537 4.894149 10.401156 0.170846
72 68.560898 37.526737 0.000000 2.790844 1.395378 2.410491 4.562937 9.273005 0.200671
73 68.494164 37.528774 0.000000 2.738311 1.482143 2.719386 5.517692 12.107480 0.166701
74 68.411316 37.665627 0.000000 2.799963 1.446541 2.590272 5.116656 10.918434 0.168128
75 68.350174 37.722946 0.000000 2.847024 1.435568 2.580803 5.152716 11.176514 0.168523
76 67.932243 37.685703 0.000000 2.694931 1.486503 2.747508 5.631237 12.500459 0.166754
77 68.252182 37.863178 0.000000 2.608511 1.453235 2.629323 5.261324 11.379111 0.169455
78 68.206253 37.723328 0.000000 2.820096 1.445452 2.597812 5.157165 11.067011 0.189110
79 67.890518 37.866680 0.000000 2.413609 1.530866 2.903160 6.086280 13.760234 0.171553
80 68.063927 37.757885 0.000000 2.271137 1.546551 2.943792 6.173596 13.929377 0.167952
81 68.100304 38.014153 0.000000 2.554598 1.448967 2.612399 5.202712 11.190574 0.189498
82 67.806747 38.150803 0.000000 2.586548 1.471025 2.695231 5.463551 11.974031 0.168336
83 67.848152 38.067165 0.000000 2.147781 1.455695 2.656720 5.383932 11.836467 0.176277
84 67.644272 38.396038 0.000000 2.788381 1.402825 2.471508 4.836150 10.294276 0.167820
86 67.253593 36.597214 0.000000 2.785690 1.391689 2.407286 4.581184 9.403415 0.191446
87 66.848389 36.632992 0.000000 2.248139 1.442308 2.595902 5.171649 11.153510 0.219984
88 66.852074 36.215981 0.000000 1.844053 1.484238 2.745857 5.632257 12.510453 0.293064
89 66.810791 36.434181 0.000000 2.300787 1.373787 2.357283 4.466744 9.162166 0.334449
90 66.616302 36.737476 0.000000 2.489546 1.337563 2.224133 4.041198 7.863018 0.166863
91 66.548462 36.679195 0.000000 1.877529 1.391914 2.422166 4.657022 9.692649 0.172039
92 66.928429 36.312077 0.000000 1.651557 1.380427 2.365146 4.449776 9.008556 0.246705
93 66.783173 36.206387 0.000000 1.490406 1.342100 2.255837 4.177771 8.355146 0.303738
95 66.827141 35.884773 0.000000 1.091834 1.434913 2.595282 5.235135 11.494284 0.166667
