%% Trajectory 31
%% frame x (pixel)     y (pixel)    z (pixel)      m0         m1           m2           m3           m4           s 
126 67.070839 34.461922 0.000000 0.807059 1.301044 2.209294 4.220986 8.862993 0.166667
127 66.862740 34.444546 0.000000 0.779920 1.168547 1.765461 2.927769 5.253494 0.142857
129 67.197525 35.035954 0.000000 1.139016 1.361100 2.438060 4.972345 11.243869 0.200000
130 67.118042 34.680008 0.000000 0.842290 1.279763 2.208313 4.377315 9.725937 0.168358
131 67.117905 35.098202 0.000000 0.798295 1.377679 2.535741 5.310672 12.280051 0.200000
132 66.997490 34.796703 0.000000 1.036047 1.220407 1.911390 3.292402 6.132309 0.166667
133 67.459633 34.733593 0.000000 1.175413 1.171092 1.784197 3.054208 5.846637 0.200000
134 67.059883 34.905903 0.000000 1.484951 1.333972 2.260787 4.267075 8.799570 0.179295
135 67.153839 34.677998 0.000000 1.266848 1.198792 1.831563 3.062463 5.520059 0.166667
136 66.951118 34.941494 0.000000 1.641829 1.288632 2.122452 3.887220 7.776061 0.166706
137 66.947014 34.687504 0.000000 1.342954 1.204172 1.849805 3.124914 5.723515 0.166667
138 67.071053 34.761902 0.000000 1.376191 1.259730 2.002568 3.482435 6.501976 0.168714
139 67.102074 34.965172 0.000000 1.340911 1.290163 2.125019 3.906600 7.887179 0.159821
140 66.996246 34.886765 0.000000 1.826366 1.276216 2.070615 3.709723 7.205479 0.209997
141 67.192703 34.843239 0.000000 1.783418 1.209806 1.856180 3.118729 5.653140 0.250000
142 66.991341 34.845676 0.000000 1.676252 1.282879 2.096895 3.817337 7.613719 0.170969
143 66.961159 34.799294 0.000000 1.600614 1.300202 2.152670 3.958817 7.945303 0.204569
144 67.021324 34.852901 0.000000 1.856001 1.291425 2.105191 3.781214 7.351622 0.218651
145 67.153610 34.931824 0.000000 2.068490 1.286543 2.099593 3.790008 7.441815 0.359887
146 66.945580 35.033844 0.000000 1.966557 1.383835 2.448026 4.836925 10.424290 0.166679
147 66.973633 35.174129 0.000000 2.071924 1.356803 2.339707 4.475410 9.292295 0.206900
148 66.940186 34.774879 0.000000 2.006639 1.277674 2.063427 3.671366 7.074926 0.167273
149 66.913467 34.793774 0.000000 2.356231 1.273936 2.057557 3.670018 7.110044 0.166667
150 66.829506 34.811565 0.000000 2.253294 1.247472 1.958903 3.366398 6.223317 0.166669
151 66.905861 34.799999 0.000000 2.603333 1.277178 2.060374 3.657365 7.020147 0.200000
152 66.909760 34.816868 0.000000 2.294875 1.273565 2.044670 3.599147 6.818348 0.201588
153 66.801102 34.762856 0.000000 2.609802 1.293633 2.113157 3.813945 7.478591 0.200000
154 66.852203 34.878952 0.000000 2.565649 1.295070 2.129864 3.885155 7.728180 0.200000
155 66.859314 34.802490 0.000000 2.447342 1.308069 2.177998 4.046783 8.250648 0.166683
156 66.662430 34.652672 0.000000 2.394307 1.254238 1.978195 3.414812 6.342571 0.169561
157 66.730347 34.639347 0.000000 2.144875 1.257825 1.995654 3.471765 6.510522 0.166725
158 66.768631 34.778320 0.000000 2.391531 1.280512 2.075175 3.721735 7.271193 0.230989
159 66.760529 34.770561 0.000000 2.102672 1.310726 2.161773 3.923070 7.691538 0.244964
160 66.544548 34.878387 0.000000 2.370785 1.314128 2.182245 4.006065 7.986279 0.250595
161 66.413841 34.836391 0.000000 2.216792 1.262136 2.005164 3.484115 6.502103 0.172549
162 66.218307 34.967743 0.000000 2.440699 1.316647 2.188781 4.022229 8.019067 0.213981
163 66.214455 34.957722 0.000000 2.589506 1.369162 2.369443 4.548088 9.480039 0.239769
164 66.279816 35.028530 0.000000 2.967279 1.359428 2.334341 4.445172 9.197554 0.204452
165 66.132240 35.161598 0.000000 2.654694 1.366688 2.328332 4.360441 8.797246 0.221150
166 65.926537 34.915840 0.000000 2.163755 1.339732 2.249835 4.154464 8.265587 0.250236
167 65.812729 35.081181 0.000000 2.648206 1.331285 2.234195 4.137951 8.293959 0.238339
168 65.787514 35.120884 0.000000 2.500478 1.298214 2.126179 3.835348 7.480760 0.211183
169 65.707970 35.034557 0.000000 2.642237 1.327838 2.210392 4.041088 7.953995 0.253374
170 65.637375 35.343956 0.000000 2.682561 1.278920 2.048551 3.583198 6.716345 0.200000
171 65.850937 35.439945 0.000000 2.502812 1.302569 2.121534 3.781660 7.237839 0.200000
172 65.768150 35.453529 0.000000 2.402984 1.279648 2.052105 3.601369 6.792622 0.200000
173 65.603462 35.393566 0.000000 2.253892 1.309727 2.135763 3.800369 7.234178 0.166667
174 65.755417 35.434700 0.000000 2.079865 1.316271 2.180608 3.978739 7.851878 0.200000
175 65.647240 35.442131 0.000000 1.977492 1.300374 2.109222 3.730438 7.053842 0.200574
176 65.832718 35.544891 0.000000 2.046761 1.287975 2.087583 3.720138 7.163974 0.166667
177 65.802757 35.197968 0.000000 1.784755 1.305840 2.144457 3.877909 7.584090 0.166667
178 65.591110 35.503811 0.000000 1.450816 1.260439 1.995356 3.453019 6.416959 0.125536
179 65.931519 35.515583 0.000000 1.355000 1.338834 2.243824 4.133972 8.215403 0.180746
180 65.747528 35.546364 0.000000 1.356496 1.264670 2.011224 3.509043 6.604816 0.166667
181 65.433899 35.757786 0.000000 1.392514 1.360671 2.304011 4.292127 8.630324 0.166668
182 65.929680 35.334885 0.000000 1.247217 1.349365 2.271245 4.194124 8.333419 0.164079
