%% Trajectory 66
%% frame x (pixel)     y (pixel)    z (pixel)      m0         m1           m2           m3           m4           s 
165 68.581024 47.999825 0.000000 2.228369 1.407497 2.493921 4.920450 10.577621 0.166667
167 68.595665 47.224739 0.000000 1.556148 1.393366 2.451479 4.794280 10.201266 0.145401
169 69.146240 47.799717 0.000000 1.674026 1.396379 2.444464 4.730927 9.910954 0.229699
170 68.704414 47.692055 0.000000 1.445619 1.508860 2.808891 5.782206 12.855021 0.143589
171 68.632332 47.521542 0.000000 1.975220 1.412700 2.457131 4.687089 9.606408 0.175112
172 68.794670 47.437313 0.000000 2.432043 1.474481 2.718196 5.552488 12.271628 0.206871
173 69.244225 47.317158 0.000000 1.907402 1.522737 2.856746 5.906486 13.149257 0.142857
174 69.233078 47.276009 0.000000 2.079919 1.374082 2.350636 4.406603 8.869241 0.258746
175 69.354309 47.406548 0.000000 2.371218 1.445480 2.561147 4.969035 10.335048 0.183526
176 68.947350 47.570171 0.000000 2.458684 1.537575 2.913965 6.082804 13.656279 0.142857
177 69.100060 47.575260 0.000000 2.965909 1.541016 2.924918 6.120567 13.784228 0.166667
178 69.169380 47.513081 0.000000 2.638201 1.559750 2.994324 6.330256 14.381319 0.166667
179 69.566833 47.520824 0.000000 2.954958 1.453024 2.628556 5.270156 11.460181 0.250000
180 69.353371 47.638866 0.000000 3.110490 1.503452 2.794650 5.733840 12.680637 0.166667
181 69.023445 47.407269 0.000000 2.970135 1.506319 2.809156 5.799023 12.945925 0.250000
182 69.263748 47.325081 0.000000 3.290982 1.478851 2.707082 5.462851 11.877874 0.166667
183 69.361092 47.329098 0.000000 3.287494 1.501712 2.795242 5.740560 12.705817 0.166667
184 69.106094 47.542316 0.000000 3.772974 1.485013 2.740213 5.592499 12.334392 0.200000
185 68.715027 47.538105 0.000000 3.443401 1.430071 2.536566 4.962529 10.485750 0.200000
186 69.390739 47.402401 0.000000 3.300643 1.466480 2.656718 5.298457 11.378982 0.250016
187 68.826019 47.438190 0.000000 3.272882 1.537804 2.894915 5.998501 13.368257 0.200000
188 68.850281 47.469315 0.000000 3.130995 1.424638 2.524167 4.939592 10.457350 0.200000
189 68.910583 47.374229 0.000000 3.355454 1.469034 2.690975 5.464150 12.018611 0.200000
190 69.336449 47.185631 0.000000 3.780542 1.436721 2.559843 5.017516 10.584082 0.250000
191 69.201508 47.288712 0.000000 3.225912 1.507090 2.818763 5.834879 13.054360 0.200000
192 69.396599 47.441246 0.000000 3.538749 1.478816 2.720083 5.539622 12.206648 0.200000
193 68.873871 47.449150 0.000000 3.628955 1.458413 2.641101 5.278074 11.386465 0.200000
194 69.220795 47.412811 0.000000 4.263403 1.485391 2.728474 5.525393 12.058950 0.200000
195 68.945763 47.603024 0.000000 3.686505 1.429965 2.546332 5.011475 10.666624 0.200003
197 69.371002 47.521530 0.000000 4.550688 1.427892 2.515619 4.857868 10.067548 0.200000
199 68.892136 47.438091 0.000000 4.079726 1.492903 2.741171 5.538191 12.042243 0.200000
200 69.244484 47.512802 0.000000 3.866998 1.361809 2.320251 4.346189 8.769682 0.250000
201 69.135292 47.420219 0.000000 4.170379 1.484285 2.708280 5.426552 11.681343 0.200000
202 68.900925 47.345036 0.000000 4.407708 1.472581 2.683117 5.386350 11.651098 0.250000
203 69.104317 47.457829 0.000000 4.066526 1.480384 2.703314 5.427694 11.712885 0.200000
204 69.434265 47.330761 0.000000 3.553207 1.381433 2.369586 4.456073 9.001196 0.200004
205 69.537270 47.399426 0.000000 3.948921 1.445542 2.575325 5.037547 10.593058 0.200000
206 69.202133 47.298264 0.000000 3.871739 1.534365 2.896425 6.010193 13.387078 0.200000
207 69.291306 47.259949 0.000000 3.686960 1.461740 2.648476 5.287165 11.364528 0.200000
208 69.383080 47.171669 0.000000 4.122635 1.437936 2.565659 5.038339 10.656207 0.200052
209 69.320557 47.209030 0.000000 3.983352 1.461969 2.645577 5.284636 11.395972 0.200034
210 69.438385 47.257050 0.000000 3.995209 1.542440 2.910703 6.029018 13.391602 0.200000
211 69.169609 47.306633 0.000000 4.647920 1.455955 2.629324 5.232897 11.227575 0.200000
212 69.231003 47.244339 0.000000 3.802986 1.449547 2.591647 5.093990 10.770672 0.316146
213 69.356300 47.225872 0.000000 4.249619 1.494105 2.743244 5.536896 12.010728 0.200000
214 69.469734 47.165207 0.000000 4.544789 1.445586 2.593902 5.124070 10.899371 0.142857
215 69.330582 47.231018 0.000000 4.379818 1.444780 2.576039 5.047982 10.638399 0.250006
216 69.244225 47.260860 0.000000 3.932269 1.448866 2.608216 5.184287 11.131916 0.202161
218 69.251541 47.646172 0.000000 4.714769 1.495143 2.748049 5.551395 12.050439 0.200000
219 69.235168 47.724545 0.000000 4.496057 1.465349 2.649506 5.268373 11.268318 0.142857
220 69.092682 47.691227 0.000000 4.258569 1.478085 2.711595 5.477595 11.905748 0.200000
221 69.198784 47.807659 0.000000 5.055073 1.515386 2.812584 5.723154 12.477995 0.166667
222 68.804085 47.965637 0.000000 5.292893 1.459759 2.667839 5.407441 11.867566 0.200000
223 68.797180 47.728634 0.000000 5.479198 1.467110 2.656200 5.290781 11.343413 0.166667
225 68.762047 48.141907 0.000000 4.810802 1.463604 2.661119 5.351664 11.637490 0.142857
226 68.545349 48.406792 0.000000 5.025341 1.472236 2.672579 5.334042 11.441863 0.166667
227 68.373749 48.436523 0.000000 5.159012 1.397177 2.416682 4.579792 9.318933 0.166667
228 68.553772 48.385433 0.000000 5.240155 1.454848 2.618850 5.186528 11.054571 0.166667
229 68.567139 48.381512 0.000000 4.786796 1.424669 2.514091 4.875311 10.172019 0.142857
230 68.316521 48.653584 0.000000 5.243534 1.457730 2.626608 5.203066 11.082811 0.166667
231 68.883232 48.620529 0.000000 5.249900 1.419465 2.508304 4.881888 10.241592 0.142857
232 68.839294 48.490856 0.000000 5.667710 1.367862 2.329238 4.359957 8.796351 0.142857
233 68.897530 48.758656 0.000000 5.852282 1.424927 2.529531 4.959990 10.515847 0.166667
235 68.996887 49.059711 0.000000 4.985746 1.437444 2.591202 5.181055 11.225190 0.142857
236 69.011810 48.835949 0.000000 5.502912 1.389229 2.418855 4.659225 9.716856 0.166667
237 69.047798 48.712543 0.000000 4.838015 1.367184 2.342272 4.422353 9.012381 0.142857
238 69.273582 49.337894 0.000000 4.869437 1.340979 2.232773 4.061282 7.910163 0.166667
239 69.340172 48.740665 0.000000 4.568766 1.282187 2.065002 3.631396 6.837583 0.142857
240 69.371284 48.516876 0.000000 4.894832 1.328819 2.197958 3.963696 7.633668 0.125000
241 69.329414 48.539200 0.000000 4.814566 1.295139 2.096780 3.709597 7.036511 0.142857
242 69.443687 48.785526 0.000000 4.123741 1.329173 2.228920 4.141419 8.373001 0.167182
243 69.438858 48.929928 0.000000 3.664133 1.329226 2.221971 4.094580 8.155338 0.204351
244 69.825371 49.454075 0.000000 3.597937 1.293648 2.095774 3.704103 7.001842 0.143698
245 69.762314 49.879704 0.000000 3.132152 1.313529 2.165515 3.924358 7.671900 0.166872
246 69.750526 49.534920 0.000000 3.250258 1.373071 2.372900 4.530689 9.354558 0.125345
248 69.236977 48.830189 0.000000 1.537546 1.401342 2.476452 4.869458 10.416424 0.153382
249 69.861298 49.012630 0.000000 1.547552 1.418963 2.540588 5.068259 11.013611 0.152021
250 69.278389 49.403557 0.000000 1.745306 1.483184 2.760435 5.690333 12.674578 0.142857
