%% Trajectory 77
%% frame x (pixel)     y (pixel)    z (pixel)      m0         m1           m2           m3           m4           s 
117 23.855423 34.390274 0.000000 1.053952 1.236607 1.928743 3.294281 6.062228 0.166667
118 23.577600 34.951309 0.000000 1.269950 1.330115 2.225118 4.091049 8.095119 0.126045
119 24.067850 34.613739 0.000000 1.090168 1.344399 2.267479 4.224813 8.536891 0.125010
121 23.636471 34.692268 0.000000 1.299066 1.275838 2.054837 3.633420 6.925901 0.125003
122 23.671366 34.965801 0.000000 1.520858 1.294889 2.122988 3.841928 7.534982 0.142862
123 23.839396 34.934769 0.000000 2.070324 1.351012 2.313893 4.397323 9.083558 0.172105
124 23.516319 34.769886 0.000000 1.993940 1.224891 1.898495 3.229957 5.944883 0.166667
125 23.508921 34.821388 0.000000 1.845164 1.279658 2.085596 3.753618 7.326375 0.150791
126 24.055883 34.831398 0.000000 1.967275 1.304836 2.152123 3.922613 7.757181 0.180820
127 23.563667 34.930641 0.000000 1.797987 1.295024 2.098758 3.720681 7.077935 0.125185
128 23.572454 34.868591 0.000000 2.313326 1.309204 2.149692 3.869934 7.496178 0.226150
129 23.712500 34.756218 0.000000 2.373317 1.340217 2.278161 4.319668 8.966170 0.142857
130 23.638641 34.892548 0.000000 2.647599 1.338868 2.273230 4.287012 8.806455 0.166688
131 23.655115 34.730633 0.000000 2.178979 1.273600 2.030281 3.540912 6.636389 0.225157
132 23.603752 34.969002 0.000000 2.930644 1.334569 2.228889 4.091726 8.092683 0.200042
133 23.541374 34.955639 0.000000 2.851976 1.324891 2.202801 4.024223 7.923755 0.166667
134 23.761221 34.773281 0.000000 3.050166 1.264119 2.014164 3.518900 6.624857 0.250000
135 23.674784 35.024506 0.000000 2.689371 1.323280 2.208606 4.065734 8.090937 0.250000
136 23.677702 34.989922 0.000000 2.618700 1.308802 2.161365 3.915684 7.625704 0.250000
137 23.586906 34.908073 0.000000 3.057579 1.267925 2.025299 3.550690 6.714791 0.200000
138 23.676899 34.883762 0.000000 3.403994 1.283092 2.074286 3.677306 7.018418 0.200000
139 23.517410 34.847385 0.000000 2.902181 1.270052 2.027694 3.548147 6.686640 0.200000
140 23.712069 34.830143 0.000000 3.535119 1.281990 2.077708 3.710087 7.170765 0.250037
141 23.614799 34.882191 0.000000 3.645837 1.281018 2.076084 3.709088 7.181927 0.167191
142 23.654087 34.871082 0.000000 3.551605 1.331272 2.224333 4.092000 8.130060 0.166667
143 23.725864 34.681919 0.000000 3.967572 1.269759 2.023244 3.522325 6.577361 0.200034
144 23.611967 34.776913 0.000000 3.542043 1.280190 2.060338 3.632039 6.886302 0.166667
145 23.803701 34.607780 0.000000 3.824362 1.321978 2.193083 3.998526 7.863698 0.200663
146 23.881748 34.708847 0.000000 3.822367 1.320494 2.206969 4.078968 8.183860 0.250000
147 23.910734 34.582806 0.000000 3.916385 1.295124 2.104044 3.749554 7.197717 0.200010
148 24.120398 34.719517 0.000000 4.228102 1.339330 2.249629 4.151145 8.247699 0.166714
149 23.974102 34.748928 0.000000 3.613414 1.319268 2.201686 4.057219 8.098290 0.143086
150 24.227758 34.646484 0.000000 3.935098 1.319990 2.187350 3.987278 7.849875 0.142857
151 24.322905 34.865349 0.000000 3.855509 1.352499 2.280422 4.218598 8.388685 0.166669
152 24.253374 34.826927 0.000000 3.588335 1.308614 2.154391 3.905689 7.650319 0.143355
153 24.592104 34.987843 0.000000 3.428237 1.334605 2.253544 4.215946 8.571744 0.197983
154 24.658266 34.865070 0.000000 3.151298 1.300494 2.129611 3.838658 7.477873 0.200000
155 24.554060 35.139515 0.000000 3.097720 1.317206 2.163105 3.884273 7.479314 0.166667
156 24.712967 35.026741 0.000000 3.373492 1.340713 2.252995 4.174451 8.368119 0.200000
157 25.090572 34.931248 0.000000 3.201149 1.391682 2.433966 4.730315 10.000266 0.166667
158 24.895502 34.743912 0.000000 3.226981 1.314715 2.168618 3.929917 7.673902 0.111111
159 24.793962 34.722179 0.000000 2.866872 1.285590 2.065000 3.623087 6.812909 0.125000
160 25.121124 34.797546 0.000000 2.905837 1.380246 2.405882 4.672801 9.907532 0.166667
161 25.136606 35.107067 0.000000 2.678804 1.298363 2.112439 3.774409 7.273174 0.142857
162 25.422977 35.091068 0.000000 2.005492 1.237800 1.939414 3.326442 6.138627 0.166667
163 25.694529 34.914799 0.000000 2.070867 1.322013 2.250553 4.287032 8.960226 0.142857
164 25.546715 34.990528 0.000000 1.904288 1.352102 2.347706 4.545363 9.600876 0.166811
165 25.007607 35.664780 0.000000 1.911593 1.346533 2.320483 4.481926 9.498586 0.192590
167 25.745171 36.705116 0.000000 1.213394 1.276972 2.071021 3.725673 7.315176 0.207592
169 25.600355 37.443657 0.000000 1.064576 1.415993 2.530938 5.063111 11.087037 0.167341
171 26.120270 36.646553 0.000000 0.944354 1.276741 2.041587 3.566647 6.679855 0.158849
172 25.678940 36.795036 0.000000 0.783153 1.357357 2.389806 4.706398 10.127842 0.144162
173 25.391331 37.025883 0.000000 1.000823 1.546585 2.998439 6.446507 14.956136 0.342906
