%% Trajectory 58
%% frame x (pixel)     y (pixel)    z (pixel)      m0         m1           m2           m3           m4           s 
139 50.709000 27.488661 0.000000 1.052341 1.280539 2.094043 3.799781 7.506493 0.142863
141 50.839741 27.769587 0.000000 2.040721 1.300628 2.125659 3.806068 7.323160 0.203164
142 50.821075 27.214207 0.000000 1.798218 1.342269 2.261020 4.201770 8.447371 0.156912
143 50.818432 27.586250 0.000000 1.980463 1.326203 2.243925 4.247064 8.830518 0.142857
144 50.897583 27.459694 0.000000 1.617916 1.276340 2.043829 3.597555 6.845066 0.142857
146 50.614899 27.348806 0.000000 1.846762 1.399891 2.433885 4.655517 9.584127 0.200724
147 50.511673 27.471376 0.000000 1.994860 1.416089 2.528345 5.012346 10.782537 0.125125
149 50.893269 27.471785 0.000000 1.849736 1.382271 2.380624 4.498212 9.125696 0.166680
150 50.736969 27.872732 0.000000 2.202865 1.331248 2.244678 4.210668 8.627763 0.166794
151 50.631256 27.476776 0.000000 2.122555 1.302393 2.136309 3.870343 7.614958 0.170321
152 50.658020 27.586679 0.000000 2.444587 1.277205 2.057578 3.658811 7.069468 0.142864
153 50.620491 27.580904 0.000000 2.283795 1.288537 2.081759 3.695729 7.085085 0.142871
154 50.601612 27.664341 0.000000 2.763297 1.299703 2.105038 3.722218 7.049347 0.175355
155 50.792664 27.322184 0.000000 2.196512 1.251764 1.990908 3.498796 6.690573 0.142864
156 50.816978 27.516157 0.000000 2.132399 1.277082 2.053851 3.623112 6.886795 0.144078
157 50.733990 27.489794 0.000000 2.167765 1.326360 2.249952 4.259913 8.824490 0.142857
158 50.655762 27.397093 0.000000 2.210613 1.280863 2.066885 3.679272 7.108981 0.146528
159 50.565392 27.704197 0.000000 2.366050 1.296908 2.105328 3.754436 7.228199 0.142858
160 50.740944 27.711334 0.000000 2.620041 1.262754 1.999663 3.461909 6.437647 0.142861
161 50.944443 27.502691 0.000000 2.581848 1.294269 2.116076 3.826872 7.523983 0.161545
162 50.985054 27.424553 0.000000 3.042928 1.311257 2.161540 3.923926 7.699994 0.125876
163 50.745510 27.667637 0.000000 2.751181 1.300554 2.139225 3.890661 7.689102 0.142938
164 50.773731 27.725849 0.000000 2.321829 1.325790 2.199927 4.016798 7.924629 0.142859
165 50.919983 27.509220 0.000000 2.453105 1.259828 2.007105 3.528875 6.743691 0.125107
166 50.987251 27.760622 0.000000 2.599661 1.337686 2.257739 4.209514 8.497868 0.142857
167 50.750313 27.487976 0.000000 2.555233 1.298887 2.110819 3.754741 7.175944 0.142858
168 50.788906 27.646099 0.000000 2.069782 1.260196 2.014790 3.553043 6.801406 0.142857
169 50.589581 27.398363 0.000000 2.681235 1.288626 2.116199 3.882351 7.838496 0.166667
170 50.939495 27.570126 0.000000 3.252354 1.272341 2.037186 3.574680 6.753308 0.166701
171 50.744995 27.338165 0.000000 3.096606 1.304425 2.131874 3.815882 7.338556 0.166679
172 50.678242 27.714149 0.000000 3.015206 1.303896 2.134869 3.851798 7.527391 0.166667
173 50.724232 27.408417 0.000000 3.185292 1.274907 2.032382 3.539749 6.614209 0.142857
174 50.823921 27.331985 0.000000 2.872978 1.297910 2.118069 3.794727 7.328410 0.142873
175 50.709240 27.452595 0.000000 3.340618 1.298971 2.124333 3.831506 7.492121 0.154934
176 50.755116 27.611687 0.000000 3.546122 1.277658 2.061522 3.663146 7.049493 0.166668
177 50.859489 27.693886 0.000000 4.010460 1.305210 2.137035 3.844559 7.459092 0.166683
178 50.840317 27.462154 0.000000 4.187407 1.300322 2.118204 3.786055 7.291072 0.200774
179 50.579453 27.534208 0.000000 4.295542 1.287189 2.080212 3.682769 7.012357 0.142857
180 51.013901 27.533295 0.000000 3.665196 1.328880 2.204231 4.003088 7.802945 0.166723
181 50.897469 27.459160 0.000000 4.113021 1.274134 2.038322 3.567187 6.704777 0.166667
182 51.027557 27.427658 0.000000 4.154228 1.303432 2.133635 3.832658 7.410411 0.166674
183 50.957703 27.584534 0.000000 4.245732 1.320015 2.183066 3.971061 7.801098 0.200000
184 50.949829 27.581604 0.000000 4.331919 1.350081 2.293349 4.295931 8.698807 0.200613
185 50.949524 27.588779 0.000000 4.564581 1.322681 2.192008 3.990427 7.829047 0.166667
186 50.851891 27.530022 0.000000 4.354509 1.293628 2.088531 3.680278 6.942667 0.166667
187 50.819214 27.538052 0.000000 4.367710 1.271934 2.027920 3.537336 6.630380 0.168098
188 50.858727 27.431694 0.000000 3.940573 1.328304 2.199084 3.993567 7.803992 0.178665
189 50.830044 27.652674 0.000000 4.104741 1.340401 2.247268 4.144977 8.253654 0.169339
190 50.974342 27.563778 0.000000 4.744773 1.319643 2.179800 3.953248 7.720898 0.167030
191 50.940605 27.477228 0.000000 4.508208 1.322416 2.206976 4.064782 8.107470 0.186064
192 50.976105 27.590666 0.000000 3.933905 1.350763 2.276457 4.215365 8.404483 0.205173
194 51.066780 27.926802 0.000000 3.655948 1.417340 2.522645 4.985797 10.701431 0.218127
195 51.027458 27.881302 0.000000 4.177649 1.381004 2.405313 4.648361 9.759130 0.142903
196 50.917431 28.032627 0.000000 4.085697 1.367889 2.359457 4.496603 9.265467 0.167524
197 51.020493 28.265268 0.000000 3.588577 1.359672 2.321513 4.377877 8.934455 0.166712
198 51.074547 28.111971 0.000000 3.899205 1.354691 2.309926 4.362306 8.944407 0.166667
199 51.033527 28.281403 0.000000 4.493895 1.326820 2.212204 4.061313 8.048224 0.166852
200 51.037266 28.323769 0.000000 4.705196 1.360052 2.318415 4.359646 8.864054 0.252712
201 51.009182 28.263956 0.000000 4.234972 1.353161 2.308545 4.358970 8.924514 0.166668
202 51.041832 28.508316 0.000000 3.974435 1.335771 2.233368 4.113569 8.190801 0.232626
203 51.051079 28.442339 0.000000 4.336970 1.328137 2.200347 3.989252 7.756051 0.213486
204 51.221970 28.580017 0.000000 3.987471 1.311311 2.153516 3.875427 7.494358 0.195555
205 51.367657 28.788675 0.000000 3.810317 1.306406 2.143148 3.862668 7.508694 0.166667
206 51.633698 28.888018 0.000000 3.927917 1.443174 2.589792 5.130760 10.978439 0.166667
207 51.654667 28.921886 0.000000 3.600821 1.424868 2.556248 5.113147 11.146280 0.350319
208 51.411026 29.317837 0.000000 3.277555 1.465876 2.668033 5.369022 11.684777 0.166817
209 51.893173 29.163143 0.000000 2.711005 1.494847 2.765324 5.640727 12.393425 0.200000
210 51.901619 29.393047 0.000000 1.979546 1.509552 2.830960 5.871626 13.151129 0.142857
212 52.037304 29.258562 0.000000 1.852831 1.489267 2.760034 5.670625 12.604475 0.275268
214 51.608253 29.698874 0.000000 2.153837 1.315685 2.178490 3.954096 7.708643 0.200000
215 51.872414 29.575333 0.000000 1.898570 1.392397 2.456177 4.830983 10.367455 0.200000
216 51.969685 29.176003 0.000000 1.389509 1.497488 2.796779 5.786428 12.938435 0.253717
