%% Trajectory 64
%% frame x (pixel)     y (pixel)    z (pixel)      m0         m1           m2           m3           m4           s 
183 43.393406 28.316566 0.000000 1.507858 1.165034 1.738984 2.854371 5.095521 0.166667
184 43.270874 28.447411 0.000000 1.760772 1.206112 1.849746 3.125765 5.745736 0.166667
185 43.173195 28.218559 0.000000 1.443717 1.190096 1.828435 3.114590 5.805083 0.145452
186 43.042774 28.441872 0.000000 2.046578 1.346854 2.312324 4.427751 9.257770 0.173705
188 43.415890 28.565380 0.000000 1.202863 1.114229 1.582732 2.452768 4.126202 0.166667
190 43.218758 28.667675 0.000000 1.732194 1.257009 2.044870 3.713995 7.402929 0.249544
191 42.871258 28.650337 0.000000 1.757758 1.186795 1.802643 3.021176 5.521432 0.166667
192 43.178341 28.656456 0.000000 1.701717 1.167400 1.750171 2.879029 5.128806 0.166669
193 42.976669 28.578548 0.000000 1.576318 1.196759 1.847947 3.156330 5.876951 0.142857
194 43.122757 28.773998 0.000000 1.765013 1.198753 1.826272 3.048876 5.497116 0.166667
195 42.999317 28.933422 0.000000 2.552303 1.269190 2.065510 3.729919 7.339004 0.165730
196 43.164433 28.586849 0.000000 2.613223 1.153229 1.696806 2.732333 4.767155 0.166699
197 42.993889 28.485821 0.000000 2.631704 1.206401 1.867609 3.173625 5.820684 0.166673
198 42.930126 28.436802 0.000000 2.067128 1.240974 1.956085 3.380029 6.287984 0.166667
199 42.994316 28.742928 0.000000 2.748155 1.256405 2.024146 3.606821 6.979593 0.263978
200 43.009533 28.623571 0.000000 2.849214 1.281327 2.082400 3.723038 7.181514 0.144049
201 42.994347 28.674648 0.000000 2.430749 1.254865 2.000506 3.498301 6.585930 0.125012
202 43.076515 28.717432 0.000000 3.091019 1.222893 1.905664 3.258932 6.015697 0.142870
203 42.801601 28.545837 0.000000 2.525848 1.168390 1.755212 2.892614 5.160371 0.142859
204 43.075623 28.593885 0.000000 2.546120 1.191653 1.821156 3.068849 5.630390 0.144348
205 43.182182 28.774664 0.000000 2.794194 1.209027 1.875656 3.221316 6.048881 0.142857
206 43.142277 28.783382 0.000000 2.909475 1.249710 2.002995 3.570729 6.977342 0.191979
207 42.989113 28.718941 0.000000 3.081268 1.267136 2.046424 3.635056 6.969734 0.201527
208 43.247627 28.877819 0.000000 2.967596 1.277395 2.085638 3.796692 7.586125 0.200000
209 43.217461 28.858030 0.000000 3.014833 1.241232 1.959590 3.408149 6.424292 0.166667
210 43.126938 28.604261 0.000000 2.617733 1.199239 1.847400 3.152115 5.886051 0.200000
211 43.145058 28.854044 0.000000 3.234890 1.261441 2.045153 3.696447 7.330424 0.200000
212 43.206348 28.594101 0.000000 2.954588 1.167307 1.758537 2.933586 5.372465 0.200000
213 43.223167 28.887068 0.000000 3.295072 1.243303 1.979627 3.499688 6.771399 0.200000
214 43.096420 28.766106 0.000000 3.194083 1.271195 2.069163 3.743417 7.402387 0.200000
215 43.246918 28.600199 0.000000 2.806216 1.206840 1.900836 3.379386 6.713514 0.200002
216 43.305748 28.887756 0.000000 3.468405 1.221417 1.930928 3.418232 6.695978 0.200000
217 43.333870 28.935621 0.000000 3.544385 1.252037 2.025070 3.674164 7.369503 0.329496
218 43.309200 29.095608 0.000000 3.055965 1.184807 1.801324 3.005411 5.423528 0.166667
219 43.102055 29.281105 0.000000 2.965958 1.226200 1.936815 3.373287 6.366137 0.143734
220 43.299202 29.505072 0.000000 3.239467 1.186937 1.808380 3.032745 5.525532 0.205048
221 43.224380 29.581490 0.000000 3.131837 1.211151 1.883546 3.236114 6.053380 0.204127
222 43.161911 29.617197 0.000000 3.078020 1.250976 1.999392 3.538096 6.816008 0.190112
223 43.408463 29.696604 0.000000 2.641995 1.123439 1.621010 2.556978 4.374905 0.142867
224 43.322044 29.478642 0.000000 2.437818 1.144382 1.683144 2.710428 4.730341 0.142859
225 43.457317 29.826715 0.000000 2.894386 1.196247 1.829337 3.082276 5.648724 0.142857
226 43.665207 29.828705 0.000000 3.431427 1.204701 1.842921 3.091184 5.602280 0.143495
227 43.403419 29.889936 0.000000 2.652429 1.198890 1.859044 3.200238 6.035474 0.146533
228 43.285725 30.163435 0.000000 2.957747 1.244356 1.979266 3.478534 6.642748 0.125131
229 43.197384 30.372610 0.000000 3.143758 1.299217 2.166069 4.048018 8.322695 0.166484
230 43.567108 30.371424 0.000000 3.089962 1.183353 1.781347 2.937624 5.241100 0.142860
231 43.976089 30.479128 0.000000 2.417856 1.219406 1.897662 3.242096 5.978725 0.126243
233 44.886185 29.530739 0.000000 1.905143 1.434308 2.610620 5.303245 11.702862 0.142872
234 44.630608 30.062216 0.000000 1.823586 1.289073 2.163405 4.085254 8.495586 0.168991
235 44.603008 30.387890 0.000000 1.444133 1.409689 2.596904 5.415510 12.382255 0.166667
236 44.659821 30.064150 0.000000 1.805537 1.306175 2.212465 4.219462 8.859267 0.166667
