%% Trajectory 9
%% frame x (pixel)     y (pixel)    z (pixel)      m0         m1           m2           m3           m4           s 
12 46.001186 66.509148 0.000000 1.324262 1.633761 3.289779 7.287788 17.298124 0.166693
14 46.949097 67.086967 0.000000 1.208999 1.504558 2.852743 6.019587 13.764497 0.248239
15 46.994926 67.064484 0.000000 1.378721 1.522426 2.912703 6.183374 14.174159 0.166667
17 46.473648 67.187614 0.000000 1.464208 1.303657 2.152887 3.944406 7.883372 0.258762
18 46.258636 67.103752 0.000000 2.007265 1.430507 2.553415 5.038528 10.748646 0.200000
19 46.335953 67.101913 0.000000 1.335053 1.329523 2.216566 4.067685 8.060064 0.200001
20 46.426785 67.012077 0.000000 1.859122 1.291158 2.125470 3.895818 7.820957 0.250000
21 46.586426 67.060493 0.000000 1.795000 1.367419 2.327473 4.337318 8.663781 0.200000
22 46.314358 67.211578 0.000000 1.968339 1.289783 2.081470 3.669023 6.928603 0.250000
23 46.480598 67.123817 0.000000 2.066390 1.335576 2.249239 4.197759 8.522459 0.166667
24 46.361347 66.944427 0.000000 1.859597 1.361784 2.345813 4.484717 9.325437 0.250000
25 46.194340 67.312408 0.000000 2.074810 1.339651 2.252112 4.190431 8.474684 0.333333
26 46.637371 67.036362 0.000000 2.251657 1.366308 2.338094 4.410284 8.983927 0.250000
27 46.411900 67.215767 0.000000 2.206671 1.351885 2.304438 4.364044 9.009266 0.333333
28 46.338737 66.846001 0.000000 2.481695 1.330264 2.227568 4.134210 8.354342 0.333333
29 46.306019 67.097412 0.000000 2.607626 1.338034 2.244840 4.151890 8.302350 0.250000
30 46.475937 67.034218 0.000000 2.623337 1.408459 2.511777 5.005922 10.901701 0.250000
32 46.175743 67.252754 0.000000 2.183458 1.342702 2.278836 4.289773 8.786364 0.200000
34 46.193558 67.101471 0.000000 2.940457 1.390581 2.430339 4.707115 9.893098 0.250000
35 46.253845 67.502632 0.000000 2.770533 1.271979 2.030394 3.548000 6.667232 0.200000
36 46.375629 67.096863 0.000000 3.149008 1.346241 2.278343 4.253990 8.592231 0.200000
37 46.432587 66.933037 0.000000 3.034617 1.302543 2.147925 3.931571 7.856106 0.250000
38 46.452206 67.127640 0.000000 3.084615 1.359132 2.332720 4.458189 9.309636 0.250000
39 46.361755 67.209526 0.000000 2.832020 1.335650 2.245977 4.184906 8.483958 0.200000
40 46.492573 67.248993 0.000000 2.495020 1.279047 2.086433 3.778563 7.476585 0.250000
41 46.305180 67.244316 0.000000 3.149810 1.303608 2.121562 3.769325 7.168791 0.200000
42 46.341160 67.392021 0.000000 2.851807 1.291731 2.088364 3.696051 7.031162 0.250041
43 46.566635 67.253464 0.000000 3.631948 1.338914 2.254307 4.200094 8.503134 0.166667
44 46.388672 67.214424 0.000000 3.198680 1.316940 2.178834 3.962225 7.769477 0.250000
45 46.543690 67.223885 0.000000 3.680775 1.319147 2.195122 4.036719 8.057776 0.250000
46 46.526039 67.219170 0.000000 4.345851 1.294280 2.106267 3.772260 7.307491 0.250000
47 46.686028 67.315361 0.000000 4.428082 1.300781 2.121341 3.796613 7.322264 0.250000
48 46.565926 67.268661 0.000000 4.230419 1.345003 2.283070 4.307447 8.868832 0.200000
49 46.613251 67.319969 0.000000 4.117594 1.293532 2.094991 3.711740 7.060591 0.200000
50 46.507740 67.245193 0.000000 3.818357 1.297932 2.115185 3.789715 7.334788 0.200000
51 46.502728 67.206940 0.000000 3.658970 1.312410 2.174351 3.987660 7.955488 0.166667
52 46.639427 67.297195 0.000000 4.264331 1.297889 2.117724 3.802635 7.383288 0.200000
53 46.689358 67.298462 0.000000 4.167440 1.327470 2.221549 4.115938 8.291322 0.166667
54 46.674110 67.245026 0.000000 4.062057 1.318474 2.192221 4.035327 8.079969 0.166667
55 46.657444 67.214455 0.000000 4.836030 1.312958 2.168308 3.945995 7.772129 0.166667
56 46.595726 67.282608 0.000000 4.721939 1.336152 2.241246 4.151899 8.340309 0.166667
57 46.550915 67.336273 0.000000 4.142006 1.303754 2.131570 3.825521 7.399824 0.125000
58 46.602139 67.388634 0.000000 4.434625 1.317990 2.175314 3.944826 7.716764 0.200000
59 46.725323 67.175034 0.000000 4.983006 1.323152 2.196921 4.012229 7.906706 0.250000
60 46.659103 67.295662 0.000000 5.409097 1.305429 2.134856 3.827692 7.385232 0.200000
61 46.620361 67.341240 0.000000 4.878397 1.318988 2.176771 3.939753 7.672703 0.200000
62 46.666218 67.344704 0.000000 4.682285 1.303069 2.123500 3.782517 7.223032 0.142857
63 46.605972 67.245705 0.000000 5.372303 1.301317 2.126601 3.817711 7.394154 0.200000
64 46.607548 67.296295 0.000000 5.288824 1.286128 2.072643 3.658507 6.946772 0.166667
65 46.666283 67.287567 0.000000 5.522051 1.324445 2.198145 4.007199 7.871727 0.200000
66 46.631145 67.243980 0.000000 5.735103 1.353290 2.299432 4.316305 8.783270 0.166667
67 46.623234 67.325798 0.000000 5.537403 1.304181 2.134783 3.838969 7.448532 0.166667
68 46.693913 67.259438 0.000000 6.006420 1.332961 2.232458 4.131124 8.294065 0.200000
69 46.651474 67.195847 0.000000 5.592989 1.349874 2.283401 4.260541 8.604318 0.166667
70 46.699123 67.205643 0.000000 5.724851 1.293207 2.102753 3.754044 7.224886 0.166667
71 46.731510 67.132477 0.000000 5.749514 1.347950 2.281105 4.260442 8.612319 0.166667
72 46.819752 67.242561 0.000000 5.651235 1.343368 2.278853 4.281524 8.740005 0.166667
73 46.823303 67.175850 0.000000 6.247481 1.347495 2.279104 4.255973 8.607117 0.166667
74 46.699062 67.135803 0.000000 5.864352 1.317914 2.180934 3.970032 7.800670 0.200000
75 46.836510 66.996048 0.000000 6.170193 1.362444 2.341086 4.462001 9.242133 0.125000
76 46.705082 66.928146 0.000000 5.587870 1.331041 2.234554 4.146961 8.346534 0.125000
77 46.726749 66.763687 0.000000 5.658044 1.298683 2.120916 3.815051 7.426584 0.200000
78 46.861771 66.588333 0.000000 6.414041 1.322300 2.181921 3.937867 7.619415 0.166667
79 46.717300 66.428146 0.000000 6.055310 1.302314 2.114851 3.745111 7.090321 0.166667
80 46.784904 66.450104 0.000000 6.201589 1.298685 2.106794 3.728835 7.059117 0.166667
81 46.733841 66.348320 0.000000 5.747366 1.289615 2.077858 3.654759 6.883893 0.142857
82 46.808334 66.224609 0.000000 5.689051 1.348251 2.265264 4.173795 8.265738 0.200000
83 46.760826 66.124390 0.000000 5.755278 1.339106 2.242464 4.124149 8.163364 0.200000
84 46.788723 66.171318 0.000000 5.861110 1.336159 2.235105 4.105074 8.114294 0.166667
85 46.725174 66.114532 0.000000 5.653291 1.351858 2.288743 4.271460 8.619658 0.166667
86 46.918053 65.981659 0.000000 5.060150 1.399285 2.453489 4.756421 9.978420 0.142857
87 46.861355 65.865929 0.000000 5.372892 1.355604 2.306053 4.330414 8.799255 0.166667
88 46.821228 65.834099 0.000000 5.260448 1.341731 2.265514 4.223639 8.522730 0.200000
89 46.858067 65.718239 0.000000 4.989196 1.338751 2.242362 4.130899 8.207428 0.200000
90 46.921722 65.683357 0.000000 4.962524 1.345129 2.264704 4.203628 8.437006 0.200000
91 47.162624 65.434227 0.000000 4.548854 1.344555 2.262738 4.184956 8.341589 0.166667
92 47.358196 65.346939 0.000000 4.230873 1.319260 2.168828 3.890557 7.463403 0.200001
93 47.144520 65.382088 0.000000 3.730010 1.382969 2.388995 4.545875 9.333549 0.167368
94 47.191528 65.411980 0.000000 4.217632 1.388930 2.404043 4.575197 9.376772 0.200000
95 47.383858 65.193047 0.000000 4.225488 1.341459 2.239834 4.093106 8.022269 0.200704
97 47.450638 65.117310 0.000000 3.241152 1.385952 2.393683 4.548999 9.313934 0.166667
98 47.781601 65.076668 0.000000 2.889493 1.402333 2.465425 4.787289 10.044647 0.200040
99 47.389435 65.639488 0.000000 2.644799 1.353468 2.291001 4.273675 8.619637 0.250000
100 47.063770 65.539169 0.000000 2.477157 1.362582 2.329091 4.395921 8.975657 0.211378
101 47.225094 65.781296 0.000000 2.242845 1.310103 2.166939 3.965680 7.886670 0.211898
103 47.707031 66.678955 0.000000 1.071527 1.355069 2.338619 4.514962 9.545205 0.166849
105 49.024250 65.807121 0.000000 1.127284 1.562947 3.045031 6.535270 15.068396 0.166667
