%% Trajectory 26
%% frame x (pixel)     y (pixel)    z (pixel)      m0         m1           m2           m3           m4           s 
166 47.455700 68.126137 0.000000 0.903993 1.223463 1.978676 3.633633 7.471103 0.142857
168 47.502419 68.319916 0.000000 1.024446 1.204543 1.863840 3.203124 6.050892 0.142860
169 47.414242 68.117897 0.000000 1.112860 1.306155 2.162077 3.975106 7.982965 0.142857
170 47.672153 68.278717 0.000000 1.576573 1.221024 1.889872 3.203690 5.853840 0.298177
171 47.333878 68.060112 0.000000 1.202869 1.264944 2.030272 3.613120 7.026137 0.142858
172 47.357857 68.160072 0.000000 1.718861 1.280387 2.065581 3.672588 7.077373 0.142857
173 47.316753 68.211807 0.000000 1.555600 1.249697 1.960737 3.363565 6.203535 0.142857
174 47.332466 68.054771 0.000000 1.776142 1.269595 2.045165 3.655515 7.140363 0.143029
175 47.428131 68.057663 0.000000 1.227380 1.212376 1.895084 3.289506 6.261942 0.168961
176 47.694569 68.445816 0.000000 1.607434 1.223873 1.896195 3.217134 5.882177 0.166684
177 47.580097 68.175056 0.000000 1.480690 1.217979 1.893019 3.234305 5.985727 0.143172
178 47.516521 68.076134 0.000000 1.672366 1.241234 1.952513 3.382890 6.359064 0.142860
179 47.538738 68.178604 0.000000 1.554493 1.215445 1.868607 3.165146 5.838984 0.279791
180 47.270100 68.404137 0.000000 1.622468 1.233198 1.940395 3.381527 6.439710 0.166667
181 47.537029 68.456833 0.000000 1.916902 1.226537 1.899345 3.228916 5.942195 0.166667
182 47.432850 68.502792 0.000000 1.635677 1.205892 1.838409 3.071489 5.550267 0.142857
183 47.279850 68.256226 0.000000 1.631731 1.172761 1.752996 2.867942 5.072673 0.200000
184 47.643028 68.180161 0.000000 1.195222 1.207091 1.852576 3.114756 5.651081 0.166667
185 47.267471 68.331902 0.000000 1.737180 1.229195 1.903948 3.227602 5.895092 0.200000
186 47.302052 68.678909 0.000000 1.871700 1.205049 1.841001 3.080047 5.561813 0.200000
187 47.436043 68.403564 0.000000 1.746311 1.197259 1.822295 3.036582 5.461228 0.166667
188 47.292831 68.179352 0.000000 2.021427 1.226786 1.912716 3.291421 6.169654 0.200000
189 47.264179 68.280167 0.000000 1.800980 1.213285 1.858035 3.113476 5.626871 0.200000
190 47.301144 68.278038 0.000000 2.151721 1.207263 1.848847 3.098744 5.600389 0.200000
191 47.387291 68.268898 0.000000 2.432603 1.258769 2.003371 3.506660 6.642677 0.200001
192 47.360397 68.524521 0.000000 1.852341 1.247082 1.950521 3.338917 6.152963 0.200000
193 47.397655 68.463821 0.000000 2.162901 1.222430 1.883428 3.173364 5.759435 0.142857
194 47.443062 68.311646 0.000000 2.522824 1.210124 1.855670 3.124839 5.703199 0.200823
195 47.167885 68.397301 0.000000 2.481404 1.256486 1.994335 3.468030 6.491364 0.359129
196 47.391079 68.500343 0.000000 2.742980 1.222957 1.889541 3.195018 5.820777 0.267758
197 47.518883 68.389908 0.000000 2.544686 1.269490 2.020485 3.513659 6.555881 0.200016
198 47.470299 68.472145 0.000000 2.184401 1.204461 1.832878 3.056857 5.516048 0.142857
199 47.494690 68.511963 0.000000 2.702972 1.240193 1.943673 3.347803 6.243848 0.195388
200 47.514305 68.259415 0.000000 3.103129 1.301538 2.145423 3.915476 7.778268 0.232544
201 47.539509 68.436913 0.000000 2.762525 1.240875 1.942757 3.327535 6.130027 0.237525
202 47.386871 68.400177 0.000000 2.797106 1.214761 1.871549 3.155195 5.731303 0.170515
203 47.514423 68.315941 0.000000 2.906568 1.227361 1.903689 3.237915 5.950444 0.232406
204 47.449226 68.398300 0.000000 2.870690 1.237551 1.932276 3.303400 6.084072 0.142857
205 47.600140 68.332527 0.000000 2.843840 1.238765 1.934292 3.304280 6.073581 0.125266
206 47.644863 68.584251 0.000000 2.761214 1.206523 1.843459 3.082476 5.559875 0.142858
207 47.308762 68.496643 0.000000 3.005268 1.271558 2.031508 3.562751 6.742366 0.245469
208 47.499302 68.506233 0.000000 2.869381 1.227749 1.898063 3.210258 5.849571 0.191669
209 47.469036 68.553703 0.000000 2.932499 1.234719 1.924346 3.280802 6.018986 0.136191
210 47.569778 68.470284 0.000000 3.077079 1.251218 1.964983 3.374324 6.229483 0.166670
211 47.325275 68.569572 0.000000 3.096971 1.256481 1.985813 3.430963 6.365812 0.166921
212 47.335377 68.491707 0.000000 3.198496 1.241592 1.940150 3.317020 6.103007 0.208773
213 47.466587 68.667076 0.000000 3.166847 1.232118 1.918041 3.269807 6.007089 0.143107
214 47.463551 68.567215 0.000000 3.135418 1.246169 1.952556 3.346333 6.168395 0.159868
215 47.570366 68.499207 0.000000 3.370724 1.269298 2.022411 3.521322 6.578104 0.143318
216 47.582783 68.378708 0.000000 3.488120 1.267299 2.014919 3.503336 6.542679 0.142857
217 47.585861 68.556496 0.000000 3.221610 1.265662 2.011169 3.492011 6.505514 0.142857
218 47.572308 68.452477 0.000000 3.440754 1.272258 2.028402 3.533531 6.603426 0.125000
219 47.530334 68.490257 0.000000 3.532746 1.258430 1.989344 3.437878 6.380836 0.142857
220 47.388737 68.515907 0.000000 3.281552 1.280654 2.050331 3.584453 6.716320 0.142857
221 47.434669 68.438576 0.000000 3.162381 1.248367 1.973835 3.432195 6.460300 0.142857
222 47.567249 68.484177 0.000000 3.730858 1.249652 1.963653 3.373611 6.229074 0.125000
223 47.428852 68.406609 0.000000 3.626263 1.246456 1.953783 3.349269 6.174303 0.125000
224 47.296738 68.420189 0.000000 3.224702 1.242492 1.944109 3.327872 6.128182 0.125000
225 47.417969 68.325211 0.000000 3.455632 1.245633 1.952457 3.347720 6.173659 0.166667
226 47.329506 68.461700 0.000000 3.298660 1.219671 1.883174 3.182863 5.797384 0.111111
227 47.306969 68.443672 0.000000 3.328862 1.291332 2.096779 3.735955 7.171338 0.125000
228 47.333248 68.471809 0.000000 3.396300 1.254411 1.976381 3.404738 6.303180 0.111114
229 47.390827 68.423836 0.000000 3.494298 1.264244 2.010361 3.499603 6.553210 0.166667
230 47.270954 68.541260 0.000000 3.693210 1.230486 1.911121 3.248261 5.945359 0.142857
231 47.182468 68.460999 0.000000 3.171470 1.247346 1.958955 3.365731 6.218873 0.166667
232 47.226460 68.395103 0.000000 3.075145 1.267769 2.018945 3.523823 6.625978 0.166667
233 47.400143 68.418816 0.000000 3.355269 1.252199 1.970249 3.390142 6.270206 0.166667
234 47.394825 68.587196 0.000000 3.107569 1.242756 1.947271 3.337603 6.152009 0.142857
235 47.259872 68.636024 0.000000 3.317638 1.236108 1.928460 3.292300 6.049185 0.166667
236 47.380981 68.639252 0.000000 3.209632 1.209632 1.850116 3.097467 5.594910 0.166667
237 47.363964 68.517921 0.000000 3.005131 1.252141 1.972747 3.398429 6.290812 0.166667
238 47.347050 68.546356 0.000000 3.418984 1.225198 1.895407 3.208046 5.848073 0.166667
239 47.356552 68.477364 0.000000 3.591167 1.255787 1.980160 3.413843 6.323736 0.166667
240 47.402870 68.532043 0.000000 3.405459 1.242210 1.944183 3.327799 6.125431 0.142857
241 47.460316 68.514641 0.000000 3.549932 1.254500 1.978463 3.410805 6.316077 0.125000
242 47.332951 68.464645 0.000000 3.734322 1.229656 1.904232 3.224692 5.878808 0.142857
243 47.236633 68.605026 0.000000 3.502210 1.245875 1.954457 3.354496 6.192610 0.142857
244 47.441364 68.476433 0.000000 3.744399 1.237400 1.929091 3.289019 6.032911 0.142857
245 47.349258 68.590378 0.000000 4.176579 1.228733 1.904332 3.229141 5.896788 0.166667
246 47.323292 68.567581 0.000000 3.829138 1.247727 1.959303 3.364828 6.212467 0.142857
247 47.198032 68.466209 0.000000 3.639694 1.255443 1.988820 3.448228 6.426158 0.166667
248 47.309238 68.490601 0.000000 3.611442 1.244316 1.948152 3.335824 6.143095 0.166667
249 47.200100 68.451904 0.000000 3.241121 1.238402 1.935183 3.307285 6.078661 0.166667
250 47.177628 68.368141 0.000000 3.878758 1.268885 2.033459 3.581482 6.812571 0.168081
251 47.180622 68.358047 0.000000 3.678112 1.276201 2.047755 3.602545 6.823894 0.166667
252 47.213840 68.434921 0.000000 4.086802 1.260629 1.995149 3.451573 6.411696 0.200000
253 47.229759 68.443436 0.000000 4.242550 1.264788 2.008016 3.483936 6.487398 0.166667
254 47.193363 68.476570 0.000000 4.017471 1.279479 2.051526 3.598183 6.777080 0.142858
255 47.070377 68.379341 0.000000 3.993423 1.293567 2.115417 3.819863 7.486181 0.166668
256 47.175491 68.371925 0.000000 3.667719 1.277621 2.045385 3.577749 6.709932 0.166723
257 47.263607 68.265656 0.000000 3.877914 1.248675 1.962270 3.372625 6.232314 0.166667
258 47.384075 68.028053 0.000000 3.767153 1.305483 2.151114 3.919952 7.762931 0.200000
259 47.390926 67.993523 0.000000 3.794420 1.286429 2.085872 3.716622 7.145764 0.166668
260 47.234241 67.838257 0.000000 3.177140 1.301782 2.132466 3.847937 7.511629 0.167613
261 47.294300 67.872299 0.000000 3.614229 1.282191 2.069631 3.669981 7.023672 0.166667
262 47.446781 67.932457 0.000000 3.164173 1.264199 2.016231 3.528295 6.656160 0.145464
263 47.128311 67.809013 0.000000 3.113759 1.283762 2.073354 3.681068 7.056211 0.142866
264 47.319363 67.472191 0.000000 3.126773 1.277777 2.050152 3.604634 6.822194 0.142864
265 47.354462 67.441498 0.000000 2.932530 1.230333 1.907272 3.235363 5.912305 0.142869
266 47.387306 67.488953 0.000000 3.341801 1.244121 1.949431 3.341249 6.159092 0.166667
267 47.422565 67.322914 0.000000 2.936234 1.278096 2.049531 3.598645 6.792995 0.125855
268 47.389748 67.286140 0.000000 3.463613 1.279339 2.053014 3.608190 6.819400 0.125000
269 47.318550 67.256927 0.000000 3.258505 1.248698 1.967134 3.398090 6.332387 0.166678
270 47.587341 67.308884 0.000000 2.965785 1.212427 1.860585 3.124707 5.657794 0.142857
271 47.383881 67.184189 0.000000 3.112445 1.248820 1.978593 3.460904 6.587256 0.125012
272 47.557556 67.190445 0.000000 3.192971 1.278008 2.053453 3.617592 6.864272 0.125000
273 47.550766 67.200348 0.000000 2.713598 1.270954 2.043075 3.627023 6.999579 0.166952
274 47.616863 67.226639 0.000000 2.357216 1.267723 2.020934 3.530020 6.637220 0.125013
275 47.772476 67.020813 0.000000 2.324523 1.320120 2.190716 4.006401 7.920937 0.125000
276 47.634586 66.879463 0.000000 2.448660 1.273576 2.045773 3.599791 6.812255 0.125000
277 47.664249 66.885216 0.000000 2.431166 1.292362 2.099669 3.744634 7.199289 0.125000
278 47.687813 66.545258 0.000000 1.821492 1.326151 2.203185 4.036407 8.009491 0.125502
279 47.647079 66.941986 0.000000 1.609728 1.374518 2.399025 4.681165 9.996150 0.125063
280 47.848793 66.487762 0.000000 1.942838 1.293792 2.099794 3.729646 7.111505 0.125779
