%% Trajectory 15
%% frame x (pixel)     y (pixel)    z (pixel)      m0         m1           m2           m3           m4           s 
60 45.979790 50.898350 0.000000 1.458445 1.374609 2.376208 4.536092 9.360937 0.166671
62 46.000263 50.899071 0.000000 1.763826 1.335184 2.258436 4.228379 8.579417 0.200002
63 46.128002 50.622692 0.000000 1.612327 1.313403 2.162756 3.900532 7.551361 0.200000
64 46.158989 50.901264 0.000000 1.859387 1.327552 2.205773 4.028405 7.925956 0.166805
66 46.158588 51.057529 0.000000 1.684621 1.386977 2.405040 4.599637 9.503135 0.200000
67 46.220592 50.806091 0.000000 1.660036 1.272879 2.037445 3.567072 6.703720 0.200123
68 46.099525 50.751492 0.000000 1.957540 1.312569 2.162077 3.903985 7.576123 0.200795
69 46.203705 51.112644 0.000000 1.978444 1.339217 2.239747 4.105949 8.086746 0.166705
70 46.063507 51.051132 0.000000 1.767474 1.371121 2.363426 4.506361 9.305617 0.200000
71 46.179325 51.093769 0.000000 1.720472 1.328690 2.211419 4.044157 7.966917 0.200000
72 46.093025 51.166294 0.000000 1.642577 1.304423 2.144720 3.890439 7.644194 0.200000
73 46.146797 51.111629 0.000000 1.752952 1.311405 2.174625 3.987237 7.929198 0.166667
74 46.260830 51.017006 0.000000 2.045373 1.308470 2.148507 3.872463 7.516481 0.143564
75 46.129765 50.862759 0.000000 2.355687 1.355177 2.291081 4.246739 8.452678 0.166667
76 46.114109 51.007782 0.000000 1.941110 1.333690 2.252678 4.215703 8.565467 0.144747
77 46.087112 51.108097 0.000000 2.199983 1.330616 2.219977 4.072084 8.049850 0.187944
78 46.059063 51.105072 0.000000 2.474819 1.347253 2.276922 4.239872 8.521863 0.200000
79 46.088219 50.846802 0.000000 2.374856 1.339387 2.247229 4.144006 8.229554 0.166667
80 46.281658 51.118866 0.000000 2.370395 1.301523 2.128860 3.829936 7.438138 0.200000
81 46.238979 50.982143 0.000000 2.372339 1.326363 2.222483 4.120552 8.289260 0.166723
82 46.114841 50.882759 0.000000 2.464286 1.338870 2.247891 4.149054 8.249469 0.166667
83 46.178783 50.773911 0.000000 2.385271 1.316975 2.173443 3.945145 7.731699 0.142857
84 46.168682 51.067520 0.000000 2.447304 1.334165 2.229110 4.088445 8.066265 0.167179
85 46.343517 51.041267 0.000000 2.302835 1.284672 2.074868 3.681168 7.049892 0.166667
86 46.208252 51.040112 0.000000 2.191115 1.313890 2.167418 3.928659 7.672086 0.145784
87 46.040627 50.832165 0.000000 2.541654 1.316856 2.178375 3.959788 7.753081 0.169374
88 46.018757 51.023022 0.000000 2.442432 1.387873 2.438496 4.760489 10.103020 0.226269
89 46.330509 50.927349 0.000000 2.093777 1.289952 2.084656 3.686291 6.996522 0.142857
90 46.085709 51.124069 0.000000 2.340906 1.297361 2.116448 3.788462 7.299516 0.125000
91 46.125355 50.995472 0.000000 2.593758 1.373335 2.364033 4.488721 9.207598 0.166667
92 46.086910 51.094772 0.000000 2.473258 1.334093 2.228549 4.092217 8.096006 0.142859
93 46.223686 51.006069 0.000000 2.255009 1.395818 2.425339 4.636512 9.544590 0.142858
94 46.193760 51.044441 0.000000 2.305776 1.327636 2.209309 4.039378 7.954195 0.125008
95 45.905365 51.042416 0.000000 2.537364 1.331954 2.250912 4.214125 8.565969 0.142857
96 45.927341 51.039425 0.000000 2.457307 1.373930 2.376544 4.552816 9.457394 0.156976
97 46.042217 51.069603 0.000000 2.473115 1.325351 2.218658 4.105575 8.237155 0.190660
98 45.974186 51.023922 0.000000 2.454836 1.369296 2.366122 4.531444 9.417570 0.152686
99 46.161285 50.900036 0.000000 2.559021 1.358755 2.305640 4.296125 8.610476 0.142858
100 45.914410 51.000656 0.000000 2.691912 1.360188 2.326116 4.396115 8.988528 0.142865
101 45.995682 51.129734 0.000000 2.339747 1.352829 2.311349 4.378107 9.009414 0.142915
102 46.071678 51.171703 0.000000 3.080243 1.323680 2.210573 4.089371 8.227023 0.142857
103 46.020367 50.935741 0.000000 2.682621 1.349261 2.304904 4.367965 8.994633 0.142857
104 46.095638 51.028095 0.000000 2.753337 1.324764 2.204915 4.036205 7.964584 0.142881
105 46.112671 50.983910 0.000000 2.541069 1.344013 2.273355 4.237794 8.530290 0.143385
106 46.013721 51.262280 0.000000 2.059897 1.365078 2.338984 4.427350 9.070538 0.165812
107 45.972881 51.042225 0.000000 2.520654 1.400743 2.474860 4.852789 10.325798 0.142857
108 46.069092 51.050568 0.000000 2.886661 1.358991 2.312983 4.337710 8.779799 0.145172
109 45.989197 50.963863 0.000000 2.618123 1.366552 2.357340 4.512360 9.380835 0.143039
110 46.227757 51.136929 0.000000 3.065441 1.318343 2.186505 3.994601 7.884392 0.142857
111 45.993053 51.019756 0.000000 3.296110 1.376734 2.394232 4.624639 9.712241 0.142857
112 45.960133 50.934780 0.000000 3.004263 1.328746 2.225293 4.107143 8.185366 0.142857
113 46.040855 50.845634 0.000000 3.079855 1.332658 2.255455 4.237643 8.661517 0.142857
114 46.178429 50.947182 0.000000 3.331510 1.311463 2.166432 3.938056 7.724286 0.142941
115 46.117542 50.870876 0.000000 2.564656 1.308510 2.159514 3.924104 7.699379 0.151042
116 45.934612 50.805763 0.000000 2.975814 1.322698 2.213991 4.115899 8.340961 0.142879
117 46.082706 50.947048 0.000000 3.254378 1.363214 2.326662 4.368776 8.837982 0.143013
118 46.103184 50.838882 0.000000 3.087856 1.338080 2.238815 4.109177 8.104292 0.154998
119 46.079857 50.887680 0.000000 3.041232 1.330899 2.249047 4.218495 8.610819 0.142857
120 46.087276 50.996422 0.000000 3.026833 1.356670 2.311520 4.343159 8.814284 0.264247
121 46.000744 50.828285 0.000000 3.351347 1.357860 2.325086 4.412832 9.093165 0.145591
122 45.994358 50.973087 0.000000 3.133002 1.362547 2.350429 4.495497 9.331102 0.169283
123 46.130566 50.968773 0.000000 3.139596 1.340561 2.266306 4.225818 8.511048 0.144633
124 45.983589 50.888985 0.000000 2.876357 1.360613 2.350679 4.525951 9.503944 0.162460
125 46.056225 51.079483 0.000000 2.741132 1.338418 2.256085 4.193657 8.422363 0.142861
126 45.975956 50.911568 0.000000 3.444546 1.369707 2.367674 4.542587 9.469921 0.164284
127 46.079727 50.959641 0.000000 2.825294 1.326920 2.227437 4.138467 8.345785 0.126822
128 45.946308 50.917545 0.000000 3.361376 1.346321 2.287522 4.295693 8.730891 0.275800
129 45.989120 50.938496 0.000000 3.054373 1.348791 2.296279 4.322622 8.811365 0.216348
130 46.034481 50.956940 0.000000 3.272333 1.351784 2.321864 4.435201 9.222552 0.186985
131 46.070648 50.948292 0.000000 3.140201 1.359015 2.312729 4.327743 8.722956 0.125077
132 45.949154 51.039913 0.000000 3.338236 1.373263 2.384153 4.596330 9.624163 0.125512
133 45.980804 51.029316 0.000000 3.390185 1.345739 2.284534 4.282766 8.684798 0.125218
134 46.067741 51.262859 0.000000 3.285805 1.313507 2.166871 3.934498 7.719111 0.226962
135 45.776550 51.061195 0.000000 2.915857 1.325254 2.209539 4.065414 8.103817 0.320934
136 46.048313 51.108070 0.000000 2.840304 1.337512 2.257586 4.212109 8.510695 0.129313
137 46.044292 51.130470 0.000000 3.399911 1.353782 2.320776 4.412965 9.116607 0.125726
138 46.037243 51.120502 0.000000 3.700234 1.360726 2.334553 4.436844 9.148449 0.143392
139 45.880867 51.004208 0.000000 3.532109 1.359988 2.329479 4.412780 9.057226 0.257417
140 45.928627 51.067383 0.000000 3.857521 1.351315 2.308397 4.369307 8.978460 0.142857
141 45.981781 51.086472 0.000000 3.423474 1.374743 2.375564 4.531507 9.341530 0.143653
142 45.962711 51.029987 0.000000 3.209962 1.387062 2.430176 4.716994 9.919158 0.240025
143 45.850380 51.043797 0.000000 3.266673 1.350461 2.289815 4.271634 8.586503 0.156040
144 45.894653 51.055229 0.000000 3.087139 1.343638 2.271872 4.233856 8.523612 0.187038
145 46.106846 50.895847 0.000000 3.200978 1.319924 2.199939 4.047448 8.063861 0.194407
146 45.640316 50.998280 0.000000 3.107028 1.330432 2.224113 4.096740 8.155443 0.323852
147 45.748234 50.808876 0.000000 2.937105 1.251733 1.976828 3.419826 6.368655 0.166667
148 45.620575 50.690178 0.000000 3.044184 1.336344 2.243421 4.156910 8.341232 0.171074
149 45.688843 50.574429 0.000000 3.302455 1.266103 2.019037 3.526330 6.626668 0.142995
150 45.719170 50.583321 0.000000 2.593629 1.258299 1.989558 3.445052 6.421233 0.142857
151 45.612801 50.559048 0.000000 3.379490 1.257720 1.985744 3.426626 6.350533 0.176453
152 45.606995 50.519161 0.000000 3.069502 1.248558 1.961190 3.369605 6.225541 0.142857
153 45.189152 50.627911 0.000000 2.686623 1.334061 2.237612 4.139852 8.290559 0.170987
154 45.264633 50.689396 0.000000 2.441541 1.300486 2.114354 3.760078 7.176018 0.166667
155 45.284294 50.628677 0.000000 2.700272 1.275625 2.044394 3.580932 6.727420 0.166667
156 44.954399 50.386330 0.000000 2.491053 1.335409 2.238169 4.129497 8.226053 0.194418
157 45.329578 50.465050 0.000000 2.628387 1.245780 1.952571 3.347903 6.174313 0.166667
158 45.130302 50.595333 0.000000 2.463363 1.303128 2.144417 3.904168 7.728970 0.179458
159 45.186794 50.347782 0.000000 2.648596 1.306494 2.138159 3.842902 7.443805 0.200000
160 45.141407 50.241833 0.000000 2.855950 1.336158 2.252016 4.199305 8.492749 0.166667
161 45.072674 49.945087 0.000000 2.511757 1.370838 2.367875 4.529992 9.398290 0.200000
163 44.368534 50.545696 0.000000 2.819618 1.352309 2.282914 4.220285 8.365745 0.200000
165 44.349388 51.394897 0.000000 2.620562 1.325923 2.206801 4.061439 8.119235 0.200000
166 44.377888 51.268555 0.000000 2.102842 1.292142 2.110384 3.806848 7.457641 0.200000
167 44.635838 51.113621 0.000000 2.780833 1.382005 2.376605 4.495834 9.171265 0.200000
168 44.692558 51.352478 0.000000 2.317288 1.346393 2.280840 4.280704 8.737582 0.200000
169 44.736107 51.465256 0.000000 1.623687 1.305210 2.130239 3.814582 7.359275 0.200000
170 44.658695 51.156277 0.000000 1.750860 1.310799 2.160730 3.934789 7.778984 0.200000
