%% Trajectory 12
%% frame x (pixel)     y (pixel)    z (pixel)      m0         m1           m2           m3           m4           s 
57 87.263451 74.015236 0.000000 0.910822 1.350607 2.347367 4.580975 9.827933 0.333333
59 87.059242 74.292999 0.000000 1.010845 1.361623 2.332092 4.418494 9.069958 0.333333
60 86.796814 74.034027 0.000000 1.503714 1.504180 2.812148 5.812036 12.959333 0.333333
62 87.182938 74.076004 0.000000 1.267354 1.341152 2.285955 4.349655 9.059375 0.251334
63 87.531082 74.074310 0.000000 1.000244 1.297595 2.148676 3.985260 8.146220 0.333333
64 86.998047 73.900055 0.000000 1.243373 1.440644 2.634768 5.379717 11.962285 0.333333
65 87.086700 73.752342 0.000000 1.313534 1.403719 2.497971 4.960858 10.757590 0.253307
66 87.373070 73.907951 0.000000 1.062507 1.448278 2.650899 5.413032 12.028763 0.250000
67 87.742859 73.584152 0.000000 1.054898 1.377188 2.365570 4.482697 9.178170 0.250009
68 87.284882 73.663155 0.000000 1.251040 1.353573 2.330108 4.480242 9.436728 0.465416
69 87.466095 74.078064 0.000000 1.428775 1.412865 2.519706 4.998571 10.786929 0.333333
70 87.074486 74.182449 0.000000 1.609560 1.408462 2.479819 4.830082 10.182708 0.333333
71 87.087074 73.642601 0.000000 1.709494 1.384262 2.399035 4.592750 9.519869 0.250022
72 87.068138 73.730949 0.000000 1.921993 1.410167 2.480822 4.824557 10.152106 0.250002
73 87.123299 73.688004 0.000000 1.966807 1.434578 2.604875 5.291248 11.742886 0.426170
74 87.174591 73.595268 0.000000 1.794603 1.460030 2.640864 5.263228 11.306821 0.333339
75 87.302071 74.102852 0.000000 1.479374 1.316749 2.193608 4.060037 8.202309 0.333333
76 87.287025 73.942413 0.000000 1.356647 1.551150 2.981939 6.340151 14.545251 0.333366
77 87.143509 73.834778 0.000000 1.843113 1.465377 2.695971 5.521991 12.290479 0.333500
78 87.019196 73.818985 0.000000 1.971326 1.437216 2.591274 5.195426 11.327983 0.341074
79 87.219742 74.136101 0.000000 1.983486 1.370623 2.361081 4.497045 9.273542 0.343265
80 87.166557 74.251602 0.000000 2.153573 1.445124 2.589042 5.104373 10.831277 0.341804
81 86.980438 73.802818 0.000000 2.194968 1.447484 2.623781 5.275018 11.494632 0.333357
82 87.083359 73.997681 0.000000 1.888626 1.388288 2.451749 4.840059 10.443410 0.333349
83 87.254677 73.635513 0.000000 2.150610 1.351947 2.288109 4.261011 8.563337 0.200420
84 87.262383 73.751129 0.000000 2.447240 1.388125 2.407474 4.615132 9.583652 0.333333
85 87.326950 73.806709 0.000000 2.411285 1.371819 2.360425 4.498457 9.314586 0.333344
86 87.409172 73.926178 0.000000 2.310370 1.375002 2.373073 4.536584 9.416898 0.200035
87 86.976654 74.091660 0.000000 2.241073 1.372741 2.376819 4.563433 9.508946 0.250000
88 87.247429 73.891899 0.000000 2.273246 1.424146 2.521565 4.921597 10.363091 0.333333
89 87.258217 74.088318 0.000000 2.603784 1.359465 2.303791 4.288160 8.588876 0.200000
90 87.218727 73.975296 0.000000 2.698372 1.413145 2.509236 4.953030 10.632648 0.200000
91 87.119415 74.044128 0.000000 2.740338 1.421776 2.518042 4.913105 10.332372 0.250000
92 87.064667 74.388596 0.000000 1.980605 1.356920 2.294137 4.253747 8.480588 0.200000
93 87.074524 74.231552 0.000000 2.302808 1.383860 2.397324 4.565617 9.358072 0.333333
94 87.118019 74.202614 0.000000 2.221000 1.310506 2.153215 3.886143 7.562281 0.250000
95 86.893929 74.397766 0.000000 2.395989 1.347937 2.286883 4.286497 8.701516 0.250000
96 86.999443 74.094620 0.000000 2.940462 1.422670 2.537420 5.012252 10.720437 0.250000
97 86.865685 73.819962 0.000000 2.759269 1.409827 2.479929 4.816664 10.115790 0.333333
98 86.669662 74.191994 0.000000 2.096349 1.362069 2.311590 4.309870 8.648772 0.250000
100 86.561752 73.769249 0.000000 2.375933 1.422276 2.497521 4.821985 10.030313 0.333333
102 86.498070 73.853302 0.000000 3.241859 1.415294 2.523282 5.009927 10.839072 0.250000
103 86.395576 73.890068 0.000000 3.214460 1.353562 2.301419 4.332734 8.863080 0.333333
104 86.227509 73.809349 0.000000 3.456583 1.412908 2.499708 4.904339 10.443391 0.333333
105 86.126320 73.804977 0.000000 3.235660 1.412647 2.505605 4.933715 10.555204 0.333333
106 86.180176 73.648865 0.000000 2.838739 1.385433 2.397781 4.577911 9.446126 0.333333
107 85.975433 73.437965 0.000000 3.156504 1.375590 2.378332 4.544179 9.395180 0.333333
108 85.983978 73.666367 0.000000 3.344743 1.402841 2.451733 4.726588 9.841080 0.333333
109 85.613945 73.820152 0.000000 3.130972 1.377648 2.376343 4.510223 9.225748 0.250000
110 85.947327 73.650978 0.000000 3.888429 1.397561 2.437154 4.687924 9.742654 0.333333
111 85.838997 73.969055 0.000000 3.455684 1.396259 2.446044 4.740472 9.947630 0.333333
112 85.608025 73.961380 0.000000 3.106284 1.390149 2.425958 4.684922 9.812008 0.250000
113 85.800308 73.696419 0.000000 3.529720 1.330531 2.215646 4.053910 7.994650 0.333333
115 85.708626 74.005287 0.000000 3.183557 1.389802 2.420542 4.654051 9.671043 0.333333
116 85.834557 74.210541 0.000000 2.571054 1.346632 2.279636 4.265526 8.654978 0.333333
117 85.617340 73.787643 0.000000 2.110823 1.309757 2.161932 3.933993 7.752083 0.333606
118 85.580025 74.268478 0.000000 2.383035 1.314379 2.148105 3.829300 7.298937 0.333333
119 85.544067 74.332100 0.000000 2.428214 1.383571 2.370512 4.448725 8.958959 0.333347
120 85.680099 74.372108 0.000000 1.752832 1.278330 2.063503 3.667849 7.052451 0.333333
121 85.634460 74.312195 0.000000 1.954252 1.359876 2.306929 4.301455 8.644203 0.333333
122 85.542923 74.229301 0.000000 1.527073 1.279363 2.039462 3.550355 6.627091 0.333333
124 85.420403 73.451431 0.000000 1.615644 1.361155 2.348003 4.508514 9.445629 0.333333
126 85.249382 73.844307 0.000000 1.002510 1.404193 2.469554 4.782185 9.969641 0.333333
