%% Trajectory 12
%% frame x (pixel)     y (pixel)    z (pixel)      m0         m1           m2           m3           m4           s 
14 61.465813 68.189720 0.000000 0.919696 1.339691 2.284266 4.302966 8.761750 0.143165
16 61.584999 68.024559 0.000000 0.869524 1.274118 2.100578 3.891834 7.970498 0.308961
17 61.515083 68.620407 0.000000 1.032413 1.337762 2.283035 4.348948 9.047240 0.214429
18 61.677292 67.989830 0.000000 1.125331 1.355843 2.323740 4.399275 9.006544 0.200959
19 61.456112 68.187401 0.000000 1.128229 1.311142 2.189059 4.047964 8.130876 0.207860
20 61.677536 68.065948 0.000000 1.358571 1.239168 1.949357 3.379569 6.358845 0.210545
21 61.417645 67.976662 0.000000 1.481040 1.332850 2.249660 4.207561 8.542672 0.207293
22 61.717731 67.777924 0.000000 1.207317 1.344188 2.260537 4.191523 8.399501 0.174031
23 61.774170 67.943542 0.000000 1.934817 1.312181 2.166053 3.932221 7.697614 0.166705
24 61.545681 68.215225 0.000000 1.923660 1.354353 2.303956 4.335569 8.846549 0.166667
25 61.634731 67.950577 0.000000 1.513269 1.281414 2.085759 3.737620 7.233317 0.174634
26 61.574799 68.084625 0.000000 1.537725 1.296990 2.127402 3.856256 7.593290 0.257915
27 61.629002 67.897255 0.000000 1.453777 1.365199 2.351950 4.507204 9.409948 0.200005
28 61.640015 68.072830 0.000000 1.697930 1.319343 2.180719 3.947640 7.671106 0.173435
29 61.488277 68.047287 0.000000 1.839213 1.310948 2.180119 4.019196 8.066124 0.204040
30 61.608074 67.934792 0.000000 1.873293 1.283876 2.083911 3.720057 7.172325 0.257143
31 61.684978 67.892929 0.000000 2.238614 1.318095 2.185981 3.983739 7.822966 0.166667
32 61.806808 67.713158 0.000000 2.283309 1.308016 2.151742 3.881237 7.527098 0.171467
33 61.637440 67.850624 0.000000 2.162172 1.346328 2.273614 4.235439 8.531981 0.337462
34 61.603081 67.795784 0.000000 2.648726 1.296453 2.099412 3.715837 7.052350 0.333333
35 61.593277 67.848030 0.000000 2.350142 1.322813 2.185290 3.955420 7.690279 0.272309
36 61.611633 67.926697 0.000000 2.545867 1.315166 2.176438 3.964761 7.806530 0.353700
37 61.573524 67.775230 0.000000 2.279353 1.282430 2.060382 3.624475 6.855690 0.278196
38 61.415531 67.788757 0.000000 2.262160 1.305537 2.155066 3.925969 7.749376 0.200663
39 61.465351 67.804810 0.000000 2.678972 1.255185 1.983352 3.431085 6.386899 0.250000
40 61.610329 67.829124 0.000000 2.485048 1.294153 2.108316 3.765359 7.231962 0.335517
41 61.554031 67.851318 0.000000 2.630476 1.305703 2.131670 3.805121 7.282124 0.333404
42 61.590996 67.824371 0.000000 2.714252 1.296688 2.107136 3.749493 7.168858 0.440979
43 61.527912 67.756744 0.000000 2.417393 1.313941 2.169970 3.949075 7.774424 0.200003
44 61.392254 68.040306 0.000000 2.801910 1.337537 2.249460 4.180672 8.425026 0.184381
45 61.566849 67.922020 0.000000 2.886345 1.306892 2.144676 3.855820 7.446381 0.202269
46 61.448105 67.889130 0.000000 2.504026 1.362624 2.318288 4.341647 8.766378 0.167041
47 61.518867 67.904228 0.000000 2.605739 1.313724 2.168766 3.923438 7.624964 0.238271
48 61.579926 67.784592 0.000000 2.747362 1.295193 2.098490 3.712608 7.033690 0.426811
49 61.426304 67.757721 0.000000 2.634342 1.265675 2.011743 3.495506 6.520482 0.200000
50 61.465683 67.712311 0.000000 2.501660 1.298942 2.106243 3.727963 7.064127 0.166667
51 61.498825 67.723717 0.000000 2.622555 1.313985 2.152491 3.852965 7.389825 0.250899
52 61.438770 67.964958 0.000000 2.939038 1.339097 2.259719 4.207808 8.481306 0.250000
53 61.480080 67.877129 0.000000 2.937226 1.294467 2.106005 3.757526 7.214077 0.200001
54 61.457001 67.813293 0.000000 3.091425 1.334755 2.215463 4.014733 7.784121 0.250008
55 61.414383 67.573502 0.000000 3.215824 1.290034 2.079660 3.658004 6.886237 0.200000
56 61.431545 67.599716 0.000000 3.014462 1.318580 2.163866 3.873080 7.411067 0.250120
57 61.460258 67.579865 0.000000 2.955435 1.284467 2.065140 3.624458 6.811857 0.333333
58 61.540276 67.534637 0.000000 2.820560 1.301793 2.120118 3.782644 7.258342 0.250000
59 61.449055 67.618881 0.000000 2.886928 1.265716 2.008960 3.483745 6.482389 0.200000
60 61.468121 67.654663 0.000000 2.986566 1.272413 2.030908 3.545326 6.649214 0.200000
61 61.471394 67.587173 0.000000 3.056004 1.282401 2.059008 3.610152 6.781873 0.250000
62 61.309620 67.650703 0.000000 3.045568 1.291061 2.097668 3.740463 7.184147 0.250004
63 61.391884 67.589478 0.000000 2.709081 1.280885 2.055449 3.600827 6.756468 0.200000
64 61.183651 67.447701 0.000000 2.637253 1.322059 2.180599 3.932036 7.597128 0.166667
65 61.040806 67.569702 0.000000 2.622188 1.326581 2.209980 4.058230 8.063037 0.200000
66 61.062744 67.487961 0.000000 2.521219 1.291425 2.104541 3.788726 7.410812 0.200000
67 61.080784 67.725677 0.000000 2.947905 1.347484 2.275102 4.224905 8.455705 0.166667
68 60.792484 67.669006 0.000000 2.779832 1.324418 2.191376 3.979771 7.784907 0.166667
69 60.711422 67.841911 0.000000 2.704926 1.265795 2.011843 3.498425 6.536766 0.166667
70 60.557133 67.535484 0.000000 3.035476 1.274443 2.037015 3.556526 6.657159 0.166667
71 60.410217 67.839279 0.000000 2.744372 1.305701 2.143183 3.867378 7.530957 0.142857
72 60.374878 67.783272 0.000000 2.496675 1.258829 1.987303 3.428210 6.349839 0.142857
73 60.065063 67.877594 0.000000 3.034470 1.367985 2.364828 4.546995 9.524345 0.125000
74 60.190861 67.739563 0.000000 2.536777 1.303562 2.133257 3.830576 7.405128 0.125000
75 60.024254 67.742867 0.000000 2.769097 1.342786 2.264039 4.212378 8.476941 0.166667
76 59.582493 67.867081 0.000000 2.958777 1.315258 2.155545 3.863235 7.427318 0.142861
78 59.277954 67.165642 0.000000 2.744156 1.342916 2.250750 4.134512 8.160695 0.142910
79 59.283550 67.284492 0.000000 1.913255 1.366548 2.337313 4.418361 9.056158 0.172567
80 59.150875 67.450417 0.000000 2.092677 1.351794 2.307737 4.377026 9.047305 0.159971
81 58.738708 67.070221 0.000000 2.086559 1.402353 2.482151 4.873048 10.370685 0.188739
82 58.675274 67.274330 0.000000 1.508037 1.391779 2.412117 4.616588 9.551538 0.143011
