%% Trajectory 21
%% frame x (pixel)     y (pixel)    z (pixel)      m0         m1           m2           m3           m4           s 
52 70.216011 41.738380 0.000000 0.803529 1.436684 2.619651 5.378230 12.116274 0.200583
53 69.941444 41.370720 0.000000 0.845839 1.382605 2.468374 4.943938 10.852422 0.250000
54 70.541145 41.869831 0.000000 0.870032 1.359890 2.306125 4.328384 8.816592 0.185739
55 69.966087 42.145409 0.000000 1.137799 1.454448 2.660502 5.414361 11.962139 0.250000
57 70.283249 41.494869 0.000000 1.468252 1.229225 1.923644 3.328707 6.285443 0.250000
58 70.560127 41.524242 0.000000 1.184872 1.296866 2.136064 3.902098 7.762162 0.250006
59 70.529190 41.794937 0.000000 1.249813 1.228962 1.932393 3.375892 6.471410 0.200000
60 70.450371 41.542618 0.000000 1.397572 1.229890 1.903894 3.224077 5.880388 0.250000
61 70.499077 41.654354 0.000000 1.232426 1.210492 1.848959 3.094871 5.597582 0.200000
62 70.640793 41.542084 0.000000 1.534406 1.235991 1.933631 3.333331 6.245975 0.166667
63 70.216064 41.551167 0.000000 1.986017 1.269369 2.033651 3.593354 6.892408 0.250000
64 70.333992 41.453922 0.000000 1.691449 1.200734 1.820093 3.021894 5.425738 0.166667
65 70.353256 41.583691 0.000000 2.033252 1.234910 1.924086 3.280096 6.018367 0.142857
66 70.504242 41.524364 0.000000 2.099624 1.229683 1.910397 3.250220 5.961137 0.250000
67 70.606621 41.508495 0.000000 2.024647 1.228067 1.910091 3.265314 6.049955 0.166667
68 70.490364 41.562912 0.000000 2.531017 1.213291 1.875198 3.201355 5.967731 0.200000
69 70.447762 41.463970 0.000000 2.559642 1.264910 2.035296 3.622424 7.020866 0.142858
70 70.249069 41.572121 0.000000 2.541436 1.240416 1.948196 3.360048 6.261158 0.200000
71 70.188469 41.551888 0.000000 2.864741 1.267241 2.032203 3.593726 6.895889 0.166667
72 70.411346 41.684448 0.000000 3.184550 1.271166 2.024814 3.529435 6.615480 0.200000
73 70.164040 41.609974 0.000000 3.122142 1.298159 2.128300 3.853925 7.570978 0.166667
74 70.454948 41.510036 0.000000 2.905505 1.236480 1.930722 3.306883 6.118143 0.142857
75 70.270615 41.650276 0.000000 3.018688 1.248430 1.965926 3.386923 6.274662 0.200000
76 70.214874 41.552708 0.000000 2.835527 1.257569 1.983746 3.423112 6.352710 0.166667
77 70.357567 41.780861 0.000000 3.323778 1.236505 1.927796 3.287864 6.034153 0.166667
78 70.102615 41.593075 0.000000 3.167990 1.275376 2.047503 3.605499 6.840271 0.142857
79 70.351784 41.591671 0.000000 2.895284 1.211214 1.851910 3.098201 5.590966 0.142857
80 70.441353 41.600719 0.000000 3.113827 1.237610 1.933056 3.301873 6.065954 0.200000
81 70.323830 41.721794 0.000000 3.041946 1.244059 1.954066 3.357029 6.198808 0.200000
82 70.367783 41.608955 0.000000 3.360211 1.252774 1.981634 3.439411 6.443542 0.200079
83 70.265358 41.869221 0.000000 3.995486 1.306029 2.144346 3.874722 7.566517 0.200001
84 70.434654 41.789394 0.000000 3.952029 1.281323 2.063320 3.647629 6.953692 0.187591
85 70.408371 41.877575 0.000000 3.534518 1.253927 1.979458 3.422047 6.366960 0.209919
86 70.293625 41.689545 0.000000 3.771762 1.275230 2.043761 3.592987 6.810737 0.142857
87 70.403633 41.708630 0.000000 4.002786 1.290523 2.085666 3.685363 6.985766 0.205599
88 70.204475 41.665752 0.000000 3.806968 1.314315 2.159686 3.899792 7.593928 0.200000
89 70.373375 41.672203 0.000000 4.341228 1.258129 1.993918 3.461191 6.468883 0.166667
90 70.398315 41.645618 0.000000 4.523680 1.245828 1.954452 3.352329 6.180481 0.250000
91 70.415489 41.745113 0.000000 4.117860 1.287320 2.074575 3.655916 6.915647 0.166667
92 70.275925 41.838314 0.000000 4.190878 1.306332 2.140548 3.848920 7.449664 0.166667
93 70.372978 41.751152 0.000000 4.618936 1.288581 2.089940 3.731198 7.209988 0.200000
94 70.226196 41.912739 0.000000 4.759305 1.333374 2.252143 4.230708 8.675531 0.250000
95 70.301292 41.775635 0.000000 4.515907 1.292900 2.096618 3.724754 7.115094 0.142857
96 70.147194 41.607784 0.000000 4.556657 1.302833 2.129631 3.819721 7.376062 0.142857
97 70.388641 41.728294 0.000000 4.625006 1.302311 2.143761 3.901456 7.715254 0.166667
98 70.250549 41.812447 0.000000 4.785627 1.311002 2.163074 3.941974 7.796645 0.125000
99 70.301147 41.697533 0.000000 4.943027 1.265026 2.003150 3.467351 6.445961 0.166667
100 70.275581 41.663269 0.000000 5.005785 1.277824 2.048169 3.593465 6.778430 0.142857
101 70.209068 41.795307 0.000000 5.526882 1.325121 2.215984 4.098499 8.231184 0.142857
102 70.262299 41.595825 0.000000 4.881008 1.265082 2.016752 3.530535 6.675428 0.142857
103 70.401001 41.869614 0.000000 4.293087 1.288513 2.113551 3.861643 7.736537 0.166667
105 70.197556 41.876614 0.000000 4.701744 1.326959 2.244767 4.241120 8.787650 0.200000
106 70.400551 41.818665 0.000000 5.173812 1.299796 2.136598 3.892329 7.730585 0.200000
107 70.190834 41.627357 0.000000 5.442388 1.282135 2.063838 3.641718 6.919799 0.166667
108 70.237556 41.717865 0.000000 5.312503 1.279030 2.072050 3.706567 7.203193 0.142857
109 70.318176 41.764980 0.000000 6.015000 1.317252 2.180555 3.978953 7.859304 0.125000
110 70.161430 41.593903 0.000000 6.427375 1.305031 2.147505 3.906735 7.723878 0.125000
111 70.107178 41.447918 0.000000 5.684360 1.277177 2.043846 3.576295 6.717374 0.166667
112 70.013000 41.520405 0.000000 6.107838 1.274720 2.042297 3.578847 6.731826 0.166667
113 70.113586 41.403442 0.000000 5.727273 1.306045 2.130961 3.796723 7.239577 0.125000
114 70.114227 41.400223 0.000000 5.960290 1.277850 2.051261 3.604706 6.807215 0.125000
115 69.905258 41.362850 0.000000 6.184929 1.284694 2.086147 3.738413 7.266954 0.166667
116 69.847855 41.495525 0.000000 5.786901 1.272502 2.032717 3.558523 6.706719 0.125000
117 69.765938 41.521748 0.000000 5.510776 1.274727 2.040495 3.580739 6.766787 0.200000
118 69.670158 41.463409 0.000000 5.426347 1.262788 2.002280 3.470765 6.459671 0.166667
119 69.472694 41.445831 0.000000 5.523009 1.218801 1.876850 3.163190 5.746632 0.200000
120 69.321251 41.490334 0.000000 5.830857 1.239592 1.933221 3.297935 6.054152 0.200000
121 69.225342 41.584332 0.000000 6.031024 1.278466 2.050642 3.603541 6.813253 0.166667
122 69.196808 41.805851 0.000000 5.599125 1.296806 2.127345 3.852785 7.565367 0.142857
123 69.163322 41.483673 0.000000 5.534727 1.237514 1.936123 3.315435 6.108780 0.142857
124 69.210884 41.516373 0.000000 5.263818 1.259868 2.007254 3.511716 6.631108 0.142857
125 69.098961 41.612350 0.000000 4.953248 1.290028 2.107775 3.806687 7.466897 0.200000
126 68.841873 41.472633 0.000000 4.465136 1.230827 1.913550 3.255311 5.961834 0.200047
127 68.787682 41.712746 0.000000 5.212935 1.260980 2.000202 3.469207 6.460980 0.200000
128 68.653297 41.409332 0.000000 4.899997 1.241391 1.942395 3.322672 6.109307 0.142857
129 68.438164 41.325035 0.000000 5.087791 1.272040 2.028898 3.537210 6.617187 0.200000
130 68.527191 41.518295 0.000000 5.190026 1.246378 1.950644 3.337993 6.142477 0.200000
131 68.546440 42.161747 0.000000 4.902637 1.286526 2.082885 3.702311 7.092187 0.166667
132 68.576363 42.418587 0.000000 4.060509 1.215216 1.870697 3.152228 5.725678 0.200000
133 68.546021 42.265175 0.000000 4.552808 1.254798 1.986372 3.448042 6.451462 0.250000
135 68.721283 42.615452 0.000000 3.863842 1.262254 2.011636 3.517845 6.630403 0.196074
137 68.316010 42.784992 0.000000 2.920732 1.222409 1.913018 3.314812 6.269370 0.200000
138 68.502762 42.466724 0.000000 2.451839 1.232026 1.925001 3.328708 6.288406 0.166667
139 68.250153 42.715561 0.000000 1.859254 1.160074 1.734931 2.847305 5.063123 0.166667
140 68.505966 42.676598 0.000000 1.764951 1.169700 1.750164 2.873360 5.113795 0.166667
141 69.046127 42.550373 0.000000 1.287071 1.119535 1.668125 2.773544 5.105698 0.111111
