%% Trajectory 22
%% frame x (pixel)     y (pixel)    z (pixel)      m0         m1           m2           m3           m4           s 
75 44.478249 32.931881 0.000000 1.083133 1.340499 2.267725 4.260156 8.718507 0.237363
76 44.527359 32.698265 0.000000 0.964817 1.235851 1.921020 3.267458 5.986431 0.133925
78 44.555161 33.027336 0.000000 1.423422 1.326320 2.212262 4.069258 8.102504 0.244778
79 44.378601 32.874760 0.000000 0.846632 1.346752 2.298734 4.361678 9.012613 0.256057
80 44.609673 33.034615 0.000000 1.206364 1.345690 2.299908 4.366931 9.030351 0.177487
81 44.541759 33.197208 0.000000 1.247908 1.384268 2.414707 4.678572 9.865543 0.125179
82 44.676956 33.025684 0.000000 1.372558 1.386125 2.426454 4.738350 10.111286 0.167482
83 44.659863 32.846413 0.000000 1.365649 1.361194 2.321349 4.374415 8.935874 0.166809
84 44.672249 32.831917 0.000000 1.505874 1.296444 2.099799 3.732635 7.154051 0.320551
85 44.780472 32.823643 0.000000 1.129763 1.288371 2.079472 3.678646 7.004168 0.166669
86 44.540062 33.073387 0.000000 1.604715 1.352432 2.299393 4.323540 8.820570 0.179762
87 44.749298 32.821011 0.000000 1.569926 1.386799 2.419377 4.670435 9.772203 0.168019
88 44.858482 32.705250 0.000000 1.450548 1.345009 2.263002 4.182438 8.323488 0.167725
89 44.652157 32.781750 0.000000 1.582330 1.341857 2.242844 4.112701 8.115277 0.143932
90 44.904427 32.759018 0.000000 1.566943 1.406078 2.484993 4.879622 10.427429 0.167221
91 44.832451 32.712513 0.000000 1.636963 1.359723 2.306184 4.302807 8.663524 0.149634
92 45.017776 32.600395 0.000000 1.771434 1.334000 2.230457 4.097197 8.104031 0.128678
93 44.825886 32.737633 0.000000 1.685943 1.314098 2.149538 3.834544 7.310148 0.292496
94 44.755592 32.614929 0.000000 1.773335 1.290238 2.086940 3.699930 7.061733 0.384355
95 44.562065 32.748894 0.000000 1.405401 1.300162 2.129508 3.836709 7.469606 0.205731
96 44.710587 32.986202 0.000000 1.533334 1.309233 2.167555 3.983451 7.990712 0.248444
97 44.635609 32.789520 0.000000 1.799900 1.335096 2.236444 4.123160 8.204780 0.193685
98 44.873131 32.733517 0.000000 1.676488 1.308685 2.149844 3.882157 7.566173 0.173170
99 44.954121 32.755005 0.000000 1.624445 1.316741 2.187184 3.995752 7.873624 0.125130
100 44.800232 32.581169 0.000000 1.713060 1.333909 2.228979 4.094547 8.113851 0.128375
101 45.057148 32.754044 0.000000 1.725626 1.283982 2.071856 3.661639 6.954933 0.291149
102 44.982277 32.999935 0.000000 2.058251 1.419106 2.538370 5.052139 10.933478 0.142883
103 44.804863 33.048660 0.000000 2.358641 1.344555 2.268416 4.224765 8.518498 0.158433
104 45.007935 32.784431 0.000000 2.309781 1.353842 2.313657 4.386038 9.038582 0.114259
105 44.948502 32.871872 0.000000 2.524363 1.373703 2.369825 4.518805 9.329993 0.125067
106 44.948364 32.753529 0.000000 2.088396 1.322216 2.197571 4.016557 7.915304 0.195038
107 44.994350 33.149193 0.000000 1.849032 1.400808 2.461833 4.777278 10.011577 0.142446
108 44.772129 32.814301 0.000000 2.082179 1.330349 2.206623 3.999581 7.760977 0.127094
109 44.779018 32.888153 0.000000 2.304055 1.311123 2.164123 3.942078 7.784571 0.133989
110 44.704937 32.860569 0.000000 1.981904 1.344526 2.259320 4.169846 8.286554 0.149314
111 45.017704 33.129070 0.000000 2.350843 1.358514 2.329668 4.413798 9.049705 0.143185
112 45.062038 33.109657 0.000000 2.524559 1.389902 2.430186 4.702506 9.857175 0.156955
113 45.131821 33.258781 0.000000 1.801070 1.353697 2.315506 4.395948 9.080165 0.157991
114 45.255569 33.255299 0.000000 2.649267 1.276651 2.038765 3.556935 6.655389 0.130524
115 45.214127 33.465847 0.000000 2.141310 1.320712 2.191921 4.014882 7.973077 0.150160
116 45.214554 33.390701 0.000000 2.085686 1.281622 2.062890 3.644604 6.945786 0.142800
117 45.369553 33.670113 0.000000 2.273054 1.321838 2.186713 3.965172 7.728006 0.131727
118 45.362240 33.555676 0.000000 2.264913 1.226171 1.905070 3.242485 5.951169 0.186001
119 45.372192 33.715313 0.000000 2.144726 1.293160 2.111435 3.803056 7.428621 0.147157
120 45.352215 33.534744 0.000000 1.985988 1.300541 2.125484 3.815937 7.391430 0.274186
121 45.430283 33.746853 0.000000 1.695909 1.287180 2.093522 3.755234 7.304477 0.275381
122 45.397297 33.450916 0.000000 1.795423 1.270818 2.051903 3.678176 7.214881 0.205882
123 45.230354 34.169716 0.000000 1.717663 1.339760 2.255551 4.182049 8.376269 0.118384
124 45.460892 34.037632 0.000000 1.578695 1.293429 2.110544 3.792722 7.371192 0.111201
126 45.711937 34.202007 0.000000 1.402723 1.393795 2.421674 4.640146 9.610470 0.157718
127 46.122604 34.140594 0.000000 1.181036 1.400210 2.515331 5.045816 11.028374 0.142857
