%% Trajectory 5
%% frame x (pixel)     y (pixel)    z (pixel)      m0         m1           m2           m3           m4           s 
2 69.472870 41.362503 0.000000 1.347519 1.260369 1.998252 3.483124 6.568826 0.166668
3 69.882904 40.833702 0.000000 1.215518 1.307515 2.201552 4.152951 8.616452 0.250000
4 69.912506 40.733250 0.000000 1.284684 1.275442 2.041770 3.573309 6.707972 0.254112
5 69.756012 40.980774 0.000000 1.493472 1.312501 2.181101 3.988669 7.864793 0.250030
6 69.532990 40.765522 0.000000 1.749101 1.231434 1.913295 3.253642 5.958653 0.250000
7 69.585335 41.128040 0.000000 1.434815 1.316985 2.193293 4.050542 8.148767 0.250010
8 69.759323 41.087612 0.000000 2.046836 1.279485 2.062081 3.666039 7.070320 0.250000
9 69.543945 41.023930 0.000000 1.963907 1.318916 2.204787 4.093215 8.288005 0.200000
10 69.576157 40.990166 0.000000 2.121327 1.297513 2.124481 3.837478 7.515530 0.250000
11 69.799576 40.917854 0.000000 2.254183 1.299891 2.136357 3.868508 7.572187 0.250000
12 69.741669 40.941849 0.000000 2.177170 1.340553 2.266261 4.228296 8.528625 0.200000
13 69.733269 41.056160 0.000000 2.517524 1.287044 2.092402 3.752564 7.292622 0.250000
14 69.767456 40.916546 0.000000 2.662790 1.305834 2.133572 3.813011 7.307983 0.200000
15 69.743042 40.877415 0.000000 2.735450 1.304003 2.126096 3.790446 7.247230 0.167090
16 69.740791 41.116421 0.000000 2.988475 1.315661 2.177319 3.965164 7.793008 0.253770
17 69.651428 41.065773 0.000000 2.923573 1.269400 2.030175 3.573733 6.806394 0.250000
18 69.809784 41.023697 0.000000 3.118165 1.312919 2.177769 3.993741 7.946415 0.250186
19 69.833580 41.033104 0.000000 3.759441 1.329422 2.228258 4.124319 8.264349 0.250000
20 69.864883 41.271980 0.000000 3.319369 1.274088 2.043957 3.600889 6.844728 0.250292
21 70.024132 41.132397 0.000000 3.080091 1.356043 2.328428 4.444013 9.230916 0.200000
22 69.798920 41.094490 0.000000 3.363740 1.290092 2.103958 3.785350 7.377378 0.142857
23 69.879509 41.036667 0.000000 3.135437 1.333617 2.249891 4.204737 8.531410 0.200000
24 69.890060 41.127552 0.000000 3.071033 1.318510 2.198214 4.054997 8.119301 0.142857
25 69.913574 41.295444 0.000000 3.247306 1.309300 2.163525 3.940974 7.763116 0.250000
26 69.843636 41.171738 0.000000 3.405736 1.327146 2.222850 4.114114 8.250791 0.125000
27 69.774086 41.140415 0.000000 3.469197 1.299864 2.124746 3.822330 7.429662 0.142857
28 69.904938 41.152794 0.000000 3.471857 1.314786 2.184194 4.010427 7.983157 0.166667
29 69.870865 41.169460 0.000000 4.079490 1.289520 2.101810 3.778357 7.354843 0.200000
30 69.875343 41.213581 0.000000 3.549490 1.278880 2.071561 3.707096 7.204681 0.142857
31 69.778847 41.172451 0.000000 3.872769 1.292004 2.104635 3.776814 7.331916 0.166667
32 69.913208 41.165550 0.000000 3.986254 1.296769 2.122303 3.824721 7.448374 0.166667
33 69.790047 40.950413 0.000000 4.247425 1.323413 2.195613 3.995891 7.816922 0.125000
34 69.821465 41.249619 0.000000 4.518451 1.282979 2.066622 3.655649 6.975649 0.111111
35 69.903664 41.088036 0.000000 4.310403 1.310893 2.173628 3.989359 7.952308 0.100000
36 70.034653 41.128761 0.000000 4.432040 1.363076 2.352440 4.511878 9.415343 0.142857
37 69.895775 41.095417 0.000000 4.418008 1.324256 2.211837 4.084709 8.178755 0.125000
38 69.927246 41.247433 0.000000 3.937146 1.346855 2.284500 4.284277 8.709343 0.142857
39 69.945747 41.129963 0.000000 4.202864 1.326292 2.216185 4.086690 8.152713 0.125000
40 69.955269 41.138245 0.000000 3.925005 1.361071 2.331031 4.412074 9.037968 0.111111
41 69.924774 41.292446 0.000000 4.633083 1.301901 2.132582 3.842268 7.474214 0.111111
42 69.841728 41.229580 0.000000 4.779493 1.324047 2.214302 4.106765 8.290916 0.125000
43 69.955292 41.265686 0.000000 4.337886 1.277798 2.068748 3.702117 7.202350 0.100000
44 69.947411 41.284679 0.000000 4.091988 1.291001 2.107901 3.798623 7.420807 0.200000
45 69.928223 41.262932 0.000000 3.452855 1.292286 2.116182 3.829020 7.519438 0.142862
46 69.982491 41.455750 0.000000 4.116068 1.299387 2.120342 3.797700 7.324286 0.125000
47 69.570129 41.711617 0.000000 4.733529 1.269214 2.022674 3.522391 6.580478 0.200000
48 69.513710 41.592594 0.000000 4.962088 1.247850 1.957189 3.357218 6.192363 0.142857
49 69.269234 41.806618 0.000000 4.720363 1.300774 2.134459 3.862702 7.570679 0.125000
50 69.375229 41.980896 0.000000 4.805593 1.311415 2.156494 3.890370 7.551598 0.166667
51 69.109230 42.017666 0.000000 4.836707 1.347520 2.290381 4.298789 8.725662 0.200000
52 69.126938 42.050247 0.000000 4.198864 1.333134 2.238640 4.150367 8.330008 0.249774
53 69.009415 42.156509 0.000000 3.981070 1.359202 2.321541 4.379396 8.937030 0.440119
54 69.104256 42.216702 0.000000 4.218270 1.325847 2.214581 4.085161 8.167708 0.250000
56 68.782608 42.215744 0.000000 3.762143 1.303640 2.145273 3.907311 7.737484 0.286762
57 68.676712 42.439774 0.000000 3.886941 1.252038 1.978878 3.435544 6.448441 0.251386
58 68.612061 42.163658 0.000000 4.158346 1.310891 2.161873 3.923958 7.694748 0.200002
59 68.720802 42.491043 0.000000 3.549008 1.281703 2.068287 3.658767 6.965035 0.200002
60 68.750961 42.704788 0.000000 3.398477 1.326100 2.202517 4.013368 7.864950 0.333403
61 68.547729 42.814156 0.000000 3.270817 1.303067 2.123752 3.794977 7.298949 0.286091
62 68.546532 42.744610 0.000000 3.351204 1.318940 2.168220 3.899649 7.524221 0.250553
63 68.461380 42.630894 0.000000 3.446409 1.292585 2.094069 3.712440 7.069976 0.145087
64 68.163368 42.746975 0.000000 2.951584 1.326717 2.216002 4.080703 8.126612 0.214443
65 68.193428 42.588326 0.000000 3.095836 1.386411 2.422561 4.699403 9.909785 0.322328
66 67.647507 42.515034 0.000000 2.798432 1.397982 2.434056 4.667387 9.656049 0.250003
68 67.639305 42.198357 0.000000 1.856534 1.344748 2.291547 4.327350 8.870481 0.166667
70 67.726257 42.667301 0.000000 1.696121 1.239272 1.981506 3.569887 7.168079 0.181368
71 67.675285 42.262432 0.000000 1.205826 1.305243 2.149856 3.919730 7.777932 0.200000
