%% Trajectory 19
%% frame x (pixel)     y (pixel)    z (pixel)      m0         m1           m2           m3           m4           s 
18 68.647987 34.793091 0.000000 0.780691 1.525465 2.910229 6.173518 14.187277 0.218161
19 68.620461 34.576584 0.000000 0.664112 1.623700 3.248819 7.158113 16.901695 0.166667
21 68.664543 34.010651 0.000000 0.611633 1.468618 2.716348 5.594782 12.525768 0.297466
23 68.402504 33.976334 0.000000 0.754590 1.447430 2.627728 5.278250 11.453563 0.205673
25 68.744087 34.322193 0.000000 0.653708 1.403645 2.444202 4.657964 9.505651 0.252866
27 68.624008 34.313236 0.000000 0.844481 1.524739 2.880999 6.022972 13.591539 0.200131
28 68.551712 34.569244 0.000000 0.872180 1.511303 2.811085 5.768959 12.760423 0.145386
30 68.774101 33.573257 0.000000 0.862329 1.428450 2.546039 5.032719 10.803274 0.231651
31 69.168282 33.704067 0.000000 0.896097 1.389761 2.424769 4.681120 9.787436 0.206232
32 69.260117 33.745224 0.000000 0.882921 1.423638 2.534756 4.997211 10.668982 0.201922
33 69.180290 34.025551 0.000000 0.794064 1.446720 2.597444 5.135633 10.933266 0.322715
34 69.303139 33.814320 0.000000 1.011817 1.392554 2.420904 4.636586 9.575811 0.204282
35 68.925941 33.564842 0.000000 0.917397 1.375763 2.389773 4.604499 9.636372 0.302217
36 68.753967 33.954624 0.000000 0.825354 1.372864 2.397193 4.667235 9.914873 0.174037
37 68.968483 33.563129 0.000000 0.916294 1.370340 2.374023 4.561049 9.513090 0.262931
38 69.289360 33.619350 0.000000 0.969353 1.301845 2.130450 3.828215 7.416013 0.166744
39 68.842422 33.881248 0.000000 1.077506 1.438239 2.566596 5.044870 10.689281 0.228841
40 68.864906 33.513371 0.000000 1.153915 1.400879 2.456681 4.762511 9.993980 0.167362
41 69.119621 33.930840 0.000000 1.201025 1.382164 2.413052 4.687228 9.917669 0.172267
42 69.111481 34.008488 0.000000 1.222830 1.431197 2.573099 5.131325 11.093515 0.166765
43 69.042343 33.868450 0.000000 1.523119 1.412167 2.483201 4.816833 10.087904 0.142857
44 68.908127 33.803581 0.000000 1.584168 1.406670 2.476576 4.823592 10.174609 0.166670
45 68.680267 33.627445 0.000000 1.231548 1.339013 2.242419 4.126912 8.187208 0.265396
46 69.095932 33.663570 0.000000 1.102669 1.393146 2.444293 4.747350 9.980254 0.216403
47 69.177422 33.801727 0.000000 1.123671 1.373850 2.360683 4.473176 9.158488 0.200315
48 69.025162 33.889160 0.000000 1.247966 1.410219 2.490618 4.865531 10.284013 0.257377
49 68.821594 33.889771 0.000000 1.155212 1.413577 2.500067 4.883974 10.309251 0.166670
50 69.158852 34.087608 0.000000 1.493824 1.423150 2.527958 4.957059 10.499398 0.250000
51 69.127975 33.936146 0.000000 1.356006 1.400342 2.451618 4.735823 9.878368 0.250000
52 68.928703 34.176590 0.000000 1.464307 1.405631 2.468104 4.783289 10.014302 0.250000
53 69.200172 34.199230 0.000000 1.447499 1.327986 2.216970 4.091632 8.197748 0.250000
54 68.862297 34.323643 0.000000 1.204503 1.345541 2.282289 4.282968 8.722651 0.250000
55 68.841866 34.304031 0.000000 1.594604 1.347365 2.275679 4.243084 8.569527 0.333333
56 68.683815 34.388340 0.000000 1.477638 1.348689 2.279845 4.250303 8.575799 0.333333
57 68.626358 34.213249 0.000000 1.620530 1.394237 2.419418 4.624029 9.534676 0.333333
58 68.429146 34.490997 0.000000 1.465342 1.326655 2.188924 3.938172 7.569442 0.333333
59 68.069954 34.614548 0.000000 1.371330 1.399109 2.440079 4.692552 9.746825 0.333333
60 68.124916 34.320095 0.000000 1.094670 1.302546 2.137421 3.854685 7.494187 0.250000
61 68.317429 34.566879 0.000000 1.473333 1.327953 2.214526 4.070228 8.096073 0.333333
62 68.152023 34.459877 0.000000 1.251413 1.450098 2.622817 5.241507 11.311661 0.333333
63 67.941177 34.514633 0.000000 1.470677 1.380274 2.395471 4.595631 9.543913 0.333333
64 67.705391 34.810085 0.000000 1.489824 1.367655 2.336544 4.392908 8.911580 0.333333
65 67.799927 34.846603 0.000000 1.247972 1.374772 2.360943 4.466359 9.122635 0.333333
66 67.973068 35.573250 0.000000 1.406281 1.432115 2.551550 5.025780 10.711005 0.333333
67 68.154991 35.491184 0.000000 1.471310 1.450861 2.599246 5.109292 10.782590 0.333333
68 68.090919 35.724380 0.000000 1.401206 1.402227 2.452125 4.723362 9.813167 0.333333
69 68.098190 35.615608 0.000000 1.201180 1.395758 2.436007 4.696724 9.801437 0.333333
70 68.270195 36.020744 0.000000 1.595343 1.405837 2.468159 4.781270 10.007743 0.333333
71 68.305389 35.964443 0.000000 0.820217 1.466769 2.667736 5.343534 11.521118 0.333333
72 68.400192 36.301525 0.000000 0.653311 1.444715 2.597636 5.157539 11.057734 0.333333
73 68.087372 36.606190 0.000000 0.743523 1.515230 2.868317 6.018919 13.653504 0.333333
74 68.428078 36.686623 0.000000 0.722566 1.406176 2.507661 5.012707 10.978745 0.333333
75 68.302071 36.618931 0.000000 0.676276 1.465973 2.686354 5.482889 12.177550 0.333333
