%% Trajectory 11
%% frame x (pixel)     y (pixel)    z (pixel)      m0         m1           m2           m3           m4           s 
84 61.324421 46.933392 0.000000 0.824718 1.445907 2.596873 5.138656 10.953549 0.250000
85 61.289684 46.505970 0.000000 0.759354 1.355387 2.294765 4.281934 8.640512 0.250000
87 61.298290 46.392658 0.000000 0.798484 1.417165 2.514216 4.939300 10.513166 0.250022
88 61.283920 46.687332 0.000000 0.741889 1.384231 2.387091 4.536449 9.311648 0.250000
89 61.726746 46.439838 0.000000 0.899960 1.291065 2.084650 3.673772 6.929000 0.252668
90 61.506752 46.730927 0.000000 1.007095 1.276018 2.040060 3.566866 6.696900 0.393497
91 61.524506 46.547714 0.000000 0.959692 1.279298 2.066260 3.659525 6.978541 0.435920
92 61.630447 46.627911 0.000000 1.249202 1.336094 2.226326 4.066590 7.987144 0.333333
93 61.581867 46.461254 0.000000 0.993511 1.261195 1.999778 3.465767 6.447492 0.300238
94 61.737110 46.694912 0.000000 1.146791 1.317886 2.165617 3.894348 7.516114 0.250333
95 61.843899 46.977135 0.000000 0.859842 1.423706 2.551539 5.072667 10.926888 0.252467
96 61.556980 46.473320 0.000000 1.049625 1.392470 2.407034 4.570384 9.341226 0.333333
97 62.031616 46.668224 0.000000 1.130332 1.369838 2.356042 4.465140 9.131551 0.333333
98 61.622574 46.596626 0.000000 1.198283 1.441214 2.566801 5.028772 10.604741 0.250037
99 61.749523 46.605831 0.000000 1.358633 1.285311 2.068245 3.634221 6.840983 0.333334
100 61.635788 46.606525 0.000000 1.281046 1.352775 2.289485 4.250103 8.482063 0.333428
101 61.583019 46.591537 0.000000 1.437173 1.407293 2.453872 4.687952 9.608036 0.334293
102 61.982609 46.589661 0.000000 1.564634 1.386822 2.419073 4.671953 9.778848 0.334389
103 61.770210 46.728725 0.000000 1.363979 1.373860 2.349860 4.411239 8.903957 0.333334
104 62.105942 46.761700 0.000000 1.348004 1.368397 2.361672 4.528244 9.456548 0.333359
105 61.683319 46.619579 0.000000 1.105090 1.344955 2.253618 4.141126 8.184819 0.345173
106 61.831623 46.439350 0.000000 1.363011 1.392213 2.427733 4.684059 9.791202 0.601260
107 62.116837 46.560707 0.000000 1.345040 1.301860 2.116374 3.769681 7.224429 0.334800
108 61.829128 46.799164 0.000000 1.343407 1.455660 2.632994 5.256684 11.325529 0.596920
109 61.846241 46.949818 0.000000 1.337644 1.444743 2.605596 5.203057 11.246472 0.386016
110 62.078297 46.624451 0.000000 1.398641 1.387302 2.394830 4.547156 9.301944 0.370395
111 61.931801 46.992218 0.000000 1.470484 1.440011 2.597015 5.176850 11.145104 0.333351
112 61.993587 46.889965 0.000000 1.500827 1.412058 2.498424 4.890962 10.362944 0.333335
113 61.940166 47.158478 0.000000 1.222920 1.436975 2.580101 5.116765 10.959945 0.348277
114 62.377197 47.061634 0.000000 1.390127 1.380850 2.387593 4.559480 9.419795 0.333333
115 62.087978 47.173428 0.000000 1.351310 1.371837 2.382843 4.603340 9.687625 0.333333
116 61.972355 47.309376 0.000000 1.249577 1.310710 2.164610 3.940383 7.755780 0.333333
117 62.252663 46.940128 0.000000 1.051849 1.401729 2.489076 4.934609 10.683277 0.333725
118 62.094101 47.401051 0.000000 1.195397 1.406841 2.496301 4.933521 10.624479 0.333333
119 62.143921 47.026867 0.000000 1.275568 1.414747 2.514740 4.963205 10.634591 0.333333
120 62.106018 47.247719 0.000000 1.388973 1.408583 2.469603 4.776888 9.979838 0.333333
121 62.348862 47.348053 0.000000 1.059912 1.449672 2.569410 4.985361 10.365114 0.333334
122 62.697193 47.553116 0.000000 0.939319 1.530471 2.861112 5.882728 12.997055 0.333364
123 62.662952 47.547043 0.000000 1.188047 1.338995 2.249726 4.153727 8.264687 0.333338
125 61.926979 48.137119 0.000000 0.793277 1.392021 2.465367 4.872979 10.500237 0.336085
126 61.880527 47.772850 0.000000 0.973326 1.510275 2.833412 5.875096 13.142900 0.333333
127 61.790703 47.147263 0.000000 0.756602 1.621870 3.202344 6.938105 16.091326 0.333333
129 61.718136 48.321926 0.000000 0.753781 1.506896 2.775145 5.601957 12.107831 0.340496
