%% Trajectory 39
%% frame x (pixel)     y (pixel)    z (pixel)      m0         m1           m2           m3           m4           s 
180 29.526657 48.843613 0.000000 0.979146 1.202390 1.835660 3.069016 5.538500 0.166667
181 29.896011 48.582569 0.000000 0.909176 1.270084 2.035792 3.573524 6.740535 0.166667
182 29.576180 48.651413 0.000000 0.833502 1.233712 1.931355 3.306198 6.082256 0.200000
184 29.468815 48.843082 0.000000 0.835311 1.200429 1.828020 3.076533 5.668510 0.200000
185 29.563259 48.916595 0.000000 0.973411 1.267895 2.018539 3.514160 6.567465 0.200000
186 29.530539 48.966175 0.000000 1.267539 1.276057 2.061604 3.663066 7.028324 0.200001
187 29.336674 48.708961 0.000000 1.080164 1.219636 1.884452 3.184142 5.791520 0.154294
188 29.437634 48.772335 0.000000 0.956258 1.186480 1.799303 2.994281 5.395064 0.166667
189 29.642532 48.794102 0.000000 1.227452 1.243776 1.963739 3.429275 6.533457 0.166700
190 29.346846 49.054737 0.000000 1.043066 1.303180 2.160824 3.960600 7.869857 0.166679
191 29.507751 49.080818 0.000000 1.299863 1.260624 2.006375 3.499098 6.567232 0.200014
192 29.922630 48.776512 0.000000 0.932730 1.211318 1.867702 3.159017 5.768230 0.200000
193 29.364361 48.689102 0.000000 1.055096 1.216385 1.864786 3.128604 5.662789 0.166667
194 29.589392 49.043434 0.000000 1.262551 1.279406 2.076966 3.724087 7.247824 0.167731
195 29.702524 48.929306 0.000000 1.283120 1.298686 2.144941 3.941634 7.922987 0.200004
197 29.647966 48.913799 0.000000 1.598069 1.285794 2.076594 3.664924 6.930725 0.167583
198 29.688290 48.651337 0.000000 1.089011 1.231528 1.915852 3.261357 5.977358 0.166667
199 29.683165 49.043873 0.000000 1.220606 1.361979 2.349551 4.492135 9.317356 0.166667
200 29.761528 48.815357 0.000000 1.346277 1.313532 2.176596 3.978179 7.870693 0.166738
201 29.783825 48.737404 0.000000 1.318094 1.261231 2.004179 3.487126 6.521986 0.166686
202 29.576830 48.866013 0.000000 1.270528 1.272669 2.069268 3.724854 7.296722 0.142871
203 29.467611 48.846081 0.000000 1.475119 1.317720 2.184592 3.996403 7.919923 0.176391
204 29.343161 48.843307 0.000000 1.289907 1.238866 1.946181 3.373021 6.357105 0.166719
205 29.543388 48.792854 0.000000 1.578421 1.230570 1.909000 3.239907 5.921323 0.166677
206 29.474714 48.728798 0.000000 1.861686 1.232284 1.911524 3.244534 5.931618 0.170264
207 29.369118 48.757622 0.000000 1.995415 1.220927 1.884780 3.184072 5.796064 0.166754
208 29.467354 48.963417 0.000000 1.446804 1.273978 2.041251 3.586290 6.786828 0.170369
209 29.731323 48.660240 0.000000 1.262460 1.233044 1.929651 3.308017 6.104781 0.142857
210 29.525408 48.849117 0.000000 1.792697 1.272990 2.041803 3.594513 6.824954 0.296803
211 29.783785 48.880169 0.000000 1.659604 1.334607 2.241088 4.160261 8.379888 0.343278
212 29.591732 48.850422 0.000000 1.733671 1.230281 1.919371 3.278836 6.029868 0.167286
213 29.484125 48.843620 0.000000 1.594154 1.295500 2.117349 3.811715 7.426686 0.188265
214 29.776344 48.914455 0.000000 2.176989 1.276399 2.066689 3.681409 7.079434 0.303173
215 29.564018 48.746773 0.000000 1.723857 1.273242 2.045072 3.605820 6.856233 0.169685
216 29.601458 48.621807 0.000000 2.093954 1.300543 2.117935 3.787737 7.307654 0.168632
217 29.415127 48.838840 0.000000 1.998975 1.295930 2.103799 3.746485 7.184802 0.212885
218 29.629812 48.643681 0.000000 2.375920 1.270134 2.024860 3.526401 6.586017 0.191360
219 29.623394 48.996227 0.000000 1.939084 1.329647 2.225554 4.106597 8.191472 0.166669
220 29.614073 48.893044 0.000000 2.034789 1.286348 2.094546 3.771169 7.384266 0.125106
221 29.376352 48.804085 0.000000 2.368861 1.292596 2.099750 3.746467 7.210475 0.191620
222 29.604914 48.604652 0.000000 2.188303 1.242296 1.940135 3.317569 6.113958 0.167430
223 29.654831 48.837769 0.000000 1.904365 1.277099 2.050069 3.608701 6.841155 0.167568
224 29.556890 48.616386 0.000000 1.936734 1.287848 2.083750 3.703427 7.104494 0.175921
225 29.639175 48.741474 0.000000 2.129913 1.265877 2.012522 3.496952 6.521133 0.145565
226 29.549814 48.833195 0.000000 2.611983 1.250481 1.969179 3.391260 6.276432 0.158918
227 29.560114 48.814003 0.000000 2.454041 1.264500 2.006554 3.478841 6.471767 0.142995
228 29.626518 48.889835 0.000000 2.199710 1.278850 2.059649 3.636564 6.909997 0.142922
229 29.461946 48.842060 0.000000 2.319829 1.281516 2.060571 3.623153 6.834971 0.184005
230 29.588434 48.784542 0.000000 2.146724 1.284425 2.072364 3.665752 6.981797 0.177236
231 29.504225 48.698097 0.000000 2.188054 1.281878 2.065931 3.659977 7.008228 0.283227
232 29.708422 48.692986 0.000000 2.575640 1.266120 2.013699 3.500250 6.529163 0.216277
233 30.055967 48.800884 0.000000 2.480626 1.308981 2.166590 3.968341 7.896221 0.187133
234 29.921690 48.757648 0.000000 2.055237 1.311255 2.150963 3.859981 7.428009 0.142858
235 29.866796 48.892822 0.000000 2.402817 1.316098 2.192806 4.048438 8.129746 0.166792
236 29.961790 48.894245 0.000000 2.246573 1.341169 2.275455 4.275151 8.719582 0.214598
237 30.104202 48.974934 0.000000 2.018235 1.341684 2.271081 4.259553 8.676048 0.176174
238 30.209887 48.772812 0.000000 2.501203 1.282404 2.074743 3.690463 7.086644 0.166690
239 30.232590 48.760380 0.000000 2.363503 1.302353 2.127815 3.819521 7.394601 0.295157
240 30.376863 48.605732 0.000000 2.336551 1.291412 2.087858 3.699582 7.055667 0.145066
241 30.202938 48.352863 0.000000 1.940111 1.304989 2.146205 3.889518 7.628655 0.142857
242 30.450274 48.572186 0.000000 1.948562 1.245479 1.956643 3.361431 6.206470 0.166667
243 30.304291 48.512577 0.000000 2.200810 1.243181 1.946014 3.330763 6.129573 0.142927
244 30.517750 48.320812 0.000000 2.317257 1.287907 2.073410 3.644235 6.860050 0.142857
245 30.289095 48.389137 0.000000 1.980682 1.262580 2.001710 3.469700 6.460368 0.200000
246 30.252241 48.300755 0.000000 1.906251 1.268603 2.023449 3.529350 6.607223 0.142858
247 30.415895 48.302902 0.000000 1.742585 1.237996 1.949278 3.392493 6.436840 0.166667
248 30.620644 48.108582 0.000000 2.071813 1.318048 2.180808 3.972601 7.815686 0.166668
249 30.282629 48.146564 0.000000 2.074240 1.385338 2.403725 4.611878 9.590198 0.230453
250 30.462603 48.264137 0.000000 2.024428 1.332551 2.217866 4.048732 7.949044 0.200000
251 30.341782 47.666931 0.000000 1.601879 1.381867 2.385034 4.560829 9.475803 0.166667
252 30.491308 47.692535 0.000000 1.764821 1.329596 2.251485 4.249748 8.777962 0.166667
253 30.124624 47.720539 0.000000 1.789266 1.324259 2.200064 4.021502 7.931157 0.166667
