%% Trajectory 39
%% frame x (pixel)     y (pixel)    z (pixel)      m0         m1           m2           m3           m4           s 
145 38.966736 38.376678 0.000000 0.827138 1.466750 2.706766 5.559453 12.394955 0.166677
147 39.260651 39.154221 0.000000 0.820301 1.334253 2.259407 4.264283 8.791090 0.237354
149 38.817463 38.790020 0.000000 0.874452 1.456713 2.702303 5.621864 12.764682 0.143210
150 39.215622 38.803307 0.000000 1.016035 1.369387 2.348827 4.454340 9.157066 0.283488
151 39.253689 38.707649 0.000000 1.132615 1.474492 2.669841 5.306139 11.317165 0.166675
152 39.182472 38.479710 0.000000 1.225635 1.452437 2.618777 5.212052 11.198365 0.166718
153 38.829315 38.567978 0.000000 1.169030 1.445957 2.603290 5.183597 11.152814 0.149230
154 38.697159 38.528625 0.000000 1.077375 1.379292 2.381245 4.540770 9.363626 0.230576
155 38.893372 38.492771 0.000000 0.957306 1.422964 2.537944 5.005706 10.667002 0.169713
156 38.790714 38.659634 0.000000 1.289852 1.374880 2.370827 4.507468 9.246214 0.167223
157 39.321041 38.955040 0.000000 1.197950 1.388976 2.457137 4.869804 10.563850 0.168893
158 38.979366 38.360443 0.000000 1.158146 1.372998 2.374119 4.521631 9.277873 0.297210
159 39.084930 38.825809 0.000000 1.342916 1.389614 2.415955 4.631546 9.588409 0.167448
160 39.252300 38.933105 0.000000 1.222522 1.481338 2.747402 5.645024 12.519692 0.166667
161 39.332287 38.901772 0.000000 1.225552 1.512261 2.850643 5.948524 13.393905 0.168519
162 39.503242 39.065010 0.000000 1.484560 1.417491 2.518654 4.947274 10.496346 0.166871
163 39.118111 39.170670 0.000000 1.265378 1.458679 2.662648 5.390651 11.806371 0.166699
164 38.829990 38.726120 0.000000 1.291394 1.338822 2.250546 4.159400 8.281995 0.170306
165 39.144119 39.031994 0.000000 1.226171 1.392189 2.447600 4.784701 10.171323 0.166667
166 39.060722 39.460598 0.000000 1.215125 1.368565 2.342087 4.422647 9.023591 0.143626
167 39.027760 39.570709 0.000000 1.375991 1.419997 2.526063 4.972579 10.588231 0.166761
168 39.225033 39.667572 0.000000 1.503221 1.340913 2.261242 4.214708 8.521511 0.166673
169 39.361687 39.608475 0.000000 1.560034 1.384361 2.409862 4.628957 9.594838 0.200039
170 39.498917 39.813904 0.000000 1.384080 1.312824 2.176979 3.981930 7.877663 0.227274
171 39.388603 39.797955 0.000000 1.519965 1.369638 2.362088 4.511833 9.343267 0.200074
172 39.576275 39.771729 0.000000 1.631204 1.323654 2.201931 4.030393 7.957605 0.232191
173 39.567936 40.175541 0.000000 1.585533 1.295957 2.117378 3.819276 7.474926 0.212327
174 39.762405 39.849758 0.000000 1.418551 1.401636 2.480493 4.877443 10.418032 0.200007
175 40.189709 39.843716 0.000000 1.456749 1.360699 2.327108 4.379126 8.882514 0.200001
176 40.375183 39.676708 0.000000 1.351473 1.366139 2.330123 4.372513 8.844030 0.200000
177 40.775002 39.278000 0.000000 1.504904 1.423259 2.529399 4.963097 10.509637 0.200000
178 40.521847 39.745735 0.000000 1.463656 1.333249 2.228904 4.099259 8.131638 0.213285
179 40.528847 39.692986 0.000000 1.304784 1.422455 2.530666 4.976078 10.576023 0.206079
180 40.497822 39.910229 0.000000 1.234448 1.405839 2.517085 5.037656 11.005451 0.166698
181 40.368546 39.569717 0.000000 1.121341 1.312384 2.189680 4.044573 8.118742 0.247110
182 40.167633 39.982697 0.000000 1.152925 1.359960 2.359711 4.563808 9.623980 0.181756
183 40.481728 40.304829 0.000000 1.356291 1.324876 2.198552 4.001348 7.832316 0.211951
184 40.693310 40.271320 0.000000 1.492346 1.355526 2.311824 4.358982 8.909421 0.218521
185 40.511478 40.165424 0.000000 1.091015 1.290528 2.151029 4.037636 8.386071 0.166794
186 40.632568 40.181164 0.000000 1.093451 1.312653 2.172939 3.968376 7.847027 0.167323
188 39.820644 40.031818 0.000000 0.793531 1.308269 2.210951 4.181409 8.671516 0.226957
