%% Trajectory 38
%% frame x (pixel)     y (pixel)    z (pixel)      m0         m1           m2           m3           m4           s 
116 50.165775 28.780573 0.000000 1.734673 1.323292 2.209444 4.075505 8.152561 0.125326
118 49.822548 28.892738 0.000000 1.667827 1.331859 2.228096 4.109624 8.197378 0.217224
119 49.843510 28.690269 0.000000 1.586521 1.276351 2.042664 3.590409 6.817369 0.147788
121 50.110989 29.131823 0.000000 1.816490 1.387495 2.406224 4.605936 9.533587 0.157190
122 50.088242 28.912401 0.000000 1.606733 1.456967 2.686473 5.538179 12.447296 0.142875
124 49.736572 28.930895 0.000000 1.252157 1.315838 2.189773 4.038393 8.108308 0.142918
126 49.741711 29.080101 0.000000 2.193239 1.319002 2.214407 4.124817 8.362482 0.143291
127 49.743057 28.919575 0.000000 1.704738 1.310356 2.152104 3.878676 7.524412 0.166951
128 49.476196 28.751671 0.000000 2.026065 1.340826 2.292630 4.394134 9.264315 0.142957
129 49.563530 29.167160 0.000000 2.051887 1.262420 2.016215 3.568537 6.903603 0.142978
130 49.776699 28.887722 0.000000 2.096965 1.346613 2.286542 4.309629 8.849438 0.167652
131 49.452595 28.838490 0.000000 1.859292 1.337311 2.225695 4.065443 7.998105 0.143699
132 49.412582 28.955982 0.000000 1.849335 1.332459 2.218744 4.061491 8.019417 0.209475
134 49.596275 28.713980 0.000000 2.914738 1.304438 2.119848 3.757487 7.122434 0.166667
135 49.559448 28.885513 0.000000 2.848212 1.320570 2.182182 3.966654 7.784496 0.166709
136 49.804161 28.958946 0.000000 2.928141 1.356116 2.330371 4.459991 9.320931 0.166871
137 49.709232 29.237347 0.000000 2.890565 1.360080 2.317184 4.351750 8.831943 0.166667
138 49.490894 29.117029 0.000000 2.983168 1.327234 2.218323 4.094412 8.191628 0.166667
139 49.325230 28.738632 0.000000 3.074964 1.348295 2.288118 4.299296 8.777354 0.142857
140 49.404591 28.824442 0.000000 3.125274 1.292616 2.091133 3.691040 6.970661 0.142857
141 49.299004 29.070904 0.000000 3.223680 1.347304 2.278462 4.250087 8.574594 0.166667
142 49.431591 29.090025 0.000000 2.775706 1.300648 2.119773 3.797027 7.340962 0.203730
143 49.261486 28.942286 0.000000 3.463994 1.376315 2.371989 4.509212 9.265011 0.200000
144 49.498318 28.822412 0.000000 3.731979 1.354458 2.273085 4.170208 8.197219 0.200000
145 49.483547 29.151779 0.000000 3.131442 1.326733 2.215132 4.082158 8.152170 0.166667
146 49.388657 29.017994 0.000000 3.362334 1.298315 2.131539 3.869438 7.630852 0.202378
147 49.331829 28.933575 0.000000 4.196484 1.366894 2.347058 4.460240 9.198400 0.166834
148 49.214417 28.948072 0.000000 4.943003 1.347432 2.271466 4.210181 8.408154 0.166687
149 49.328438 29.099873 0.000000 4.710944 1.325420 2.216882 4.103474 8.250925 0.166667
150 49.213108 29.008827 0.000000 4.100605 1.376690 2.394164 4.623718 9.709608 0.166686
151 49.304745 28.888487 0.000000 4.550186 1.332840 2.229468 4.114458 8.218262 0.166667
153 49.317001 28.927628 0.000000 4.453241 1.333910 2.247738 4.194270 8.501964 0.166667
154 49.260441 28.932470 0.000000 4.618995 1.344961 2.276549 4.262776 8.658929 0.210373
155 49.260075 29.047628 0.000000 4.942546 1.340710 2.271322 4.267374 8.722190 0.200004
156 49.208214 29.124111 0.000000 4.427441 1.325649 2.206198 4.038461 7.975565 0.200857
157 49.170368 29.047573 0.000000 5.206812 1.343781 2.266624 4.212029 8.450044 0.200000
158 49.281185 29.041656 0.000000 5.450191 1.346578 2.280037 4.267353 8.661268 0.200000
159 49.235962 29.068382 0.000000 5.575826 1.353313 2.298389 4.309328 8.744149 0.200000
160 49.175117 29.098198 0.000000 5.770178 1.334587 2.247422 4.189013 8.476346 0.166667
161 49.219589 29.017639 0.000000 5.406743 1.366623 2.351686 4.476683 9.232545 0.167823
162 49.083778 28.858110 0.000000 5.644501 1.360023 2.323811 4.385222 8.952334 0.200000
163 49.092377 29.027018 0.000000 5.438768 1.358295 2.320793 4.384641 8.971422 0.166667
165 49.335575 29.134449 0.000000 6.153414 1.314328 2.170092 3.946196 7.761115 0.142857
166 49.213242 29.288746 0.000000 6.229037 1.306417 2.132716 3.803939 7.266331 0.166667
167 49.191193 29.183762 0.000000 5.620227 1.331391 2.223234 4.076897 8.046378 0.142857
168 49.145180 29.123779 0.000000 6.356771 1.365071 2.341847 4.440183 9.114718 0.166667
169 49.122780 29.211966 0.000000 6.292417 1.365169 2.328517 4.366263 8.818112 0.142857
170 49.122349 29.362793 0.000000 6.841292 1.341457 2.248605 4.143303 8.232167 0.200000
171 49.213699 29.388523 0.000000 7.053111 1.304072 2.129779 3.813916 7.350116 0.166667
172 49.243702 29.533777 0.000000 6.278553 1.285222 2.066940 3.630550 6.833696 0.142857
173 49.365444 29.499554 0.000000 6.165005 1.306557 2.138441 3.834490 7.391865 0.166667
174 49.256817 29.548019 0.000000 5.651300 1.294003 2.088217 3.678040 6.936129 0.166667
175 49.337204 29.455980 0.000000 5.763499 1.337024 2.234031 4.096967 8.087798 0.166667
176 49.236652 29.506414 0.000000 5.796148 1.327726 2.213244 4.055989 8.012381 0.166667
177 49.221458 29.573122 0.000000 6.193913 1.306940 2.132590 3.806932 7.292066 0.200000
178 49.285419 29.623085 0.000000 5.833068 1.323859 2.196419 4.009037 7.900295 0.200000
179 49.124481 29.701233 0.000000 6.029438 1.362170 2.319983 4.350451 8.798964 0.166667
180 49.432205 29.772461 0.000000 5.404717 1.312289 2.159986 3.897096 7.557772 0.166667
181 49.278709 29.833712 0.000000 5.635692 1.329718 2.212683 4.053225 8.022211 0.200000
182 49.229553 29.991442 0.000000 5.034964 1.368194 2.364144 4.531619 9.440767 0.142857
183 49.241257 30.117353 0.000000 5.570955 1.381402 2.390822 4.573435 9.477444 0.142857
184 49.146038 30.148476 0.000000 5.525647 1.399883 2.458170 4.777157 10.059625 0.166667
185 48.868725 30.379416 0.000000 4.966058 1.398379 2.444496 4.717226 9.840045 0.200000
186 48.981434 30.538139 0.000000 4.630853 1.423535 2.538009 5.005850 10.677100 0.200000
187 48.942535 30.525955 0.000000 4.386584 1.451099 2.628784 5.277281 11.474838 0.200000
188 48.809166 30.409405 0.000000 4.214404 1.399597 2.459056 4.795409 10.162392 0.142857
190 49.062740 30.600550 0.000000 3.508880 1.518543 2.878030 6.044272 13.710486 0.166667
192 48.495743 31.181681 0.000000 3.936657 1.479213 2.712195 5.505589 12.093122 0.203308
194 48.450825 30.299887 0.000000 2.666781 1.631368 3.273595 7.218838 17.032097 0.166667
