%% Trajectory 6
%% frame x (pixel)     y (pixel)    z (pixel)      m0         m1           m2           m3           m4           s 
6 53.335083 70.476265 0.000000 0.779450 1.418022 2.547577 5.105456 11.150087 0.153251
7 52.731995 70.222977 0.000000 0.891255 1.432229 2.642411 5.468643 12.329216 0.263821
8 52.788521 70.026726 0.000000 1.510863 1.455935 2.684355 5.516663 12.312774 0.166667
10 52.216709 69.839958 0.000000 2.054382 1.552445 2.973132 6.292659 14.355525 0.200000
11 52.614288 70.105293 0.000000 2.130011 1.356703 2.339147 4.484349 9.359227 0.142857
12 52.746166 70.032455 0.000000 2.360074 1.398026 2.440559 4.701468 9.784453 0.200000
13 52.858982 70.129761 0.000000 2.373183 1.376820 2.385197 4.586314 9.591654 0.142857
14 52.964527 70.083504 0.000000 2.647367 1.380436 2.407224 4.663220 9.822515 0.125009
15 52.888256 70.115479 0.000000 2.743748 1.408003 2.495582 4.910011 10.487384 0.200000
16 52.627949 70.194427 0.000000 2.854610 1.318426 2.198153 4.059485 8.156617 0.142857
17 52.788998 69.976891 0.000000 3.417960 1.411641 2.505496 4.942676 10.605171 0.166667
18 52.639950 70.182877 0.000000 3.326883 1.336716 2.250970 4.190286 8.464417 0.142857
19 52.663113 69.913246 0.000000 3.731253 1.351001 2.290972 4.288363 8.689404 0.111111
20 52.870228 70.136139 0.000000 3.755684 1.408602 2.479708 4.825244 10.157800 0.166667
21 52.787689 69.996475 0.000000 4.121548 1.393338 2.437609 4.723870 9.923035 0.142857
22 52.599007 70.051804 0.000000 4.353504 1.372391 2.364953 4.508712 9.317870 0.125000
23 52.649509 70.111282 0.000000 4.274354 1.377596 2.371305 4.499605 9.217198 0.125000
24 52.558201 70.232872 0.000000 4.620499 1.337676 2.239351 4.125269 8.205855 0.142857
25 52.595135 70.294594 0.000000 5.019526 1.333655 2.214349 4.023063 7.842790 0.166667
26 52.725613 70.063148 0.000000 5.126622 1.397224 2.441693 4.714808 9.850951 0.125000
27 52.675804 70.039993 0.000000 4.898902 1.378465 2.375587 4.513042 9.258350 0.125000
28 52.563881 70.157318 0.000000 4.955951 1.370985 2.342682 4.397751 8.886702 0.200000
29 52.680378 69.989120 0.000000 5.561362 1.380535 2.384192 4.536340 9.310123 0.166667
30 52.574585 70.136856 0.000000 4.919408 1.338813 2.244175 4.132326 8.196381 0.200000
31 52.612236 70.040039 0.000000 5.007123 1.378094 2.377314 4.522721 9.294390 0.166667
32 52.750805 69.944778 0.000000 5.536764 1.406689 2.471211 4.800933 10.099615 0.166667
33 52.674747 70.111031 0.000000 5.624420 1.351750 2.291680 4.283622 8.654057 0.200000
34 52.614391 70.000732 0.000000 6.173607 1.412733 2.494713 4.863823 10.243115 0.200000
35 52.566231 70.211388 0.000000 5.690246 1.325544 2.199221 4.006843 7.863723 0.250000
36 52.485073 70.084061 0.000000 6.091145 1.365651 2.323518 4.338507 8.710319 0.200000
37 52.608807 70.015610 0.000000 6.140459 1.405641 2.467001 4.782250 10.022445 0.250000
38 52.602001 70.037041 0.000000 5.792192 1.397296 2.428101 4.639677 9.543923 0.166667
39 52.555882 70.051208 0.000000 6.483185 1.359868 2.311740 4.321878 8.705799 0.200000
40 52.540871 70.105652 0.000000 6.691646 1.377025 2.366669 4.477759 9.137368 0.200000
41 52.461006 70.004768 0.000000 6.752385 1.381562 2.383941 4.529803 9.282869 0.166667
42 52.536816 70.146370 0.000000 6.959872 1.344932 2.255502 4.144919 8.180738 0.250000
43 52.591282 69.937935 0.000000 7.183189 1.362114 2.318426 4.343217 8.776959 0.250000
44 52.666534 70.054543 0.000000 6.462530 1.362971 2.325876 4.376328 8.898764 0.250000
45 52.550323 69.925644 0.000000 7.004783 1.360403 2.309122 4.312912 8.690354 0.166667
46 52.624916 70.027023 0.000000 7.092697 1.359622 2.317385 4.354434 8.838452 0.200000
47 52.748287 69.964928 0.000000 7.248701 1.393704 2.426121 4.660401 9.675111 0.250000
48 52.714733 70.029022 0.000000 7.094251 1.407763 2.475420 4.808429 10.098829 0.250000
49 52.662155 69.958214 0.000000 7.545274 1.385139 2.396201 4.569885 9.413389 0.250000
50 52.640285 69.949272 0.000000 7.593347 1.392050 2.415943 4.619617 9.533219 0.250000
51 52.690277 69.967094 0.000000 7.616756 1.393872 2.426275 4.654211 9.634443 0.200000
52 52.887566 70.003120 0.000000 8.209793 1.449520 2.619064 5.230685 11.283297 0.200000
53 52.811340 69.871887 0.000000 8.212141 1.381673 2.379813 4.512087 9.225740 0.142857
54 52.887096 69.774269 0.000000 7.588788 1.409350 2.476679 4.803648 10.066805 0.250000
55 53.069012 69.901077 0.000000 7.004090 1.400921 2.448873 4.722182 9.831611 0.142857
56 53.046940 69.647942 0.000000 7.771080 1.374163 2.358223 4.456517 9.085090 0.200000
57 53.005177 69.630196 0.000000 7.268548 1.391123 2.411719 4.604232 9.479600 0.250000
58 53.039848 69.595055 0.000000 7.382826 1.389651 2.413480 4.625500 9.581078 0.250000
59 52.983593 69.529732 0.000000 7.574331 1.391218 2.412171 4.605526 9.480496 0.142857
60 52.934723 69.502014 0.000000 7.366023 1.367111 2.332239 4.372715 8.826679 0.166667
61 52.924255 69.306458 0.000000 7.170316 1.351098 2.287481 4.266857 8.593010 0.166667
62 52.813229 69.285858 0.000000 7.233157 1.326949 2.204970 4.028421 7.938390 0.250000
63 52.879444 69.223114 0.000000 7.335931 1.400607 2.464288 4.806219 10.169750 0.200000
64 52.881771 69.267166 0.000000 6.969540 1.359055 2.316703 4.355015 8.847557 0.250000
65 52.779209 69.218620 0.000000 7.161372 1.330946 2.214257 4.045425 7.959847 0.250000
66 52.854267 69.036926 0.000000 6.810004 1.380212 2.392571 4.587451 9.526397 0.200000
67 52.874405 69.058342 0.000000 6.741089 1.376440 2.377935 4.540767 9.385250 0.250000
68 52.824341 68.993034 0.000000 5.964542 1.398533 2.458455 4.788720 10.114148 0.200000
69 52.850819 69.047279 0.000000 5.961320 1.375300 2.380800 4.571146 9.532977 0.200000
70 52.895020 68.894196 0.000000 6.027878 1.392157 2.423653 4.651795 9.634521 0.250000
71 52.977177 68.806290 0.000000 5.489589 1.419887 2.515675 4.925248 10.424843 0.250000
72 52.781052 68.671745 0.000000 5.455574 1.353355 2.286558 4.240395 8.461793 0.200000
73 52.653610 68.680893 0.000000 5.317684 1.344610 2.262964 4.192338 8.386471 0.333333
74 52.553261 68.329819 0.000000 5.641496 1.374069 2.359744 4.474476 9.185728 0.200000
75 52.937641 68.123978 0.000000 5.022311 1.392982 2.425786 4.659368 9.662671 0.166667
76 53.499786 67.753548 0.000000 4.876193 1.377470 2.359761 4.437750 8.976200 0.333333
77 53.463100 67.778519 0.000000 5.220054 1.360216 2.319738 4.361771 8.865446 0.250000
78 53.787109 67.916649 0.000000 4.798535 1.443431 2.591538 5.132500 10.968146 0.333333
79 54.040936 67.609161 0.000000 4.615529 1.404151 2.477509 4.847024 10.291563 0.250168
80 54.065411 67.455956 0.000000 4.125545 1.366200 2.335372 4.392588 8.903844 0.166667
81 54.020660 67.499130 0.000000 4.008476 1.409805 2.491804 4.873044 10.313614 0.250000
82 53.930759 67.424850 0.000000 3.713093 1.375918 2.384516 4.579993 9.552012 0.166667
83 53.905369 67.514847 0.000000 3.169771 1.428730 2.545594 5.016755 10.702031 0.250000
84 53.825130 67.138626 0.000000 3.490400 1.396481 2.436419 4.699183 9.817950 0.333333
85 53.785522 67.011932 0.000000 2.822856 1.429547 2.572075 5.136834 11.134516 0.250000
86 53.611187 66.649513 0.000000 2.949615 1.433988 2.558424 5.041362 10.740038 0.250000
87 53.914165 66.473267 0.000000 2.798974 1.479704 2.729631 5.560846 12.218361 0.250000
88 54.019493 66.640663 0.000000 2.050957 1.373824 2.381060 4.583696 9.595805 0.250000
89 54.136162 67.042015 0.000000 1.611751 1.436898 2.575698 5.116550 11.011954 0.166667
91 52.939766 66.275635 0.000000 2.123858 1.520226 2.883331 6.048913 13.688534 0.166667
93 52.552334 65.421227 0.000000 2.618756 1.592191 3.073868 6.496823 14.680318 0.250000
94 52.428379 64.883110 0.000000 2.956531 1.564859 3.039078 6.531136 15.136138 0.200000
96 51.945793 66.276497 0.000000 1.936841 1.578020 3.059651 6.531777 14.965942 0.250000
97 52.290779 66.228256 0.000000 1.930318 1.548280 3.003119 6.467885 15.060945 0.166667
