%% Trajectory 19
%% frame x (pixel)     y (pixel)    z (pixel)      m0         m1           m2           m3           m4           s 
114 73.204788 43.633671 0.000000 1.122832 1.236360 1.945893 3.376390 6.362703 0.226776
115 73.011459 43.603283 0.000000 1.114923 1.308023 2.164300 3.952385 7.818159 0.250000
117 73.242432 43.777199 0.000000 1.342143 1.296614 2.130946 3.881524 7.706677 0.250084
118 72.841484 43.758293 0.000000 1.362626 1.351145 2.328526 4.495221 9.532018 0.357010
119 73.167885 43.746841 0.000000 1.421378 1.319852 2.181975 3.965945 7.775399 0.168415
120 73.268982 43.852917 0.000000 1.330622 1.310472 2.140407 3.814712 7.269879 0.201292
121 72.989670 43.789627 0.000000 1.464166 1.338184 2.266542 4.252472 8.659332 0.224825
122 72.923073 43.675304 0.000000 1.805960 1.337356 2.255504 4.205753 8.505756 0.298174
123 73.205856 43.723553 0.000000 1.455743 1.286515 2.088790 3.729978 7.194125 0.349398
124 73.279495 43.920311 0.000000 1.655058 1.308747 2.162375 3.932907 7.719982 0.200719
125 72.876518 43.935337 0.000000 1.655942 1.349950 2.293297 4.303736 8.742483 0.205690
126 73.273796 43.710548 0.000000 1.934210 1.284428 2.070852 3.665895 6.999591 0.200027
127 73.242561 43.654144 0.000000 2.010288 1.340396 2.264208 4.232358 8.584378 0.447132
128 73.448769 43.785957 0.000000 2.183106 1.267759 2.022010 3.537509 6.669746 0.213748
129 72.969177 43.659763 0.000000 1.838351 1.324394 2.202144 4.023760 7.918491 0.200168
130 73.137955 43.738541 0.000000 2.364125 1.295910 2.119847 3.819166 7.438996 0.209331
131 73.012428 43.533985 0.000000 1.942451 1.301947 2.146353 3.897640 7.644956 0.231553
132 73.354553 43.745331 0.000000 1.962711 1.238922 1.931450 3.295185 6.052592 0.200186
133 73.163002 43.657349 0.000000 1.963720 1.268298 2.033393 3.595883 6.897572 0.200000
134 73.146835 43.778011 0.000000 1.979567 1.283653 2.075209 3.687221 7.070696 0.200090
135 73.143593 43.658413 0.000000 1.937755 1.300835 2.117531 3.779459 7.259032 0.228005
136 73.190475 43.940037 0.000000 1.965267 1.326521 2.227555 4.149487 8.407419 0.200525
137 73.205956 43.971317 0.000000 2.331721 1.321029 2.195248 4.018874 7.946339 0.200013
138 73.147720 43.876915 0.000000 2.542252 1.331118 2.228464 4.116568 8.229536 0.200000
139 72.961609 43.962376 0.000000 2.095531 1.381105 2.400477 4.619649 9.637115 0.200029
140 73.101990 44.049644 0.000000 2.387083 1.358727 2.327260 4.402288 9.006787 0.200000
141 73.143410 44.047249 0.000000 2.402533 1.362384 2.343718 4.464010 9.210090 0.200000
142 73.258034 44.063679 0.000000 2.177591 1.303994 2.128006 3.809550 7.340477 0.200000
143 73.042694 44.135033 0.000000 2.435358 1.345092 2.270390 4.214141 8.427428 0.166667
144 72.957199 44.243935 0.000000 1.953251 1.348664 2.296856 4.337564 8.901208 0.168030
145 73.047600 44.388462 0.000000 2.101923 1.292164 2.089032 3.696653 7.027755 0.166667
146 72.971313 44.493393 0.000000 1.933460 1.318954 2.185860 3.981227 7.816572 0.167128
147 72.671509 44.550579 0.000000 2.108811 1.287923 2.077078 3.657231 6.895342 0.166667
148 72.611740 44.534645 0.000000 2.417474 1.259191 1.988658 3.432729 6.363945 0.166667
149 72.777817 44.490150 0.000000 2.091187 1.250930 1.976166 3.421423 6.382333 0.200005
150 72.639961 44.561321 0.000000 2.577946 1.296456 2.100112 3.717967 7.057204 0.166667
151 72.755974 44.405293 0.000000 1.810208 1.236130 1.939747 3.347660 6.259855 0.179982
152 72.682953 44.735153 0.000000 2.138610 1.261406 2.004763 3.505135 6.635458 0.200002
153 72.531128 44.616241 0.000000 1.965714 1.293417 2.108333 3.781301 7.324408 0.166670
154 72.357849 44.882843 0.000000 2.014380 1.298170 2.140802 3.907422 7.747122 0.166878
155 72.380692 44.794388 0.000000 1.988739 1.299806 2.135006 3.866524 7.576924 0.200006
156 72.714523 44.823147 0.000000 1.956116 1.279969 2.051697 3.599813 6.787300 0.166667
157 72.622330 44.792629 0.000000 1.824436 1.345406 2.294095 4.353302 9.010751 0.178896
158 72.399101 44.960327 0.000000 1.820187 1.291332 2.102361 3.760978 7.253463 0.274748
159 72.413986 44.547085 0.000000 1.482458 1.329511 2.253566 4.289741 9.005231 0.169977
160 72.424034 45.005142 0.000000 1.965067 1.279117 2.072143 3.705395 7.189947 0.200014
161 72.240479 44.842171 0.000000 1.838686 1.271618 2.029525 3.551419 6.695410 0.201568
163 71.949501 44.845261 0.000000 1.634905 1.416221 2.546150 5.095717 11.083359 0.189276
164 71.781227 45.043125 0.000000 1.284769 1.377632 2.408640 4.680742 9.886659 0.166917
165 71.789787 45.647411 0.000000 1.330555 1.415160 2.513764 4.937782 10.489110 0.166951
166 71.606926 45.843311 0.000000 1.056236 1.362835 2.328551 4.384367 8.905073 0.256270
168 71.388451 44.886375 0.000000 1.049830 1.308117 2.192529 4.098995 8.373672 0.183884
170 71.924606 45.484409 0.000000 0.688372 1.389475 2.449732 4.875916 10.717148 0.142991
172 72.731590 44.685822 0.000000 0.707030 1.298407 2.097306 3.734128 7.209533 0.166707
