%% Trajectory 40
%% frame x (pixel)     y (pixel)    z (pixel)      m0         m1           m2           m3           m4           s 
74 53.268620 61.091911 0.000000 1.120342 1.378461 2.473245 5.088113 11.677819 0.166667
76 53.120155 61.170582 0.000000 1.591275 1.483276 2.799911 5.899652 13.498054 0.200000
77 53.453232 61.304043 0.000000 1.387803 1.376150 2.398598 4.653828 9.837263 0.200000
78 52.806458 61.411560 0.000000 1.575279 1.334612 2.261629 4.261186 8.743949 0.250000
79 53.063835 61.372219 0.000000 1.549956 1.446309 2.614867 5.261147 11.517764 0.250000
80 53.009373 60.987270 0.000000 1.486859 1.415174 2.542553 5.074491 10.969706 0.250000
81 53.342495 61.576210 0.000000 1.474357 1.304439 2.195796 4.172953 8.794423 0.200000
82 52.834373 61.301235 0.000000 1.480387 1.365247 2.347952 4.503328 9.429499 0.250000
83 53.210052 61.318169 0.000000 1.648175 1.398493 2.424645 4.629152 9.531598 0.200000
84 53.086205 61.270851 0.000000 1.869503 1.291685 2.100995 3.764850 7.301822 0.250000
85 52.969059 61.678905 0.000000 1.658681 1.341340 2.318725 4.512713 9.673540 0.250000
86 52.902622 61.802395 0.000000 1.962883 1.283607 2.065760 3.647238 6.939588 0.250000
87 52.443737 61.770088 0.000000 2.003915 1.393605 2.432612 4.707444 9.899688 0.250000
88 53.015469 61.642345 0.000000 2.222371 1.375270 2.396744 4.663920 9.919421 0.333333
89 52.904575 61.605076 0.000000 2.767444 1.345529 2.294189 4.359584 9.063569 0.250000
90 52.727009 61.596001 0.000000 2.720478 1.363752 2.337213 4.440651 9.178624 0.200000
91 52.789265 61.735943 0.000000 2.868306 1.323979 2.172343 3.884059 7.415094 0.333333
92 52.963551 61.619671 0.000000 2.608624 1.353233 2.307549 4.349177 8.876577 0.200000
93 52.819824 61.688412 0.000000 2.620246 1.371604 2.370448 4.547544 9.492601 0.333333
94 52.675632 61.557755 0.000000 2.162985 1.314997 2.159898 3.883847 7.496487 0.250000
95 52.671032 61.816158 0.000000 2.114160 1.403926 2.461154 4.764051 9.963186 0.333333
96 53.117588 61.604588 0.000000 2.196471 1.328779 2.230739 4.162288 8.469975 0.250000
97 52.755497 61.555763 0.000000 2.809881 1.386480 2.433481 4.759345 10.151581 0.333333
98 53.085388 61.521667 0.000000 3.060021 1.346009 2.264835 4.200080 8.417673 0.200000
99 52.924568 61.552864 0.000000 2.548458 1.372249 2.364871 4.505782 9.300242 0.250000
100 52.867043 61.521431 0.000000 2.782335 1.335230 2.261030 4.263715 8.791596 0.250000
101 53.079514 61.410004 0.000000 3.155590 1.383646 2.397896 4.594176 9.530679 0.250000
102 52.818367 61.590294 0.000000 3.194441 1.293419 2.099526 3.731786 7.125674 0.250000
103 53.047150 61.362087 0.000000 2.655558 1.313175 2.175953 3.979905 7.887194 0.200000
104 52.833549 61.430534 0.000000 2.683473 1.277606 2.061276 3.655047 6.995834 0.250000
105 52.772762 61.356461 0.000000 2.693971 1.331490 2.221094 4.088446 8.151071 0.250000
106 52.934746 61.268402 0.000000 3.246706 1.376065 2.378652 4.550771 9.435022 0.250000
107 52.855507 61.489513 0.000000 2.854822 1.343636 2.254874 4.158189 8.259902 0.250000
108 52.761539 61.420788 0.000000 2.423121 1.331109 2.239162 4.178255 8.487006 0.200000
109 52.641636 61.533150 0.000000 2.928233 1.283399 2.061211 3.618769 6.817076 0.200000
110 52.940842 61.377979 0.000000 3.047298 1.349601 2.341264 4.539307 9.621461 0.200000
111 52.722897 61.615906 0.000000 2.538237 1.228472 1.911917 3.258817 5.983085 0.200000
112 52.617332 61.580132 0.000000 2.888383 1.269066 2.021947 3.531974 6.646990 0.200000
114 52.712379 61.484684 0.000000 3.009320 1.361704 2.336371 4.434352 9.113857 0.200000
115 52.735416 61.453751 0.000000 2.773323 1.314056 2.180618 3.990031 7.894627 0.200000
116 53.026970 61.294563 0.000000 3.226650 1.344244 2.277426 4.252675 8.569193 0.200000
117 52.727776 61.535534 0.000000 3.154124 1.277016 2.037045 3.553048 6.655468 0.200000
118 52.950142 61.266014 0.000000 2.549033 1.350441 2.304069 4.358267 8.955388 0.200000
119 52.845695 61.448132 0.000000 2.768979 1.403479 2.458294 4.756608 9.946290 0.166667
120 52.861767 61.220505 0.000000 2.899098 1.323458 2.223335 4.147552 8.423170 0.166667
121 52.920238 61.273762 0.000000 2.487580 1.339611 2.278212 4.307595 8.865333 0.268030
122 52.453133 61.191471 0.000000 2.271839 1.339088 2.272295 4.258255 8.624999 0.168426
123 52.968021 60.928360 0.000000 2.413671 1.385044 2.445530 4.830576 10.424495 0.166667
125 53.267838 60.450413 0.000000 2.822187 1.278484 2.065063 3.671086 7.053332 0.200020
126 53.388210 60.288719 0.000000 2.768592 1.276465 2.060268 3.664904 7.062058 0.270608
127 53.521706 60.381622 0.000000 2.989767 1.296045 2.103427 3.754262 7.239132 0.252819
128 53.501369 60.307339 0.000000 2.939199 1.285711 2.089224 3.750110 7.311569 0.200058
129 54.000259 60.231808 0.000000 3.200036 1.381151 2.413174 4.705014 10.025619 0.200065
130 53.784420 60.355511 0.000000 3.158963 1.304999 2.156829 3.948904 7.868095 0.200595
131 53.868568 60.301426 0.000000 2.491653 1.380667 2.434457 4.807478 10.388709 0.200734
132 54.151474 60.218891 0.000000 2.908245 1.344012 2.266627 4.214536 8.467419 0.194694
133 54.142742 60.237022 0.000000 3.539653 1.302030 2.160664 3.979161 7.989245 0.200080
134 54.315678 59.971554 0.000000 2.787483 1.398420 2.461498 4.802571 10.168954 0.211681
135 54.617764 60.087429 0.000000 2.945379 1.323273 2.221760 4.136889 8.377987 0.166877
136 54.187077 60.014294 0.000000 3.113718 1.361693 2.354958 4.521377 9.439071 0.200038
137 54.293331 59.875278 0.000000 3.598571 1.317706 2.177655 3.959686 7.770747 0.200000
138 53.899853 59.730919 0.000000 3.588516 1.318171 2.177210 3.933566 7.615261 0.200019
139 53.950405 59.974052 0.000000 3.065728 1.359311 2.353123 4.535304 9.514350 0.257859
141 53.994278 59.851570 0.000000 3.111290 1.368917 2.356065 4.484028 9.248991 0.200000
143 54.304092 59.790573 0.000000 2.210714 1.313930 2.228922 4.254302 8.947694 0.200000
144 54.208202 59.708302 0.000000 2.101309 1.342204 2.305256 4.430565 9.322545 0.200000
