%% Trajectory 15
%% frame x (pixel)     y (pixel)    z (pixel)      m0         m1           m2           m3           m4           s 
66 66.501854 64.975418 0.000000 1.234434 1.319674 2.209857 4.088435 8.196871 0.126175
67 66.236023 65.108505 0.000000 1.092087 1.380494 2.404616 4.652908 9.791441 0.135759
68 66.369240 65.240707 0.000000 1.102717 1.343964 2.278189 4.274289 8.704788 0.163348
70 66.237015 65.319786 0.000000 1.185585 1.304182 2.133165 3.842102 7.481374 0.215000
71 66.295898 65.177055 0.000000 1.251039 1.287837 2.088048 3.717635 7.134897 0.239492
72 66.133110 65.332344 0.000000 1.435951 1.330590 2.218497 4.062201 8.008557 0.157963
73 66.360832 65.367523 0.000000 1.410960 1.280950 2.054606 3.598782 6.754893 0.125019
74 66.170944 65.365097 0.000000 1.711909 1.293974 2.100341 3.729770 7.109859 0.158051
75 66.080162 65.209358 0.000000 1.472297 1.322234 2.203365 4.053760 8.078393 0.171842
76 66.313866 64.929031 0.000000 1.611956 1.306477 2.146207 3.871732 7.521677 0.122663
77 66.222694 65.239090 0.000000 1.560181 1.263923 2.008904 3.491115 6.513859 0.112156
78 66.484535 64.905983 0.000000 1.560671 1.308315 2.146073 3.857408 7.451372 0.164987
79 66.253906 65.127388 0.000000 1.727297 1.298269 2.124528 3.828573 7.458251 0.181163
80 66.237572 64.907402 0.000000 1.727021 1.323000 2.222301 4.144668 8.421553 0.131095
81 66.557411 65.042328 0.000000 1.655829 1.310625 2.166604 3.947690 7.779169 0.148736
82 66.268623 65.225723 0.000000 1.898339 1.268832 2.028209 3.552588 6.697964 0.156692
83 66.307083 65.132088 0.000000 1.941581 1.325654 2.208544 4.054207 8.048901 0.149828
84 66.447250 65.280090 0.000000 1.746064 1.256171 1.989720 3.445644 6.406340 0.146186
85 66.480591 65.292198 0.000000 2.344350 1.269278 2.021186 3.517244 6.567073 0.143981
86 66.421318 65.457809 0.000000 2.154342 1.267045 2.013112 3.495811 6.515800 0.167626
87 66.388069 65.057167 0.000000 2.046291 1.305548 2.131585 3.809345 7.309584 0.383914
88 66.396927 65.066277 0.000000 1.915007 1.266460 2.016965 3.527619 6.663308 0.231881
89 66.360847 65.097801 0.000000 2.207382 1.294632 2.102407 3.745147 7.184335 0.291696
90 66.438271 65.148552 0.000000 2.274890 1.319462 2.188229 4.001721 7.925419 0.317559
91 66.418037 65.047691 0.000000 2.364326 1.296117 2.107494 3.754777 7.191808 0.309702
92 66.438850 65.020714 0.000000 2.260066 1.317350 2.180310 3.967919 7.787829 0.301307
93 66.413658 65.151512 0.000000 2.509827 1.290930 2.094201 3.723083 7.119412 0.169148
94 66.397987 65.133308 0.000000 2.469795 1.314946 2.166959 3.924287 7.668641 0.250006
95 66.494987 65.225700 0.000000 2.496100 1.283002 2.059160 3.608392 6.774522 0.424503
96 66.499100 65.087135 0.000000 2.781309 1.291089 2.088359 3.697007 7.031478 0.221834
97 66.455528 65.028122 0.000000 2.550217 1.327868 2.204741 4.020521 7.896835 0.304247
98 66.497719 65.136795 0.000000 2.346828 1.283943 2.063915 3.633098 6.879107 0.203397
99 66.364159 65.086258 0.000000 3.020376 1.307364 2.152835 3.914805 7.723691 0.142857
100 66.428520 64.934357 0.000000 2.338461 1.318624 2.175353 3.928905 7.617506 0.287850
101 66.314674 65.088905 0.000000 2.597399 1.301102 2.128928 3.828581 7.425984 0.159621
102 66.227791 65.149483 0.000000 2.422599 1.331930 2.224121 4.084729 8.091693 0.281875
103 66.213547 64.966850 0.000000 2.333320 1.353327 2.292821 4.269547 8.561042 0.190422
104 66.215202 65.122116 0.000000 2.340305 1.340689 2.257569 4.196638 8.447149 0.170812
105 66.148521 65.074455 0.000000 2.801467 1.338564 2.251918 4.171259 8.336845 0.212292
106 65.939056 65.229675 0.000000 1.982954 1.378888 2.390405 4.571917 9.437409 0.142886
107 65.823441 65.088951 0.000000 1.914846 1.331958 2.226253 4.085226 8.064528 0.143282
108 65.691818 64.984947 0.000000 2.111644 1.370233 2.360666 4.493676 9.255533 0.154696
109 65.775696 64.851044 0.000000 1.881420 1.323164 2.206128 4.062342 8.106889 0.131924
110 65.785889 64.972412 0.000000 1.698878 1.358125 2.329602 4.435455 9.184954 0.252603
111 65.638351 65.034523 0.000000 1.915399 1.337907 2.240981 4.133303 8.233018 0.167312
112 65.548088 64.779823 0.000000 1.994329 1.306193 2.143952 3.864522 7.506989 0.142857
113 65.476639 64.732285 0.000000 1.999023 1.274100 2.032159 3.543010 6.630807 0.125000
114 65.388756 64.684113 0.000000 1.913201 1.279987 2.071965 3.697004 7.151119 0.125004
115 65.520844 64.478233 0.000000 1.793430 1.239561 1.937533 3.313195 6.094921 0.125084
116 65.294624 64.450523 0.000000 2.179388 1.308068 2.153321 3.909902 7.695369 0.125000
117 65.464142 64.350220 0.000000 2.132835 1.286939 2.068310 3.628230 6.816983 0.125018
118 65.447937 64.309067 0.000000 1.999794 1.271435 2.023173 3.517226 6.560397 0.125000
119 65.214157 64.157982 0.000000 2.107284 1.375166 2.359740 4.456870 9.076915 0.142857
120 65.280464 64.272934 0.000000 1.847663 1.308889 2.134907 3.798172 7.225128 0.150982
121 65.030273 63.859589 0.000000 1.798471 1.384099 2.420233 4.695979 9.892145 0.145342
122 65.104103 64.237816 0.000000 2.013550 1.341470 2.259238 4.197452 8.440940 0.142927
123 65.139076 63.836292 0.000000 1.892499 1.361633 2.331704 4.421731 9.103365 0.166772
124 65.277451 64.063316 0.000000 1.963559 1.380659 2.388886 4.568835 9.464675 0.200193
125 65.562233 63.661198 0.000000 2.066328 1.295034 2.092726 3.691506 6.972468 0.166674
126 65.903847 63.774567 0.000000 2.097805 1.313804 2.179419 3.996903 7.955410 0.200000
127 65.619385 64.134453 0.000000 1.804837 1.294680 2.100462 3.726674 7.094853 0.167081
128 65.250366 64.404671 0.000000 1.873052 1.254707 1.978770 3.411692 6.318964 0.239836
129 65.349678 64.316025 0.000000 1.813877 1.311277 2.173055 3.988668 7.967206 0.264357
130 65.309929 64.253929 0.000000 1.595374 1.356549 2.311457 4.360863 8.936574 0.147843
131 65.260963 64.434692 0.000000 1.409731 1.340400 2.280675 4.315636 8.905095 0.143435
132 65.396393 64.088753 0.000000 1.238196 1.360770 2.314755 4.338932 8.784168 0.310083
133 65.336220 64.012863 0.000000 1.383744 1.377233 2.371731 4.503092 9.235446 0.166667
134 64.764221 63.764767 0.000000 1.492998 1.366600 2.337469 4.425601 9.090731 0.200000
136 65.380356 64.491570 0.000000 0.921132 1.397120 2.455955 4.794760 10.184601 0.133698
