%% Trajectory 26
%% frame x (pixel)     y (pixel)    z (pixel)      m0         m1           m2           m3           m4           s 
169 48.530853 62.783382 0.000000 0.699393 1.095397 1.570725 2.491747 4.366026 0.166667
170 48.141743 62.568020 0.000000 0.617516 1.163273 1.774019 3.039800 5.810819 0.143649
171 48.491970 62.948990 0.000000 0.874565 1.199282 1.831416 3.069742 5.565646 0.200054
172 48.535679 62.533413 0.000000 1.011989 1.097402 1.538593 2.345822 3.873732 0.166667
173 48.434288 62.272896 0.000000 1.111065 1.221801 1.878327 3.162285 5.745838 0.166667
174 48.467403 62.421345 0.000000 0.714207 1.074180 1.459570 2.140970 3.392677 0.166667
176 48.279465 62.477333 0.000000 0.781185 1.213338 1.861396 3.129179 5.681583 0.200000
177 48.600765 62.435818 0.000000 0.830931 1.193501 1.800569 2.976194 5.322043 0.142857
178 48.507229 62.806572 0.000000 0.855368 1.234309 1.939350 3.384911 6.482878 0.200000
179 48.458256 62.547512 0.000000 1.088581 1.172300 1.744443 2.842008 5.012927 0.200000
180 47.960724 62.673409 0.000000 0.623541 1.240334 1.968400 3.450863 6.574519 0.166668
182 48.497120 62.665359 0.000000 1.236122 1.165556 1.716555 2.759779 4.796338 0.166667
183 48.498291 62.434666 0.000000 1.135853 1.277300 2.032005 3.532381 6.591458 0.166668
184 48.304420 62.528103 0.000000 1.166885 1.231011 1.922980 3.301632 6.135670 0.166667
185 48.378479 62.217041 0.000000 1.280573 1.187595 1.786349 2.940872 5.234014 0.200000
186 48.473579 62.713375 0.000000 1.073730 1.139801 1.661991 2.657978 4.631185 0.200000
187 48.854233 62.679550 0.000000 1.431874 1.206418 1.842486 3.084168 5.578335 0.200000
188 48.708588 62.539516 0.000000 1.213914 1.265605 2.001864 3.463760 6.442134 0.166667
189 48.734268 62.361008 0.000000 1.700419 1.245368 1.949299 3.335816 6.138030 0.200000
190 48.620228 62.725746 0.000000 1.338411 1.182164 1.785921 2.965099 5.346378 0.200000
191 48.830414 62.454098 0.000000 1.237628 1.306092 2.159326 3.957086 7.888394 0.200043
192 48.527290 62.728981 0.000000 1.195813 1.229430 1.940449 3.429856 6.716916 0.166667
193 48.836414 62.549389 0.000000 1.405160 1.263722 1.996120 3.446520 6.392739 0.166667
194 48.861046 62.740124 0.000000 1.391383 1.217331 1.881546 3.187893 5.827713 0.250000
195 48.417553 62.374134 0.000000 1.242133 1.215151 1.861189 3.119569 5.639593 0.250000
196 49.001884 62.723438 0.000000 1.383614 1.288406 2.098307 3.745606 7.182402 0.200000
197 48.721645 62.326542 0.000000 1.516417 1.276705 2.038182 3.557260 6.662988 0.200000
198 48.679848 62.520931 0.000000 1.727265 1.273162 2.023545 3.514957 6.554674 0.200000
199 48.613911 62.337708 0.000000 1.761894 1.256136 1.974275 3.391692 6.262054 0.250000
200 48.668728 62.611977 0.000000 1.588761 1.211051 1.854673 3.107606 5.614143 0.250000
201 48.433033 62.500916 0.000000 2.055012 1.244332 1.949496 3.340559 6.156684 0.250000
202 48.439655 62.500496 0.000000 1.919201 1.241908 1.943069 3.332266 6.166696 0.250000
203 48.675293 62.479992 0.000000 1.958070 1.219833 1.876121 3.166193 5.785813 0.200000
204 48.646423 62.514233 0.000000 2.110419 1.236181 1.929273 3.292468 6.041740 0.250000
205 48.523052 62.610470 0.000000 1.874740 1.243560 1.946678 3.331910 6.131103 0.200000
206 48.731503 62.687950 0.000000 1.970078 1.300929 2.120681 3.791934 7.298334 0.250000
207 48.284008 62.220654 0.000000 2.123135 1.276544 2.046602 3.595364 6.796268 0.200000
208 48.730633 62.528194 0.000000 2.188212 1.322274 2.171865 3.896676 7.489616 0.200000
209 48.539902 62.278645 0.000000 2.479282 1.264090 2.005931 3.476615 6.463311 0.200000
210 48.536396 62.577744 0.000000 2.452785 1.296785 2.101364 3.714590 7.022755 0.200000
211 48.504192 62.397648 0.000000 2.509627 1.267462 2.014109 3.497773 6.519339 0.250000
212 48.626698 62.548035 0.000000 2.649500 1.271353 2.031842 3.556113 6.696066 0.200000
213 48.623272 62.627453 0.000000 2.395946 1.283448 2.069646 3.661072 6.980004 0.200000
214 48.845798 62.495213 0.000000 2.615806 1.320366 2.184963 3.968637 7.761262 0.333333
215 48.838806 62.747753 0.000000 2.482164 1.284088 2.080408 3.707229 7.133770 0.166667
216 48.669571 62.572189 0.000000 2.578682 1.252068 1.967693 3.381182 6.245388 0.166667
217 48.862663 62.645084 0.000000 2.864741 1.278282 2.053693 3.616389 6.854079 0.166667
218 48.706947 62.511646 0.000000 2.896391 1.268987 2.020770 3.515182 6.558046 0.200000
219 48.872910 62.567688 0.000000 3.149559 1.292242 2.086318 3.676580 6.936550 0.333333
220 48.721058 62.763409 0.000000 3.195013 1.328756 2.212249 4.043581 7.958663 0.166667
221 48.970146 62.689117 0.000000 3.564032 1.325847 2.203392 4.023820 7.920070 0.200000
223 48.848763 62.585567 0.000000 3.623911 1.303436 2.124865 3.786481 7.233034 0.250000
224 48.862885 62.664703 0.000000 3.419581 1.286602 2.081467 3.689933 7.035628 0.250000
225 48.973511 62.670177 0.000000 3.546248 1.347286 2.282678 4.271407 8.654477 0.200000
226 48.911823 62.397499 0.000000 3.302675 1.324780 2.190272 3.957422 7.656551 0.200000
227 48.785168 62.752197 0.000000 3.510830 1.312274 2.172086 3.972965 7.888653 0.200000
228 48.850075 62.604195 0.000000 4.003725 1.329368 2.204621 4.006548 7.826976 0.250000
229 49.008945 62.690166 0.000000 3.744999 1.338886 2.254123 4.184044 8.394822 0.200000
230 48.980503 62.711872 0.000000 3.762803 1.372989 2.359917 4.475980 9.177826 0.200000
231 48.884258 62.801205 0.000000 3.851714 1.348715 2.289381 4.298441 8.753009 0.200000
232 48.892525 62.626751 0.000000 4.443368 1.331250 2.219040 4.066453 8.033850 0.250000
234 48.831078 62.663769 0.000000 4.288199 1.345768 2.264195 4.194318 8.390153 0.166667
235 48.944794 62.731155 0.000000 4.349789 1.349423 2.283221 4.254305 8.556260 0.200000
236 48.914642 62.654037 0.000000 3.701420 1.313119 2.163687 3.913906 7.622421 0.200000
237 48.836201 62.656765 0.000000 4.222931 1.338036 2.237608 4.108491 8.118688 0.200000
238 48.925724 62.824493 0.000000 3.833856 1.359638 2.336427 4.453929 9.224939 0.200000
239 48.957191 62.684563 0.000000 4.238158 1.368559 2.355223 4.489634 9.284613 0.200000
240 49.105846 62.740925 0.000000 4.180579 1.391776 2.415641 4.620516 9.541334 0.166667
241 48.902317 62.715889 0.000000 3.714247 1.309433 2.155717 3.908337 7.657743 0.166667
242 48.826656 62.550018 0.000000 4.171129 1.320391 2.197819 4.039709 8.050995 0.166667
243 48.958305 62.808338 0.000000 4.135331 1.380547 2.384670 4.544168 9.353989 0.166667
244 48.754318 62.606724 0.000000 3.804604 1.350441 2.265749 4.158659 8.181958 0.250000
245 49.066372 62.781979 0.000000 3.557473 1.352009 2.279337 4.207884 8.331776 0.200000
246 49.045616 62.702065 0.000000 3.908004 1.366100 2.339045 4.423476 9.059623 0.200000
247 49.294891 62.759342 0.000000 3.960219 1.340987 2.239007 4.096731 8.055904 0.200000
248 49.138504 62.531189 0.000000 4.086128 1.329615 2.200118 3.976011 7.691227 0.166667
249 48.999157 62.684872 0.000000 3.354634 1.369668 2.364847 4.529803 9.429054 0.200000
250 49.000851 62.665493 0.000000 3.791244 1.392133 2.420087 4.640162 9.606959 0.166667
251 49.390789 62.629162 0.000000 3.421970 1.418259 2.488439 4.789302 9.892056 0.200000
252 49.196209 62.646305 0.000000 3.282828 1.392277 2.411371 4.589478 9.397692 0.166667
253 49.273651 62.473507 0.000000 3.617195 1.348060 2.265266 4.172263 8.253487 0.166667
254 49.353477 62.543633 0.000000 3.639652 1.381339 2.371434 4.470657 9.061537 0.166667
255 49.431236 62.614769 0.000000 3.466201 1.332059 2.220702 4.059039 7.971487 0.200000
256 49.471992 62.559258 0.000000 4.074039 1.336237 2.227252 4.069605 7.988739 0.142857
258 49.484837 62.510471 0.000000 2.589863 1.476959 2.719896 5.544390 12.200808 0.142869
259 49.601578 62.525013 0.000000 2.612279 1.384406 2.406216 4.631427 9.662222 0.233217
260 49.846813 62.726055 0.000000 2.397433 1.460029 2.640707 5.261168 11.278795 0.379441
261 49.650013 62.657349 0.000000 2.619683 1.434085 2.562830 5.057036 10.773232 0.166668
262 49.734322 62.663860 0.000000 2.058780 1.390999 2.431908 4.715323 9.913280 0.397937
263 49.514416 62.516777 0.000000 1.565719 1.369928 2.362105 4.513898 9.371289 0.145134
264 49.777309 62.761002 0.000000 1.726336 1.432912 2.574342 5.134025 11.094111 0.166667
265 49.916740 62.590767 0.000000 1.994744 1.425303 2.539326 5.001074 10.636570 0.200000
266 49.801064 62.680641 0.000000 2.235172 1.529304 2.899714 6.054989 13.571858 0.200000
268 50.401836 62.622307 0.000000 2.013275 1.447639 2.644665 5.363207 11.762321 0.200000
269 50.521664 62.307373 0.000000 1.411443 1.374764 2.432805 4.830739 10.506443 0.202476
270 50.405693 62.549404 0.000000 1.747970 1.470438 2.709957 5.540195 12.246045 0.166667
271 50.675694 62.965893 0.000000 1.637355 1.434885 2.601385 5.237072 11.411744 0.166667
273 50.342735 61.582909 0.000000 1.428121 1.595363 3.172603 7.012265 16.738806 0.200000
274 50.051682 61.684242 0.000000 0.841525 1.525509 2.971084 6.457969 15.176338 0.200000
276 50.085491 61.087833 0.000000 0.690025 1.486439 2.803515 5.912134 13.590587 0.252630
