%% Trajectory 142
%% frame x (pixel)     y (pixel)    z (pixel)      m0         m1           m2           m3           m4           s 
123 51.267372 75.488594 0.000000 1.659370 1.491883 2.735081 5.504981 11.891979 0.149401
125 52.346386 75.455673 0.000000 1.204919 1.615038 3.127387 6.669248 15.302351 0.092377
127 51.554451 75.546005 0.000000 1.305420 1.228916 2.022305 3.848711 8.329235 0.083333
129 50.815598 76.074028 0.000000 1.151839 1.311243 2.230348 4.271692 9.029294 0.132582
131 51.177013 75.948097 0.000000 1.452312 1.376180 2.460409 4.975563 11.102557 0.100199
133 51.206081 76.384781 0.000000 1.443201 1.419556 2.523126 4.959311 10.553532 0.136654
135 50.990459 76.599464 0.000000 2.110350 1.306522 2.177629 4.023736 8.090080 0.083333
136 51.159363 75.992279 0.000000 2.000302 1.371952 2.372561 4.552992 9.502443 0.125049
138 51.585480 76.361458 0.000000 2.078387 1.274228 2.084153 3.800413 7.604784 0.100000
139 51.469250 76.315399 0.000000 2.667287 1.331615 2.218778 4.058594 7.992082 0.125000
140 51.281712 76.397263 0.000000 2.267225 1.317609 2.186377 3.998557 7.911756 0.126719
141 51.661777 76.678970 0.000000 2.303841 1.283429 2.084863 3.737474 7.272811 0.166667
142 51.463661 77.168648 0.000000 2.262802 1.334758 2.223209 4.072037 8.041615 0.071429
144 50.960804 76.546104 0.000000 1.842066 1.292039 2.116616 3.836797 7.566466 0.090909
146 51.273106 76.613350 0.000000 2.146757 1.158884 1.727339 2.833277 5.068707 0.100000
147 51.122162 76.331306 0.000000 2.752281 1.245651 1.973376 3.465476 6.654897 0.076923
149 51.337471 76.719696 0.000000 3.084383 1.234084 1.922623 3.279567 6.025066 0.100000
150 51.518608 76.699928 0.000000 2.592361 1.340595 2.284735 4.350957 9.081690 0.111111
151 51.456287 76.696053 0.000000 3.406030 1.246646 1.981895 3.489438 6.704641 0.100000
152 51.559074 76.545692 0.000000 3.308365 1.209654 1.854883 3.110230 5.618431 0.100000
153 51.512241 76.637115 0.000000 3.147661 1.238865 1.940964 3.354963 6.314424 0.100000
154 51.535072 76.751427 0.000000 3.326104 1.230603 1.909023 3.253601 6.005459 0.090909
155 51.553371 76.607399 0.000000 3.615052 1.313121 2.179864 4.018808 8.090598 0.090909
156 51.525848 76.509781 0.000000 3.389807 1.265749 2.029542 3.588125 6.878545 0.111111
157 51.641598 76.842033 0.000000 3.668960 1.276564 2.051858 3.615859 6.862373 0.100000
158 51.515076 76.707130 0.000000 4.193319 1.205767 1.843654 3.086245 5.574877 0.083333
159 51.476269 76.396942 0.000000 3.903862 1.240098 1.937396 3.310126 6.082469 0.125000
160 51.532536 76.636124 0.000000 4.738566 1.320084 2.180190 3.954406 7.732008 0.111111
161 51.381214 76.777451 0.000000 4.790682 1.266616 2.023763 3.560443 6.787591 0.111111
163 51.591812 76.855255 0.000000 5.443867 1.304293 2.141731 3.881970 7.631746 0.111111
164 51.644394 76.575394 0.000000 5.758456 1.273878 2.037272 3.558083 6.659739 0.111111
165 51.642014 76.761414 0.000000 4.854239 1.303066 2.139221 3.877095 7.623322 0.090909
166 51.657593 76.708672 0.000000 5.799528 1.268071 2.020278 3.517092 6.568371 0.100000
167 51.572182 76.596497 0.000000 5.923804 1.312592 2.151969 3.860746 7.432189 0.111111
168 51.619930 76.643074 0.000000 5.669930 1.304233 2.135448 3.831955 7.395916 0.090909
170 51.634029 76.262115 0.000000 5.305559 1.298022 2.101868 3.714048 7.022956 0.125000
171 51.567402 76.160034 0.000000 5.149546 1.341068 2.261053 4.207445 8.479081 0.090909
173 51.772251 76.052185 0.000000 5.581254 1.352461 2.301459 4.329807 8.831995 0.111111
174 51.955494 76.156761 0.000000 4.723762 1.370545 2.347090 4.419045 8.953696 0.125000
176 52.040718 75.948242 0.000000 5.564616 1.374322 2.381534 4.576448 9.546837 0.125000
177 52.198650 75.886765 0.000000 5.470235 1.340888 2.265994 4.239117 8.611415 0.100000
178 52.312244 75.930260 0.000000 6.373068 1.373668 2.365253 4.504078 9.296507 0.125000
179 52.338112 75.786430 0.000000 6.419481 1.324445 2.193013 3.980584 7.770899 0.166667
180 52.184605 75.958435 0.000000 6.151539 1.351332 2.299542 4.329301 8.840898 0.100000
181 52.333870 75.905418 0.000000 5.621161 1.351815 2.295471 4.308261 8.763672 0.111111
182 52.457741 75.908012 0.000000 6.243028 1.318456 2.176063 3.940350 7.681032 0.125000
183 52.491840 75.852325 0.000000 5.265456 1.357284 2.305231 4.322607 8.779128 0.100000
184 52.661095 75.598427 0.000000 5.519353 1.320311 2.175007 3.920389 7.584136 0.111111
185 53.076324 75.658043 0.000000 5.266234 1.383940 2.413614 4.694076 9.973480 0.100000
186 52.911064 75.407379 0.000000 4.862761 1.396518 2.442805 4.719640 9.860217 0.100000
187 52.874187 75.486084 0.000000 5.458600 1.383162 2.378578 4.499161 9.172389 0.125000
188 53.195686 75.357697 0.000000 5.078968 1.369608 2.326833 4.326055 8.619328 0.142857
190 53.042866 75.217758 0.000000 5.301605 1.401082 2.458694 4.766265 9.985701 0.100000
192 52.675022 75.060165 0.000000 4.196762 1.433357 2.576327 5.139745 11.120998 0.100000
194 52.458141 74.736885 0.000000 4.537964 1.378252 2.396163 4.634393 9.774114 0.111111
195 52.147518 74.494041 0.000000 3.921619 1.405322 2.455071 4.718665 9.774757 0.142857
197 52.390461 74.340759 0.000000 2.762620 1.337000 2.267255 4.277458 8.812309 0.090909
198 52.587391 74.348236 0.000000 3.065058 1.428062 2.553214 5.034458 10.703545 0.111111
200 52.507690 74.627792 0.000000 2.882640 1.488225 2.774242 5.728740 12.784101 0.125002
202 51.676373 74.132507 0.000000 1.848362 1.415718 2.540520 5.114943 11.280519 0.142861
204 51.573357 75.114769 0.000000 1.511728 1.748696 3.695343 8.522108 20.893673 0.100000
206 52.761768 74.687332 0.000000 1.975361 1.550027 2.975962 6.318019 14.448225 0.125002
208 54.357861 73.780609 0.000000 2.055199 1.416086 2.495074 4.856020 10.208759 0.100000
