%% Trajectory 20
%% frame x (pixel)     y (pixel)    z (pixel)      m0         m1           m2           m3           m4           s 
19 37.808689 31.982992 0.000000 0.473006 1.461956 2.690779 5.497432 12.146442 0.215223
20 38.337875 31.690598 0.000000 0.464119 1.360598 2.340580 4.445062 9.132888 0.328229
21 38.411907 32.041668 0.000000 0.517210 1.458362 2.684707 5.496293 12.213546 0.286993
22 38.772961 32.002251 0.000000 0.705914 1.456839 2.661888 5.393988 11.836467 0.277698
23 38.371899 31.786064 0.000000 0.588235 1.315216 2.193011 4.045393 8.101152 0.142996
24 38.351475 32.213959 0.000000 0.829979 1.345997 2.281860 4.284719 8.746748 0.143478
25 38.109108 31.797075 0.000000 0.429638 1.326764 2.260069 4.293587 8.912082 0.169421
27 38.520752 32.297356 0.000000 0.727640 1.410430 2.501832 4.921783 10.501514 0.284464
29 39.235485 32.047501 0.000000 0.712819 1.530989 2.958845 6.373873 14.872075 0.200005
31 38.424847 32.154007 0.000000 0.812849 1.468187 2.695482 5.480338 12.053161 0.204073
33 38.305824 31.801226 0.000000 0.727519 1.283154 2.090652 3.750622 7.274477 0.166693
35 38.499100 31.527945 0.000000 0.832259 1.400247 2.452957 4.755659 9.989610 0.341811
36 38.583584 31.962959 0.000000 0.653787 1.323906 2.215276 4.105871 8.268361 0.173979
37 38.255589 31.868664 0.000000 0.811811 1.376741 2.381902 4.563662 9.486530 0.263026
38 38.648327 32.163860 0.000000 0.712049 1.395396 2.426037 4.688949 9.880113 0.185577
39 39.225086 32.241314 0.000000 1.005936 1.452632 2.637531 5.298665 11.520052 0.228934
40 39.407627 32.198280 0.000000 0.825196 1.412334 2.495947 4.881122 10.341676 0.167602
42 39.016129 31.847387 0.000000 0.842493 1.412388 2.509050 4.950081 10.617536 0.166797
43 39.254585 31.802773 0.000000 0.866080 1.357792 2.314471 4.357011 8.884895 0.142861
44 39.516068 31.735512 0.000000 1.118217 1.392545 2.449611 4.784574 10.161700 0.166670
45 39.332886 32.093502 0.000000 1.352950 1.358448 2.329703 4.435756 9.197705 0.265396
46 39.577953 32.346352 0.000000 1.042688 1.465533 2.659743 5.340600 11.609500 0.216404
47 39.745277 32.222980 0.000000 0.841553 1.303721 2.138254 3.865870 7.572449 0.200315
48 39.611572 31.576860 0.000000 0.982587 1.416474 2.484715 4.772305 9.826334 0.257377
49 39.906818 31.363110 0.000000 0.783505 1.499815 2.830336 5.929275 13.434182 0.182948
50 40.021732 31.357630 0.000000 0.945382 1.380163 2.390044 4.563432 9.399186 0.250000
51 39.764961 31.556768 0.000000 0.905944 1.289872 2.094529 3.737653 7.203274 0.250000
52 40.264668 31.512369 0.000000 0.753186 1.374114 2.356848 4.438186 8.985162 0.250000
53 40.059525 31.652004 0.000000 0.585726 1.298746 2.176316 4.084277 8.431490 0.250000
54 39.746552 31.614788 0.000000 0.665429 1.299829 2.186059 4.134643 8.639254 0.250000
