%% Trajectory 51
%% frame x (pixel)     y (pixel)    z (pixel)      m0         m1           m2           m3           m4           s 
155 46.703209 33.844925 0.000000 1.356982 1.417836 2.560457 5.178368 11.459725 0.200002
156 46.796402 33.192051 0.000000 1.434024 1.338129 2.239937 4.120129 8.164751 0.250000
157 46.680084 33.717205 0.000000 1.324212 1.251071 1.976944 3.417635 6.347715 0.200000
158 46.653618 33.477291 0.000000 1.164072 1.349752 2.354744 4.631868 10.045846 0.206378
160 46.419384 33.291977 0.000000 1.237793 1.268996 2.026959 3.563257 6.780884 0.200005
161 46.351742 33.459274 0.000000 1.131996 1.302168 2.158528 3.963838 7.914992 0.173863
162 46.421318 33.415878 0.000000 1.218869 1.365142 2.344243 4.463199 9.235721 0.166670
163 46.450207 33.237499 0.000000 1.511160 1.266767 2.057891 3.734164 7.458873 0.200000
164 46.508579 33.188690 0.000000 1.487933 1.289814 2.082841 3.673739 6.941381 0.229517
165 46.455738 33.038223 0.000000 1.701468 1.391576 2.438960 4.737878 9.978118 0.166759
166 46.870060 33.327385 0.000000 1.301429 1.396292 2.422360 4.628378 9.533489 0.167184
167 46.682926 33.397442 0.000000 1.883559 1.265540 2.006043 3.476229 6.468752 0.166667
168 46.728283 33.387539 0.000000 2.443667 1.287188 2.079695 3.694201 7.092683 0.125000
169 46.716419 33.293522 0.000000 2.698329 1.272926 2.037129 3.562015 6.677364 0.166667
170 46.792259 33.355728 0.000000 2.448546 1.255581 1.990575 3.466210 6.521937 0.166667
171 46.516582 33.317165 0.000000 1.996820 1.309803 2.157403 3.901681 7.598952 0.142867
172 46.441498 33.240955 0.000000 2.451574 1.314492 2.155955 3.869524 7.455385 0.125000
173 46.670113 33.448700 0.000000 2.412487 1.336452 2.241927 4.151726 8.332495 0.200000
174 46.520451 33.537861 0.000000 2.406594 1.280970 2.055228 3.618891 6.874481 0.125000
175 46.757141 33.349873 0.000000 2.250767 1.275681 2.060618 3.669307 7.082456 0.166955
176 46.818195 33.306286 0.000000 2.090312 1.320868 2.203360 4.078819 8.231602 0.153100
177 46.758186 33.334961 0.000000 2.763560 1.324738 2.180797 3.917179 7.522327 0.149047
178 46.694347 33.235058 0.000000 3.062384 1.288901 2.096949 3.763652 7.327323 0.142857
179 46.498394 33.143764 0.000000 2.737137 1.319560 2.190760 4.011991 7.957122 0.169156
180 46.457226 33.337997 0.000000 2.433264 1.299808 2.135638 3.880486 7.663537 0.200000
181 46.685715 33.304848 0.000000 2.933668 1.311293 2.153337 3.880201 7.531757 0.166851
182 46.354019 33.418652 0.000000 3.278655 1.311135 2.159802 3.916186 7.675884 0.200000
183 46.657681 33.508865 0.000000 3.091240 1.292580 2.097875 3.738134 7.180507 0.166681
184 46.469032 33.293320 0.000000 3.374546 1.302382 2.126645 3.815323 7.385579 0.200000
185 46.656319 33.439159 0.000000 2.922787 1.278165 2.045916 3.578048 6.710244 0.166668
186 46.685406 33.279610 0.000000 3.515181 1.280168 2.051918 3.597492 6.774508 0.200000
187 46.676796 33.202293 0.000000 3.464676 1.300926 2.137160 3.873156 7.608343 0.166667
188 46.543819 33.389053 0.000000 3.312469 1.274465 2.040687 3.583625 6.782925 0.142857
189 46.604111 33.365501 0.000000 3.684630 1.275079 2.034084 3.547371 6.641423 0.200000
190 46.617729 33.206123 0.000000 2.995128 1.301851 2.125909 3.803604 7.316512 0.184701
191 46.599598 33.278431 0.000000 3.746080 1.309304 2.149630 3.878448 7.550635 0.166667
192 46.579834 33.343746 0.000000 3.951625 1.316803 2.171371 3.930729 7.667355 0.248653
193 46.685432 33.290730 0.000000 3.454381 1.361480 2.330587 4.414882 9.075429 0.200001
194 46.581196 33.436813 0.000000 3.843879 1.290143 2.081311 3.670735 6.946344 0.200000
195 46.592552 33.386295 0.000000 3.619104 1.313703 2.154076 3.869480 7.471084 0.166667
197 46.609623 33.232964 0.000000 3.999085 1.320120 2.183194 3.973107 7.813112 0.206417
198 46.575607 33.433163 0.000000 4.736592 1.323714 2.189433 3.970090 7.743332 0.330255
199 46.594383 33.359680 0.000000 4.634048 1.311235 2.150412 3.863980 7.465806 0.287723
200 46.470036 33.296833 0.000000 4.656977 1.300997 2.123345 3.803115 7.339476 0.200000
201 46.374645 33.221115 0.000000 4.799542 1.306322 2.166358 3.993695 8.046070 0.166757
202 46.612843 33.419640 0.000000 5.208067 1.309092 2.133626 3.791347 7.199697 0.166683
203 46.616238 33.427349 0.000000 4.731259 1.262860 2.004929 3.479080 6.479619 0.200000
204 46.536354 33.435062 0.000000 5.344982 1.327154 2.204738 4.033010 7.976303 0.200000
205 46.501606 33.399380 0.000000 4.375155 1.338950 2.222934 4.026608 7.797092 0.200000
206 46.619591 33.388611 0.000000 4.926425 1.330706 2.214610 4.044238 7.948383 0.217689
207 46.438751 33.510994 0.000000 5.090165 1.305651 2.126194 3.778818 7.186522 0.200000
208 46.427341 33.429775 0.000000 4.750985 1.317940 2.174436 3.941019 7.703034 0.166667
209 46.443367 33.472164 0.000000 5.357234 1.268546 2.024495 3.546473 6.705769 0.166667
210 46.606548 33.402905 0.000000 5.549706 1.303416 2.132818 3.835647 7.446290 0.200000
211 46.389252 33.374035 0.000000 5.484421 1.288489 2.086033 3.710129 7.123272 0.200000
212 46.472893 33.435307 0.000000 5.159167 1.285424 2.074916 3.679233 7.043980 0.200000
213 46.607647 33.432232 0.000000 4.919642 1.309630 2.148303 3.869110 7.511595 0.166667
214 46.662544 33.449306 0.000000 5.581339 1.289945 2.081646 3.674855 6.967537 0.166667
215 46.672104 33.509407 0.000000 5.499171 1.312914 2.146046 3.830475 7.320921 0.166667
216 46.626289 33.437305 0.000000 5.281001 1.305249 2.123028 3.766475 7.144854 0.166667
217 46.374683 33.497070 0.000000 5.584417 1.309344 2.135431 3.796827 7.213684 0.166667
218 46.397491 33.625530 0.000000 6.086009 1.355615 2.296865 4.285067 8.633702 0.166667
220 46.226791 33.595562 0.000000 5.308721 1.344713 2.264716 4.199965 8.413604 0.200000
221 46.098396 33.666237 0.000000 5.566243 1.328124 2.206529 4.022458 7.892410 0.200000
222 46.109188 33.668316 0.000000 5.597714 1.351182 2.286198 4.259208 8.565876 0.200000
223 46.121307 33.734295 0.000000 5.129865 1.376874 2.378535 4.546968 9.427910 0.200000
224 46.181187 33.827320 0.000000 6.011289 1.351594 2.274413 4.198136 8.331268 0.200000
225 46.212452 33.885925 0.000000 5.603682 1.369324 2.349936 4.440003 9.047528 0.166667
226 46.473236 34.210957 0.000000 6.086949 1.308885 2.143975 3.850550 7.442476 0.166667
227 46.511124 34.252552 0.000000 5.925351 1.313590 2.166427 3.937266 7.745852 0.166667
228 46.617043 34.497738 0.000000 5.515675 1.372973 2.348990 4.415238 8.933788 0.166667
229 46.537830 34.460369 0.000000 5.554111 1.305430 2.125026 3.771772 7.154998 0.166667
230 46.611015 34.624016 0.000000 5.489969 1.291693 2.086884 3.683995 6.970669 0.166667
231 46.691360 34.743980 0.000000 6.244613 1.378675 2.359089 4.422491 8.896813 0.166667
232 46.528366 34.617779 0.000000 5.325409 1.345183 2.248887 4.111272 8.053342 0.142857
234 46.599609 34.890968 0.000000 4.068596 1.317817 2.176876 3.953267 7.745500 0.166667
236 46.702091 34.835243 0.000000 4.245022 1.376358 2.358082 4.447793 9.050067 0.166667
237 46.721249 35.365784 0.000000 3.655491 1.329239 2.212857 4.052015 8.010695 0.142866
238 46.668797 35.238861 0.000000 3.556195 1.339521 2.241644 4.133618 8.246156 0.150259
239 46.901363 35.330315 0.000000 4.132114 1.415942 2.501392 4.890970 10.364724 0.166667
240 47.339428 35.265686 0.000000 4.275333 1.393024 2.424946 4.659209 9.678337 0.142857
241 47.566021 35.321896 0.000000 3.816293 1.326870 2.209262 4.048770 8.016959 0.170193
242 47.240627 35.392235 0.000000 3.214414 1.382696 2.397988 4.592581 9.508142 0.143628
243 47.097008 35.978397 0.000000 2.756698 1.373504 2.394413 4.629838 9.701513 0.166667
244 47.309532 36.214142 0.000000 2.876555 1.329330 2.219472 4.081195 8.108298 0.147990
245 46.744682 36.107777 0.000000 2.473338 1.394880 2.444792 4.757392 10.069802 0.281693
246 46.821728 36.210899 0.000000 2.278692 1.378071 2.384398 4.544077 9.343287 0.178050
247 46.749310 36.451008 0.000000 1.660239 1.331733 2.215974 4.053220 7.993615 0.139212
248 47.045872 36.347332 0.000000 1.777347 1.482129 2.725375 5.537951 12.133090 0.160936
250 47.582497 36.725086 0.000000 1.360966 1.248382 1.978422 3.454070 6.538001 0.163659
252 48.332527 36.234333 0.000000 1.397741 1.447343 2.637443 5.353528 11.822920 0.142885
254 48.881081 36.592464 0.000000 1.906352 1.462306 2.640231 5.254080 11.267259 0.125911
