%% Trajectory 47
%% frame x (pixel)     y (pixel)    z (pixel)      m0         m1           m2           m3           m4           s 
156 31.675947 38.206177 0.000000 1.274252 1.250499 1.977378 3.446005 6.516125 0.166669
157 31.884260 38.110435 0.000000 1.722532 1.354375 2.353992 4.599206 9.887755 0.250000
158 31.595514 38.649727 0.000000 1.350016 1.291471 2.124251 3.871816 7.675323 0.250005
159 31.264225 38.126877 0.000000 1.078719 1.263416 2.037952 3.626144 6.986402 0.250000
160 31.628712 38.045269 0.000000 1.700633 1.341053 2.263291 4.216133 8.500295 0.250000
161 31.985832 38.330162 0.000000 1.186108 1.356722 2.355310 4.558842 9.639103 0.166695
162 31.555344 38.098392 0.000000 1.834445 1.366587 2.342259 4.431137 9.069337 0.275079
164 31.797026 37.906033 0.000000 1.784398 1.353243 2.305966 4.321313 8.717911 0.233093
165 31.749115 38.078640 0.000000 2.082137 1.288520 2.089750 3.714397 7.097328 0.317711
166 31.704994 38.187080 0.000000 1.899774 1.361229 2.336319 4.433898 9.120813 0.352309
167 31.553631 38.025356 0.000000 2.354342 1.294356 2.106658 3.751148 7.166697 0.333411
168 32.105637 38.023483 0.000000 1.865282 1.330275 2.244776 4.215927 8.639996 0.242567
169 32.248924 37.999428 0.000000 2.245034 1.337163 2.251676 4.186900 8.426335 0.414470
170 32.298622 37.955883 0.000000 2.111851 1.371974 2.386106 4.613389 9.708960 0.250000
171 32.121437 37.809383 0.000000 1.792587 1.369999 2.354996 4.454792 9.077604 0.333333
172 31.858585 37.819118 0.000000 1.961109 1.342587 2.277948 4.269859 8.661881 0.200181
173 32.393547 37.600872 0.000000 2.401978 1.319835 2.173577 3.921883 7.607550 0.334613
174 32.315945 38.210403 0.000000 2.533235 1.392637 2.419873 4.641858 9.631281 0.648210
176 32.613911 38.244053 0.000000 1.996466 1.273956 2.089376 3.855499 7.887008 0.367637
177 32.795628 38.132584 0.000000 1.775400 1.458100 2.665511 5.400187 11.832586 0.203731
178 32.838570 38.321831 0.000000 2.195340 1.358222 2.299499 4.276306 8.564116 0.217774
179 32.789120 38.265251 0.000000 2.214606 1.452603 2.623071 5.229073 11.255474 0.422512
180 32.803802 38.275806 0.000000 1.763785 1.417805 2.511534 4.919423 10.425660 0.288916
181 33.203762 38.331203 0.000000 2.432266 1.398962 2.435575 4.680962 9.736450 0.334565
183 33.327625 38.496304 0.000000 1.774696 1.403620 2.462707 4.778983 10.051935 0.201238
184 33.243595 38.240192 0.000000 2.016032 1.611108 3.184454 6.937946 16.232052 0.250000
186 33.640686 37.374664 0.000000 2.454052 1.509232 2.838546 5.930551 13.429525 0.250000
187 33.766342 37.508781 0.000000 2.425627 1.621315 3.186284 6.865086 15.832193 0.200000
188 33.623177 37.610657 0.000000 2.794695 1.556455 2.978649 6.282597 14.256469 0.333333
190 34.133316 36.197430 0.000000 1.875524 1.432574 2.595712 5.233420 11.466179 0.250000
191 34.147545 36.581909 0.000000 2.106061 1.408325 2.501132 4.951032 10.681838 0.166667
192 33.622288 36.671520 0.000000 2.526766 1.453516 2.636425 5.297330 11.534050 0.166667
193 33.761204 36.570251 0.000000 2.250846 1.453123 2.625501 5.231243 11.249516 0.200000
194 33.618870 36.613068 0.000000 2.465178 1.428217 2.549871 5.038544 10.778080 0.250005
195 33.403183 36.752216 0.000000 2.938702 1.379102 2.361441 4.441551 8.989959 0.200000
196 33.699612 36.503353 0.000000 2.583010 1.398418 2.405395 4.517710 9.073474 0.447849
197 33.475441 36.532063 0.000000 2.649634 1.438529 2.573110 5.094077 10.930112 0.200038
198 34.004253 36.426414 0.000000 2.305986 1.438108 2.592546 5.196993 11.325620 0.250000
199 33.708672 36.172798 0.000000 2.340660 1.410151 2.459602 4.696237 9.607374 0.333334
200 33.850895 35.867374 0.000000 2.007824 1.442873 2.590967 5.144403 11.045848 0.200000
201 34.157471 36.399048 0.000000 2.253553 1.451889 2.633331 5.282728 11.458858 0.250000
203 33.531200 35.927792 0.000000 2.121635 1.495240 2.767976 5.667758 12.537351 0.142857
204 33.766998 36.119637 0.000000 2.062289 1.341455 2.285938 4.328976 8.939240 0.281374
205 33.690296 36.494698 0.000000 2.250806 1.418113 2.525085 4.991011 10.712039 0.250000
207 33.831150 36.101425 0.000000 2.333369 1.378082 2.392048 4.592901 9.553632 0.250000
208 34.230156 36.132256 0.000000 2.781560 1.453410 2.634266 5.295880 11.549652 0.250000
210 33.653255 36.321255 0.000000 1.575606 1.466776 2.676351 5.391631 11.719724 0.250002
211 33.825146 36.763443 0.000000 2.157780 1.522175 2.845438 5.846095 12.899910 0.333333
212 33.874966 36.278976 0.000000 2.053027 1.368010 2.337045 4.402598 8.965025 0.250000
213 33.562378 36.102108 0.000000 1.658655 1.387477 2.444880 4.790550 10.212823 0.260394
215 34.527683 36.977589 0.000000 1.949332 1.416087 2.527696 5.008142 10.768089 0.333333
216 34.311161 36.613091 0.000000 1.722095 1.443632 2.598589 5.172457 11.136315 0.250011
217 34.495228 36.606159 0.000000 2.223599 1.332551 2.217703 4.055222 7.995456 0.250000
218 34.246906 36.597961 0.000000 1.912820 1.456680 2.614351 5.155365 10.938547 0.250041
219 34.676662 37.099720 0.000000 1.825889 1.367534 2.358304 4.509195 9.363794 0.250000
220 35.103561 36.861717 0.000000 2.226074 1.406292 2.500212 4.943948 10.633695 0.333333
222 35.066738 36.704529 0.000000 1.681374 1.403331 2.480324 4.876778 10.437525 0.333476
223 34.797615 36.745071 0.000000 2.351087 1.412476 2.521821 5.014058 10.865073 0.250000
224 34.354332 37.040913 0.000000 1.849913 1.411425 2.517198 4.987546 10.729699 0.333334
225 34.874714 37.420776 0.000000 1.976399 1.484601 2.769755 5.775201 13.117584 0.333859
226 35.172836 37.174603 0.000000 1.933951 1.402069 2.480489 4.886297 10.496523 0.333333
227 35.299129 37.390602 0.000000 1.823640 1.377372 2.404506 4.683977 9.970797 0.333333
228 35.462376 37.685890 0.000000 2.023824 1.315960 2.149666 3.835312 7.331112 0.333333
230 34.853489 37.785732 0.000000 2.027115 1.408509 2.504668 4.973949 10.782422 0.333356
231 34.771137 37.334084 0.000000 1.963078 1.512294 2.888326 6.161139 14.283557 0.389867
232 34.613377 37.607895 0.000000 2.521151 1.349781 2.273257 4.209165 8.407458 0.333333
234 34.439285 37.337334 0.000000 1.229403 1.291370 2.127346 3.904721 7.860871 0.250177
235 34.194305 37.635662 0.000000 1.273774 1.388277 2.386375 4.516697 9.227044 0.250002
