%% Trajectory 8
%% frame x (pixel)     y (pixel)    z (pixel)      m0         m1           m2           m3           m4           s 
5 44.526802 65.448051 0.000000 0.760566 1.480273 2.772497 5.803819 13.228866 0.241997
7 45.175053 65.672897 0.000000 0.662378 1.470975 2.663798 5.306158 11.362289 0.173885
9 44.820236 64.292267 0.000000 1.284080 1.462376 2.646686 5.275613 11.320728 0.166667
11 44.916496 65.276855 0.000000 1.583907 1.400224 2.475479 4.878957 10.489684 0.166739
12 45.306602 64.867355 0.000000 1.310410 1.297989 2.143804 3.938236 7.912789 0.166669
14 45.450031 65.279922 0.000000 1.394111 1.570511 2.992134 6.256534 14.031299 0.250001
16 45.766674 65.418526 0.000000 1.262372 1.426252 2.548321 5.044880 10.827740 0.166667
18 45.220287 65.213860 0.000000 1.870056 1.480590 2.730171 5.579802 12.349909 0.200000
19 45.158020 64.668251 0.000000 1.747293 1.447235 2.593209 5.134582 10.994063 0.166667
20 44.922523 65.231163 0.000000 1.691120 1.393062 2.455643 4.820054 10.304570 0.250000
21 44.614765 65.256607 0.000000 1.967669 1.427621 2.546751 5.043217 10.853330 0.250000
22 44.883839 65.356705 0.000000 2.393594 1.362158 2.317607 4.339431 8.765047 0.200000
23 44.996494 65.566162 0.000000 2.094162 1.387132 2.417795 4.668070 9.779442 0.200000
24 45.089336 65.063698 0.000000 1.673432 1.408632 2.529237 5.068126 11.063945 0.166668
25 45.174576 65.288101 0.000000 2.102622 1.349380 2.256847 4.115717 8.013678 0.200000
26 44.982830 65.420441 0.000000 2.256298 1.386996 2.411198 4.621855 9.564078 0.200000
27 44.774124 65.291000 0.000000 2.594075 1.304644 2.139073 3.849668 7.463604 0.166667
28 45.200275 65.147781 0.000000 2.978943 1.349718 2.277236 4.225217 8.449342 0.250000
29 45.032429 65.517181 0.000000 2.540165 1.425489 2.528643 4.955693 10.504010 0.250000
30 44.929718 65.219223 0.000000 1.992175 1.404598 2.502545 4.978521 10.814378 0.250000
31 44.750893 65.135315 0.000000 2.025872 1.351363 2.297208 4.309723 8.743526 0.200000
32 44.858944 65.456383 0.000000 2.430983 1.391548 2.417794 4.640552 9.638093 0.250000
33 45.239090 65.266418 0.000000 2.074473 1.389865 2.405641 4.607946 9.579357 0.200000
34 45.033588 65.326790 0.000000 2.786685 1.372411 2.359970 4.472462 9.152892 0.166667
35 45.159546 65.294182 0.000000 2.701530 1.344516 2.272095 4.234981 8.539488 0.250000
36 44.472015 65.343887 0.000000 2.913194 1.384187 2.384711 4.520994 9.248087 0.250000
37 44.947678 65.418724 0.000000 2.582767 1.384639 2.418771 4.702544 9.968024 0.200000
38 44.891991 65.464317 0.000000 3.105635 1.378104 2.382755 4.569663 9.529363 0.250000
39 45.238171 65.495560 0.000000 2.753093 1.366496 2.324514 4.342534 8.736014 0.250000
40 44.628220 65.207802 0.000000 2.951760 1.384373 2.369596 4.439225 8.914344 0.200000
41 44.864143 65.372429 0.000000 2.932380 1.350252 2.292625 4.298343 8.729935 0.200000
42 44.865574 65.348373 0.000000 2.971847 1.361781 2.322019 4.365812 8.877845 0.166667
43 44.965378 65.363159 0.000000 3.158392 1.410184 2.480610 4.818245 10.114198 0.250000
44 44.951496 65.511551 0.000000 3.613546 1.359367 2.313421 4.338778 8.793596 0.200000
45 44.878647 65.451782 0.000000 3.699394 1.412234 2.510400 4.968752 10.715829 0.250000
46 44.696487 65.497437 0.000000 3.660363 1.339257 2.233446 4.075580 7.976465 0.250000
47 44.802414 65.394646 0.000000 3.647166 1.337422 2.233251 4.099952 8.121867 0.200000
48 44.936787 65.391930 0.000000 2.919176 1.309788 2.171692 3.982391 7.933195 0.166667
49 45.111904 65.396248 0.000000 3.460828 1.314414 2.182211 4.010442 8.016352 0.200000
50 45.223354 65.314735 0.000000 3.286962 1.329331 2.207633 4.011247 7.812667 0.250000
51 45.084438 65.517235 0.000000 2.724079 1.351309 2.280769 4.230667 8.460034 0.200000
52 44.983845 65.348183 0.000000 3.429188 1.377081 2.411074 4.719328 10.109254 0.200000
53 44.854893 65.514923 0.000000 3.622553 1.344259 2.275558 4.263595 8.678422 0.250000
54 44.934589 65.303360 0.000000 4.049308 1.370863 2.347685 4.425169 8.995896 0.250000
55 44.936325 65.224152 0.000000 3.941825 1.371445 2.369836 4.540827 9.451609 0.200000
56 45.030231 65.434250 0.000000 3.938676 1.341460 2.258081 4.190574 8.410104 0.250000
57 44.959145 65.458450 0.000000 3.519209 1.384728 2.404940 4.629607 9.682180 0.166667
58 45.162258 65.601624 0.000000 3.346851 1.345736 2.256167 4.150291 8.217237 0.166667
59 45.026882 65.695862 0.000000 3.928890 1.399009 2.456587 4.778857 10.080046 0.200000
60 45.388474 65.401237 0.000000 3.533556 1.289192 2.079995 3.667611 6.936810 0.166667
61 45.239487 65.403343 0.000000 3.975738 1.334629 2.228477 4.087595 8.080365 0.166667
62 45.269722 65.522064 0.000000 3.643289 1.308908 2.134300 3.801745 7.254473 0.200000
63 45.150101 65.409775 0.000000 3.209366 1.318673 2.164135 3.879467 7.447463 0.200000
64 45.057674 65.472969 0.000000 3.154652 1.378657 2.398096 4.617103 9.633940 0.166667
65 45.207233 65.507980 0.000000 3.853999 1.311784 2.148382 3.845789 7.379565 0.250000
66 45.386444 65.106407 0.000000 3.519394 1.375158 2.346726 4.390131 8.818931 0.256947
67 45.416744 65.047241 0.000000 2.626412 1.365785 2.322727 4.337654 8.719865 0.200000
68 45.492668 65.004021 0.000000 3.531819 1.366595 2.337515 4.412185 9.007381 0.200003
69 45.688042 65.068329 0.000000 3.436071 1.351665 2.279191 4.212032 8.355504 0.200000
70 45.806408 64.996048 0.000000 3.139169 1.384404 2.401420 4.599552 9.520820 0.200060
71 45.689316 64.768677 0.000000 3.727575 1.359072 2.307106 4.307964 8.675323 0.292802
73 46.037243 65.000099 0.000000 3.233842 1.411335 2.510696 4.962330 10.651000 0.252096
74 46.286087 64.790878 0.000000 2.820623 1.304245 2.148686 3.916020 7.756984 0.250000
75 46.182053 64.607483 0.000000 2.258480 1.289955 2.096509 3.758656 7.307029 0.250000
76 46.443577 64.628113 0.000000 2.322322 1.416868 2.497190 4.863882 10.250045 0.200000
78 46.421074 64.522980 0.000000 3.174605 1.337322 2.248800 4.184552 8.463014 0.200000
80 47.057266 65.348526 0.000000 2.523509 1.371868 2.365230 4.520408 9.388925 0.200106
81 47.338982 65.523102 0.000000 2.608752 1.393818 2.436960 4.723494 9.947598 0.335591
82 47.219917 65.688904 0.000000 2.518874 1.360604 2.352359 4.535624 9.555911 0.200000
83 47.102123 65.882256 0.000000 2.646685 1.401000 2.457767 4.761642 9.974111 0.200147
84 47.198521 65.977852 0.000000 1.914879 1.374848 2.369075 4.502950 9.248857 0.166671
85 47.404308 66.134750 0.000000 1.949336 1.408458 2.494560 4.918047 10.565442 0.166667
86 47.227135 65.557327 0.000000 1.795163 1.345688 2.287227 4.309296 8.828596 0.250000
87 47.623398 65.465515 0.000000 2.057875 1.391724 2.397379 4.526743 9.172974 0.200001
89 47.413471 65.939911 0.000000 1.565465 1.512425 2.851212 5.963162 13.492458 0.247495
