%% Trajectory 14
%% frame x (pixel)     y (pixel)    z (pixel)      m0         m1           m2           m3           m4           s 
34 46.517448 63.496174 0.000000 1.033557 1.290554 2.100829 3.775813 7.369593 0.143818
35 46.973129 63.688816 0.000000 1.186975 1.363362 2.347044 4.481336 9.296499 0.151383
36 46.799938 63.528053 0.000000 1.064965 1.290789 2.111517 3.824669 7.546706 0.146515
37 46.896645 63.992443 0.000000 1.040546 1.373518 2.392944 4.647623 9.856828 0.177178
38 46.569519 63.293789 0.000000 0.989898 1.423488 2.503186 4.843838 10.099435 0.157726
39 46.881561 63.559818 0.000000 1.010712 1.444744 2.657727 5.475017 12.316257 0.166886
40 46.723778 63.671711 0.000000 1.010677 1.400464 2.481462 4.914604 10.639737 0.143015
41 46.780136 63.330799 0.000000 1.103244 1.330459 2.250246 4.236416 8.715540 0.148984
42 46.557014 63.653831 0.000000 0.992682 1.222735 1.891092 3.202374 5.845175 0.166667
43 46.835281 63.446346 0.000000 1.032230 1.255278 1.998497 3.497229 6.615027 0.166891
44 46.715595 63.633427 0.000000 1.133561 1.227806 1.896545 3.206809 5.845960 0.142857
45 46.560478 63.435204 0.000000 1.281033 1.323161 2.181312 3.925974 7.562172 0.200430
46 46.609566 63.689461 0.000000 1.381223 1.252457 1.969980 3.387373 6.259314 0.217809
47 46.528435 63.379230 0.000000 1.104504 1.279747 2.068169 3.691369 7.159043 0.166671
48 46.717941 63.800423 0.000000 1.287809 1.253701 1.980639 3.422108 6.351305 0.143704
49 46.470936 63.545223 0.000000 1.523493 1.344732 2.253206 4.156954 8.290215 0.151302
50 46.604328 63.413612 0.000000 1.685635 1.301079 2.150929 3.968398 8.042961 0.176690
51 46.535431 63.444614 0.000000 1.824909 1.276694 2.044483 3.575675 6.701906 0.195157
52 46.619411 63.406494 0.000000 1.726118 1.289973 2.085846 3.698659 7.064529 0.167038
53 46.483730 63.736790 0.000000 1.541427 1.269751 2.021847 3.523817 6.604932 0.166667
54 46.638241 63.781597 0.000000 1.677723 1.343968 2.262310 4.190258 8.376586 0.147056
55 46.743443 63.451981 0.000000 1.784130 1.274448 2.033749 3.545261 6.627773 0.270799
56 46.653580 63.627190 0.000000 2.125649 1.279741 2.048466 3.580720 6.708797 0.219428
57 46.363197 63.711514 0.000000 1.524717 1.326715 2.207947 4.033674 7.928365 0.142979
58 46.728050 63.336033 0.000000 1.693278 1.453287 2.644248 5.341049 11.704900 0.125461
59 46.644539 63.512909 0.000000 1.919390 1.263316 2.006105 3.481403 6.483326 0.142909
60 46.769936 63.559200 0.000000 1.885815 1.323838 2.182971 3.941000 7.640936 0.204924
61 46.744804 63.563728 0.000000 1.996667 1.307709 2.130844 3.790683 7.219948 0.201318
62 46.522121 63.390446 0.000000 2.225485 1.302555 2.113173 3.738616 7.072770 0.200004
63 46.712509 63.520046 0.000000 2.108447 1.326254 2.208892 4.054941 8.056786 0.166667
64 46.539478 63.414303 0.000000 2.593286 1.334952 2.222358 4.050460 7.925585 0.166667
65 46.608807 63.440510 0.000000 2.459920 1.295169 2.091460 3.683863 6.941857 0.166689
66 46.758232 63.491272 0.000000 2.658290 1.289907 2.080735 3.662622 6.900092 0.197459
67 46.680893 63.414444 0.000000 2.542822 1.298904 2.122317 3.809691 7.379605 0.200091
68 46.537498 63.399384 0.000000 2.309732 1.338610 2.244517 4.141736 8.253499 0.168265
69 46.553040 63.546612 0.000000 3.123617 1.311740 2.141851 3.811636 7.245683 0.166832
70 46.429855 63.304710 0.000000 2.562567 1.334950 2.225458 4.068562 8.001838 0.168527
71 46.655460 63.536091 0.000000 2.942233 1.309839 2.142428 3.834476 7.368936 0.167749
72 46.472672 63.447567 0.000000 2.893677 1.315219 2.152068 3.836854 7.303766 0.273106
73 46.550655 63.366261 0.000000 2.734606 1.324203 2.181881 3.922274 7.539690 0.236977
74 46.672276 63.331478 0.000000 3.408859 1.300288 2.109126 3.730906 7.056881 0.166667
75 46.557133 63.423183 0.000000 3.436951 1.312634 2.146729 3.831681 7.318320 0.166667
76 46.517906 63.329151 0.000000 3.189715 1.335206 2.214664 4.009279 7.763499 0.166693
77 46.787193 63.333569 0.000000 3.063470 1.315265 2.155182 3.860679 7.414997 0.172950
78 46.785057 63.329140 0.000000 3.097137 1.309465 2.140415 3.823009 7.315572 0.166857
79 46.649929 63.425297 0.000000 3.128525 1.312487 2.142301 3.811457 7.244858 0.166667
80 46.739613 63.332043 0.000000 3.246383 1.312315 2.148661 3.840125 7.344108 0.166670
81 46.692162 63.413490 0.000000 3.504969 1.306213 2.125875 3.775609 7.175198 0.166667
82 46.734177 63.275604 0.000000 3.741667 1.306761 2.130669 3.795507 7.244774 0.166667
83 46.669094 63.457790 0.000000 3.540599 1.293338 2.091564 3.690059 6.964158 0.166667
84 46.642788 63.305325 0.000000 3.397362 1.328293 2.218062 4.085321 8.148353 0.166667
85 46.640511 63.342079 0.000000 3.702747 1.318932 2.174053 3.924988 7.613379 0.166667
86 46.622032 63.442875 0.000000 3.142034 1.320087 2.170661 3.888038 7.431626 0.166684
87 46.820778 63.353924 0.000000 3.417135 1.324094 2.189521 3.964548 7.707857 0.166667
88 46.783623 63.478981 0.000000 3.444942 1.309654 2.134250 3.791650 7.198200 0.166667
89 46.877090 63.408367 0.000000 3.346240 1.331501 2.217151 4.054960 7.993122 0.166667
90 46.849464 63.569782 0.000000 3.126000 1.341985 2.243429 4.107234 8.072796 0.172442
91 46.635601 63.579525 0.000000 3.342923 1.278659 2.046058 3.575267 6.696057 0.166667
92 46.717926 63.503033 0.000000 3.258528 1.309780 2.132831 3.786464 7.184579 0.166669
93 46.630260 63.288589 0.000000 3.208882 1.349673 2.271681 4.197229 8.350178 0.166667
94 46.699509 63.470352 0.000000 3.200501 1.322170 2.170850 3.882491 7.410885 0.166667
95 46.865978 63.418648 0.000000 3.463873 1.323799 2.196359 4.004991 7.876332 0.166667
96 46.790123 63.343998 0.000000 3.606477 1.336932 2.226794 4.056859 7.923333 0.200000
97 46.787720 63.463341 0.000000 4.077216 1.318211 2.163619 3.874926 7.423409 0.200000
98 46.784077 63.241688 0.000000 3.878258 1.334392 2.222563 4.061051 7.982514 0.200000
99 46.768085 63.405674 0.000000 3.524764 1.336013 2.216984 4.012379 7.760466 0.250000
100 46.843620 63.475063 0.000000 3.606721 1.319263 2.170901 3.904373 7.523893 0.200000
101 46.837059 63.290813 0.000000 3.703984 1.318401 2.169725 3.906898 7.547031 0.250000
102 46.867702 63.398834 0.000000 3.972882 1.325078 2.192132 3.971875 7.731447 0.200000
103 46.943783 63.449059 0.000000 3.927616 1.321937 2.185530 3.959971 7.711671 0.200000
104 46.989437 63.425755 0.000000 3.694911 1.329506 2.223171 4.104570 8.209929 0.166667
105 46.858662 63.435966 0.000000 3.913024 1.320786 2.178337 3.928494 7.594787 0.250000
106 47.078682 63.579144 0.000000 3.786306 1.334383 2.239614 4.149402 8.325495 0.200000
107 46.959976 63.334328 0.000000 4.178934 1.340776 2.255012 4.176692 8.353565 0.200000
108 46.886906 63.460529 0.000000 3.932029 1.345756 2.264061 4.185419 8.337809 0.200000
109 46.799446 63.287937 0.000000 3.797356 1.325336 2.200324 4.019575 7.929371 0.250000
110 46.907188 63.328354 0.000000 4.195360 1.360767 2.311985 4.319547 8.695772 0.200000
111 46.951164 63.273388 0.000000 3.850445 1.354301 2.301311 4.321164 8.795199 0.200000
112 46.970146 63.340931 0.000000 3.609601 1.384906 2.397417 4.578605 9.448488 0.200000
113 46.986076 63.386070 0.000000 3.500613 1.358062 2.307182 4.312556 8.690908 0.166667
114 47.129265 63.420067 0.000000 3.758059 1.348404 2.270292 4.199030 8.365424 0.200000
115 47.215767 63.409904 0.000000 3.798994 1.316511 2.172557 3.942691 7.725787 0.200000
116 47.345951 63.350979 0.000000 3.450897 1.318203 2.179022 3.967270 7.814036 0.166667
117 47.392918 63.507587 0.000000 4.170727 1.296297 2.096545 3.699589 6.985599 0.200000
118 47.415775 63.380219 0.000000 3.567596 1.289248 2.087459 3.704900 7.077311 0.200000
119 47.441708 63.166252 0.000000 4.107572 1.327417 2.214162 4.071944 8.105223 0.166667
120 47.474552 63.019264 0.000000 4.007335 1.381335 2.398302 4.612488 9.625757 0.200000
121 47.426041 62.865719 0.000000 4.609519 1.345477 2.262869 4.186367 8.359227 0.142857
122 47.461739 62.805496 0.000000 4.469195 1.349257 2.275185 4.219078 8.441267 0.166667
123 47.506302 62.769806 0.000000 4.344630 1.342995 2.253136 4.156383 8.273076 0.250000
124 47.727943 62.887108 0.000000 4.514351 1.355501 2.294918 4.269140 8.552298 0.200000
125 47.640800 62.711979 0.000000 4.085470 1.292699 2.086311 3.674399 6.926386 0.200000
126 47.565056 62.639477 0.000000 3.400594 1.335515 2.219787 4.040390 7.899013 0.200000
127 47.575153 62.494846 0.000000 3.584504 1.278917 2.049944 3.587873 6.728320 0.200000
128 47.660885 62.527664 0.000000 3.484100 1.306867 2.125464 3.769846 7.148720 0.166667
129 47.829731 62.601097 0.000000 3.542142 1.297161 2.114473 3.786370 7.314987 0.166667
130 47.733913 62.604702 0.000000 3.212143 1.286289 2.068381 3.630485 6.824301 0.166667
131 47.878448 62.564545 0.000000 3.369495 1.326979 2.200047 3.993003 7.778738 0.166667
132 47.785961 62.525612 0.000000 2.969211 1.288510 2.082080 3.674875 6.948849 0.166667
133 47.930286 62.368347 0.000000 3.203449 1.338816 2.235799 4.089779 8.030682 0.166667
134 48.275669 62.322666 0.000000 3.248262 1.332006 2.213982 4.026702 7.856152 0.200000
135 48.494827 62.520802 0.000000 3.107178 1.295465 2.094738 3.695339 6.975149 0.166667
136 48.315311 62.404957 0.000000 2.878965 1.341062 2.235737 4.070491 7.930444 0.200000
137 48.540852 62.562912 0.000000 2.880246 1.319172 2.167971 3.899089 7.528203 0.166667
138 48.530357 62.326405 0.000000 2.583746 1.313429 2.162895 3.919181 7.675225 0.166667
139 48.361778 61.810123 0.000000 2.796127 1.294406 2.108825 3.778845 7.316720 0.200000
140 48.352142 62.050415 0.000000 2.257212 1.330312 2.212670 4.040168 7.942942 0.166667
141 48.272682 62.428860 0.000000 1.889254 1.337060 2.210048 3.974854 7.619073 0.206944
142 48.705456 62.515503 0.000000 1.750600 1.330080 2.211147 4.023772 7.858574 0.336253
143 48.752426 62.621559 0.000000 1.718747 1.273943 2.044482 3.587144 6.749661 0.172372
144 49.004097 62.479656 0.000000 1.422967 1.433780 2.562591 5.035937 10.637362 0.166851
