%% Trajectory 8
%% frame x (pixel)     y (pixel)    z (pixel)      m0         m1           m2           m3           m4           s 
38 51.269085 74.198235 0.000000 1.082389 1.313530 2.162376 3.916077 7.663111 0.250000
39 51.413376 73.953438 0.000000 1.276449 1.383677 2.405346 4.622381 9.611419 0.250000
40 51.663605 74.269112 0.000000 1.115605 1.333754 2.221666 4.064413 8.005640 0.250000
41 51.154690 74.050293 0.000000 1.132573 1.311124 2.172101 3.966515 7.833984 0.333333
42 51.381603 74.049553 0.000000 1.364315 1.398840 2.470366 4.847928 10.345750 0.333333
43 51.240948 74.307167 0.000000 1.561318 1.319044 2.169088 3.893740 7.476399 0.333338
44 51.628651 73.777596 0.000000 1.353778 1.260556 1.997388 3.460502 6.437500 0.250000
45 51.152115 74.241539 0.000000 1.488013 1.349629 2.279095 4.227771 8.444170 0.250002
46 51.373692 73.825806 0.000000 1.457341 1.390132 2.427242 4.701301 9.896780 0.237743
47 51.103210 74.349724 0.000000 1.239342 1.315357 2.160215 3.878931 7.462255 0.267943
48 51.316483 73.817520 0.000000 1.552832 1.343929 2.295933 4.375115 9.115737 0.250170
49 51.387047 74.173073 0.000000 1.696024 1.330232 2.208055 4.015529 7.843424 0.250000
50 51.113476 73.970688 0.000000 1.912253 1.372502 2.358447 4.474546 9.179598 0.333333
51 51.319130 74.372955 0.000000 1.368483 1.332431 2.221505 4.075170 8.065598 0.333344
52 51.431110 74.066818 0.000000 1.891802 1.387781 2.405169 4.583969 9.403356 0.333333
53 51.497025 74.368240 0.000000 1.598708 1.366137 2.343197 4.439588 9.112074 0.333333
54 51.398418 74.271439 0.000000 1.845158 1.332969 2.229836 4.114611 8.224483 0.250000
55 51.084393 74.136482 0.000000 2.045000 1.375453 2.378676 4.543428 9.385288 0.500000
56 51.263050 74.139648 0.000000 1.990672 1.333569 2.232946 4.119031 8.210600 0.333333
57 51.258373 74.127251 0.000000 1.879497 1.343267 2.272218 4.246208 8.597180 0.333333
58 51.211124 74.142502 0.000000 1.958192 1.386225 2.404374 4.603340 9.530840 0.333333
59 51.374928 74.105942 0.000000 2.086823 1.330103 2.203047 3.995061 7.776818 0.333333
60 51.233639 74.245628 0.000000 2.039539 1.358401 2.308419 4.317547 8.712305 0.333333
61 51.435722 74.094643 0.000000 2.106239 1.292762 2.094788 3.716631 7.085963 0.333333
62 51.380306 74.085907 0.000000 1.971494 1.349753 2.308808 4.394376 9.130099 0.250000
63 51.277439 74.106377 0.000000 2.134671 1.323041 2.203941 4.056500 8.100181 0.333333
64 51.513626 74.242577 0.000000 1.935791 1.340884 2.241027 4.100234 8.048462 0.333333
65 51.097706 73.903564 0.000000 1.915354 1.386738 2.426518 4.709734 9.922584 0.250000
66 51.563995 73.857979 0.000000 2.149489 1.315650 2.180941 3.990074 7.914664 0.250000
67 51.244118 74.015625 0.000000 2.076380 1.356454 2.334963 4.466902 9.303816 0.250000
68 51.642300 74.196098 0.000000 2.252259 1.336906 2.246230 4.164719 8.357483 0.250000
69 51.762787 74.184669 0.000000 2.123713 1.359996 2.307696 4.310959 8.689500 0.333977
70 51.756992 74.132278 0.000000 2.249764 1.378423 2.364314 4.452905 9.020639 0.333334
71 51.764996 73.866219 0.000000 2.141076 1.382066 2.375060 4.479626 9.079977 0.250022
72 51.980133 73.770485 0.000000 2.407868 1.411505 2.491193 4.860765 10.257241 0.250002
73 51.898106 73.910378 0.000000 2.025219 1.405142 2.456033 4.731180 9.834896 0.426170
74 52.076351 73.717468 0.000000 2.166306 1.373682 2.357085 4.457675 9.104986 0.333339
75 52.015572 73.584297 0.000000 2.051428 1.384560 2.403474 4.611909 9.579711 0.333638
76 52.047462 73.585129 0.000000 2.144119 1.329133 2.214213 4.061733 8.054917 0.333333
77 52.347950 73.761864 0.000000 2.215348 1.360160 2.311040 4.316985 8.689694 0.333334
78 52.173771 73.775879 0.000000 1.974059 1.362258 2.316965 4.345682 8.811602 0.341074
79 52.289501 73.659119 0.000000 1.952412 1.291308 2.097806 3.750268 7.251160 0.343259
80 52.690540 73.479851 0.000000 2.224701 1.366242 2.327524 4.366341 8.844486 0.341804
81 52.815861 73.847794 0.000000 2.454882 1.349826 2.271480 4.189192 8.296665 0.333356
82 52.927059 74.094238 0.000000 2.323571 1.429417 2.554259 5.050307 10.804087 0.333349
83 52.817013 74.195976 0.000000 1.818618 1.388754 2.402584 4.578100 9.409515 0.200420
84 52.712284 74.227753 0.000000 1.756282 1.432023 2.582237 5.181111 11.309154 0.333345
85 52.949253 74.432503 0.000000 1.991351 1.426349 2.534560 4.961786 10.467734 0.333345
86 53.058907 74.311020 0.000000 1.908342 1.412851 2.479784 4.789423 9.960896 0.200035
87 53.177605 74.459770 0.000000 1.457947 1.430188 2.588763 5.219838 11.449737 0.250000
88 52.916920 74.078484 0.000000 1.397592 1.409497 2.472256 4.770142 9.907558 0.333333
90 52.732018 74.820862 0.000000 1.152400 1.499350 2.763425 5.590960 12.137574 0.307226
91 53.033924 74.469460 0.000000 1.288121 1.404982 2.516091 5.044888 11.059743 0.308424
92 52.657063 74.454514 0.000000 1.397750 1.351218 2.269711 4.181020 8.284244 0.200003
93 52.534061 74.087059 0.000000 1.653102 1.386458 2.388258 4.523202 9.220821 0.333333
94 52.774307 74.183144 0.000000 1.172088 1.429126 2.533870 4.946386 10.398737 0.250558
95 52.817364 74.343010 0.000000 1.323702 1.491422 2.756436 5.617967 12.341119 0.250000
96 53.056038 74.356102 0.000000 1.304300 1.298693 2.140009 3.879006 7.588298 0.250000
98 52.531422 74.283089 0.000000 0.859727 1.402699 2.496551 4.975762 10.855113 0.250115
