%% Trajectory 41
%% frame x (pixel)     y (pixel)    z (pixel)      m0         m1           m2           m3           m4           s 
28 62.568726 38.066971 0.000000 0.914938 1.641850 3.397650 7.785881 19.141420 0.111132
30 62.527760 38.300365 0.000000 1.241391 1.533119 2.968812 6.421785 15.073859 0.125091
32 63.026352 38.803871 0.000000 2.039764 1.420503 2.530644 4.990990 10.659825 0.125000
34 63.328300 38.412735 0.000000 1.278449 1.496699 2.764676 5.647503 12.441961 0.113031
35 63.017139 38.540184 0.000000 1.298893 1.293255 2.183671 4.155611 8.746321 0.083333
36 62.697186 38.447842 0.000000 1.912793 1.321196 2.172140 3.891419 7.443775 0.090909
37 62.808071 38.432495 0.000000 1.700005 1.407443 2.575123 5.328198 12.134596 0.100000
38 62.774521 38.047997 0.000000 1.965875 1.516744 2.841140 5.870257 13.056649 0.111111
40 62.862198 38.584435 0.000000 2.219468 1.319182 2.200919 4.079758 8.260746 0.083333
41 62.935051 38.734474 0.000000 2.271974 1.362291 2.365512 4.585573 9.723843 0.121546
42 62.736279 38.415005 0.000000 2.181645 1.324645 2.194701 4.000781 7.876944 0.090909
43 62.937389 38.339485 0.000000 2.937573 1.307703 2.170524 3.996265 8.013975 0.111111
44 63.105362 38.324181 0.000000 3.322403 1.369474 2.333886 4.377691 8.859598 0.142857
45 63.133747 38.497559 0.000000 3.523552 1.358840 2.339201 4.476871 9.333511 0.090909
46 63.177147 38.472481 0.000000 2.676104 1.356893 2.359829 4.607053 9.888653 0.111111
47 62.988956 38.435280 0.000000 3.424157 1.376032 2.404574 4.701872 10.080201 0.142857
48 63.224453 38.326340 0.000000 3.524937 1.372193 2.381812 4.615525 9.789476 0.142857
50 63.076462 38.341377 0.000000 3.065772 1.340813 2.303094 4.442993 9.436368 0.166667
51 63.205894 38.239902 0.000000 3.468731 1.386066 2.432235 4.758770 10.166160 0.166667
52 62.764732 38.271694 0.000000 3.451975 1.292260 2.103594 3.760303 7.247361 0.166667
53 63.094063 38.469627 0.000000 3.522027 1.331674 2.233623 4.143476 8.338114 0.250000
54 63.190613 38.279766 0.000000 4.242843 1.307526 2.169372 3.991875 8.002062 0.166667
55 63.246078 38.215256 0.000000 3.694536 1.437712 2.602308 5.246019 11.508261 0.200000
56 62.770744 38.432625 0.000000 3.643710 1.342459 2.278232 4.296291 8.838040 0.200000
57 63.036964 38.370113 0.000000 4.007455 1.381119 2.420896 4.734891 10.115353 0.250000
58 63.063744 38.151455 0.000000 4.434475 1.390948 2.437692 4.735760 9.978597 0.166667
59 62.843227 38.453011 0.000000 3.958320 1.319265 2.195023 4.039744 8.078753 0.166667
60 63.183258 38.299862 0.000000 4.310262 1.314413 2.174090 3.965323 7.832418 0.166667
61 62.979149 38.310688 0.000000 4.724562 1.327046 2.236654 4.192074 8.576444 0.200000
62 62.973335 38.453636 0.000000 4.289833 1.337285 2.255383 4.214031 8.561258 0.250000
63 63.090061 38.399582 0.000000 4.577213 1.286681 2.087431 3.730042 7.214789 0.125000
64 63.177414 38.236656 0.000000 3.993108 1.375469 2.388074 4.627369 9.804134 0.142857
66 63.043362 38.429161 0.000000 4.807287 1.324431 2.210800 4.075921 8.145466 0.250000
67 63.182907 38.347630 0.000000 5.310077 1.310861 2.170537 3.973627 7.899393 0.250000
69 62.924580 38.269562 0.000000 3.859699 1.379960 2.412044 4.708107 10.055920 0.200000
70 63.221478 38.269081 0.000000 4.346931 1.348938 2.307599 4.393027 9.132407 0.200000
71 62.987713 38.419827 0.000000 4.229676 1.342934 2.301627 4.405890 9.230203 0.200000
72 63.200493 38.327888 0.000000 3.963395 1.316577 2.169286 3.919792 7.621068 0.250000
73 63.115372 38.308788 0.000000 3.886421 1.287877 2.089926 3.716239 7.103298 0.166695
74 63.137108 38.263142 0.000000 3.806067 1.289806 2.111375 3.836080 7.611888 0.204098
75 63.062572 38.363586 0.000000 4.095704 1.323555 2.202057 4.035093 7.992520 0.250011
76 63.112011 38.306072 0.000000 3.561234 1.279873 2.077533 3.729564 7.281851 0.254396
77 63.360298 38.226257 0.000000 4.328904 1.349072 2.292848 4.311830 8.801557 0.250000
78 63.246567 38.215000 0.000000 4.903722 1.315717 2.168304 3.922684 7.644357 0.200000
79 63.642963 38.335449 0.000000 5.161960 1.313965 2.175424 3.979111 7.895815 0.250000
80 63.284191 38.394226 0.000000 5.119760 1.336137 2.256375 4.220742 8.581108 0.200000
81 63.414341 38.449055 0.000000 4.698788 1.294830 2.130296 3.898497 7.808049 0.200000
83 63.327389 38.536026 0.000000 4.887843 1.287308 2.088934 3.727140 7.185212 0.250241
84 63.249512 38.481686 0.000000 4.832661 1.320093 2.187183 3.999398 7.930619 0.250000
85 63.332939 38.292965 0.000000 5.533385 1.289115 2.087128 3.697523 7.033404 0.250000
86 63.312328 38.258698 0.000000 5.557508 1.267999 2.028329 3.573284 6.822478 0.250000
87 63.236237 38.454319 0.000000 4.917379 1.331003 2.230096 4.136384 8.342592 0.250000
88 63.222191 38.294144 0.000000 5.266464 1.298560 2.117605 3.793812 7.333407 0.250000
89 63.027561 38.136486 0.000000 5.700823 1.360181 2.338412 4.459654 9.244543 0.250000
90 63.187172 38.231617 0.000000 5.491848 1.316510 2.189174 4.027083 8.050034 0.250000
91 63.166309 38.349377 0.000000 4.970388 1.323947 2.226253 4.169544 8.544156 0.200000
92 63.035126 38.286648 0.000000 5.449239 1.302431 2.150383 3.925052 7.779114 0.250000
93 63.021809 38.206921 0.000000 6.237455 1.324073 2.214034 4.097995 8.238584 0.250000
94 63.006905 38.321201 0.000000 5.283347 1.348006 2.308600 4.406071 9.187826 0.250000
95 62.965244 38.258526 0.000000 4.973425 1.313147 2.185913 4.032450 8.091381 0.250000
96 63.284584 38.206894 0.000000 5.818320 1.321248 2.193248 4.014445 7.957199 0.250000
97 62.934029 38.303638 0.000000 6.248697 1.301195 2.133753 3.859808 7.566001 0.250000
98 63.041862 38.389034 0.000000 5.522393 1.290041 2.097203 3.752680 7.262019 0.250000
99 62.952488 38.233978 0.000000 6.116085 1.342334 2.285441 4.338064 9.009706 0.250000
100 63.070297 38.272045 0.000000 6.221981 1.325288 2.216139 4.102686 8.254396 0.250000
101 63.080864 38.292290 0.000000 5.669079 1.314299 2.177349 3.981863 7.890851 0.250000
102 63.143940 38.222652 0.000000 6.320735 1.322236 2.205964 4.075060 8.186954 0.250000
103 63.189518 38.189014 0.000000 6.278615 1.317742 2.173682 3.931903 7.648576 0.250000
105 63.118870 38.130543 0.000000 6.254761 1.343981 2.274967 4.257836 8.639588 0.250000
106 63.195572 38.050354 0.000000 6.671245 1.342170 2.260583 4.196786 8.422433 0.250000
107 62.979870 38.208733 0.000000 5.968560 1.305572 2.153193 3.925422 7.764993 0.200000
108 63.018517 38.095127 0.000000 5.936603 1.353767 2.326558 4.447701 9.261328 0.250000
109 63.404625 38.106922 0.000000 6.323659 1.335743 2.240560 4.139261 8.259282 0.250000
110 63.147774 38.209389 0.000000 6.590621 1.330624 2.238426 4.175906 8.479653 0.250000
111 63.373531 38.017162 0.000000 6.453682 1.334320 2.233132 4.105355 8.124503 0.250000
112 63.347912 37.996658 0.000000 7.152535 1.366410 2.343512 4.433216 9.056822 0.250000
113 63.514679 38.078487 0.000000 6.452570 1.293653 2.102996 3.743384 7.155642 0.200000
114 63.458782 38.035389 0.000000 6.574833 1.335749 2.240906 4.141115 8.263491 0.250000
115 63.602585 37.976456 0.000000 6.359216 1.378258 2.367434 4.477288 9.133147 0.250000
116 63.536369 37.960979 0.000000 6.490795 1.295782 2.095521 3.698778 6.987786 0.250000
117 63.669090 37.875786 0.000000 6.128596 1.326304 2.215185 4.080225 8.133194 0.250000
118 63.689083 37.885643 0.000000 6.400944 1.333810 2.222007 4.063924 8.005486 0.250000
119 63.821266 37.964436 0.000000 6.278199 1.356282 2.315196 4.363222 8.890929 0.200000
120 63.928272 37.887676 0.000000 6.821503 1.335454 2.240972 4.148582 8.307913 0.142857
121 63.852398 37.915585 0.000000 6.058972 1.371935 2.358438 4.474868 9.180572 0.250000
122 63.803394 37.860252 0.000000 6.709898 1.366862 2.350458 4.471132 9.219491 0.200000
124 64.064766 37.853672 0.000000 4.860096 1.354050 2.315551 4.397213 9.091658 0.142857
125 64.233147 37.778286 0.000000 5.636042 1.279652 2.062098 3.640851 6.914698 0.166667
127 64.652611 37.474251 0.000000 5.084082 1.303853 2.116530 3.746951 7.093347 0.166667
128 64.818382 36.930286 0.000000 5.190348 1.390570 2.408255 4.587186 9.407529 0.166667
129 64.622124 37.149933 0.000000 4.826430 1.300159 2.126164 3.824536 7.432490 0.166667
131 64.851791 37.053291 0.000000 3.827005 1.326186 2.239703 4.213976 8.662435 0.200000
132 64.528542 36.998066 0.000000 3.493322 1.498532 2.813972 5.863657 13.220638 0.250000
133 64.528091 37.004654 0.000000 3.567004 1.440052 2.616433 5.274951 11.519582 0.166667
134 64.555359 37.371574 0.000000 4.017920 1.308087 2.138273 3.833546 7.401066 0.200000
135 64.660439 37.340668 0.000000 3.717062 1.287437 2.097015 3.775280 7.389438 0.166667
136 64.565384 37.164162 0.000000 2.791557 1.336114 2.243953 4.170799 8.419304 0.090909
137 64.134506 37.000168 0.000000 3.069920 1.460015 2.704426 5.608217 12.690438 0.111111
138 64.161598 37.008801 0.000000 3.265547 1.400848 2.481426 4.882773 10.432345 0.142857
139 64.655670 37.236389 0.000000 2.902968 1.284038 2.081699 3.719300 7.198787 0.125000
140 64.868759 36.961422 0.000000 2.700705 1.393353 2.457338 4.812147 10.231094 0.142857
142 64.498283 37.791138 0.000000 1.684413 1.314587 2.215363 4.144120 8.421588 0.182786
144 64.104988 37.721649 0.000000 1.178854 1.353164 2.377326 4.713332 10.297946 0.116497
145 63.975746 37.611736 0.000000 0.962883 1.557805 3.192987 7.387696 18.557997 0.092999
