%% Trajectory 51
%% frame x (pixel)     y (pixel)    z (pixel)      m0         m1           m2           m3           m4           s 
166 75.825661 59.509956 0.000000 0.887446 1.192868 1.811861 3.017477 5.434569 0.142857
168 76.000153 59.722954 0.000000 0.988849 1.427535 2.568812 5.145175 11.207405 0.166677
169 76.650429 59.538395 0.000000 0.733884 1.430232 2.648076 5.490005 12.398236 0.166672
171 76.362358 59.306801 0.000000 0.715726 1.324867 2.255997 4.294435 8.958571 0.166667
172 76.441780 59.236496 0.000000 0.997487 1.327701 2.230297 4.175664 8.563278 0.142857
173 76.329613 59.393085 0.000000 1.184462 1.297650 2.115989 3.788318 7.311124 0.166707
174 76.029778 59.493160 0.000000 0.932176 1.378345 2.428279 4.793653 10.378647 0.166667
175 75.499168 59.547356 0.000000 0.771939 1.362422 2.375035 4.646577 9.989119 0.125198
176 75.745079 59.380749 0.000000 1.252049 1.308928 2.207863 4.174934 8.689046 0.167889
177 76.006996 59.251091 0.000000 1.141576 1.338758 2.295373 4.404039 9.273908 0.166677
178 76.013191 59.634136 0.000000 1.212967 1.358350 2.349517 4.525045 9.500336 0.166752
179 76.381393 59.425068 0.000000 1.043010 1.278908 2.108037 3.922069 8.115864 0.153574
180 76.665947 59.448566 0.000000 1.060553 1.439730 2.606811 5.256063 11.533275 0.166667
182 75.917786 59.422825 0.000000 1.502800 1.294645 2.126004 3.868821 7.671740 0.166667
183 76.079910 59.280964 0.000000 1.096847 1.329465 2.214176 4.060847 8.050039 0.254328
184 76.529076 59.271744 0.000000 1.083298 1.264610 2.017087 3.520793 6.601831 0.166668
185 76.193260 59.160358 0.000000 1.244765 1.306488 2.136989 3.850915 7.512922 0.142857
186 76.389427 59.578926 0.000000 1.370223 1.269322 2.021211 3.514114 6.550107 0.166667
187 75.979118 59.355961 0.000000 1.713733 1.357769 2.350561 4.542034 9.588419 0.166667
188 75.970383 59.206898 0.000000 1.489900 1.362705 2.364286 4.582378 9.717904 0.142857
189 76.355988 59.299812 0.000000 1.348147 1.335675 2.224354 4.064918 7.999815 0.167062
190 76.298241 59.454395 0.000000 1.720949 1.250098 1.969199 3.395603 6.301163 0.166667
191 76.243126 59.262821 0.000000 1.934397 1.313579 2.156948 3.879081 7.496329 0.142866
192 76.119286 59.282730 0.000000 1.891815 1.324046 2.196519 4.001286 7.847111 0.167048
193 76.147606 59.417454 0.000000 1.521133 1.292367 2.102900 3.766463 7.298262 0.166667
194 76.446030 59.201977 0.000000 1.519386 1.257426 1.985566 3.428897 6.363420 0.142857
195 76.538757 59.546143 0.000000 1.797113 1.292702 2.108411 3.796007 7.419211 0.166667
196 76.298798 59.492165 0.000000 1.259449 1.253157 1.966959 3.377917 6.242435 0.166668
197 76.432396 59.329662 0.000000 1.490144 1.334366 2.232080 4.105098 8.136562 0.166696
198 76.169655 59.360241 0.000000 1.812692 1.360787 2.312209 4.340106 8.831133 0.155767
199 76.340317 59.290451 0.000000 1.697315 1.331396 2.248112 4.219930 8.646588 0.169841
200 76.405945 59.197720 0.000000 1.481918 1.252831 1.972120 3.397175 6.294099 0.142857
201 76.332611 59.344677 0.000000 1.636613 1.276771 2.046685 3.592420 6.783044 0.167376
202 76.205780 59.312450 0.000000 1.437817 1.277478 2.046440 3.581293 6.717989 0.206974
203 76.362671 59.421562 0.000000 1.324084 1.322746 2.225734 4.173273 8.567080 0.142873
204 76.128090 59.225609 0.000000 1.490521 1.357185 2.321151 4.401834 9.079405 0.151801
205 76.342384 59.452595 0.000000 1.479753 1.258490 1.989834 3.436565 6.368176 0.143089
206 76.174927 59.153961 0.000000 1.834900 1.267728 2.027121 3.558703 6.740407 0.142859
207 76.180328 59.383995 0.000000 1.530194 1.278830 2.050433 3.598388 6.785935 0.125265
208 76.527054 59.319508 0.000000 1.583271 1.255847 1.987487 3.440032 6.395146 0.131881
209 76.183060 59.330620 0.000000 1.648758 1.274183 2.060667 3.696460 7.246486 0.142883
210 76.231125 59.198265 0.000000 2.048651 1.319085 2.186890 3.995893 7.900668 0.142857
211 76.307648 59.356026 0.000000 1.974265 1.302192 2.146422 3.925765 7.834060 0.142857
212 76.185287 59.235321 0.000000 1.850093 1.344662 2.293832 4.340722 8.935790 0.126324
213 76.114304 59.172371 0.000000 2.107907 1.338088 2.247961 4.145835 8.224123 0.248206
214 76.187820 59.462715 0.000000 2.431645 1.361059 2.339819 4.464265 9.271841 0.142857
215 76.432243 59.250713 0.000000 2.510881 1.287104 2.078523 3.679822 7.015445 0.142857
216 76.272881 59.192085 0.000000 1.901311 1.300018 2.148828 3.943634 7.901177 0.166667
217 76.319778 59.400860 0.000000 2.421632 1.283267 2.077544 3.702497 7.141749 0.142857
218 76.085884 59.388351 0.000000 1.936255 1.302490 2.154152 3.960346 7.961765 0.142857
219 76.303185 59.225540 0.000000 2.125226 1.320233 2.197636 4.042927 8.072858 0.125005
220 76.109947 59.388924 0.000000 2.334997 1.327290 2.223222 4.121633 8.307208 0.145304
221 76.226379 59.622421 0.000000 2.738504 1.379535 2.398477 4.633455 9.751061 0.142857
222 76.233582 59.541084 0.000000 2.466892 1.301224 2.132970 3.853932 7.542627 0.166667
223 76.366043 59.322205 0.000000 2.629499 1.332506 2.206825 3.995017 7.751399 0.200000
224 76.460625 59.207096 0.000000 2.726077 1.290027 2.085036 3.693660 7.043485 0.166667
225 76.159691 59.418751 0.000000 2.426937 1.280287 2.072793 3.710359 7.228161 0.125000
226 76.190926 59.286694 0.000000 2.026186 1.263679 2.043621 3.685662 7.307135 0.125000
227 76.316681 59.316608 0.000000 2.589998 1.300498 2.108206 3.727121 7.045219 0.125000
228 76.338470 59.517208 0.000000 2.769985 1.278287 2.047135 3.594301 6.799863 0.142857
229 76.508263 59.519638 0.000000 2.542377 1.303926 2.125926 3.802095 7.325356 0.200000
230 76.260101 59.171188 0.000000 2.181693 1.278448 2.050743 3.595275 6.758494 0.166667
231 76.408745 59.646614 0.000000 2.549325 1.316433 2.177859 3.968571 7.823303 0.142857
232 76.468620 59.479008 0.000000 2.579091 1.293462 2.097022 3.732828 7.169033 0.142857
233 76.403374 59.634453 0.000000 2.632101 1.272395 2.035012 3.564797 6.720735 0.125000
234 76.258804 59.742195 0.000000 2.715799 1.290267 2.108959 3.811372 7.484149 0.142857
235 76.269852 59.295460 0.000000 2.785247 1.264820 2.015919 3.519754 6.613123 0.083333
236 76.389992 59.475311 0.000000 3.097934 1.287955 2.074784 3.648560 6.870211 0.142857
237 76.241158 59.629726 0.000000 2.544837 1.255645 1.989295 3.459742 6.496435 0.111111
238 76.288719 59.520775 0.000000 2.642789 1.262859 2.004768 3.478174 6.476683 0.142857
239 76.446800 59.759258 0.000000 2.562531 1.268280 2.020116 3.515149 6.559370 0.125000
240 76.232048 59.696213 0.000000 2.856893 1.322366 2.192149 3.993049 7.837481 0.142857
241 76.338844 59.614521 0.000000 2.699345 1.302605 2.124998 3.804942 7.341774 0.111111
242 76.180565 59.710224 0.000000 2.790731 1.293384 2.102012 3.742924 7.164629 0.142857
243 76.264694 59.847710 0.000000 2.807678 1.301564 2.134501 3.845625 7.466343 0.125000
244 76.279610 60.011101 0.000000 2.473740 1.368095 2.352671 4.468214 9.180052 0.142857
245 76.086700 60.138794 0.000000 2.451448 1.376014 2.372087 4.512896 9.282748 0.111111
246 76.397530 59.864906 0.000000 2.430920 1.274622 2.049753 3.622544 6.914998 0.142857
247 75.951645 60.307339 0.000000 2.548409 1.349735 2.278012 4.229811 8.469868 0.125000
248 76.092819 60.101311 0.000000 2.433654 1.329923 2.238847 4.175670 8.461911 0.125000
249 76.242218 60.376991 0.000000 2.756664 1.311439 2.147721 3.844900 7.378852 0.166667
250 75.778976 60.207603 0.000000 2.434934 1.274560 2.047059 3.609493 6.865975 0.142857
251 75.917984 60.271454 0.000000 2.741801 1.323329 2.196515 4.005985 7.873010 0.125000
252 76.108139 60.130142 0.000000 2.656889 1.388879 2.421733 4.670140 9.756465 0.142857
253 76.005791 60.527885 0.000000 2.445138 1.313219 2.184449 4.027475 8.080304 0.125091
255 75.413055 60.420738 0.000000 2.637453 1.267793 2.019345 3.513762 6.557391 0.125000
256 75.316757 60.486282 0.000000 3.100063 1.298656 2.105826 3.727268 7.061582 0.125000
257 75.750542 60.638168 0.000000 3.022808 1.334806 2.210971 3.997394 7.730502 0.111111
259 75.219833 60.493279 0.000000 2.008843 1.298928 2.120951 3.813844 7.422472 0.142858
260 75.194260 60.543301 0.000000 1.785419 1.332867 2.229329 4.103669 8.156469 0.111111
261 74.688774 60.497612 0.000000 1.833909 1.420219 2.500383 4.833797 10.037282 0.111111
262 75.272202 60.387497 0.000000 2.062292 1.299947 2.118110 3.782379 7.266276 0.125007
263 75.039398 60.706718 0.000000 1.584336 1.382786 2.416599 4.692156 9.905641 0.150307
264 75.729980 60.877739 0.000000 1.471920 1.414791 2.498996 4.879485 10.303819 0.141914
265 75.220596 60.682552 0.000000 1.182019 1.414356 2.514508 4.984213 10.774603 0.125054
266 75.366585 61.230789 0.000000 1.470276 1.287824 2.091291 3.739893 7.240575 0.142873
267 75.718994 61.063251 0.000000 1.170830 1.386119 2.397002 4.559742 9.347795 0.142864
269 75.457466 61.353390 0.000000 1.087403 1.404781 2.451937 4.717096 9.801102 0.229986
270 76.033684 61.299835 0.000000 1.065796 1.410806 2.521503 5.028528 10.927448 0.166667
272 76.602608 62.297890 0.000000 1.073677 1.522361 2.852427 5.906491 13.195845 0.142873
