%% Trajectory 16
%% frame x (pixel)     y (pixel)    z (pixel)      m0         m1           m2           m3           m4           s 
34 53.468494 37.476166 0.000000 1.186568 1.262767 1.997872 3.452670 6.403673 0.090909
35 53.548637 36.954758 0.000000 0.983876 1.255347 2.021023 3.645149 7.270108 0.100000
36 53.444984 37.421864 0.000000 1.241834 1.341933 2.266239 4.229303 8.559681 0.100005
37 53.649601 37.198368 0.000000 1.095971 1.358004 2.332153 4.447333 9.229181 0.112330
38 53.096966 37.489380 0.000000 1.193778 1.306787 2.146382 3.871741 7.521932 0.125000
40 53.488918 37.333210 0.000000 1.090425 1.306934 2.171778 4.005854 8.052312 0.111111
42 53.656788 37.288998 0.000000 1.108474 1.283299 2.063978 3.633386 6.873358 0.113275
43 53.790951 37.441879 0.000000 1.015211 1.321291 2.197897 4.026472 7.963423 0.111111
44 53.776592 37.508953 0.000000 1.213438 1.354964 2.314734 4.407303 9.180988 0.142474
45 53.355240 37.489487 0.000000 1.226316 1.311977 2.159914 3.912545 7.658379 0.117047
46 53.480362 37.023216 0.000000 1.276008 1.310780 2.182980 4.043244 8.184172 0.197540
47 53.673538 37.594494 0.000000 1.364485 1.258027 1.997145 3.479961 6.544416 0.138449
48 53.662346 37.507351 0.000000 1.623518 1.314212 2.160542 3.899825 7.587861 0.125000
49 53.583569 37.359997 0.000000 1.532928 1.310882 2.159470 3.921086 7.711346 0.111145
50 53.281830 37.068661 0.000000 1.304685 1.324127 2.205756 4.029928 7.908971 0.166791
51 53.750771 37.313232 0.000000 1.289059 1.275441 2.036749 3.556287 6.665839 0.115247
52 53.487061 37.496181 0.000000 1.412999 1.368841 2.341517 4.435825 9.132757 0.127852
53 53.398251 37.255932 0.000000 1.714531 1.290468 2.084207 3.684037 6.994249 0.125570
54 53.518372 37.386448 0.000000 1.771064 1.305258 2.149010 3.900411 7.665360 0.111120
55 53.253220 37.116146 0.000000 1.774960 1.382582 2.401903 4.610883 9.580590 0.111211
56 53.430126 37.348530 0.000000 1.488669 1.309652 2.136203 3.806537 7.267718 0.125000
57 53.382565 37.216099 0.000000 1.658237 1.260069 2.009079 3.530291 6.731018 0.111118
58 53.622475 37.174988 0.000000 1.569857 1.305362 2.133677 3.822239 7.365148 0.125000
59 53.616936 37.213627 0.000000 1.682874 1.317891 2.169142 3.915535 7.609813 0.125001
60 53.646561 37.277733 0.000000 1.647473 1.316731 2.168155 3.902554 7.525019 0.125000
61 53.695652 37.450932 0.000000 1.549702 1.324191 2.200405 4.025433 7.958276 0.125000
62 53.487606 37.071655 0.000000 1.777340 1.346395 2.267287 4.190235 8.327626 0.112906
63 53.401474 37.521908 0.000000 2.121367 1.314671 2.150177 3.833720 7.303573 0.193696
64 53.194798 37.438072 0.000000 1.732204 1.270552 2.026723 3.531771 6.599225 0.111111
65 53.471092 37.325905 0.000000 1.680613 1.274463 2.052549 3.641837 7.001355 0.111111
66 53.229183 37.160378 0.000000 1.504223 1.350336 2.279138 4.222957 8.414217 0.111111
67 53.632950 37.391735 0.000000 1.633193 1.272476 2.028692 3.533462 6.600806 0.111111
68 53.463341 37.349991 0.000000 2.018248 1.299063 2.119154 3.799823 7.358098 0.116478
69 53.426498 37.236740 0.000000 1.977490 1.336017 2.210325 3.982463 7.655042 0.100077
70 53.492786 37.214153 0.000000 1.921979 1.283375 2.059749 3.611455 6.790366 0.100103
71 53.470428 37.306919 0.000000 1.913392 1.290925 2.078607 3.653059 6.874962 0.111111
72 53.542233 37.379448 0.000000 1.874063 1.291260 2.092649 3.713323 7.081824 0.113753
73 53.444466 37.204906 0.000000 1.652008 1.360271 2.313073 4.334861 8.783031 0.111111
74 53.349289 37.301872 0.000000 2.154536 1.319267 2.164692 3.875979 7.425231 0.144259
75 53.577381 37.184528 0.000000 2.094665 1.320917 2.172714 3.904081 7.514044 0.125000
76 53.594238 37.209904 0.000000 2.427902 1.311001 2.154593 3.881830 7.523235 0.111111
77 53.422531 37.117847 0.000000 1.642773 1.356229 2.299807 4.286551 8.605071 0.125200
78 53.359501 37.364758 0.000000 2.149232 1.356283 2.295534 4.266773 8.539416 0.125000
79 53.380829 37.180355 0.000000 2.214293 1.295897 2.095750 3.699561 6.990333 0.125000
80 53.788517 37.226845 0.000000 1.954251 1.376157 2.358538 4.449942 9.058360 0.125006
81 53.576969 37.322117 0.000000 2.149324 1.336843 2.237628 4.122211 8.198427 0.125018
82 53.432774 37.298508 0.000000 2.201924 1.311872 2.154804 3.874109 7.476850 0.144175
83 53.606739 37.213856 0.000000 2.346837 1.332014 2.213431 4.028226 7.873605 0.111672
84 53.475910 37.161907 0.000000 2.299565 1.312776 2.165215 3.927345 7.689802 0.200928
85 53.554340 37.370525 0.000000 2.503505 1.369326 2.323812 4.315583 8.593786 0.125008
86 53.572433 37.204109 0.000000 2.205257 1.347590 2.256450 4.132798 8.116276 0.111114
87 53.757069 37.678589 0.000000 2.045109 1.406588 2.459872 4.735804 9.830048 0.111223
88 53.447178 37.099239 0.000000 2.338652 1.415341 2.488256 4.810338 10.010623 0.118795
89 53.725391 37.590836 0.000000 2.156526 1.357848 2.306689 4.319179 8.743244 0.165741
90 53.686371 37.308918 0.000000 2.052002 1.380627 2.376086 4.515073 9.292248 0.116594
91 53.751659 37.284008 0.000000 1.945863 1.429788 2.533229 4.935057 10.347610 0.116421
92 53.795586 37.347313 0.000000 2.144117 1.399615 2.434799 4.658365 9.602353 0.115299
93 53.564861 37.331581 0.000000 1.899775 1.325588 2.188672 3.948531 7.631273 0.111149
94 53.870960 37.523724 0.000000 2.217067 1.358527 2.325352 4.415372 9.121954 0.160571
95 53.745396 37.258854 0.000000 2.250664 1.344522 2.262307 4.181170 8.322105 0.111868
96 53.619240 37.381950 0.000000 2.232858 1.321361 2.184412 3.968560 7.779983 0.114265
97 53.896488 37.359253 0.000000 1.762326 1.383349 2.407028 4.641733 9.720183 0.111741
99 53.899990 37.526337 0.000000 2.093394 1.428533 2.540282 4.992647 10.621105 0.119841
100 53.667320 37.204094 0.000000 2.242338 1.348822 2.292792 4.320218 8.853155 0.164161
101 53.572586 37.564838 0.000000 2.021911 1.363433 2.315083 4.314054 8.647491 0.217844
102 53.693157 37.353481 0.000000 2.297992 1.350291 2.297626 4.333062 8.889699 0.113708
103 53.879971 37.312672 0.000000 2.189154 1.335569 2.264473 4.275542 8.827594 0.111569
104 53.595348 37.425037 0.000000 2.368407 1.354359 2.295832 4.289376 8.666420 0.144432
105 53.776184 37.249886 0.000000 2.369344 1.366301 2.346608 4.454491 9.161901 0.139795
106 53.600155 37.311935 0.000000 2.504211 1.344850 2.246384 4.098964 8.003815 0.142857
107 53.614956 37.119740 0.000000 2.814747 1.390860 2.426306 4.684802 9.808140 0.166667
108 53.841705 37.197464 0.000000 2.152831 1.414246 2.515962 4.976233 10.701413 0.144109
109 53.527054 37.418354 0.000000 2.803532 1.334323 2.206859 3.981384 7.678823 0.166667
110 53.818813 37.400421 0.000000 2.560076 1.387705 2.434383 4.753500 10.119321 0.200000
111 53.894772 37.436325 0.000000 2.657564 1.365487 2.342022 4.445857 9.160913 0.125000
112 53.771618 37.344429 0.000000 2.644056 1.380819 2.389320 4.575225 9.502571 0.142857
113 53.708450 37.265923 0.000000 2.307367 1.390548 2.405146 4.573984 9.373818 0.142872
114 53.775547 37.335449 0.000000 2.310030 1.364288 2.335632 4.422658 9.085545 0.143423
115 53.962585 37.325191 0.000000 2.713464 1.430007 2.579952 5.189933 11.372998 0.198541
116 53.729759 37.271248 0.000000 2.587537 1.322805 2.218469 4.134126 8.409274 0.147054
117 53.695312 37.498096 0.000000 2.706654 1.383178 2.404167 4.637000 9.729259 0.142857
118 53.589008 37.364895 0.000000 3.011615 1.388483 2.426902 4.707550 9.930600 0.142924
119 53.355106 37.374546 0.000000 2.800502 1.355628 2.296329 4.280632 8.614685 0.142858
120 53.439766 37.534054 0.000000 2.926699 1.358854 2.312562 4.344464 8.838923 0.142860
121 53.470455 37.510639 0.000000 2.779930 1.343792 2.274269 4.265239 8.702719 0.142912
122 53.339619 37.799877 0.000000 2.542160 1.373122 2.401888 4.685810 9.980761 0.185586
123 53.327633 37.664925 0.000000 2.400456 1.385200 2.415339 4.662467 9.758618 0.142967
125 53.018326 38.033558 0.000000 2.849584 1.421938 2.571124 5.199519 11.476310 0.149653
126 52.980007 38.141068 0.000000 2.288047 1.413066 2.515713 4.997275 10.837379 0.145049
127 52.796913 38.205688 0.000000 2.748774 1.357431 2.322953 4.416154 9.151046 0.125061
128 52.886066 38.161289 0.000000 2.931010 1.363246 2.349725 4.507051 9.430502 0.144157
129 53.092648 38.441231 0.000000 2.630996 1.388502 2.441161 4.783788 10.228000 0.166530
130 53.058159 38.385292 0.000000 2.781110 1.345363 2.298780 4.377058 9.109272 0.143034
131 52.854713 38.472256 0.000000 2.583471 1.349427 2.319840 4.460273 9.406246 0.159684
132 52.520592 39.018570 0.000000 2.465887 1.356064 2.326988 4.426984 9.145387 0.246019
134 53.520260 39.284859 0.000000 2.288088 1.402566 2.501150 4.991825 10.906765 0.130658
135 53.709892 39.215984 0.000000 2.335739 1.564283 3.048083 6.586119 15.367304 0.125022
