%% Trajectory 41
%% frame x (pixel)     y (pixel)    z (pixel)      m0         m1           m2           m3           m4           s 
29 76.539246 58.757217 0.000000 0.862228 1.224646 1.916229 3.316100 6.266057 0.084155
31 76.499344 59.628239 0.000000 0.682516 1.337847 2.301916 4.425554 9.296202 0.125367
33 76.245361 58.958775 0.000000 0.677396 1.370105 2.450943 4.917759 10.782734 0.165504
34 76.506668 59.245117 0.000000 0.974366 1.380204 2.422269 4.767646 10.300844 0.144636
35 76.394882 58.857285 0.000000 0.980174 1.328491 2.231174 4.156240 8.433382 0.100002
36 76.582397 59.392685 0.000000 1.395380 1.322776 2.185584 3.963454 7.741508 0.100000
37 76.227272 59.465389 0.000000 0.793124 1.253184 2.010023 3.590168 7.035296 0.078457
38 76.608978 59.689556 0.000000 1.173185 1.233945 1.924339 3.289686 6.068959 0.090909
39 76.064117 59.448067 0.000000 1.199845 1.319850 2.209276 4.121361 8.417476 0.083999
40 76.426018 59.212482 0.000000 1.077070 1.287050 2.083608 3.708891 7.134617 0.111111
41 76.485863 59.574169 0.000000 1.194649 1.330878 2.283520 4.440331 9.593323 0.093587
42 76.471001 59.304085 0.000000 0.706060 1.313527 2.148327 3.846756 7.399026 0.112368
43 76.242966 59.343452 0.000000 0.887515 1.372074 2.380575 4.579628 9.571013 0.090911
44 76.176773 59.412624 0.000000 1.254280 1.343236 2.246728 4.134419 8.216966 0.101381
45 76.467094 59.087029 0.000000 1.543595 1.346391 2.296841 4.350362 8.971583 0.083363
46 76.486061 59.116913 0.000000 1.444901 1.238585 1.945099 3.347272 6.203571 0.111111
47 76.645401 59.664040 0.000000 1.287963 1.195078 1.800998 2.966712 5.276359 0.100000
48 76.410202 59.703537 0.000000 1.408983 1.369787 2.331267 4.347122 8.702319 0.101433
49 76.498375 59.328430 0.000000 1.585375 1.262138 2.014035 3.530207 6.684553 0.125000
50 76.576805 59.425415 0.000000 1.607971 1.238859 1.939960 3.337834 6.215477 0.166667
51 76.380699 59.307457 0.000000 1.982492 1.298897 2.103036 3.724049 7.079489 0.142857
52 76.545189 59.110325 0.000000 1.611219 1.374791 2.402550 4.683625 9.971013 0.142857
53 76.048485 59.409969 0.000000 1.967592 1.355613 2.324202 4.424310 9.160839 0.125000
54 76.506866 59.368458 0.000000 1.687496 1.253201 1.971573 3.390951 6.266957 0.100000
55 76.278114 59.268124 0.000000 1.414930 1.250266 1.970054 3.399334 6.310801 0.125000
56 76.518852 59.223274 0.000000 1.585166 1.264172 2.037828 3.638049 7.073893 0.100000
57 76.253143 59.405693 0.000000 1.933532 1.287080 2.085047 3.713494 7.142285 0.142857
58 76.064857 59.268715 0.000000 2.002920 1.345954 2.291377 4.329645 8.907919 0.142857
59 76.129005 59.621143 0.000000 1.859553 1.271966 2.043781 3.606785 6.870833 0.125000
60 76.100616 59.459435 0.000000 1.807795 1.278484 2.056729 3.615548 6.810655 0.111111
61 75.723663 59.521324 0.000000 2.497165 1.230283 1.901277 3.214469 5.855954 0.125000
62 75.909988 59.517807 0.000000 1.908204 1.301295 2.156933 3.962013 7.916512 0.111111
63 75.856636 59.186291 0.000000 2.175197 1.305250 2.151854 3.918819 7.740561 0.148116
64 75.594559 59.512390 0.000000 2.039735 1.355235 2.296416 4.289518 8.663974 0.111138
65 75.873474 59.129219 0.000000 2.199093 1.324645 2.223906 4.145211 8.415015 0.111111
66 75.601959 59.673092 0.000000 2.437994 1.305392 2.134728 3.815200 7.304280 0.142857
67 75.427948 59.253441 0.000000 2.298641 1.237787 1.933118 3.308781 6.108056 0.125000
68 75.315002 59.520889 0.000000 2.332336 1.249389 1.966841 3.388366 6.280598 0.100000
69 75.415718 59.443420 0.000000 2.192504 1.326250 2.187397 3.951427 7.671987 0.111111
70 75.308891 59.693089 0.000000 2.213452 1.308801 2.145413 3.860352 7.485138 0.100000
71 75.446342 60.153923 0.000000 2.200045 1.219979 1.892000 3.234205 6.013306 0.090909
72 75.602020 59.917816 0.000000 2.256189 1.329369 2.204333 4.006314 7.823110 0.111111
73 75.865616 60.293610 0.000000 1.925333 1.241540 1.962532 3.424277 6.494867 0.111111
74 75.866547 60.402058 0.000000 2.075487 1.296510 2.124508 3.838783 7.509470 0.142857
75 75.795189 60.262856 0.000000 1.845965 1.306909 2.148672 3.894126 7.634737 0.125270
76 76.089333 60.447178 0.000000 1.466243 1.265206 2.040599 3.630161 6.998197 0.111200
77 75.782722 60.696545 0.000000 1.469790 1.283362 2.071976 3.653926 6.899420 0.134663
79 75.638023 61.717209 0.000000 0.872216 1.601947 3.222853 7.211475 17.436554 0.147965
81 75.526909 60.523476 0.000000 0.812356 1.456464 2.681588 5.504087 12.286684 0.119324
83 75.177139 59.723385 0.000000 1.229627 1.304175 2.182780 4.092653 8.439802 0.071429
85 75.766075 60.362499 0.000000 1.167869 1.226510 1.924250 3.350101 6.385019 0.133737
86 76.032166 60.083984 0.000000 0.652258 1.324916 2.254029 4.261925 8.774610 0.127901
87 76.386307 60.412548 0.000000 1.022652 1.280792 2.084896 3.770982 7.459613 0.083333
