%% Trajectory 19
%% frame x (pixel)     y (pixel)    z (pixel)      m0         m1           m2           m3           m4           s 
97 35.896729 38.903481 0.000000 1.817770 1.387504 2.433502 4.750036 10.104095 0.200000
99 35.605003 38.836884 0.000000 1.408132 1.291544 2.132665 3.938418 7.996044 0.160711
100 35.743500 38.751629 0.000000 1.584026 1.329315 2.264895 4.328482 9.100263 0.151060
101 35.822895 38.969292 0.000000 1.502985 1.428241 2.582726 5.199375 11.367801 0.207317
102 35.815861 39.072826 0.000000 1.497756 1.394540 2.496376 5.032458 11.142893 0.160401
103 35.850464 38.906681 0.000000 1.669572 1.362695 2.384016 4.671800 10.030843 0.166763
104 35.570164 38.749405 0.000000 1.331161 1.280493 2.128419 3.969058 8.149506 0.166667
106 35.692551 38.753429 0.000000 2.039774 1.339188 2.290963 4.375871 9.150191 0.167303
108 35.843288 39.056801 0.000000 1.740825 1.394525 2.469367 4.878268 10.502275 0.277826
109 36.047939 38.808113 0.000000 2.317177 1.376290 2.398621 4.652745 9.826417 0.219431
110 35.970409 38.865818 0.000000 1.825625 1.332843 2.274047 4.311693 8.890980 0.166667
111 35.924431 38.941566 0.000000 2.021580 1.372927 2.420429 4.796504 10.438881 0.142862
112 36.062542 38.661568 0.000000 1.787108 1.275589 2.055348 3.642335 6.969608 0.143738
113 35.890476 38.436630 0.000000 2.146086 1.264580 2.044382 3.668217 7.190603 0.125665
114 35.873821 38.794903 0.000000 2.231469 1.257209 2.003709 3.524623 6.736573 0.155270
115 35.726883 38.799465 0.000000 2.333000 1.270639 2.068423 3.758409 7.510266 0.206853
116 35.855736 39.013622 0.000000 2.427757 1.391237 2.480923 4.960491 10.862286 0.145264
117 35.885147 38.788769 0.000000 2.635784 1.281108 2.078306 3.732555 7.303452 0.125154
118 35.858559 38.763878 0.000000 2.201358 1.257731 2.024009 3.616108 7.061385 0.142857
119 35.862206 38.670975 0.000000 2.630204 1.212664 1.877396 3.195839 5.891005 0.125180
120 35.822281 38.784924 0.000000 2.888927 1.308837 2.188334 4.089269 8.392954 0.128570
121 35.801769 38.858280 0.000000 2.829871 1.313767 2.210333 4.153226 8.558208 0.126918
122 35.835037 38.851875 0.000000 2.336878 1.336874 2.301406 4.451551 9.478990 0.133086
123 35.865047 38.491676 0.000000 2.502860 1.264390 2.030996 3.609857 6.990676 0.129656
124 35.839157 38.617424 0.000000 2.268749 1.219341 1.903826 3.287444 6.194957 0.172203
125 35.960350 38.531059 0.000000 2.520988 1.251003 1.984145 3.458348 6.513858 0.125004
126 35.981728 38.772728 0.000000 2.969253 1.341597 2.289561 4.350263 9.020920 0.129941
127 35.898193 38.657360 0.000000 2.678681 1.297758 2.150111 3.969729 8.030347 0.143052
128 35.972904 38.653084 0.000000 2.944417 1.327113 2.228832 4.150542 8.413614 0.127301
129 35.930050 38.601524 0.000000 2.761220 1.315065 2.188028 4.027892 8.052011 0.115685
130 36.032471 38.617180 0.000000 3.056184 1.291929 2.123628 3.870337 7.685508 0.111111
131 36.018578 38.532352 0.000000 2.729024 1.255207 1.993732 3.471573 6.506216 0.142857
132 35.963871 38.822914 0.000000 2.851354 1.358709 2.355484 4.565986 9.688628 0.125001
133 36.021820 38.800682 0.000000 2.936754 1.345280 2.309841 4.428635 9.286512 0.146907
134 36.056961 38.647602 0.000000 2.629518 1.270694 2.040614 3.589775 6.784898 0.125000
135 36.049805 38.842323 0.000000 2.912660 1.338259 2.280885 4.320763 8.920041 0.125104
136 36.036934 38.739685 0.000000 2.296858 1.307759 2.171457 3.983025 7.919930 0.157486
137 35.957432 38.749916 0.000000 2.651621 1.282787 2.098975 3.811563 7.546267 0.125003
138 36.005733 38.503967 0.000000 2.303546 1.284217 2.081393 3.708692 7.129443 0.143313
139 35.887844 38.859253 0.000000 2.395350 1.378042 2.443524 4.878128 10.704217 0.167846
140 35.862049 38.982361 0.000000 2.909272 1.353134 2.334556 4.506530 9.535850 0.248945
141 35.941681 39.358658 0.000000 2.559838 1.491836 2.791125 5.786468 12.954715 0.166764
143 36.090591 39.067921 0.000000 2.856170 1.370514 2.400101 4.709724 10.129091 0.166671
144 35.901253 39.548515 0.000000 2.914082 1.546144 2.965907 6.307465 14.501195 0.166667
146 35.832962 39.091637 0.000000 2.755947 1.377056 2.417107 4.752234 10.235118 0.167463
147 35.934799 38.928303 0.000000 2.359987 1.327968 2.277008 4.392723 9.333889 0.195018
148 35.999264 39.254585 0.000000 2.478199 1.400350 2.490572 4.938924 10.667306 0.200400
149 35.920685 38.751942 0.000000 2.471936 1.315083 2.223035 4.212696 8.784797 0.167564
150 36.000717 38.907692 0.000000 2.658657 1.330530 2.262335 4.298945 8.945523 0.166873
151 35.890602 38.887089 0.000000 2.200944 1.282885 2.108689 3.866891 7.772049 0.167002
152 35.869648 38.778702 0.000000 2.393561 1.259082 2.013349 3.563233 6.867272 0.166668
153 35.788219 38.599140 0.000000 2.217948 1.250010 1.991241 3.502419 6.691913 0.219606
154 35.926651 38.825485 0.000000 2.459692 1.269065 2.061593 3.725013 7.356036 0.170206
155 35.884125 38.792889 0.000000 2.200797 1.231400 1.952197 3.439081 6.631268 0.176218
156 35.882278 38.777809 0.000000 2.186190 1.243115 1.972753 3.468941 6.656720 0.166667
157 36.067436 38.909199 0.000000 2.690293 1.334545 2.266449 4.276979 8.797053 0.200001
159 36.122097 38.570297 0.000000 2.049602 1.213119 1.875171 3.189116 5.883700 0.166667
160 36.067142 38.478661 0.000000 2.470115 1.220003 1.891699 3.230069 5.991127 0.166667
161 36.245365 38.549290 0.000000 2.551451 1.209016 1.853989 3.112510 5.634912 0.200001
162 36.255711 38.761929 0.000000 2.157120 1.243846 1.956431 3.375201 6.280907 0.200000
163 36.232731 38.882870 0.000000 2.469844 1.233888 1.929089 3.305468 6.102080 0.166669
164 36.242855 38.751049 0.000000 2.432008 1.191528 1.808555 3.006846 5.399103 0.170117
165 36.526447 38.859985 0.000000 2.478818 1.192555 1.804744 2.990175 5.351667 0.200000
166 36.458397 38.959393 0.000000 2.148911 1.279076 2.076578 3.724308 7.245525 0.142870
167 36.356331 38.990246 0.000000 2.517488 1.264098 2.041388 3.637875 7.020091 0.166667
168 36.469006 38.939545 0.000000 1.940505 1.209488 1.853492 3.110655 5.633279 0.142857
169 36.610447 39.077419 0.000000 1.911490 1.228497 1.927438 3.318928 6.159459 0.142857
170 36.511288 38.819084 0.000000 1.528488 1.205138 1.840617 3.084252 5.591888 0.298177
171 36.727673 38.985710 0.000000 1.760412 1.262123 2.030981 3.591846 6.845496 0.142857
172 36.532211 38.986092 0.000000 2.363681 1.274821 2.072941 3.720843 7.230375 0.142857
173 36.768826 39.217731 0.000000 2.059903 1.282412 2.094059 3.759080 7.265475 0.142857
174 36.790104 39.122246 0.000000 1.432148 1.228539 1.918377 3.286691 6.072184 0.143316
175 36.676617 38.799023 0.000000 1.154362 1.154030 1.712258 2.796428 4.975929 0.171654
176 36.687656 38.903446 0.000000 1.179800 1.208432 1.867820 3.201689 6.007056 0.166684
178 37.052166 39.286781 0.000000 1.352828 1.415905 2.591268 5.348801 12.104151 0.142857
