%% Trajectory 193
%% frame x (pixel)     y (pixel)    z (pixel)      m0         m1           m2           m3           m4           s 
117 34.382004 57.928425 0.000000 0.765246 1.521263 2.927412 6.296879 14.744425 0.189830
119 35.127808 57.525116 0.000000 0.809981 1.461316 2.635547 5.227572 11.147922 0.189710
120 35.220222 58.189381 0.000000 0.665247 1.348550 2.324418 4.517354 9.695287 0.177465
121 35.412319 58.440269 0.000000 0.890286 1.357045 2.295987 4.299801 8.744101 0.207222
123 35.418095 57.686581 0.000000 1.510996 1.376349 2.350455 4.391783 8.792490 0.083347
125 35.197212 57.841610 0.000000 1.383393 1.326187 2.203819 4.031642 7.966075 0.084843
126 35.575260 57.363369 0.000000 1.267992 1.413437 2.526580 5.039754 10.976062 0.127999
127 35.241570 57.305225 0.000000 1.802268 1.404470 2.487830 4.901346 10.513734 0.092114
128 35.361282 57.675346 0.000000 2.031026 1.336728 2.226700 4.061011 7.954185 0.077067
129 35.235081 57.480610 0.000000 1.839664 1.383199 2.398282 4.619950 9.691238 0.100000
130 35.137280 58.012157 0.000000 1.316710 1.406256 2.521138 5.074997 11.193501 0.090993
132 35.416950 57.505745 0.000000 1.980625 1.368289 2.358773 4.527040 9.485341 0.077546
134 35.492325 57.749077 0.000000 2.065537 1.260367 2.003527 3.507499 6.658476 0.066667
136 35.347187 57.944984 0.000000 2.190994 1.458744 2.676124 5.456542 12.069415 0.090909
137 35.128979 57.810101 0.000000 2.296023 1.342044 2.270995 4.257233 8.669761 0.083355
138 35.290932 57.793858 0.000000 2.334195 1.326224 2.224198 4.123781 8.289109 0.121472
139 34.930641 57.869022 0.000000 2.453106 1.449443 2.605820 5.154182 10.967010 0.083334
140 35.319611 57.842552 0.000000 2.137707 1.402917 2.482952 4.877300 10.399169 0.091158
141 35.073166 57.865696 0.000000 1.476619 1.458963 2.718398 5.683028 12.967965 0.090909
142 35.168686 57.771065 0.000000 2.175775 1.463934 2.697729 5.546244 12.410766 0.111111
144 35.429523 57.800377 0.000000 2.718119 1.332175 2.234541 4.133299 8.269645 0.111111
145 35.482574 57.740513 0.000000 3.561456 1.351253 2.258975 4.122813 8.047296 0.111111
147 35.697254 57.809303 0.000000 3.193968 1.380647 2.374472 4.488726 9.137147 0.090909
148 35.215038 57.960018 0.000000 3.185001 1.414251 2.498450 4.855401 10.151400 0.111285
149 35.549900 57.772091 0.000000 2.968022 1.331593 2.228519 4.127485 8.306449 0.142876
150 35.363342 58.059494 0.000000 3.048203 1.358892 2.308281 4.310087 8.669154 0.125012
151 35.521740 58.345917 0.000000 2.644283 1.325187 2.230146 4.181494 8.577131 0.143040
153 35.444855 58.075249 0.000000 3.154640 1.336107 2.230180 4.080025 8.019296 0.181879
154 35.342094 58.290615 0.000000 3.323608 1.310869 2.166764 3.962009 7.877531 0.180105
155 35.393909 57.990871 0.000000 2.573141 1.359220 2.318285 4.352552 8.814688 0.125000
157 35.566856 57.812363 0.000000 2.643164 1.373204 2.354680 4.440524 9.021247 0.166667
158 35.467407 57.731644 0.000000 2.858739 1.356674 2.312867 4.342910 8.803465 0.142857
159 35.313072 57.884197 0.000000 3.165116 1.314171 2.166850 3.914459 7.592676 0.125003
160 35.441166 57.587574 0.000000 2.879182 1.363155 2.321869 4.350188 8.781618 0.125000
161 35.965828 57.413532 0.000000 3.113882 1.350850 2.286048 4.260029 8.568152 0.142857
162 35.816761 57.379883 0.000000 2.900490 1.404501 2.454684 4.726068 9.815983 0.125001
164 36.297325 57.295620 0.000000 3.347174 1.258319 1.990000 3.442432 6.398833 0.142881
165 36.065010 57.262543 0.000000 2.858811 1.490087 2.765592 5.674495 12.566428 0.166731
166 36.209953 56.815811 0.000000 3.401097 1.432051 2.545778 4.983978 10.512936 0.125000
167 36.188755 57.018742 0.000000 3.074915 1.373378 2.383428 4.597938 9.658913 0.111169
168 36.375515 57.122684 0.000000 3.165046 1.338436 2.251411 4.179798 8.403162 0.111337
169 36.500435 56.870567 0.000000 3.028081 1.449173 2.619761 5.245835 11.372576 0.125093
170 36.661495 56.901367 0.000000 3.183007 1.390247 2.413983 4.612319 9.494794 0.125000
171 36.647804 57.037579 0.000000 2.760780 1.311051 2.163783 3.934944 7.734487 0.241802
173 37.754162 57.458546 0.000000 2.641844 1.296068 2.103821 3.735548 7.115986 0.076924
174 37.586739 57.465160 0.000000 3.325438 1.278727 2.044074 3.568809 6.680971 0.083333
175 37.774532 57.800323 0.000000 3.514722 1.377588 2.375664 4.511233 9.233197 0.090909
177 37.624584 57.426933 0.000000 3.016918 1.280721 2.061054 3.629138 6.861321 0.149236
178 37.477638 57.456684 0.000000 2.424364 1.334621 2.213300 4.028101 7.896437 0.085084
179 37.195202 56.984966 0.000000 2.302253 1.351803 2.317431 4.423125 9.209922 0.100000
180 37.557549 57.378666 0.000000 2.251170 1.317059 2.204176 4.094097 8.282987 0.090909
181 37.751373 57.379250 0.000000 1.713123 1.551995 2.952639 6.162787 13.759379 0.100000
183 37.380596 56.326565 0.000000 1.706840 1.359947 2.326504 4.403718 9.039910 0.090911
184 37.080597 56.724453 0.000000 1.966424 1.344839 2.277442 4.261955 8.632135 0.100136
