%% Trajectory 27
%% frame x (pixel)     y (pixel)    z (pixel)      m0         m1           m2           m3           m4           s 
57 58.643791 43.475201 0.000000 0.832650 1.389029 2.375325 4.428883 8.813530 0.192444
59 57.582214 43.748909 0.000000 0.871192 1.378652 2.377752 4.516967 9.259141 0.154217
60 58.036461 43.652370 0.000000 0.691807 1.514207 2.844509 5.884168 13.089829 0.185684
62 56.877609 43.667210 0.000000 0.662951 1.431457 2.637335 5.460887 12.374959 0.158693
64 57.865837 44.214939 0.000000 0.956851 1.468650 2.688680 5.449649 11.952397 0.144067
65 57.898972 44.022789 0.000000 0.914380 1.482207 2.787285 5.840469 13.271667 0.148919
66 57.943871 44.219296 0.000000 1.170431 1.415996 2.504456 4.885546 10.286878 0.142903
67 57.997906 44.391926 0.000000 1.167713 1.310033 2.186157 4.057871 8.227079 0.090909
68 58.208191 44.419701 0.000000 1.190014 1.408935 2.479010 4.819530 10.135210 0.142889
69 58.196449 44.277550 0.000000 0.957135 1.377555 2.392690 4.617729 9.690901 0.111232
70 58.322548 43.785969 0.000000 1.019487 1.462118 2.680606 5.436439 11.908149 0.114498
71 57.940376 43.398083 0.000000 1.192327 1.399083 2.483443 4.916097 10.615506 0.166769
72 58.110291 43.841305 0.000000 1.192012 1.361320 2.349872 4.523167 9.511781 0.200000
73 58.507751 44.295158 0.000000 1.141832 1.277364 2.063478 3.667734 7.051758 0.166667
75 57.837757 43.708694 0.000000 1.256901 1.473029 2.699873 5.465245 11.937654 0.125060
76 58.043415 43.927601 0.000000 1.372486 1.335328 2.260882 4.258046 8.736749 0.125000
77 58.007896 43.919304 0.000000 1.481519 1.437741 2.613161 5.282003 11.586611 0.125000
78 58.409931 43.775291 0.000000 1.677420 1.416590 2.493240 4.829368 10.081774 0.142857
79 58.377686 44.074619 0.000000 1.552470 1.373899 2.383809 4.598644 9.664891 0.111111
80 58.157600 44.224968 0.000000 1.411108 1.358894 2.330648 4.424821 9.109304 0.166667
81 57.957951 43.645390 0.000000 1.389835 1.434068 2.582067 5.166813 11.232793 0.111111
82 58.072731 43.811337 0.000000 1.409335 1.336372 2.277528 4.334901 9.039197 0.125003
83 58.235218 44.031498 0.000000 1.663469 1.395639 2.435139 4.675355 9.659682 0.125000
84 58.157501 43.893833 0.000000 1.692794 1.389273 2.408257 4.604496 9.509090 0.200000
85 58.292824 44.217361 0.000000 1.897922 1.405894 2.453804 4.699084 9.659065 0.125000
86 58.458256 44.150940 0.000000 2.001060 1.347664 2.260106 4.158973 8.237345 0.200000
87 57.955620 43.900711 0.000000 2.317352 1.436753 2.581469 5.142560 11.106834 0.166667
88 58.250439 43.827301 0.000000 2.454697 1.358770 2.317639 4.361806 8.878323 0.142857
89 58.202324 43.665421 0.000000 1.889380 1.394483 2.437629 4.720160 9.918153 0.142857
90 58.405491 43.956287 0.000000 2.365448 1.435230 2.552399 4.998048 10.546183 0.166667
91 58.646885 43.892662 0.000000 2.120218 1.387108 2.394325 4.552365 9.346304 0.200000
92 58.101719 43.897316 0.000000 2.378275 1.369139 2.348190 4.429182 8.999099 0.200000
93 58.263111 43.998825 0.000000 2.575000 1.428667 2.550728 5.019307 10.641908 0.200000
94 58.131073 44.138447 0.000000 2.593390 1.378871 2.387350 4.572301 9.486371 0.125000
95 57.971863 43.898666 0.000000 2.023556 1.389384 2.413707 4.617430 9.516341 0.111111
96 58.130104 44.115841 0.000000 2.090685 1.411496 2.488465 4.852954 10.244040 0.200000
97 57.822430 43.938065 0.000000 2.033720 1.413806 2.496001 4.857912 10.194528 0.166667
98 58.290237 43.858566 0.000000 2.566156 1.380114 2.367712 4.465634 9.073387 0.142857
99 58.132534 43.837086 0.000000 2.642799 1.385869 2.400960 4.597125 9.526592 0.125000
100 58.158550 43.833759 0.000000 2.557861 1.416487 2.494936 4.841293 10.132011 0.166667
101 58.328068 44.037758 0.000000 2.793565 1.390097 2.413447 4.621361 9.557121 0.166667
102 57.931522 44.007191 0.000000 2.662450 1.406678 2.483617 4.856000 10.285590 0.250000
103 58.129856 43.784012 0.000000 2.984296 1.369856 2.352495 4.462193 9.159119 0.250000
104 58.217724 44.184975 0.000000 2.611829 1.414618 2.495740 4.857891 10.210966 0.125000
105 58.213470 43.927765 0.000000 2.873033 1.426811 2.520738 4.887724 10.176893 0.166667
106 58.237999 44.034233 0.000000 2.822236 1.383623 2.407456 4.632394 9.645637 0.166667
107 57.933815 43.948120 0.000000 3.069190 1.415971 2.506299 4.900536 10.348326 0.333333
108 58.274952 43.826542 0.000000 2.929891 1.313543 2.166111 3.928493 7.688939 0.333333
109 58.380268 43.862114 0.000000 2.606889 1.366991 2.331268 4.370718 8.831716 0.200000
110 58.316257 44.010395 0.000000 3.016571 1.365265 2.335898 4.405562 8.973065 0.333333
111 58.177628 44.154724 0.000000 2.965150 1.354138 2.310731 4.364448 8.945932 0.250000
112 58.374752 43.954170 0.000000 3.299496 1.372566 2.354227 4.462326 9.168065 0.500000
113 58.456184 44.210617 0.000000 2.742550 1.342817 2.242140 4.096894 8.029557 0.250000
114 58.652222 44.393345 0.000000 2.704778 1.340321 2.234804 4.078545 7.987743 0.333333
115 58.595631 44.613991 0.000000 2.592312 1.393956 2.399119 4.515664 9.101032 0.250000
116 58.818581 44.537060 0.000000 2.904136 1.323324 2.194888 3.993949 7.822943 0.333333
117 58.495197 44.214973 0.000000 2.334733 1.370146 2.343640 4.411008 8.954618 0.500000
118 58.776077 44.551826 0.000000 2.626145 1.354757 2.276201 4.182834 8.240051 0.333333
119 59.030701 44.434685 0.000000 2.958698 1.378704 2.385805 4.571873 9.508270 0.333333
120 58.612415 44.386707 0.000000 2.658391 1.373700 2.352478 4.424913 8.957129 0.500000
121 58.693272 44.389690 0.000000 3.006982 1.344729 2.251782 4.127821 8.121783 0.500000
122 58.608639 44.366249 0.000000 2.527117 1.365834 2.332149 4.394088 8.962938 0.250000
124 58.928440 44.579865 0.000000 2.239912 1.455330 2.633099 5.256757 11.328175 0.354522
125 59.523964 44.735214 0.000000 2.627149 1.386122 2.396415 4.574522 9.449253 0.500000
126 59.597107 44.156292 0.000000 2.817625 1.393375 2.423511 4.649770 9.643244 0.500000
127 60.116680 44.096386 0.000000 2.757066 1.429838 2.557186 5.070941 10.908752 0.500000
128 59.783939 44.114349 0.000000 2.531995 1.425065 2.531369 4.966813 10.533425 0.500000
129 59.373013 43.922043 0.000000 2.380783 1.441051 2.590688 5.147705 11.056658 0.333333
130 59.540188 44.035549 0.000000 2.895672 1.480835 2.739903 5.623621 12.495205 0.500000
132 59.458447 44.258648 0.000000 1.522143 1.372652 2.353631 4.450548 9.102532 0.250000
133 59.379696 44.620037 0.000000 1.932624 1.354073 2.292700 4.283203 8.665161 0.250000
134 59.588760 44.572216 0.000000 1.522280 1.239910 1.935419 3.303770 6.066196 0.250000
135 59.685066 44.849621 0.000000 1.596934 1.482244 2.741994 5.616323 12.445495 0.333333
136 59.713501 44.705421 0.000000 1.698791 1.419546 2.505026 4.875559 10.245321 0.333333
138 61.199623 44.588860 0.000000 1.022099 1.527645 2.904215 6.107500 13.849689 0.333334
