%% Trajectory 67
%% frame x (pixel)     y (pixel)    z (pixel)      m0         m1           m2           m3           m4           s 
131 91.055595 45.995705 0.000000 0.755394 1.374142 2.462716 4.959464 10.941489 0.268177
132 91.041679 46.203182 0.000000 0.748089 1.259935 2.057269 3.757381 7.538485 0.282240
133 91.057770 45.901035 0.000000 0.824678 1.399016 2.536139 5.149732 11.415560 0.251048
134 90.597137 46.310177 0.000000 1.256307 1.465667 2.708722 5.602343 12.646626 0.250404
135 90.176491 46.441380 0.000000 1.081732 1.360354 2.346251 4.522121 9.552541 0.333333
136 90.641998 45.751892 0.000000 1.090214 1.373331 2.410075 4.724296 10.123991 0.333333
138 90.249458 45.814930 0.000000 1.453562 1.434407 2.593078 5.205966 11.349465 0.333334
139 90.846443 45.909733 0.000000 1.395780 1.434956 2.598069 5.226267 11.403100 0.333333
140 90.481377 45.846172 0.000000 0.983113 1.346167 2.289123 4.309605 8.807312 0.201713
141 90.881775 45.687397 0.000000 1.392967 1.359331 2.330799 4.419958 9.071675 0.200000
142 90.398094 46.187927 0.000000 1.572508 1.449108 2.631559 5.309998 11.631839 0.167202
143 90.299583 46.106110 0.000000 1.145237 1.299381 2.110208 3.738453 7.083275 0.166939
144 90.549271 46.494907 0.000000 1.215345 1.317813 2.185234 3.983902 7.835422 0.200000
145 90.782494 46.365013 0.000000 1.481102 1.524408 2.882339 6.024966 13.583524 0.333334
146 90.065994 46.315937 0.000000 1.595083 1.451737 2.624566 5.252553 11.374430 0.250015
147 90.871094 45.938229 0.000000 1.601348 1.449094 2.594495 5.094798 10.728385 0.216904
148 90.604813 46.104080 0.000000 1.895403 1.376723 2.382240 4.555298 9.416598 0.250000
149 90.496353 45.994854 0.000000 1.771341 1.404589 2.487161 4.895484 10.476982 0.166667
150 90.632874 45.837852 0.000000 1.991755 1.390993 2.408555 4.589894 9.426432 0.200005
151 90.538017 46.018711 0.000000 2.241330 1.392204 2.429065 4.675128 9.709534 0.250000
152 90.801888 46.019844 0.000000 1.914946 1.385746 2.426004 4.731102 10.059191 0.333391
153 90.531235 46.064930 0.000000 2.143269 1.427584 2.552805 5.056033 10.843946 0.250052
154 90.420395 45.876789 0.000000 2.083944 1.375176 2.358166 4.453577 9.071479 0.250011
155 90.547646 46.096184 0.000000 2.256992 1.337844 2.236717 4.109479 8.136027 0.250000
156 90.635849 46.088409 0.000000 2.059917 1.442706 2.594220 5.151320 11.045097 0.258128
157 90.629951 46.035732 0.000000 2.373827 1.401416 2.480691 4.868133 10.350164 0.250069
158 90.566566 45.837875 0.000000 2.057374 1.345336 2.261144 4.171243 8.279206 0.251096
159 90.326805 45.937325 0.000000 2.554324 1.403998 2.476578 4.844833 10.286692 0.250001
160 90.705048 46.091221 0.000000 2.274680 1.372185 2.369032 4.543002 9.479517 0.384020
161 90.561317 45.930527 0.000000 2.877044 1.391845 2.413537 4.608626 9.490569 0.295339
162 90.473114 46.038410 0.000000 2.856996 1.349956 2.269899 4.183037 8.278925 0.250000
163 90.568344 46.187435 0.000000 2.518331 1.391010 2.405685 4.563297 9.297133 0.302572
164 90.571770 46.217987 0.000000 2.759737 1.315241 2.183173 4.004502 7.973971 0.250000
165 90.516045 46.271645 0.000000 3.233222 1.346505 2.259622 4.157508 8.220766 0.166667
166 90.574860 45.898037 0.000000 2.605009 1.437137 2.620980 5.339228 11.856230 0.166719
168 90.509575 45.840942 0.000000 2.972496 1.347012 2.278232 4.259948 8.639646 0.200000
169 90.571266 45.939743 0.000000 3.060670 1.348379 2.268546 4.184896 8.293723 0.200000
170 90.543518 45.895992 0.000000 3.326831 1.308878 2.142579 3.842136 7.404390 0.200000
171 90.423492 46.222538 0.000000 2.986168 1.343641 2.264665 4.215694 8.503674 0.200000
172 90.522980 46.025726 0.000000 3.502091 1.367586 2.340713 4.409917 8.959277 0.200000
173 90.601921 45.895069 0.000000 4.136747 1.333717 2.232981 4.113281 8.173569 0.200000
174 90.505379 45.924473 0.000000 3.620476 1.325606 2.197589 3.997263 7.824912 0.200000
175 90.465714 45.851425 0.000000 3.860882 1.345585 2.267596 4.211362 8.451968 0.200000
176 90.596100 45.925667 0.000000 3.562220 1.394154 2.426112 4.657692 9.659235 0.250000
177 90.468834 46.287907 0.000000 3.867563 1.336081 2.217236 4.016751 7.784058 0.250000
178 90.406967 46.101490 0.000000 3.805372 1.352584 2.279884 4.213723 8.367541 0.250000
179 90.511787 46.078453 0.000000 3.574572 1.348817 2.287919 4.286632 8.694628 0.250000
180 90.296890 46.104816 0.000000 3.589719 1.398842 2.436161 4.672991 9.665646 0.250000
181 90.419907 46.175224 0.000000 3.279989 1.338467 2.247518 4.158373 8.315214 0.200000
182 90.326210 46.400757 0.000000 3.461859 1.392022 2.411508 4.600901 9.470272 0.250000
183 90.087219 46.211353 0.000000 3.141314 1.415219 2.500537 4.877060 10.280950 0.250013
184 90.240433 46.277458 0.000000 2.912604 1.363030 2.341170 4.449197 9.170610 0.251492
185 89.912971 46.097103 0.000000 2.993163 1.429225 2.563634 5.104390 11.024518 0.250000
186 89.941856 46.429688 0.000000 3.035448 1.358884 2.318978 4.377941 8.961789 0.250003
187 89.829849 46.210506 0.000000 2.532521 1.351133 2.279201 4.226514 8.446804 0.250224
188 89.706497 46.475254 0.000000 3.223047 1.401751 2.447104 4.710964 9.797415 0.250793
189 89.829903 46.128422 0.000000 2.873223 1.372491 2.353323 4.436679 9.005168 0.250017
190 89.901245 46.101814 0.000000 2.917230 1.394454 2.440352 4.735820 9.976511 0.250000
191 89.889435 46.141773 0.000000 2.240529 1.357363 2.344475 4.532447 9.603863 0.250000
192 89.662964 46.005733 0.000000 2.299243 1.414727 2.500753 4.882249 10.302075 0.256560
193 89.576050 46.162678 0.000000 2.202613 1.364921 2.347398 4.482180 9.309672 0.250002
194 89.692574 45.841835 0.000000 2.108647 1.341276 2.267455 4.223114 8.494596 0.256089
195 89.519127 46.132469 0.000000 2.579505 1.425658 2.550927 5.067162 10.927336 0.250000
197 89.296921 46.088493 0.000000 2.466665 1.366913 2.342599 4.427773 9.042319 0.250000
198 89.309319 46.316814 0.000000 2.177347 1.296097 2.103229 3.737206 7.134426 0.333333
199 89.217857 46.901394 0.000000 2.061209 1.406633 2.503441 4.972874 10.779485 0.250000
200 89.399330 46.824806 0.000000 1.836675 1.490596 2.773890 5.726464 12.800216 0.413138
