%% Trajectory 22
%% frame x (pixel)     y (pixel)    z (pixel)      m0         m1           m2           m3           m4           s 
83 15.009792 60.984871 0.000000 0.630580 1.655686 3.363793 7.506580 17.915518 0.143381
85 14.703303 60.557934 0.000000 0.877900 1.327447 2.199720 3.999549 7.825854 0.142960
86 14.779346 60.729935 0.000000 0.858911 1.266654 2.016322 3.512988 6.578052 0.166717
87 14.436776 60.618034 0.000000 0.768158 1.420459 2.517696 4.949882 10.563668 0.175470
88 14.564673 60.804661 0.000000 0.957365 1.391979 2.412742 4.605630 9.478851 0.197954
89 14.229506 60.768940 0.000000 1.089805 1.392876 2.424101 4.672011 9.777060 0.166690
90 14.603929 60.312626 0.000000 0.745793 1.358305 2.360523 4.608125 9.883593 0.166717
91 14.862413 60.285530 0.000000 0.848875 1.429458 2.584865 5.219561 11.476707 0.142881
92 14.648845 60.420227 0.000000 1.233763 1.323361 2.233970 4.221765 8.775861 0.166717
93 14.766843 60.630623 0.000000 1.407987 1.395757 2.436791 4.710208 9.878620 0.166667
94 14.898009 60.645126 0.000000 1.571800 1.505722 2.813383 5.806903 12.929506 0.111111
95 15.211588 60.846886 0.000000 0.995989 1.376457 2.395259 4.632574 9.749019 0.166667
97 14.440571 60.155487 0.000000 1.015888 1.374683 2.410670 4.746235 10.269977 0.168414
98 14.732422 60.591801 0.000000 1.489895 1.430358 2.556220 5.072544 10.929298 0.166906
99 14.526998 60.598904 0.000000 1.297548 1.266261 2.007706 3.478578 6.469152 0.125015
100 14.798204 60.160229 0.000000 1.267768 1.333416 2.258648 4.263197 8.795036 0.238000
101 14.740341 60.495991 0.000000 1.503701 1.369594 2.355831 4.479183 9.224846 0.166683
102 14.860068 60.946671 0.000000 1.070189 1.429934 2.615584 5.351041 11.935286 0.363057
103 14.628286 60.809368 0.000000 1.255256 1.358359 2.308265 4.319960 8.724636 0.125007
104 14.812881 60.533649 0.000000 1.296152 1.365807 2.362009 4.534650 9.456791 0.125000
105 14.847296 60.765594 0.000000 1.391542 1.366653 2.355646 4.483825 9.225071 0.125130
106 14.349835 60.713444 0.000000 1.174106 1.273068 2.054434 3.663383 7.099677 0.281745
107 14.855546 60.511345 0.000000 1.413786 1.361691 2.333953 4.421751 9.066405 0.125398
108 14.740321 60.664906 0.000000 1.212915 1.354504 2.294762 4.285497 8.647818 0.169212
109 14.216082 60.854336 0.000000 1.263099 1.280143 2.087947 3.776438 7.449707 0.143766
110 14.655249 60.810215 0.000000 1.132976 1.284705 2.075889 3.685909 7.065745 0.322087
112 14.605411 60.621002 0.000000 1.557222 1.366557 2.348350 4.464370 9.201152 0.147803
113 14.760230 60.620804 0.000000 1.136516 1.243007 1.954290 3.368269 6.259554 0.166676
114 14.652767 60.533516 0.000000 1.667172 1.328920 2.237455 4.184449 8.537280 0.333160
115 14.556299 60.810020 0.000000 1.297523 1.321947 2.185851 3.967517 7.757457 0.166669
117 15.147501 60.257690 0.000000 1.875627 1.450194 2.632572 5.297939 11.546744 0.200218
118 14.704592 60.489758 0.000000 1.476171 1.314893 2.171283 3.940746 7.709817 0.173687
119 15.142241 60.236721 0.000000 1.460329 1.364277 2.304825 4.257408 8.426696 0.142859
120 15.472428 60.234119 0.000000 1.730673 1.379916 2.391434 4.594509 9.591699 0.166935
121 15.507257 60.109600 0.000000 1.832163 1.322929 2.193971 4.003322 7.888337 0.201677
122 15.278340 60.153797 0.000000 1.666221 1.333960 2.221968 4.065873 8.019460 0.200116
123 15.249884 59.756760 0.000000 1.993513 1.338853 2.256654 4.210175 8.532104 0.166667
124 15.659287 59.718090 0.000000 1.797181 1.400469 2.451351 4.732231 9.867595 0.166667
125 15.884614 59.760681 0.000000 1.637945 1.394500 2.445004 4.729151 9.867330 0.166667
126 16.100382 59.746937 0.000000 1.474407 1.391850 2.427542 4.679933 9.764382 0.211696
127 16.154024 59.876926 0.000000 1.763437 1.319156 2.206250 4.091688 8.253557 0.216118
128 16.328884 59.551907 0.000000 1.640114 1.443586 2.610889 5.247510 11.446060 0.167731
129 16.007669 59.615391 0.000000 1.781125 1.379434 2.391110 4.586520 9.526347 0.225660
130 15.739462 59.879425 0.000000 1.274968 1.434927 2.581949 5.145308 11.096240 0.166667
131 16.236855 59.703632 0.000000 1.729815 1.366747 2.340882 4.431324 9.081899 0.206081
132 16.161036 59.742947 0.000000 1.511238 1.350293 2.298812 4.334620 8.872177 0.244421
133 16.046253 59.603764 0.000000 1.904983 1.370571 2.364486 4.519692 9.378692 0.250045
134 15.986987 59.520912 0.000000 1.488286 1.407037 2.478452 4.849956 10.321809 0.211939
135 16.120359 59.949730 0.000000 1.366273 1.380458 2.393703 4.590750 9.531094 0.202874
137 15.430591 59.632019 0.000000 1.132661 1.306517 2.148661 3.893246 7.626931 0.200001
138 15.846422 59.542900 0.000000 1.217280 1.289565 2.108164 3.814065 7.505095 0.200002
139 15.716387 59.554379 0.000000 1.002451 1.369874 2.361492 4.518282 9.399507 0.200000
