%% Trajectory 12
%% frame x (pixel)     y (pixel)    z (pixel)      m0         m1           m2           m3           m4           s 
47 37.554306 51.201569 0.000000 0.973867 1.353366 2.294490 4.270275 8.545282 0.146385
48 37.541874 51.822464 0.000000 1.069757 1.270656 2.046988 3.622660 6.916179 0.145901
49 37.949028 51.500313 0.000000 0.928894 1.284563 2.087375 3.754547 7.353441 0.197919
51 37.788914 51.568787 0.000000 1.081306 1.346571 2.296694 4.374009 9.127924 0.142858
53 37.934330 51.669861 0.000000 1.228471 1.380900 2.409058 4.673466 9.873576 0.142943
54 37.789478 51.608341 0.000000 1.190853 1.491306 2.778517 5.769825 13.033932 0.143615
55 37.586575 51.754284 0.000000 1.060064 1.340562 2.294125 4.391866 9.228087 0.142857
57 38.265079 51.605751 0.000000 1.516756 1.451775 2.654835 5.415552 12.039011 0.144391
58 37.900124 51.550198 0.000000 1.616128 1.437186 2.607674 5.284338 11.680252 0.169920
59 37.812820 51.295227 0.000000 1.505559 1.350873 2.302948 4.349630 8.930060 0.194409
60 37.710285 51.526550 0.000000 1.234720 1.343269 2.287680 4.351181 9.073094 0.143628
61 37.975266 51.493809 0.000000 1.662614 1.392965 2.453197 4.828810 10.397645 0.168654
62 37.690571 51.633907 0.000000 1.297968 1.361635 2.345513 4.508237 9.484232 0.142857
63 37.746220 51.517952 0.000000 1.362682 1.338030 2.336044 4.651064 10.324425 0.144001
64 37.708984 51.595078 0.000000 1.487438 1.422927 2.554930 5.101755 11.074218 0.142857
65 37.853848 51.298672 0.000000 1.401127 1.434352 2.602361 5.287062 11.751382 0.142857
66 38.008430 51.482292 0.000000 1.446692 1.389983 2.462461 4.894817 10.680749 0.146525
67 37.942276 51.815804 0.000000 1.454526 1.428738 2.608644 5.346762 11.992702 0.142864
68 37.755383 51.680405 0.000000 1.634299 1.368210 2.388537 4.669084 10.005984 0.226527
69 37.871094 51.586239 0.000000 1.745315 1.400663 2.498307 4.991270 10.918686 0.143016
70 38.447987 51.582386 0.000000 1.560434 1.477333 2.753813 5.738174 13.032716 0.150698
71 37.846458 51.754673 0.000000 1.845487 1.435085 2.611461 5.321993 11.856148 0.150296
72 37.984692 51.767982 0.000000 1.740515 1.397853 2.488986 4.970573 10.881290 0.184511
73 37.826508 51.700199 0.000000 1.708336 1.443664 2.629338 5.342998 11.832417 0.166668
74 37.953289 51.619247 0.000000 1.502390 1.383882 2.438087 4.804599 10.362050 0.201357
75 37.938564 51.507385 0.000000 1.997748 1.418592 2.530334 5.022819 10.855706 0.166765
76 38.001694 51.427109 0.000000 1.530620 1.412109 2.542065 5.144462 11.426361 0.190017
77 37.744465 51.544998 0.000000 1.854880 1.422171 2.558109 5.134721 11.246334 0.166667
79 37.816090 51.477951 0.000000 1.469660 1.433917 2.607519 5.313531 11.850838 0.143200
80 37.982395 51.798199 0.000000 1.194938 1.502506 2.863402 6.134511 14.354556 0.200000
82 37.955120 51.780380 0.000000 1.596173 1.420846 2.582852 5.289876 11.903076 0.200000
83 38.007500 51.681969 0.000000 1.479966 1.543062 3.027297 6.668004 15.984361 0.167119
84 37.576241 51.444633 0.000000 1.727077 1.389657 2.445468 4.804826 10.323781 0.200000
85 37.882034 51.612900 0.000000 1.963615 1.397188 2.516419 5.111485 11.427289 0.200003
86 37.734871 51.418041 0.000000 1.632921 1.352811 2.365071 4.674151 10.219972 0.166884
87 37.589890 51.543957 0.000000 1.762416 1.316308 2.234113 4.278254 9.077538 0.166667
88 37.521633 51.517521 0.000000 1.892033 1.344495 2.317795 4.492055 9.595543 0.166667
89 37.542801 51.508499 0.000000 1.947842 1.294857 2.123159 3.861622 7.664526 0.166667
90 37.744835 51.561378 0.000000 1.982160 1.372062 2.398418 4.704743 10.143837 0.166667
91 37.637463 51.551800 0.000000 2.107590 1.334830 2.285827 4.419867 9.467609 0.200691
92 37.852196 51.596684 0.000000 1.726362 1.414244 2.568879 5.258729 11.832777 0.360328
93 37.521210 51.536343 0.000000 1.765414 1.317241 2.251732 4.365397 9.413080 0.166670
94 37.661743 51.468346 0.000000 2.080661 1.333680 2.275684 4.346471 9.120028 0.166685
95 37.289677 51.347343 0.000000 2.380880 1.383020 2.441233 4.824072 10.445569 0.261264
96 37.639790 51.502636 0.000000 1.784433 1.319632 2.252314 4.327670 9.182409 0.200000
97 37.608681 51.490299 0.000000 2.433857 1.325733 2.207607 4.059025 8.094145 0.380013
98 37.660137 51.619919 0.000000 2.328025 1.325241 2.244764 4.264332 8.923963 0.221108
99 37.352844 51.396446 0.000000 1.891030 1.282939 2.088126 3.767828 7.419618 0.250000
100 37.754303 51.525520 0.000000 2.286090 1.327649 2.240586 4.225832 8.752246 0.262859
101 37.931030 51.535179 0.000000 2.970442 1.375256 2.397096 4.660167 9.899354 0.251251
102 38.092041 51.398220 0.000000 2.468228 1.464841 2.709911 5.600150 12.603985 0.250000
103 37.818268 51.505783 0.000000 2.852775 1.379801 2.391194 4.608313 9.685588 0.200000
104 37.799065 51.383446 0.000000 2.759405 1.358532 2.322878 4.410450 9.125239 0.250267
105 37.743999 51.487598 0.000000 2.955711 1.324551 2.226940 4.157991 8.467954 0.250052
106 37.866528 51.352619 0.000000 2.830666 1.349633 2.306784 4.391045 9.131836 0.250000
107 38.037037 51.372776 0.000000 3.057461 1.356837 2.342176 4.510965 9.499910 0.200000
108 38.172066 51.248302 0.000000 3.226719 1.377696 2.373024 4.510849 9.274263 0.250000
109 38.165146 51.407963 0.000000 2.929774 1.318781 2.170724 3.906642 7.538765 0.200000
110 38.146976 51.118603 0.000000 3.296620 1.406513 2.478057 4.837941 10.246215 0.200000
111 38.301506 51.135410 0.000000 3.432544 1.343555 2.267256 4.221075 8.505570 0.250000
112 38.297096 51.024384 0.000000 3.050625 1.355336 2.316700 4.377848 8.962670 0.250000
113 38.349945 50.827938 0.000000 3.475379 1.342340 2.255974 4.182027 8.391406 0.250000
114 38.188675 50.735912 0.000000 3.142640 1.372648 2.355362 4.462501 9.151760 0.250000
115 38.336411 51.010555 0.000000 2.833238 1.334902 2.242298 4.156285 8.341249 0.250000
116 38.384079 51.007751 0.000000 2.730817 1.345395 2.274233 4.240050 8.548945 0.250000
117 38.491455 50.823177 0.000000 3.200042 1.326544 2.203150 4.027561 7.957091 0.250000
118 38.541634 50.633179 0.000000 3.098150 1.304304 2.127649 3.799838 7.291837 0.250000
119 38.913189 50.611225 0.000000 2.522532 1.380188 2.383916 4.542163 9.353648 0.250000
120 39.117966 50.673294 0.000000 2.227293 1.447149 2.618139 5.249206 11.404439 0.472870
121 39.445625 50.659363 0.000000 2.342962 1.469635 2.657792 5.276083 11.244720 0.250029
122 39.642208 50.623276 0.000000 3.151065 1.398112 2.415606 4.572804 9.293058 0.250000
123 39.691589 50.522270 0.000000 2.430714 1.315784 2.157222 3.864519 7.419578 0.250000
125 38.404621 49.568859 0.000000 1.539455 1.355718 2.311454 4.358484 8.917117 0.250115
126 38.706429 50.065525 0.000000 1.645409 1.369067 2.355306 4.474175 9.194936 0.250001
127 38.694595 50.617771 0.000000 1.500467 1.430384 2.555984 5.060778 10.862399 0.250001
128 39.259823 50.231209 0.000000 1.600385 1.403441 2.467842 4.794387 10.071010 0.250000
130 39.237110 50.539871 0.000000 1.277923 1.350157 2.320573 4.464372 9.429691 0.200000
131 38.711914 50.692322 0.000000 1.586303 1.411136 2.467317 4.735103 9.765719 0.250000
133 39.147861 50.327381 0.000000 0.695991 1.466289 2.718355 5.619861 12.635001 0.163587
135 38.696438 50.818802 0.000000 0.823285 1.446844 2.623984 5.287979 11.567657 0.203788
