%% Trajectory 151
%% frame x (pixel)     y (pixel)    z (pixel)      m0         m1           m2           m3           m4           s 
172 49.435505 79.375381 0.000000 0.474144 1.110851 1.565246 2.411036 4.051520 0.142857
174 49.172577 78.509262 0.000000 0.907230 1.501397 2.818368 5.871696 13.243535 0.146597
176 49.047211 78.733414 0.000000 0.886119 1.362889 2.332720 4.389026 8.894557 0.142857
177 49.016544 78.707184 0.000000 1.385325 1.436035 2.567810 5.075371 10.839167 0.154252
178 48.633186 78.561020 0.000000 0.902994 1.478779 2.719337 5.521396 12.098740 0.142857
180 49.423889 79.186035 0.000000 1.792505 1.334367 2.240430 4.169577 8.445231 0.143204
181 48.977928 78.991798 0.000000 1.520744 1.448408 2.639618 5.345796 11.742812 0.166980
183 49.109337 79.154373 0.000000 1.802005 1.344107 2.280569 4.282335 8.724404 0.145212
184 49.228268 79.451820 0.000000 1.716718 1.285947 2.077749 3.683988 7.037666 0.166667
185 49.166157 79.501129 0.000000 1.839072 1.229815 1.915698 3.273322 6.041263 0.125000
186 49.180969 79.423630 0.000000 2.086609 1.273360 2.041282 3.607747 6.917984 0.142857
187 49.354820 79.289665 0.000000 2.588506 1.270223 2.036808 3.597410 6.884521 0.166687
188 49.418640 79.409973 0.000000 2.225871 1.225154 1.893280 3.202039 5.835783 0.142857
190 49.493916 79.305298 0.000000 2.664390 1.260116 1.991100 3.439012 6.379795 0.142857
191 49.112854 79.320862 0.000000 2.247161 1.301618 2.126423 3.813889 7.368900 0.125425
193 49.452171 79.199974 0.000000 3.767454 1.298516 2.110662 3.754215 7.169427 0.142857
194 49.328533 79.337273 0.000000 3.734279 1.264004 2.002311 3.467250 6.447284 0.142857
195 49.155849 79.129333 0.000000 3.124260 1.327921 2.225005 4.113698 8.225754 0.143451
197 49.394707 79.366837 0.000000 4.357386 1.306490 2.127422 3.776485 7.163444 0.142857
198 49.450310 79.420586 0.000000 3.618784 1.269521 2.012667 3.487167 6.487801 0.125041
199 49.400230 79.434837 0.000000 4.003448 1.279085 2.047326 3.579282 6.707891 0.196026
200 49.423656 79.525299 0.000000 4.446968 1.286706 2.068494 3.630176 6.823992 0.176907
201 49.328148 79.489601 0.000000 4.242448 1.260858 1.995546 3.451452 6.408167 0.166795
202 49.407795 79.544701 0.000000 4.255660 1.308264 2.142643 3.845396 7.422554 0.200000
203 49.416122 79.340225 0.000000 5.003588 1.274706 2.035064 3.549271 6.638058 0.166667
205 49.386745 79.320770 0.000000 4.870402 1.287047 2.070610 3.637224 6.843855 0.125000
206 49.273048 79.375076 0.000000 4.763691 1.315501 2.162823 3.894136 7.533618 0.125000
207 49.454559 79.227867 0.000000 4.947044 1.304605 2.142214 3.877983 7.605730 0.179216
208 49.458561 79.290581 0.000000 4.616113 1.288330 2.076066 3.652071 6.878723 0.177130
209 49.484585 79.208481 0.000000 5.517032 1.285158 2.067634 3.631309 6.829200 0.166667
210 49.487743 79.310776 0.000000 5.634056 1.317410 2.156747 3.850143 7.346276 0.166667
211 49.350243 79.349007 0.000000 5.829820 1.280541 2.052867 3.593985 6.742573 0.125000
212 49.269230 79.396751 0.000000 5.419927 1.291748 2.085899 3.677672 6.944556 0.142859
213 49.460133 79.251007 0.000000 4.947710 1.301321 2.118275 3.769291 7.191694 0.172009
214 49.545464 79.250755 0.000000 5.857296 1.327243 2.196788 3.982409 7.753602 0.142862
215 49.701721 79.296036 0.000000 5.789858 1.309633 2.149211 3.865245 7.470970 0.142857
216 49.456676 79.335854 0.000000 5.877695 1.290196 2.082104 3.667138 6.913207 0.142857
217 49.480724 79.293915 0.000000 5.729756 1.321987 2.183852 3.951225 7.675949 0.166748
218 49.413517 79.403702 0.000000 6.191290 1.279387 2.050710 3.589168 6.730901 0.166667
219 49.492107 79.318062 0.000000 6.227167 1.279141 2.051017 3.591322 6.737954 0.132405
220 49.482555 79.441971 0.000000 6.240500 1.269243 2.022121 3.520010 6.572741 0.125066
221 49.560577 79.321815 0.000000 6.107533 1.309943 2.147586 3.856256 7.438122 0.142857
222 49.514111 79.330330 0.000000 6.151283 1.285812 2.072321 3.651335 6.901143 0.142862
223 49.474281 79.453743 0.000000 6.790327 1.298644 2.104496 3.719655 7.030742 0.142857
224 49.592358 79.470589 0.000000 6.698596 1.294121 2.092993 3.695168 6.984247 0.142858
225 49.488205 79.500908 0.000000 6.452428 1.289832 2.079431 3.658231 6.888424 0.166802
226 49.498646 79.693031 0.000000 5.900198 1.282596 2.062356 3.621256 6.811808 0.142889
227 49.415756 79.523087 0.000000 6.265082 1.290437 2.082824 3.669182 6.918931 0.166847
228 49.549377 79.499802 0.000000 6.943372 1.269580 2.029436 3.559521 6.734354 0.111111
229 49.484379 79.566452 0.000000 6.365504 1.284140 2.061042 3.611679 6.780927 0.142873
230 49.505508 79.542877 0.000000 6.592823 1.309209 2.134826 3.794013 7.202731 0.111112
231 49.541588 79.385681 0.000000 5.853936 1.298675 2.111312 3.763515 7.223282 0.174643
232 49.605900 79.467461 0.000000 6.364738 1.277817 2.046264 3.578696 6.707566 0.305071
233 49.612526 79.594284 0.000000 6.851502 1.280440 2.050140 3.585198 6.720992 0.142857
234 49.660847 79.490707 0.000000 6.887534 1.312376 2.153110 3.863442 7.436343 0.142857
235 49.727749 79.452599 0.000000 6.452749 1.276605 2.053168 3.619467 6.866194 0.125000
236 49.589897 79.615540 0.000000 6.717905 1.298457 2.103513 3.717023 7.025107 0.142857
237 49.620758 79.452171 0.000000 6.639635 1.301804 2.116935 3.761724 7.165387 0.100000
238 49.671280 79.679832 0.000000 6.762117 1.280802 2.053231 3.595598 6.750899 0.111111
239 49.620609 79.656128 0.000000 6.969081 1.294904 2.096128 3.703849 7.005716 0.111111
240 49.692551 79.641228 0.000000 7.032953 1.287000 2.072049 3.643034 6.862703 0.125000
241 49.848934 79.748787 0.000000 7.248201 1.300494 2.123318 3.801784 7.323993 0.166667
242 49.897671 79.673805 0.000000 7.324367 1.324409 2.193769 3.983601 7.774605 0.100000
243 50.039425 79.661377 0.000000 6.655089 1.338557 2.235927 4.094613 8.056230 0.142862
244 50.060040 79.545639 0.000000 7.083379 1.324832 2.195396 3.989981 7.797873 0.111111
245 50.121258 79.489838 0.000000 7.381943 1.329619 2.206965 4.019231 7.880311 0.125000
247 50.353180 79.302948 0.000000 7.002957 1.304716 2.124091 3.773934 7.175130 0.125000
248 50.469517 79.307365 0.000000 6.248253 1.289653 2.077835 3.653875 6.879465 0.198655
249 50.481434 79.183807 0.000000 6.050627 1.335340 2.216448 4.021478 7.818360 0.166667
250 50.372990 79.107826 0.000000 6.359722 1.318039 2.174458 3.929008 7.623995 0.149120
251 50.337639 79.191643 0.000000 6.102303 1.310631 2.152249 3.875812 7.506971 0.200126
252 50.727230 79.013588 0.000000 6.626079 1.370745 2.349892 4.442806 9.075012 0.125000
253 50.635006 79.058182 0.000000 6.357603 1.348227 2.262747 4.161757 8.220756 0.111111
254 50.521683 78.915123 0.000000 6.834715 1.319835 2.179758 3.946670 7.685631 0.111111
255 50.690105 78.982773 0.000000 6.774903 1.329549 2.225719 4.111279 8.219185 0.125000
256 50.876480 78.804245 0.000000 6.376271 1.335301 2.238178 4.132430 8.240491 0.125000
257 51.214882 78.789711 0.000000 5.977688 1.370425 2.344046 4.402022 8.890191 0.125000
258 50.607399 78.649345 0.000000 6.066772 1.321933 2.184542 3.966831 7.771830 0.125000
259 50.186943 78.375137 0.000000 5.848458 1.344036 2.252864 4.138196 8.165738 0.142857
261 50.322803 78.462242 0.000000 4.426925 1.304140 2.118875 3.757945 7.135384 0.154066
262 50.388023 78.570526 0.000000 4.875741 1.319979 2.165287 3.869154 7.379118 0.142857
263 50.405827 78.650925 0.000000 4.639178 1.321666 2.175814 3.910677 7.522373 0.125000
265 50.389606 78.735718 0.000000 3.544369 1.329783 2.204655 3.998091 7.775677 0.142857
266 50.287754 78.780434 0.000000 3.078732 1.397134 2.431142 4.667606 9.686036 0.111111
267 50.618240 78.968491 0.000000 3.164991 1.426342 2.545129 5.020415 10.704192 0.111111
268 50.519962 78.947701 0.000000 3.047974 1.409740 2.494396 4.903178 10.486398 0.083333
269 50.641983 78.808365 0.000000 2.493839 1.370158 2.353010 4.457718 9.133673 0.078282
270 50.490803 78.919662 0.000000 2.217453 1.329347 2.217258 4.081788 8.143646 0.115441
271 50.681534 78.982132 0.000000 2.935897 1.376360 2.387798 4.591887 9.586307 0.100000
272 50.295609 79.160072 0.000000 2.411022 1.364505 2.314875 4.306672 8.609033 0.090927
273 50.456577 78.751579 0.000000 3.058183 1.341275 2.239430 4.098153 8.061399 0.100412
275 49.914719 78.426865 0.000000 2.095336 1.363026 2.313848 4.310197 8.629596 0.071429
276 50.456009 78.492378 0.000000 1.725490 1.362542 2.308795 4.296354 8.605444 0.105173
278 51.022827 78.505470 0.000000 1.792218 1.468715 2.710012 5.541274 12.251341 0.111111
280 51.347706 78.447861 0.000000 0.684154 1.571006 3.166575 7.160533 17.568964 0.276794
282 51.435024 78.675102 0.000000 1.050016 1.554083 2.970810 6.217557 13.914548 0.091178
284 50.637627 78.903572 0.000000 1.151315 1.574407 3.083201 6.713130 15.817551 0.083335
286 50.819492 78.502686 0.000000 0.887256 1.374282 2.367371 4.478216 9.101509 0.067345
288 51.673481 79.142914 0.000000 1.068777 1.536507 2.927987 6.191582 14.162206 0.079694
290 51.501839 78.482849 0.000000 0.969410 1.386447 2.406258 4.612844 9.554523 0.091436
291 51.292553 79.131836 0.000000 0.740934 1.410977 2.521525 5.052827 11.099865 0.237952
292 51.574745 78.365829 0.000000 0.837902 1.438727 2.560689 4.996265 10.467434 0.173063
294 50.572060 78.407303 0.000000 0.562657 1.369836 2.430993 4.879662 10.815568 0.145869
