%% Trajectory 7
%% frame x (pixel)     y (pixel)    z (pixel)      m0         m1           m2           m3           m4           s 
13 66.047058 66.933029 0.000000 0.872064 1.355965 2.403414 4.794453 10.496038 0.250000
14 65.912567 67.423981 0.000000 0.913121 1.384484 2.417539 4.701249 9.979609 0.252503
15 66.246994 67.555420 0.000000 1.069336 1.304184 2.143709 3.906648 7.765329 0.250055
16 66.135757 67.090401 0.000000 1.113559 1.362232 2.378398 4.643880 9.909140 0.443358
17 66.398941 66.960396 0.000000 1.432576 1.307079 2.170621 4.002862 8.051041 0.294108
18 65.978233 67.152237 0.000000 1.613790 1.390541 2.457100 4.853897 10.479657 0.250003
19 66.042282 66.715706 0.000000 1.325666 1.366994 2.373091 4.575531 9.598206 0.341642
20 66.257568 66.896904 0.000000 1.683491 1.328674 2.247212 4.243878 8.782974 0.250383
21 65.979836 67.194511 0.000000 1.862318 1.386303 2.416571 4.660258 9.737460 0.250033
22 66.008316 66.816193 0.000000 1.720647 1.391040 2.439871 4.745514 10.009059 0.266999
23 66.278549 66.866814 0.000000 1.908423 1.317156 2.184105 3.992564 7.895755 0.253052
24 66.055138 66.980507 0.000000 1.653706 1.354430 2.343408 4.535705 9.607254 0.200000
25 66.077438 66.685089 0.000000 1.597518 1.254550 2.013675 3.582329 6.949835 0.250000
26 65.720718 66.764732 0.000000 1.415344 1.423841 2.545117 5.021466 10.689266 0.333333
27 65.992775 66.571442 0.000000 2.177476 1.371376 2.382738 4.609257 9.724783 0.250888
28 65.887222 66.295158 0.000000 1.900880 1.288934 2.104003 3.787761 7.385661 0.250007
29 66.258018 66.206871 0.000000 1.947082 1.299633 2.157114 3.988523 8.075865 0.214577
30 66.051025 66.472206 0.000000 1.431775 1.441456 2.605971 5.225020 11.351262 0.200000
31 66.150925 66.096886 0.000000 1.966767 1.396102 2.437789 4.693501 9.746753 0.200000
32 66.210945 66.316948 0.000000 1.743030 1.346010 2.269006 4.204308 8.395952 0.250000
33 66.409531 65.774544 0.000000 1.861633 1.385913 2.408732 4.652945 9.786039 0.200000
34 66.233795 65.853851 0.000000 1.717743 1.312654 2.193975 4.087136 8.339217 0.200000
35 66.552742 65.736496 0.000000 1.664819 1.348460 2.289907 4.297160 8.731796 0.250000
36 66.564644 65.499489 0.000000 1.575561 1.329495 2.241311 4.193332 8.549792 0.250000
37 66.618263 65.935196 0.000000 1.548588 1.376323 2.389245 4.578071 9.475936 0.251212
38 66.900391 65.593834 0.000000 1.192934 1.274453 2.042424 3.580544 6.736188 0.200000
40 66.335571 64.090179 0.000000 0.728524 1.390057 2.470584 4.870148 10.390315 0.203535
41 66.517334 64.257980 0.000000 0.832814 1.209926 1.904932 3.344898 6.463780 0.168103
