%% Trajectory 41
%% frame x (pixel)     y (pixel)    z (pixel)      m0         m1           m2           m3           m4           s 
150 55.482811 37.071064 0.000000 0.742239 1.332408 2.288256 4.411999 9.361438 0.125018
151 55.611118 37.223511 0.000000 0.905500 1.398702 2.465583 4.827594 10.273164 0.199731
153 55.062172 36.680195 0.000000 0.779747 1.277971 2.067051 3.684371 7.108844 0.176808
154 55.183304 36.923634 0.000000 0.910581 1.304843 2.158937 3.937798 7.760503 0.151543
155 55.161964 36.836555 0.000000 0.784353 1.284338 2.085615 3.743827 7.301761 0.129686
156 55.200771 36.497604 0.000000 0.790936 1.280933 2.085303 3.754891 7.348105 0.125002
157 54.892937 36.550762 0.000000 0.962269 1.331998 2.219802 4.056108 7.966566 0.163950
158 55.519253 36.798054 0.000000 0.752730 1.348527 2.283559 4.250319 8.523577 0.208667
159 55.326141 37.175442 0.000000 1.129095 1.344632 2.284868 4.304839 8.822615 0.146561
160 55.163967 37.051144 0.000000 1.051778 1.393236 2.439908 4.721443 9.881674 0.229800
161 55.212933 36.883907 0.000000 1.129019 1.327993 2.221517 4.107356 8.240292 0.131238
162 54.772411 36.919189 0.000000 1.046551 1.340022 2.283324 4.335258 8.998030 0.248758
163 54.957985 36.844585 0.000000 1.049717 1.328880 2.243349 4.210763 8.617481 0.208685
164 55.180687 36.750134 0.000000 1.179954 1.268628 2.032489 3.587934 6.866120 0.142861
165 54.875679 36.938290 0.000000 1.621571 1.348709 2.297779 4.333531 8.855432 0.142925
166 55.217403 36.748428 0.000000 1.618880 1.237541 1.935913 3.313397 6.099825 0.239753
167 55.123306 36.868416 0.000000 1.440005 1.276261 2.058823 3.649123 6.976550 0.201091
168 54.984169 37.008541 0.000000 1.755692 1.365303 2.360308 4.528694 9.439234 0.125001
169 55.118816 36.884258 0.000000 1.636708 1.326486 2.222835 4.131872 8.359452 0.129666
170 55.258175 36.965111 0.000000 1.579061 1.317927 2.224611 4.180654 8.575194 0.100000
171 55.043198 36.911274 0.000000 1.566846 1.318091 2.208161 4.106805 8.318639 0.168301
172 55.069820 36.883110 0.000000 1.735722 1.359227 2.333524 4.446980 9.217957 0.125127
173 55.047661 36.849232 0.000000 2.227844 1.330524 2.230286 4.119449 8.221252 0.142868
174 55.018253 36.862324 0.000000 1.982064 1.313313 2.177014 3.987051 7.914805 0.249535
175 55.039074 36.860134 0.000000 2.351516 1.365369 2.348037 4.465790 9.200014 0.125000
176 54.926094 36.883331 0.000000 2.058258 1.357075 2.303585 4.302155 8.663116 0.142857
177 55.371212 36.874828 0.000000 1.986951 1.290544 2.092817 3.730250 7.177806 0.126005
178 55.245853 37.024361 0.000000 1.914196 1.334502 2.251213 4.193799 8.454130 0.143932
179 55.289394 36.908066 0.000000 2.027261 1.299987 2.111466 3.751873 7.156305 0.166668
180 55.306969 37.110573 0.000000 2.120876 1.308194 2.156057 3.923437 7.742176 0.228084
181 55.228291 36.960625 0.000000 2.702960 1.318698 2.193260 4.019775 7.959946 0.142857
182 55.123882 36.954647 0.000000 2.339401 1.352951 2.312723 4.377385 8.987786 0.147092
183 55.023861 36.816494 0.000000 2.615415 1.327168 2.223426 4.110538 8.221631 0.125022
184 55.110016 37.056240 0.000000 2.551592 1.371682 2.370186 4.534510 9.407207 0.125023
185 55.172974 36.946854 0.000000 2.972924 1.335507 2.234277 4.108829 8.139600 0.111111
186 55.051846 36.952976 0.000000 2.620004 1.356875 2.322086 4.392280 8.990791 0.115463
187 55.075256 36.953285 0.000000 2.636991 1.328411 2.225849 4.121881 8.272552 0.203460
188 54.873100 36.965691 0.000000 2.886933 1.339897 2.251426 4.160731 8.285782 0.142875
189 54.879097 37.081013 0.000000 2.702686 1.318832 2.190168 4.008356 7.928016 0.125000
190 54.926167 37.097191 0.000000 3.237203 1.352137 2.303061 4.341753 8.877910 0.125740
191 54.811951 37.008369 0.000000 3.049210 1.334294 2.244875 4.164687 8.345588 0.125275
192 55.068295 37.095547 0.000000 3.142672 1.363384 2.346963 4.484166 9.315843 0.126702
193 54.968933 37.078117 0.000000 2.982050 1.344804 2.279505 4.267035 8.640965 0.125000
194 54.885151 37.266319 0.000000 2.809174 1.289356 2.088814 3.717975 7.142464 0.142857
195 54.869148 37.193840 0.000000 2.597486 1.308777 2.159405 3.925993 7.717638 0.125000
196 54.757259 37.177238 0.000000 2.734006 1.283131 2.072954 3.678521 7.041861 0.125000
197 54.857525 37.365837 0.000000 2.492682 1.298132 2.120484 3.806860 7.376219 0.125070
198 54.703430 37.295326 0.000000 3.026619 1.274238 2.040080 3.581222 6.773880 0.142857
199 54.752285 37.232460 0.000000 2.621839 1.282742 2.070091 3.665762 6.994496 0.142857
200 54.589417 37.480953 0.000000 2.603371 1.267251 2.013257 3.495121 6.511660 0.125007
201 54.526730 37.538776 0.000000 2.989724 1.261947 1.999737 3.463190 6.438511 0.166705
202 54.806618 37.470039 0.000000 2.344866 1.321757 2.189542 3.987627 7.835052 0.142857
203 54.953072 37.555069 0.000000 2.263270 1.310584 2.150558 3.866818 7.469560 0.145005
204 54.837185 37.669365 0.000000 2.075685 1.284466 2.072472 3.665956 6.980775 0.125680
205 54.869484 37.971783 0.000000 1.916060 1.358820 2.323933 4.390977 8.982928 0.142991
206 54.879070 37.843124 0.000000 1.797857 1.331750 2.236864 4.162469 8.420058 0.142860
207 54.699879 38.123924 0.000000 1.943962 1.294830 2.106050 3.760860 7.236694 0.143321
208 54.803944 38.097359 0.000000 1.616019 1.294843 2.148150 3.976165 8.064924 0.125000
209 54.770325 38.024017 0.000000 1.430114 1.396811 2.453294 4.784089 10.133983 0.125163
210 55.057110 37.844967 0.000000 1.190172 1.334571 2.234613 4.118872 8.189928 0.127743
211 55.027260 37.924248 0.000000 1.348409 1.306827 2.169199 3.993418 7.997892 0.146763
212 54.751354 38.209167 0.000000 1.315971 1.371836 2.345291 4.416152 8.980865 0.111789
213 55.003899 38.280754 0.000000 1.116108 1.379457 2.388970 4.565812 9.422518 0.129576
214 55.015785 38.979378 0.000000 1.399007 1.361087 2.348055 4.496049 9.350730 0.113605
216 54.308479 38.715542 0.000000 1.199051 1.241649 1.940872 3.320830 6.116259 0.118852
217 54.242168 39.029823 0.000000 0.954684 1.288073 2.095558 3.743065 7.199067 0.103244
219 53.669685 39.354359 0.000000 1.126564 1.319472 2.165414 3.874092 7.402903 0.121923
220 53.932465 39.056690 0.000000 1.087494 1.401605 2.511690 5.019369 10.907179 0.171058
