%% Trajectory 62
%% frame x (pixel)     y (pixel)    z (pixel)      m0         m1           m2           m3           m4           s 
113 65.452225 61.013866 0.000000 1.200156 1.304300 2.176979 4.055193 8.281488 0.090987
114 65.300682 60.874744 0.000000 0.911291 1.495239 2.806889 5.891933 13.479524 0.216755
116 65.761765 60.592968 0.000000 1.083055 1.442097 2.628326 5.326105 11.712200 0.169452
117 65.408089 60.920723 0.000000 0.862437 1.334836 2.269416 4.337032 9.143383 0.105856
118 65.694748 60.733528 0.000000 1.183607 1.385156 2.390148 4.556416 9.414875 0.131258
119 65.614212 61.064560 0.000000 0.999029 1.453974 2.631787 5.251683 11.293269 0.157508
121 65.588737 60.625370 0.000000 1.304984 1.386446 2.431076 4.784091 10.353891 0.111112
122 65.653557 60.627991 0.000000 0.930665 1.199234 1.905074 3.465702 7.149524 0.111113
123 65.404846 60.398350 0.000000 1.527071 1.411709 2.457849 4.685530 9.577990 0.129976
124 65.898209 60.573803 0.000000 1.275385 1.290120 2.110687 3.841330 7.656340 0.147287
125 65.769493 59.881489 0.000000 1.522421 1.298105 2.144487 3.922098 7.786535 0.111122
127 65.761612 60.620098 0.000000 1.437546 1.364445 2.333573 4.434670 9.192620 0.142858
129 65.403229 60.423325 0.000000 1.788581 1.390285 2.426466 4.689013 9.831389 0.166667
130 65.542374 60.025227 0.000000 1.696549 1.382325 2.429636 4.756071 10.146394 0.218982
131 65.626381 60.074471 0.000000 1.937296 1.357340 2.343732 4.493799 9.370339 0.166667
132 65.433533 59.735813 0.000000 1.449874 1.367181 2.362528 4.535881 9.483480 0.142877
134 65.788719 59.881596 0.000000 2.086005 1.387315 2.432441 4.756550 10.161478 0.142858
136 65.783463 59.380974 0.000000 2.338008 1.352693 2.324648 4.448683 9.290852 0.166667
137 66.358208 59.180252 0.000000 1.941733 1.290601 2.095520 3.735191 7.170985 0.142857
138 65.902985 59.444748 0.000000 2.082159 1.278180 2.088322 3.805988 7.619795 0.142857
139 66.254585 59.130009 0.000000 2.208093 1.297984 2.114117 3.763374 7.177739 0.125006
140 66.037827 59.403942 0.000000 2.617240 1.315284 2.201114 4.090719 8.288948 0.144375
141 66.176994 59.322914 0.000000 2.363450 1.344530 2.261647 4.173505 8.279816 0.147236
142 65.948311 59.459789 0.000000 2.799957 1.366435 2.383975 4.666729 10.035672 0.142857
143 65.748238 59.542255 0.000000 3.061944 1.311452 2.172939 3.988563 7.969854 0.166667
144 65.817078 59.497173 0.000000 3.058006 1.287181 2.075186 3.663596 6.954038 0.208372
145 65.809013 59.521038 0.000000 3.234029 1.254255 1.980962 3.429457 6.401104 0.166670
146 65.715401 59.573208 0.000000 3.125130 1.276532 2.068652 3.717335 7.293694 0.167732
147 65.792526 59.528507 0.000000 2.852543 1.255165 2.001940 3.546283 6.883990 0.166814
148 65.710274 59.624050 0.000000 2.889896 1.313396 2.155966 3.869691 7.445159 0.167685
149 65.930458 59.611477 0.000000 2.478801 1.316944 2.218072 4.162072 8.536049 0.166668
150 65.898010 59.668423 0.000000 2.997747 1.274766 2.049486 3.625064 6.935525 0.142857
151 65.464340 59.665089 0.000000 3.099125 1.349938 2.286929 4.286610 8.721702 0.200000
152 65.869560 59.597237 0.000000 3.010077 1.302738 2.138926 3.865018 7.548580 0.142857
153 65.824875 59.536705 0.000000 3.241818 1.305114 2.141282 3.874774 7.601103 0.142857
154 65.681595 59.753353 0.000000 3.220287 1.303249 2.126605 3.799563 7.291234 0.125000
155 65.563026 59.810505 0.000000 3.796910 1.312751 2.170819 3.958702 7.816918 0.166667
156 65.623901 59.695629 0.000000 4.510747 1.279409 2.058305 3.634159 6.920972 0.166667
157 65.623856 59.803772 0.000000 3.742836 1.299769 2.119697 3.787992 7.280731 0.125000
158 65.652069 59.685841 0.000000 4.181500 1.287285 2.083570 3.705633 7.117057 0.200000
159 65.652977 59.838387 0.000000 4.780677 1.307360 2.143974 3.865946 7.528426 0.125000
160 65.670837 59.751701 0.000000 3.980669 1.287166 2.073648 3.654434 6.916495 0.125000
162 65.683777 59.732849 0.000000 4.595267 1.285596 2.073950 3.667290 6.981365 0.111111
163 65.557289 59.754505 0.000000 4.718709 1.295565 2.101903 3.729990 7.103453 0.142857
164 65.786987 59.774105 0.000000 4.800679 1.291459 2.101043 3.754997 7.237252 0.111111
165 65.680565 59.791992 0.000000 4.619318 1.287359 2.076005 3.659270 6.918211 0.083333
166 65.630104 59.839340 0.000000 4.240949 1.324444 2.201548 4.029106 7.970764 0.125000
167 65.653160 59.818527 0.000000 4.460290 1.265227 2.015021 3.510198 6.567085 0.100000
168 65.634399 59.802887 0.000000 4.853522 1.274444 2.036987 3.564979 6.711350 0.142857
169 65.626091 59.804996 0.000000 4.595440 1.313571 2.154212 3.868452 7.462848 0.142857
170 65.599823 59.822456 0.000000 5.396632 1.295781 2.097063 3.709903 7.040010 0.166667
171 65.559784 59.991550 0.000000 4.865843 1.328500 2.221466 4.108683 8.254430 0.166667
172 65.552032 59.920185 0.000000 5.240591 1.309487 2.151966 3.879825 7.526832 0.166667
173 65.526268 59.970970 0.000000 5.545132 1.346681 2.275270 4.236293 8.520529 0.142857
174 65.413834 60.084042 0.000000 5.611348 1.325418 2.196056 3.993105 7.819057 0.200000
176 65.421669 60.081123 0.000000 5.655060 1.311031 2.151696 3.873353 7.505975 0.166667
177 65.415039 60.066597 0.000000 6.396742 1.328883 2.211407 4.041605 7.958261 0.166667
178 65.314117 60.173416 0.000000 6.406507 1.314330 2.155272 3.858545 7.392425 0.200000
180 65.180450 59.907410 0.000000 5.596213 1.339859 2.259198 4.212178 8.517027 0.250000
181 65.085396 60.015293 0.000000 4.695495 1.406811 2.481050 4.842426 10.236394 0.200000
182 64.760773 59.927330 0.000000 5.365581 1.374818 2.370538 4.525581 9.377259 0.333333
183 64.885635 59.814880 0.000000 5.614738 1.360103 2.319867 4.366618 8.889435 0.200000
184 64.773590 59.813862 0.000000 5.731624 1.337114 2.243612 4.144938 8.265487 0.200000
185 64.500534 59.754700 0.000000 5.854512 1.302953 2.120291 3.767524 7.167385 0.250000
187 64.283455 59.755726 0.000000 5.808393 1.336509 2.239866 4.130417 8.222785 0.333333
188 64.342186 59.714062 0.000000 4.850284 1.311237 2.156806 3.897479 7.595992 0.200000
189 64.080513 59.773472 0.000000 5.456666 1.353782 2.302486 4.329287 8.826102 0.200000
190 64.137123 59.704975 0.000000 5.099570 1.344341 2.275850 4.258029 8.638310 0.333333
191 63.926018 59.628170 0.000000 5.122024 1.359776 2.306977 4.304132 8.657434 0.333333
192 63.858852 59.345047 0.000000 4.609172 1.330669 2.211581 4.027171 7.875595 0.200000
193 63.876194 59.261322 0.000000 3.976106 1.390359 2.420745 4.653223 9.666542 0.250000
194 63.417591 58.966118 0.000000 3.996755 1.384775 2.405669 4.626422 9.650123 0.250000
196 62.617077 59.768963 0.000000 2.810739 1.445015 2.618339 5.245357 11.336823 0.333739
198 62.544258 59.742035 0.000000 1.523210 1.704535 3.517792 7.951543 19.159597 0.166667
