%% Trajectory 37
%% frame x (pixel)     y (pixel)    z (pixel)      m0         m1           m2           m3           m4           s 
143 70.421776 53.290707 0.000000 0.669630 1.239707 1.952976 3.405596 6.489295 0.166834
144 69.923317 53.527538 0.000000 0.685714 1.323616 2.205926 4.035806 7.947359 0.166731
146 70.156593 53.219433 0.000000 0.690356 1.211020 1.870496 3.168800 5.796594 0.265164
147 70.304253 53.360268 0.000000 0.853681 1.269437 2.046431 3.644408 7.053729 0.165264
148 70.300201 53.442398 0.000000 0.892283 1.245288 1.954768 3.356702 6.199019 0.170484
149 70.136215 53.240582 0.000000 1.055204 1.293156 2.104843 3.775937 7.332812 0.253758
150 69.913132 53.204231 0.000000 1.001352 1.301583 2.156305 3.965096 7.946640 0.272862
151 69.845131 53.198818 0.000000 0.995392 1.335544 2.242585 4.153384 8.325365 0.213327
152 70.112808 53.280483 0.000000 1.005760 1.269070 2.046945 3.650396 7.076810 0.166687
153 69.798912 53.161606 0.000000 0.844437 1.276560 2.054500 3.635494 6.948858 0.142998
154 69.789032 53.036751 0.000000 1.142362 1.305467 2.161883 3.955208 7.841561 0.181896
155 70.281075 53.209805 0.000000 0.932078 1.271515 2.026238 3.528326 6.591267 0.166784
156 70.091270 53.363579 0.000000 1.169313 1.267053 2.023583 3.565399 6.824088 0.166861
157 70.196312 53.067196 0.000000 1.267422 1.314621 2.171499 3.942344 7.714323 0.168898
158 70.002548 53.344646 0.000000 1.214571 1.298445 2.124933 3.828571 7.452737 0.178982
159 70.135361 53.317722 0.000000 1.508812 1.299990 2.133215 3.869683 7.628519 0.167440
160 70.190804 53.274086 0.000000 1.534104 1.268464 2.022454 3.524088 6.587376 0.166669
161 69.864502 53.234135 0.000000 1.435380 1.317999 2.188196 4.007244 7.944898 0.166673
162 69.847702 53.276501 0.000000 1.567069 1.309136 2.161530 3.940122 7.788784 0.166873
163 69.985977 53.292717 0.000000 1.925546 1.321248 2.199488 4.040096 8.034559 0.166667
164 69.962555 53.080910 0.000000 1.908041 1.374969 2.377894 4.546063 9.407674 0.166673
165 70.169930 53.397873 0.000000 1.692308 1.275920 2.056275 3.660288 7.084127 0.166667
166 69.811028 53.290310 0.000000 2.130123 1.298071 2.110085 3.755983 7.184392 0.142857
167 70.101540 53.426121 0.000000 1.875980 1.336437 2.239526 4.128759 8.210895 0.166667
168 70.119888 53.438347 0.000000 2.130130 1.281420 2.070268 3.681096 7.082454 0.166667
169 69.892776 53.261463 0.000000 2.004154 1.312992 2.168157 3.941026 7.738087 0.200001
170 69.968765 53.612549 0.000000 1.781021 1.330638 2.233259 4.145611 8.349672 0.200065
171 70.000862 53.652740 0.000000 1.886323 1.320818 2.207375 4.085115 8.216760 0.200074
172 69.948135 53.665752 0.000000 1.819430 1.309877 2.168707 3.974905 7.921694 0.232191
173 69.809296 53.627972 0.000000 1.495188 1.224921 1.899275 3.223665 5.894781 0.212458
174 69.620621 53.746670 0.000000 1.771256 1.322063 2.196259 4.021096 7.965639 0.200007
175 69.664467 53.635597 0.000000 2.060414 1.261041 2.001776 3.472978 6.466794 0.200000
176 69.592621 53.589260 0.000000 1.794410 1.235707 1.926295 3.285361 6.030546 0.200000
177 69.501007 53.550636 0.000000 1.574831 1.258462 1.986519 3.428531 6.357713 0.200000
178 69.604233 53.536068 0.000000 1.652286 1.288730 2.090445 3.733030 7.214746 0.217839
179 69.174637 53.507195 0.000000 1.934762 1.268559 2.020703 3.521337 6.592679 0.210036
180 69.205070 53.343708 0.000000 1.680572 1.267398 2.012622 3.492428 6.503927 0.167697
181 69.216187 53.534851 0.000000 1.721866 1.271334 2.028035 3.535274 6.610454 0.166673
182 69.213226 53.584923 0.000000 1.466033 1.290769 2.080858 3.660628 6.893167 0.167341
183 69.035103 53.321732 0.000000 1.593005 1.322479 2.216351 4.117310 8.318821 0.211952
184 68.929497 53.316315 0.000000 1.624157 1.303005 2.138002 3.869780 7.591560 0.218521
185 69.045410 53.387711 0.000000 1.505015 1.347416 2.281434 4.274024 8.689515 0.166680
186 68.862717 53.589325 0.000000 1.458901 1.309086 2.155705 3.915163 7.702857 0.167019
187 68.792389 53.476337 0.000000 1.557550 1.304692 2.124585 3.784439 7.237586 0.166847
188 68.817482 53.593552 0.000000 1.444704 1.315727 2.178991 3.989486 7.931826 0.166667
189 68.417969 53.778500 0.000000 1.177254 1.249833 1.970132 3.397746 6.298381 0.166692
190 68.442978 53.972248 0.000000 0.992104 1.323293 2.220827 4.116152 8.253801 0.184115
191 68.332596 53.828300 0.000000 0.957292 1.266383 2.011320 3.490566 6.500614 0.166924
192 68.498711 53.055424 0.000000 0.802907 1.288634 2.097209 3.769006 7.354702 0.167434
193 68.129219 53.474190 0.000000 0.703122 1.289798 2.081571 3.678855 6.992977 0.239162
