%% Trajectory 52
%% frame x (pixel)     y (pixel)    z (pixel)      m0         m1           m2           m3           m4           s 
37 66.932693 82.984032 0.000000 0.407406 1.208043 1.946088 3.561760 7.283104 0.100284
38 66.766754 83.829010 0.000000 0.523652 1.234191 1.945382 3.372507 6.318164 0.104361
40 66.520210 82.806473 0.000000 0.528418 1.217752 1.892171 3.246551 6.063486 0.111111
41 66.115845 83.251190 0.000000 0.937489 1.276063 2.046926 3.614971 6.908312 0.143734
43 66.683456 82.849831 0.000000 1.361607 1.375983 2.404326 4.665729 9.849179 0.090910
44 67.253098 82.671204 0.000000 1.542921 1.355729 2.295112 4.271055 8.562246 0.101381
45 66.832222 82.838593 0.000000 1.895608 1.292195 2.110081 3.788180 7.340943 0.083363
46 67.008072 82.676605 0.000000 2.305853 1.346310 2.272692 4.217373 8.431738 0.111112
47 67.006050 82.500694 0.000000 2.468133 1.308915 2.173479 3.995466 7.984003 0.100000
48 67.004517 82.521500 0.000000 2.725176 1.375148 2.373624 4.538823 9.421296 0.100000
49 67.060898 82.563354 0.000000 2.714366 1.340530 2.259750 4.196783 8.412782 0.125003
50 66.955132 82.794212 0.000000 3.200892 1.382687 2.384359 4.533052 9.309724 0.166757
51 67.048775 82.719559 0.000000 3.291482 1.327134 2.214965 4.066213 8.047835 0.273355
52 67.192627 82.576645 0.000000 3.559216 1.274141 2.038407 3.561880 6.670531 0.142857
53 67.127609 82.713676 0.000000 3.495420 1.300961 2.128422 3.825833 7.413939 0.125007
54 67.192963 82.852188 0.000000 3.303618 1.290642 2.105906 3.791463 7.395755 0.100019
56 67.174866 82.695564 0.000000 3.533092 1.294076 2.100231 3.733405 7.131361 0.100000
57 67.037865 82.607208 0.000000 3.948610 1.307780 2.146614 3.870720 7.523925 0.142857
58 66.971497 82.532303 0.000000 3.932973 1.317152 2.174571 3.945012 7.719060 0.142858
59 67.173538 82.685043 0.000000 4.136993 1.304651 2.151723 3.917794 7.732838 0.125000
60 67.143730 82.670616 0.000000 3.886768 1.309326 2.161667 3.935893 7.756806 0.111119
61 67.000252 82.591911 0.000000 3.741003 1.328774 2.218921 4.074984 8.068618 0.125039
62 67.141762 82.623199 0.000000 4.517691 1.280601 2.055054 3.601584 6.763042 0.111111
63 67.069595 82.616806 0.000000 4.411300 1.325327 2.197811 3.997502 7.817250 0.142857
64 67.210213 82.560150 0.000000 4.793134 1.295340 2.096523 3.704256 7.006804 0.111111
65 67.123863 82.685089 0.000000 4.215890 1.300888 2.127339 3.819326 7.385624 0.111111
66 67.283295 82.367996 0.000000 5.028198 1.286602 2.072380 3.650563 6.903041 0.142857
67 67.404236 82.539268 0.000000 4.452440 1.296050 2.095517 3.696671 6.978110 0.125000
68 67.364326 82.405952 0.000000 5.278072 1.284366 2.069887 3.649635 6.910740 0.100000
69 67.377151 82.531532 0.000000 4.731954 1.279021 2.046242 3.575500 6.697514 0.111111
70 67.516815 82.351654 0.000000 5.009392 1.267332 2.017551 3.509101 6.546580 0.100000
71 67.599022 82.314064 0.000000 5.586504 1.298549 2.104509 3.719757 7.030931 0.090909
72 67.679398 82.125519 0.000000 5.304236 1.366164 2.335900 4.410167 9.016317 0.111111
73 67.489716 82.072762 0.000000 5.490483 1.310152 2.160873 3.928895 7.736780 0.111111
75 67.535744 81.958359 0.000000 4.485559 1.356064 2.308046 4.338521 8.829876 0.125000
76 67.644318 81.813240 0.000000 4.077542 1.300017 2.113141 3.756953 7.167274 0.111111
77 67.682632 81.855202 0.000000 3.907310 1.338621 2.242771 4.127497 8.180952 0.111111
78 67.791153 81.690384 0.000000 4.554408 1.293229 2.091297 3.692373 6.981278 0.083333
79 67.651215 81.640160 0.000000 4.957976 1.323829 2.178042 3.911736 7.518077 0.090909
80 67.689606 81.544182 0.000000 4.501620 1.265726 2.012102 3.494817 6.512084 0.100000
81 67.702332 81.591087 0.000000 5.119150 1.284372 2.067798 3.635579 6.847988 0.111111
82 67.736382 81.242859 0.000000 4.490135 1.385065 2.379230 4.487185 9.103285 0.090909
83 67.731056 81.468941 0.000000 4.205647 1.284270 2.069524 3.659951 6.980690 0.071429
84 67.705513 81.344727 0.000000 4.471333 1.318463 2.186419 3.994348 7.893433 0.083333
85 67.690750 81.189232 0.000000 4.492033 1.320291 2.184890 3.968995 7.765018 0.100000
86 67.611435 80.819077 0.000000 4.232174 1.301437 2.120897 3.789043 7.285001 0.100000
87 68.037384 80.714966 0.000000 4.569096 1.372938 2.376105 4.562911 9.520903 0.083333
88 67.733482 80.700371 0.000000 4.233865 1.343257 2.265670 4.210693 8.455799 0.111111
89 67.960548 80.075188 0.000000 4.360200 1.403704 2.473599 4.829408 10.219376 0.083333
91 68.522591 79.722420 0.000000 3.565297 1.297735 2.105614 3.727529 7.057692 0.083333
92 68.364510 79.785637 0.000000 3.797177 1.359123 2.313324 4.346144 8.839523 0.083333
94 67.769554 79.836777 0.000000 3.186005 1.377430 2.380806 4.550860 9.426298 0.119237
96 67.842827 80.025208 0.000000 2.825872 1.416158 2.522130 4.987646 10.709159 0.111159
97 67.733154 80.405212 0.000000 2.366449 1.506807 2.802248 5.748545 12.712959 0.111111
99 68.596695 79.130424 0.000000 1.041900 1.494103 2.797132 5.841297 13.262113 0.091484
100 68.391663 79.595497 0.000000 1.194207 1.521564 2.837094 5.804964 12.737092 0.109129
101 68.554222 79.340324 0.000000 1.779811 1.459677 2.663786 5.372513 11.703002 0.090909
103 68.526672 78.625648 0.000000 1.433308 1.546836 2.957681 6.249618 14.231098 0.125274
105 69.099365 78.210480 0.000000 1.463798 1.448880 2.632486 5.294174 11.515599 0.112302
106 69.013428 78.288902 0.000000 1.297094 1.535700 2.929759 6.168661 13.979228 0.144822
