%% Trajectory 168
%% frame x (pixel)     y (pixel)    z (pixel)      m0         m1           m2           m3           m4           s 
174 46.588898 31.209538 0.000000 0.924209 1.275250 2.154431 4.171790 9.063394 0.210019
175 46.693264 30.812485 0.000000 0.777359 1.197478 2.020121 4.015193 9.154384 0.234829
177 46.284611 30.647158 0.000000 0.860454 1.195509 1.840496 3.171479 6.071671 0.092452
179 46.684509 31.124769 0.000000 1.211646 1.218237 1.925134 3.407047 6.671423 0.146687
180 46.573780 31.298620 0.000000 0.902847 1.185090 1.845269 3.225619 6.260025 0.091185
182 46.880535 30.896519 0.000000 1.661983 1.364435 2.382249 4.692982 10.214404 0.142857
183 46.488224 31.224525 0.000000 1.292883 1.346406 2.464066 5.246923 12.540141 0.118189
184 46.529423 31.045235 0.000000 2.023697 1.281014 2.165321 4.163894 8.929098 0.100000
186 46.744049 31.058764 0.000000 2.007461 1.233641 1.984011 3.589399 7.197127 0.142857
187 46.486092 31.199614 0.000000 2.658101 1.273438 2.067392 3.695336 7.138506 0.200000
189 46.603062 30.848598 0.000000 3.274190 1.319411 2.244757 4.307250 9.149469 0.157143
190 47.022133 31.106659 0.000000 2.902333 1.355359 2.373992 4.682320 10.168369 0.166667
191 47.531918 30.809586 0.000000 3.318543 1.407398 2.555113 5.251875 11.912233 0.142857
192 47.526848 31.424788 0.000000 3.379308 1.425925 2.609106 5.372077 12.141152 0.111112
193 47.200020 31.233438 0.000000 2.618760 1.410786 2.551257 5.195783 11.616465 0.125000
195 46.834686 31.111593 0.000000 4.360541 1.287027 2.102684 3.804460 7.496865 0.166667
197 47.252026 30.898674 0.000000 3.822507 1.378586 2.407836 4.698796 10.035721 0.111111
198 47.272121 31.242859 0.000000 4.626196 1.427245 2.576448 5.194639 11.432323 0.200000
199 47.441635 31.139194 0.000000 5.223625 1.450896 2.639892 5.342910 11.757430 0.200000
200 47.454140 30.878681 0.000000 5.207410 1.344197 2.279272 4.290942 8.801624 0.142857
201 47.255093 31.174604 0.000000 4.879064 1.357567 2.320840 4.389086 9.001290 0.142857
202 47.029797 30.879633 0.000000 4.371298 1.388559 2.458198 4.870785 10.562057 0.125000
204 47.298828 30.906269 0.000000 6.072142 1.328708 2.223725 4.106075 8.206655 0.100000
205 47.217609 31.018246 0.000000 5.758892 1.372343 2.366488 4.509910 9.306100 0.142857
206 47.274513 30.962862 0.000000 5.480512 1.378217 2.390302 4.577779 9.477613 0.142857
207 47.361118 31.103670 0.000000 5.212742 1.347131 2.299854 4.361137 9.004066 0.166667
208 47.191486 31.115154 0.000000 5.080463 1.344381 2.290048 4.332682 8.923851 0.125000
209 47.425285 31.170662 0.000000 5.718001 1.371761 2.363033 4.495198 9.253646 0.142857
210 47.351421 31.036383 0.000000 5.053880 1.386219 2.428079 4.721598 9.975574 0.200000
211 47.215977 30.907761 0.000000 5.555369 1.425932 2.546998 5.038298 10.796312 0.142857
212 47.075348 30.931993 0.000000 5.858252 1.381401 2.423088 4.743092 10.137568 0.200000
214 47.195377 31.076735 0.000000 5.397682 1.357031 2.330410 4.448526 9.253978 0.166667
215 47.061005 30.879694 0.000000 5.278620 1.339387 2.303404 4.443449 9.420010 0.142857
216 47.525204 30.859663 0.000000 5.758428 1.314449 2.192609 4.068345 8.251981 0.250000
217 47.375160 30.915295 0.000000 6.050200 1.324809 2.191142 3.980276 7.795449 0.125000
218 47.419750 30.987883 0.000000 6.140517 1.325470 2.220891 4.121965 8.316984 0.200000
219 47.387329 30.939686 0.000000 6.459148 1.372577 2.358728 4.476861 9.201158 0.142857
220 47.416935 30.896070 0.000000 5.843576 1.370532 2.345864 4.418330 8.968141 0.142857
222 47.572731 31.117558 0.000000 7.249801 1.364421 2.332646 4.403189 8.995886 0.166667
223 47.468647 31.230135 0.000000 7.279609 1.304385 2.131429 3.823977 7.396879 0.111111
224 47.521076 31.213173 0.000000 6.484937 1.321959 2.189339 3.994438 7.882563 0.142860
225 47.577061 31.450462 0.000000 6.600656 1.329013 2.224168 4.108012 8.219368 0.166667
226 47.681374 31.137224 0.000000 6.844077 1.312854 2.171285 3.964014 7.841270 0.125000
228 47.843964 31.504173 0.000000 7.061388 1.320132 2.192646 3.999331 7.854878 0.125000
230 47.763226 31.799620 0.000000 6.719132 1.339970 2.264026 4.228827 8.563044 0.142857
231 47.746880 31.843121 0.000000 6.530304 1.407201 2.465369 4.755580 9.890594 0.142857
232 47.582649 31.795950 0.000000 5.628674 1.351690 2.290868 4.274008 8.607037 0.142857
233 47.964943 31.769594 0.000000 5.739113 1.386646 2.419365 4.673283 9.779323 0.125000
235 47.021843 32.551479 0.000000 6.738580 1.340446 2.250882 4.151266 8.239191 0.166667
236 47.308037 32.400002 0.000000 6.959556 1.315381 2.163958 3.892643 7.506545 0.111111
237 47.298542 32.683567 0.000000 6.120944 1.305027 2.137605 3.835003 7.389587 0.142857
238 47.445404 32.612614 0.000000 6.569610 1.287916 2.079234 3.673321 6.969097 0.142857
240 46.934349 32.683826 0.000000 5.001719 1.339201 2.263369 4.238934 8.632269 0.250000
241 47.022507 32.686142 0.000000 4.510806 1.321357 2.199275 4.016317 7.883288 0.142857
243 47.262962 32.916821 0.000000 3.997583 1.449361 2.635277 5.309518 11.576922 0.125000
244 46.954788 32.836300 0.000000 3.277435 1.436371 2.592279 5.194642 11.302565 0.252662
245 47.228214 32.899685 0.000000 2.740057 1.252596 2.006400 3.535875 6.726587 0.131595
247 46.761486 32.812740 0.000000 2.078701 1.393106 2.485201 4.976220 10.923842 0.111111
249 47.511589 33.584507 0.000000 2.739156 1.487590 2.755922 5.664846 12.595599 0.090909
251 48.266510 33.845123 0.000000 1.272115 1.454020 2.695837 5.595047 12.661350 0.131818
252 48.512135 33.399220 0.000000 1.583310 1.427799 2.593930 5.310601 11.947925 0.188598
