%% Trajectory 62
%% frame x (pixel)     y (pixel)    z (pixel)      m0         m1           m2           m3           m4           s 
139 60.430882 40.466103 0.000000 0.897019 1.499783 2.810863 5.843071 13.131499 0.292189
141 59.705994 41.332470 0.000000 1.199385 1.403920 2.467597 4.799200 10.113163 0.318758
142 60.335743 41.046165 0.000000 1.235723 1.409370 2.482110 4.818498 10.085134 0.200225
143 59.997395 41.194649 0.000000 1.132916 1.399726 2.475208 4.875645 10.468033 0.200235
144 60.291115 41.255177 0.000000 1.172634 1.367212 2.362043 4.534015 9.479590 0.251159
145 59.640842 41.247562 0.000000 1.177431 1.435409 2.593997 5.242958 11.578753 0.250061
146 59.831070 41.272980 0.000000 1.487904 1.424157 2.525736 4.963473 10.577047 0.250000
147 60.024139 41.414406 0.000000 1.997354 1.373022 2.375520 4.546394 9.430754 0.250000
148 59.764267 41.017132 0.000000 1.639753 1.507842 2.797089 5.711291 12.539125 0.333333
149 59.893726 41.248032 0.000000 1.929868 1.432495 2.552679 5.007759 10.576270 0.333333
150 60.092712 41.323864 0.000000 1.887861 1.516391 2.849247 5.931308 13.347228 0.200000
151 60.352451 41.168785 0.000000 1.647048 1.411204 2.477146 4.805349 10.087434 0.200000
152 60.056629 41.373348 0.000000 2.090493 1.391795 2.453535 4.817655 10.313673 0.333335
153 59.788834 41.360744 0.000000 2.154764 1.428659 2.557444 5.083107 10.966269 0.200571
154 59.899063 41.500015 0.000000 2.145117 1.384267 2.392356 4.554565 9.356572 0.250002
156 59.998085 40.779663 0.000000 2.081517 1.445866 2.607305 5.206515 11.257572 0.350440
157 59.678997 41.165325 0.000000 2.169516 1.435613 2.587245 5.178216 11.251928 0.256602
158 59.836910 41.102657 0.000000 2.713975 1.400319 2.451813 4.743841 9.925852 0.333333
159 59.672993 41.258076 0.000000 2.341009 1.463923 2.650160 5.279665 11.314637 0.333333
160 59.810314 41.056206 0.000000 2.703582 1.442946 2.579991 5.089038 10.832638 0.251895
161 59.647362 41.121410 0.000000 2.363197 1.421790 2.522511 4.940944 10.454330 0.333333
162 59.687225 41.127365 0.000000 2.422561 1.407932 2.491520 4.885656 10.382949 0.200000
163 59.623940 41.460224 0.000000 2.062152 1.340239 2.242854 4.121521 8.159331 0.250000
165 59.178638 41.132992 0.000000 2.370113 1.476552 2.700686 5.451336 11.866894 0.200000
166 59.271599 41.420620 0.000000 2.610278 1.350476 2.269333 4.179810 8.275640 0.200000
167 59.258846 41.562592 0.000000 2.723928 1.353325 2.273042 4.168602 8.175222 0.250001
168 59.128407 41.385880 0.000000 2.842728 1.382185 2.376796 4.487191 9.111414 0.265265
169 59.020515 41.490669 0.000000 2.456631 1.366835 2.349319 4.473295 9.249232 0.250267
170 58.734203 41.528130 0.000000 2.930181 1.410180 2.448150 4.643991 9.423599 0.200000
171 58.879097 41.460735 0.000000 2.600940 1.402279 2.461197 4.766283 9.972323 0.200063
172 58.678932 41.643246 0.000000 2.184374 1.407501 2.449455 4.679194 9.616410 0.142859
173 58.892967 41.701794 0.000000 2.695927 1.402222 2.467233 4.813226 10.193863 0.151920
174 58.908684 41.559109 0.000000 2.935935 1.285382 2.077863 3.687641 7.059957 0.166667
175 58.869217 41.346813 0.000000 3.081575 1.319952 2.186020 3.974329 7.778934 0.250000
176 58.841885 41.282597 0.000000 2.642814 1.338739 2.244697 4.134804 8.200511 0.167219
177 58.987114 41.669777 0.000000 2.723573 1.354136 2.308082 4.344173 8.848538 0.149017
178 58.861332 41.594219 0.000000 2.108493 1.298002 2.113663 3.773773 7.251728 0.118095
179 58.640820 41.257114 0.000000 2.120114 1.321402 2.175550 3.913854 7.542459 0.149698
180 58.766735 41.538494 0.000000 2.092764 1.389419 2.423636 4.681849 9.815886 0.196161
182 58.503368 41.822430 0.000000 2.263547 1.343087 2.267058 4.218400 8.487524 0.166667
184 58.968342 41.037983 0.000000 1.686516 1.414033 2.527416 5.027443 10.871856 0.166667
185 58.971363 41.033104 0.000000 1.123329 1.384367 2.439049 4.793503 10.282805 0.127537
186 58.864918 41.585178 0.000000 0.974553 1.325442 2.284031 4.455486 9.637325 0.125183
187 58.472721 41.438610 0.000000 0.959430 1.370614 2.366645 4.563272 9.640432 0.179068
189 58.477829 42.921268 0.000000 1.291081 1.549034 3.022208 6.579462 15.536394 0.142859
191 57.628342 42.532040 0.000000 1.056647 1.447553 2.686799 5.588923 12.697676 0.142857
