%% Trajectory 36
%% frame x (pixel)     y (pixel)    z (pixel)      m0         m1           m2           m3           m4           s 
174 69.619858 54.756706 0.000000 1.591384 1.332523 2.198881 3.963323 7.651248 0.200032
175 69.760170 54.773762 0.000000 1.548527 1.311485 2.161762 3.938222 7.795734 0.168037
176 69.768250 55.393326 0.000000 1.802182 1.341890 2.255301 4.170368 8.325223 0.229891
177 69.604836 54.832214 0.000000 1.733823 1.386870 2.405904 4.602406 9.508097 0.283578
178 69.671974 55.126621 0.000000 1.785965 1.377639 2.377940 4.521427 9.273327 0.269269
179 69.600136 55.190231 0.000000 1.933552 1.375690 2.356845 4.451834 9.094178 0.200001
180 69.593971 55.178875 0.000000 2.036140 1.338493 2.262106 4.234167 8.615174 0.166667
181 69.630722 55.144875 0.000000 1.746877 1.335400 2.217622 4.031911 7.870711 0.299198
182 69.542671 55.214687 0.000000 2.374191 1.467673 2.654646 5.269344 11.227970 0.142867
183 69.452301 55.154354 0.000000 2.236904 1.302475 2.150146 3.945796 7.918821 0.200002
184 69.751709 55.068928 0.000000 1.883066 1.344485 2.283280 4.301339 8.817153 0.202384
185 69.748055 54.991474 0.000000 2.235996 1.373924 2.386964 4.598952 9.620872 0.166670
186 69.742516 55.253197 0.000000 2.634499 1.355937 2.301719 4.313298 8.755419 0.166678
187 69.536720 55.329399 0.000000 2.617506 1.332048 2.214761 4.039405 7.930041 0.169139
188 69.469269 55.133953 0.000000 3.262695 1.385667 2.402258 4.597544 9.514309 0.200000
189 69.711380 55.161301 0.000000 2.822755 1.410704 2.475191 4.787214 9.995771 0.217123
190 69.565132 55.159233 0.000000 3.277869 1.376084 2.371238 4.513145 9.300299 0.142857
191 69.739456 54.903614 0.000000 2.856513 1.389110 2.409768 4.613850 9.550341 0.277025
192 69.494614 55.349644 0.000000 2.939826 1.349900 2.272299 4.204785 8.391100 0.265905
193 69.538788 55.023579 0.000000 3.094995 1.403893 2.474619 4.829655 10.215674 0.200081
194 69.561157 54.814892 0.000000 3.182958 1.369344 2.341002 4.402912 8.930492 0.213726
195 69.735703 54.811764 0.000000 3.072128 1.386398 2.406905 4.609168 9.532101 0.166667
196 69.831627 55.088051 0.000000 2.635905 1.418257 2.507231 4.894567 10.330038 0.166667
197 69.564339 54.855217 0.000000 3.409752 1.381833 2.374859 4.485676 9.126020 0.286490
198 69.606514 55.068348 0.000000 4.226411 1.391417 2.414714 4.621776 9.559735 0.200000
200 69.538910 55.199505 0.000000 3.833076 1.359903 2.308469 4.305515 8.649590 0.205148
201 69.705956 55.136749 0.000000 3.328325 1.331980 2.228387 4.111135 8.210161 0.167468
202 69.609749 55.210697 0.000000 4.186636 1.361612 2.307576 4.287520 8.561464 0.254296
203 69.439003 55.263485 0.000000 3.923900 1.351230 2.277287 4.209597 8.363583 0.200690
204 69.399849 55.413246 0.000000 4.106125 1.320611 2.184504 3.963284 7.733992 0.167670
205 69.405670 55.149803 0.000000 4.037897 1.350344 2.279730 4.233145 8.474689 0.225122
206 69.319611 55.144653 0.000000 4.369524 1.333277 2.253305 4.227422 8.638782 0.166668
207 69.369400 55.093128 0.000000 4.260181 1.374274 2.378301 4.561822 9.500628 0.230253
208 69.406158 55.022427 0.000000 3.546256 1.347882 2.276434 4.238997 8.534178 0.250000
209 69.203117 54.893581 0.000000 4.048331 1.333027 2.231015 4.103077 8.127645 0.200000
210 69.003883 55.055576 0.000000 3.823146 1.426115 2.557003 5.082046 10.944944 0.244059
211 68.938377 54.850880 0.000000 3.337433 1.395275 2.426911 4.651888 9.623442 0.200090
212 69.031967 54.888325 0.000000 3.441806 1.421237 2.518409 4.909964 10.298380 0.166667
213 68.798882 54.924049 0.000000 3.008394 1.395308 2.438586 4.708969 9.842154 0.204125
214 68.720833 54.890434 0.000000 3.569448 1.374655 2.359757 4.463118 9.117056 0.250000
215 68.848595 54.954163 0.000000 2.996709 1.360487 2.342649 4.470536 9.258731 0.200043
216 68.591316 54.920937 0.000000 3.028372 1.362353 2.326373 4.386860 8.961022 0.300685
217 68.571121 54.698776 0.000000 3.572085 1.319235 2.171308 3.918015 7.607729 0.200271
218 68.599655 54.610596 0.000000 3.368785 1.370050 2.327778 4.331809 8.650715 0.200272
219 68.319275 54.339672 0.000000 3.399924 1.343425 2.263298 4.194701 8.380978 0.261690
220 68.101021 54.626423 0.000000 2.941120 1.393549 2.426810 4.660805 9.668184 0.200002
221 68.060242 54.265469 0.000000 2.506359 1.329166 2.227651 4.121181 8.250912 0.247272
223 68.196518 54.387482 0.000000 2.315883 1.328808 2.188264 3.923511 7.503905 0.229460
