%% Trajectory 31
%% frame x (pixel)     y (pixel)    z (pixel)      m0         m1           m2           m3           m4           s 
67 61.954514 34.346153 0.000000 1.091544 1.428255 2.631415 5.499959 12.687778 0.270714
68 61.839622 34.652863 0.000000 1.206421 1.480602 2.748920 5.670728 12.679415 0.367437
69 61.521980 34.062527 0.000000 1.183540 1.386296 2.476886 4.997123 11.105874 0.200013
70 61.545803 34.492393 0.000000 1.342364 1.322553 2.211259 4.072258 8.100102 0.166667
72 61.804478 34.444035 0.000000 2.212921 1.341616 2.263640 4.225766 8.566530 0.333334
74 61.411549 33.883083 0.000000 1.654097 1.332440 2.201455 3.980577 7.724368 0.200000
75 61.827412 34.331581 0.000000 1.535664 1.434924 2.593209 5.221640 11.437163 0.143642
76 61.691395 34.145664 0.000000 1.447008 1.327456 2.244732 4.225357 8.690619 0.200001
77 61.536182 34.325375 0.000000 1.960237 1.299445 2.125114 3.821895 7.416538 0.200000
78 61.465816 34.227749 0.000000 1.921395 1.408695 2.521980 5.044879 11.021135 0.166667
79 61.298790 33.917973 0.000000 1.587467 1.395583 2.469846 4.840045 10.267057 0.166667
80 61.445465 34.294041 0.000000 2.064271 1.315642 2.211883 4.160621 8.603779 0.166667
81 61.362747 34.027878 0.000000 2.130151 1.358952 2.344733 4.498597 9.400682 0.142857
82 61.633575 34.373039 0.000000 2.312994 1.249003 1.976310 3.451864 6.559731 0.142857
83 61.308437 34.135178 0.000000 2.357176 1.287542 2.078166 3.679595 7.018179 0.200000
84 61.544212 34.112289 0.000000 2.798504 1.301078 2.127693 3.840143 7.522295 0.125000
85 61.298573 34.359245 0.000000 2.841642 1.275637 2.039610 3.561368 6.665506 0.166667
86 61.403839 34.322403 0.000000 2.633678 1.280424 2.055771 3.612924 6.825949 0.166667
87 61.401272 34.093231 0.000000 3.006896 1.336062 2.246606 4.184798 8.479841 0.200000
88 61.489952 34.204945 0.000000 2.993393 1.327104 2.201782 4.006665 7.845390 0.166667
89 61.532681 34.266762 0.000000 2.933728 1.309504 2.147666 3.856983 7.436385 0.142857
90 61.264774 34.032211 0.000000 2.362117 1.317707 2.221164 4.186587 8.659133 0.200057
92 61.645489 34.312702 0.000000 3.113627 1.309001 2.139678 3.823664 7.328121 0.200000
93 61.547241 34.364872 0.000000 3.918093 1.312551 2.145338 3.826182 7.299714 0.250000
94 61.586445 34.213814 0.000000 3.179720 1.262604 2.003358 3.474774 6.470267 0.250000
95 61.306160 34.435852 0.000000 3.373981 1.327112 2.202691 4.015239 7.885087 0.166667
96 61.665150 34.257355 0.000000 3.326706 1.337317 2.226113 4.052222 7.905190 0.250000
97 61.611549 34.260700 0.000000 3.900133 1.289810 2.080542 3.663878 6.908435 0.250000
98 61.725018 34.250240 0.000000 3.956306 1.304796 2.146748 3.882778 7.575019 0.250000
99 61.616451 34.221489 0.000000 4.552077 1.331642 2.210276 4.016171 7.834199 0.250000
100 61.487213 34.395737 0.000000 4.779326 1.302962 2.117743 3.756098 7.128399 0.333333
101 61.623177 34.246883 0.000000 4.209026 1.338953 2.227627 4.046315 7.861588 0.250000
102 61.762421 34.207607 0.000000 4.108743 1.332162 2.224474 4.076817 8.036543 0.333333
103 61.779869 34.237045 0.000000 4.702548 1.357753 2.305202 4.312001 8.711738 0.333333
104 61.658630 34.234196 0.000000 4.925909 1.347180 2.282998 4.275148 8.678205 0.333333
105 61.606190 34.328281 0.000000 5.521175 1.295898 2.105764 3.742709 7.138430 0.333333
106 61.817677 34.408939 0.000000 4.975209 1.321564 2.186107 3.969537 7.764448 0.500000
107 61.579163 34.214081 0.000000 5.369171 1.295063 2.098416 3.711231 7.024273 0.500000
108 61.673203 34.386894 0.000000 5.830120 1.329143 2.194146 3.949215 7.594988 0.500000
109 61.607182 34.261055 0.000000 5.453153 1.287893 2.080150 3.674899 6.969113 0.500000
110 61.667839 34.353405 0.000000 5.950251 1.287045 2.072863 3.644916 6.863509 0.500000
111 61.685730 34.292759 0.000000 5.825397 1.288699 2.073438 3.641829 6.851435 0.500000
112 61.721912 34.255127 0.000000 6.080575 1.323553 2.194736 3.994184 7.825506 0.333333
113 61.722088 34.450405 0.000000 5.930533 1.318732 2.178355 3.947883 7.701797 0.333333
114 61.730473 34.417938 0.000000 6.222456 1.339550 2.242242 4.122655 8.168018 0.500000
115 61.773090 34.307209 0.000000 6.056139 1.320866 2.185253 3.966559 7.748555 0.500000
116 61.859180 34.369480 0.000000 5.850529 1.355288 2.296025 4.280443 8.611933 0.333333
117 61.711967 34.452000 0.000000 6.733007 1.285744 2.067958 3.630824 6.826872 0.500000
118 61.640202 34.280609 0.000000 7.495111 1.311581 2.148119 3.843457 7.366162 0.500000
119 61.743286 34.402008 0.000000 6.777087 1.305601 2.124870 3.770501 7.150479 0.500000
120 61.595749 34.453140 0.000000 7.593089 1.336644 2.225442 4.054326 7.923925 0.500000
121 61.580151 34.388081 0.000000 7.837684 1.313577 2.146545 3.822541 7.269787 0.500000
123 61.822609 34.313503 0.000000 6.992777 1.321995 2.185151 3.959590 7.713736 0.500000
124 61.747181 34.258709 0.000000 7.007579 1.315138 2.168998 3.925891 7.649891 0.500000
125 61.802483 34.376385 0.000000 6.681662 1.334121 2.237740 4.134374 8.252723 0.500000
126 61.745434 34.273861 0.000000 6.774593 1.312007 2.156152 3.886926 7.542842 0.500000
127 61.916290 34.326000 0.000000 7.103068 1.325502 2.206275 4.035718 7.955618 0.500000
128 61.823719 34.290649 0.000000 7.017490 1.329254 2.216147 4.068190 8.069458 0.500000
130 61.734150 34.377838 0.000000 6.753905 1.306739 2.134024 3.814037 7.319517 0.500000
131 62.017540 34.358150 0.000000 7.390054 1.319901 2.197244 4.040553 8.056704 0.500000
132 61.866993 34.450443 0.000000 7.251703 1.318228 2.169944 3.908927 7.555209 0.500000
133 61.847763 34.490856 0.000000 7.441558 1.303237 2.136889 3.859770 7.546490 0.500000
134 61.749306 34.679966 0.000000 7.248001 1.301454 2.110971 3.734706 7.066422 0.500000
135 61.673191 34.820606 0.000000 7.329155 1.335817 2.225793 4.061947 7.959865 0.500000
136 61.692295 34.755932 0.000000 7.725270 1.336798 2.228276 4.060481 7.924729 0.500000
137 61.616871 34.840073 0.000000 8.273969 1.329040 2.199529 3.978192 7.708410 0.500000
138 61.562824 35.058002 0.000000 7.699578 1.339628 2.245647 4.139119 8.226548 0.500000
139 61.771271 35.042370 0.000000 7.576324 1.360767 2.316481 4.329825 8.700487 0.500000
140 61.730930 35.047054 0.000000 6.611796 1.370350 2.344121 4.413412 8.958427 0.500000
141 61.701870 35.312809 0.000000 6.903103 1.365206 2.333344 4.390172 8.911172 0.500000
142 61.697163 35.423241 0.000000 6.781010 1.295275 2.095846 3.699807 6.987483 0.500000
143 61.740501 35.457855 0.000000 6.827276 1.321332 2.173859 3.909595 7.537956 0.500000
144 61.704170 35.350220 0.000000 6.703460 1.328580 2.198462 3.978571 7.720421 0.500000
145 61.542553 35.472721 0.000000 6.255435 1.339873 2.226115 4.027193 7.769228 0.500000
146 61.482994 35.499313 0.000000 6.658077 1.315093 2.151904 3.837074 7.305955 0.500000
148 61.568897 35.896942 0.000000 6.021403 1.371402 2.341859 4.388061 8.834770 0.500003
149 61.594326 36.140125 0.000000 5.677734 1.366990 2.330187 4.372023 8.852966 0.500003
150 61.412220 36.296856 0.000000 5.107440 1.351030 2.272907 4.194946 8.328915 0.500000
151 61.523598 36.386257 0.000000 4.811742 1.352184 2.281965 4.226389 8.424121 0.500000
153 61.927711 36.142967 0.000000 3.578152 1.471665 2.700024 5.490633 12.090410 0.500000
154 61.946186 36.269474 0.000000 4.037991 1.480808 2.715964 5.500555 12.020494 0.500000
155 62.338840 36.286572 0.000000 3.304938 1.449687 2.633878 5.332693 11.765352 0.333333
157 61.817570 36.365959 0.000000 2.179312 1.600356 3.135378 6.771965 15.723788 0.250000
159 62.282406 35.627991 0.000000 1.256718 1.639012 3.296326 7.280861 17.202585 0.250000
160 62.320705 34.811527 0.000000 1.321645 1.604074 3.167686 6.928288 16.334465 0.333333
