%% Trajectory 86
%% frame x (pixel)     y (pixel)    z (pixel)      m0         m1           m2           m3           m4           s 
193 38.023666 65.598099 0.000000 0.728150 1.351054 2.349543 4.562190 9.675400 0.136344
195 38.362019 66.230629 0.000000 0.686674 1.320001 2.197110 4.065100 8.220389 0.133579
197 37.652874 65.300446 0.000000 1.044071 1.429568 2.566754 5.115598 11.060691 0.125000
199 38.594143 65.195465 0.000000 1.509051 1.547152 2.957729 6.255194 14.279634 0.250000
200 37.945263 64.983391 0.000000 1.520097 1.473133 2.752476 5.741813 13.023034 0.250000
201 37.977184 65.493263 0.000000 1.837154 1.379759 2.440802 4.858996 10.642516 0.200000
202 38.010483 65.061760 0.000000 1.774846 1.447431 2.622468 5.251502 11.352674 0.200000
203 38.153786 65.290878 0.000000 1.811672 1.431263 2.562801 5.091721 10.981136 0.200000
204 37.866886 65.433304 0.000000 1.469149 1.292062 2.127445 3.910011 7.895373 0.200000
205 38.105782 65.268532 0.000000 2.082982 1.444824 2.595387 5.164930 11.142953 0.250000
206 38.363373 65.441917 0.000000 1.833295 1.412575 2.480351 4.804733 10.060481 0.250000
208 37.866547 65.161179 0.000000 2.169932 1.382386 2.391016 4.558475 9.381845 0.250000
209 37.845268 65.308167 0.000000 2.393943 1.367470 2.341677 4.431174 9.085588 0.342927
210 37.899189 65.259888 0.000000 2.469795 1.386905 2.423705 4.715277 9.997818 0.333333
211 38.102394 65.224907 0.000000 2.682120 1.377610 2.386245 4.573521 9.499310 0.333333
212 37.657104 65.460335 0.000000 2.284691 1.280787 2.059730 3.631516 6.896376 0.333333
213 37.823162 65.488419 0.000000 2.571948 1.342724 2.253127 4.168695 8.341380 0.333333
214 37.930073 65.409218 0.000000 2.778307 1.350200 2.307499 4.378045 9.037855 0.250046
215 37.796799 65.256615 0.000000 2.641742 1.286618 2.108043 3.845499 7.687089 0.250716
216 38.113556 65.266495 0.000000 2.828661 1.380720 2.379137 4.516648 9.255953 0.333333
217 37.772175 65.442482 0.000000 2.625932 1.340927 2.272965 4.269286 8.714902 0.333333
218 38.209538 65.269897 0.000000 2.492061 1.439121 2.589458 5.164323 11.164761 0.333333
219 37.949600 65.496689 0.000000 2.757257 1.328132 2.216395 4.079844 8.132161 0.333333
220 37.745224 65.254082 0.000000 3.119695 1.376977 2.379734 4.564284 9.520787 0.250000
221 38.034874 65.373947 0.000000 2.991931 1.389085 2.414779 4.636090 9.627231 0.333333
222 37.768162 65.172615 0.000000 2.778044 1.358490 2.312436 4.338059 8.787854 0.250000
223 38.030762 65.093430 0.000000 3.022135 1.401951 2.470652 4.826762 10.226484 0.333333
224 37.455273 65.120461 0.000000 3.127136 1.326508 2.201946 4.002082 7.805000 0.333333
225 37.495159 65.023506 0.000000 3.637304 1.409472 2.479893 4.816193 10.104021 0.333334
226 37.772404 65.232086 0.000000 3.646851 1.366957 2.358400 4.527556 9.479594 0.333333
227 37.801353 65.282875 0.000000 3.629532 1.314016 2.161750 3.901136 7.574679 0.333333
228 37.548847 65.116035 0.000000 2.891932 1.299914 2.111557 3.750267 7.143117 0.250000
229 37.781204 65.124397 0.000000 3.293535 1.355170 2.305387 4.329000 8.795046 0.333333
230 37.941818 65.281319 0.000000 3.676399 1.339302 2.272527 4.290602 8.846097 0.333333
231 38.269207 65.432533 0.000000 3.320805 1.318036 2.163954 3.885682 7.485433 0.333333
232 38.280991 65.323151 0.000000 3.248728 1.336524 2.252610 4.211026 8.574133 0.333333
233 38.076225 65.359192 0.000000 3.652974 1.356829 2.316305 4.386176 9.039001 0.333333
234 38.517185 65.372246 0.000000 3.518601 1.347508 2.275850 4.240489 8.555559 0.250000
235 38.248642 65.386154 0.000000 3.564580 1.322934 2.189045 3.985060 7.838248 0.250000
236 38.510601 65.397697 0.000000 3.368587 1.353802 2.287372 4.250596 8.518170 0.250000
237 38.606262 65.192825 0.000000 3.958262 1.340890 2.249156 4.150477 8.264796 0.250000
238 38.779041 65.252846 0.000000 4.172109 1.363367 2.313071 4.309678 8.642258 0.250000
239 38.648163 65.252243 0.000000 3.621387 1.326998 2.202470 4.007722 7.837647 0.250000
240 38.707932 65.130379 0.000000 3.785503 1.446873 2.589131 5.106854 10.862514 0.250000
241 38.885857 65.079529 0.000000 3.720817 1.388225 2.424998 4.700066 9.897165 0.250000
242 38.896946 65.113586 0.000000 3.612656 1.431096 2.565780 5.102726 11.003128 0.250000
243 38.826210 65.015160 0.000000 3.927619 1.425907 2.547084 5.044664 10.835740 0.250000
244 39.246048 65.052292 0.000000 3.479316 1.406130 2.482526 4.862261 10.342473 0.250000
245 39.386665 64.985802 0.000000 3.551622 1.487249 2.751190 5.615431 12.352309 0.250000
247 39.353252 64.290466 0.000000 3.499819 1.394566 2.430536 4.687808 9.807523 0.250000
248 39.147472 64.083443 0.000000 3.353308 1.353988 2.310962 4.363008 8.934399 0.250000
249 39.321537 64.048592 0.000000 3.640047 1.426696 2.547137 5.026013 10.719595 0.250000
250 39.398159 63.960732 0.000000 3.391984 1.404277 2.466883 4.781904 10.006672 0.333333
251 39.105331 64.161568 0.000000 3.227589 1.397516 2.452250 4.761707 10.017453 0.333333
253 38.794281 64.502083 0.000000 2.475192 1.348345 2.297989 4.345894 8.948812 0.250001
254 39.236317 64.712234 0.000000 2.212816 1.317020 2.181465 3.984625 7.877626 0.200162
255 38.755157 64.498940 0.000000 2.013622 1.337601 2.264167 4.256862 8.729742 0.200000
257 39.291264 65.335686 0.000000 0.898637 1.363669 2.418837 4.832737 10.623469 0.204485
