%% Trajectory 21
%% frame x (pixel)     y (pixel)    z (pixel)      m0         m1           m2           m3           m4           s 
66 25.886311 42.752415 0.000000 0.655455 1.298271 2.195464 4.222354 9.066897 0.137048
67 26.350533 43.072861 0.000000 0.871136 1.430347 2.592740 5.214071 11.350780 0.125003
69 26.665127 42.392593 0.000000 1.080786 1.476122 2.720516 5.581265 12.440460 0.191760
70 26.433310 42.734734 0.000000 1.176619 1.349279 2.281871 4.274971 8.707672 0.123543
71 26.447208 42.403011 0.000000 1.451644 1.318413 2.170876 3.921264 7.628270 0.207545
72 26.171804 42.268154 0.000000 1.003518 1.392584 2.426208 4.656034 9.629648 0.129082
73 26.113718 42.319710 0.000000 0.858660 1.473993 2.700783 5.467027 11.939155 0.133220
74 26.036999 42.690144 0.000000 0.996395 1.372923 2.383910 4.598621 9.650220 0.209540
75 26.283567 42.523266 0.000000 1.173492 1.524903 2.856022 5.874511 12.960387 0.147113
76 26.639561 42.433262 0.000000 1.362509 1.296540 2.113791 3.786366 7.319375 0.185724
77 26.450016 42.504765 0.000000 1.435660 1.387044 2.388564 4.527407 9.259707 0.145074
78 26.453779 42.572182 0.000000 1.427070 1.298746 2.129255 3.854226 7.570636 0.243904
79 26.474857 42.475826 0.000000 1.714972 1.366768 2.329354 4.364477 8.813021 0.143954
80 26.501999 42.521141 0.000000 1.315630 1.420501 2.521244 4.953727 10.538700 0.316490
81 26.317291 42.638161 0.000000 1.141330 1.373135 2.393311 4.660181 9.924180 0.386055
82 26.503912 42.644245 0.000000 1.436086 1.348369 2.260310 4.136706 8.095470 0.150917
83 26.438931 42.415390 0.000000 1.415760 1.365217 2.337774 4.409246 8.975871 0.192866
84 26.359400 42.361061 0.000000 1.393200 1.350038 2.284718 4.262023 8.595291 0.149514
85 26.355690 42.636288 0.000000 1.389091 1.318152 2.163141 3.872975 7.416930 0.157902
86 26.184580 42.474136 0.000000 1.159504 1.370825 2.364738 4.519975 9.382453 0.188345
87 26.291288 42.735363 0.000000 1.461505 1.356614 2.312828 4.363233 8.933452 0.160664
88 26.632027 42.641705 0.000000 1.868970 1.328830 2.210716 4.042359 7.974328 0.207005
89 26.439566 42.654854 0.000000 1.992837 1.347612 2.260665 4.155703 8.210137 0.135193
90 26.470377 42.699562 0.000000 1.813934 1.356027 2.273590 4.164893 8.172076 0.217908
91 26.446251 42.464474 0.000000 2.001510 1.350455 2.263549 4.138825 8.085533 0.197385
92 26.171078 42.906044 0.000000 1.501075 1.372795 2.360177 4.477857 9.185955 0.270864
93 26.335911 42.529438 0.000000 1.849514 1.344915 2.250341 4.122865 8.106423 0.271466
94 26.377764 42.498188 0.000000 1.814289 1.327960 2.205615 4.020097 7.885079 0.246028
95 26.198753 42.416630 0.000000 1.763070 1.373911 2.359309 4.466222 9.138356 0.167548
96 26.326370 42.803722 0.000000 1.574419 1.325847 2.191748 3.962389 7.678292 0.166670
97 25.922459 42.559105 0.000000 1.423552 1.438236 2.592260 5.166788 11.130886 0.212803
99 26.451256 42.527321 0.000000 1.754452 1.336291 2.244011 4.155549 8.324927 0.166667
100 26.461140 42.488605 0.000000 1.673050 1.345697 2.267080 4.195908 8.360974 0.200117
101 26.300709 42.689350 0.000000 1.521972 1.339554 2.248960 4.167761 8.366561 0.200001
102 26.296362 42.510349 0.000000 2.033730 1.328795 2.209669 4.021194 7.849297 0.200006
103 26.361099 42.413933 0.000000 1.999004 1.360912 2.297276 4.250475 8.450181 0.258693
104 26.527029 42.447346 0.000000 1.898616 1.339642 2.243915 4.128069 8.182914 0.200876
105 26.350229 42.481407 0.000000 2.084060 1.350595 2.283092 4.248935 8.539171 0.201659
106 26.293282 42.722042 0.000000 2.012757 1.364529 2.323165 4.349779 8.783515 0.254403
107 26.127323 42.481102 0.000000 1.891809 1.333702 2.238010 4.152731 8.362537 0.211107
108 26.321774 42.779377 0.000000 1.814716 1.400939 2.452442 4.746239 9.946773 0.174152
109 26.306171 42.359287 0.000000 2.021350 1.327275 2.206195 4.022193 7.883677 0.201184
110 26.458973 42.474728 0.000000 1.852112 1.411773 2.474086 4.768351 9.895624 0.166706
111 26.669647 42.290718 0.000000 2.285694 1.442716 2.583776 5.104805 10.887183 0.167892
112 26.427223 42.334450 0.000000 1.955956 1.353829 2.285706 4.244797 8.503496 0.200000
113 26.466236 42.383286 0.000000 1.903523 1.449821 2.600373 5.148072 11.001448 0.200000
114 26.556654 42.331295 0.000000 2.075540 1.356153 2.301838 4.302563 8.684106 0.171889
115 26.327147 42.449196 0.000000 2.004209 1.328107 2.181475 3.904290 7.461979 0.166667
116 26.274361 42.590881 0.000000 1.767968 1.359835 2.322945 4.382236 8.952293 0.166667
117 26.678293 42.722099 0.000000 2.273861 1.374801 2.341071 4.374777 8.798916 0.166667
118 26.528986 42.493755 0.000000 2.456498 1.320863 2.168225 3.887593 7.463836 0.166667
119 26.377281 42.587990 0.000000 2.472575 1.330232 2.202379 3.979016 7.687174 0.166710
120 26.622328 42.470463 0.000000 2.376884 1.374737 2.359401 4.449887 9.036584 0.166687
121 26.697084 42.153675 0.000000 2.380683 1.421304 2.499249 4.836759 10.084030 0.166667
122 26.635637 42.439552 0.000000 1.958381 1.334400 2.225938 4.073226 8.017669 0.166667
123 26.235884 42.704803 0.000000 2.160018 1.380290 2.379833 4.527005 9.305075 0.166667
124 26.634140 42.336033 0.000000 2.257553 1.390777 2.422564 4.667660 9.742404 0.166667
125 26.575714 42.527748 0.000000 1.937636 1.310627 2.156974 3.895340 7.570720 0.166667
126 26.449993 42.514454 0.000000 2.305903 1.331919 2.205224 3.982839 7.688618 0.166667
127 26.224976 42.705166 0.000000 2.363564 1.312958 2.166106 3.929641 7.691624 0.166667
128 26.398329 42.429016 0.000000 2.202789 1.383713 2.366761 4.431664 8.897226 0.166691
129 26.624073 42.597084 0.000000 2.055183 1.351038 2.267605 4.162506 8.187279 0.206916
130 26.416685 42.372246 0.000000 2.441133 1.332608 2.216110 4.032118 7.868796 0.236364
131 26.256315 42.499413 0.000000 2.725030 1.318552 2.171426 3.914995 7.577401 0.142868
132 26.491930 42.514759 0.000000 2.692239 1.320607 2.179899 3.944534 7.678517 0.166669
133 26.439661 42.682987 0.000000 2.597113 1.333785 2.205673 3.973133 7.636085 0.166674
134 26.393961 42.404232 0.000000 2.838677 1.364649 2.307511 4.254573 8.375384 0.183434
135 26.520493 42.570042 0.000000 2.671157 1.349191 2.270252 4.202309 8.396760 0.166667
136 26.662888 42.485641 0.000000 2.497595 1.385133 2.413177 4.666588 9.811609 0.166680
137 26.498621 42.597950 0.000000 2.994371 1.381747 2.363053 4.421817 8.870380 0.166667
138 26.575317 42.647587 0.000000 2.559279 1.311857 2.148540 3.845255 7.374683 0.200000
139 26.514006 42.273228 0.000000 2.949543 1.386183 2.386147 4.509043 9.161988 0.194796
140 26.474609 42.660885 0.000000 2.415683 1.354743 2.287775 4.255022 8.552402 0.166667
141 26.593395 42.311001 0.000000 2.842397 1.379648 2.358619 4.414145 8.858813 0.142857
142 26.530800 42.451668 0.000000 2.686781 1.380791 2.351724 4.363669 8.635485 0.142857
143 26.576494 42.493439 0.000000 2.639629 1.359692 2.305174 4.300073 8.655002 0.142857
144 26.439703 42.399426 0.000000 2.598696 1.317878 2.161335 3.861632 7.364204 0.200000
145 26.656649 42.637138 0.000000 2.736627 1.305937 2.125526 3.772374 7.156748 0.166667
146 26.495335 42.511135 0.000000 2.915307 1.348546 2.264511 4.165341 8.229390 0.166752
147 26.515991 42.559177 0.000000 2.894099 1.355981 2.277840 4.180962 8.219174 0.262202
148 26.430922 42.467537 0.000000 3.027566 1.329604 2.201784 3.989926 7.759521 0.221210
149 26.451235 42.416901 0.000000 2.821808 1.350868 2.265409 4.157507 8.187450 0.166784
150 26.587154 42.465298 0.000000 3.415066 1.337008 2.221990 4.027596 7.800730 0.166667
151 26.648603 42.545635 0.000000 3.476902 1.335969 2.225903 4.061638 7.959673 0.166667
152 26.614595 42.483376 0.000000 3.489002 1.345956 2.249541 4.106662 8.021964 0.200000
153 26.833561 42.534275 0.000000 3.180869 1.344604 2.277553 4.270108 8.698344 0.166668
154 26.732653 42.460075 0.000000 3.319532 1.373124 2.332479 4.332557 8.617866 0.166667
155 26.786308 42.366058 0.000000 2.916979 1.324404 2.196099 3.997320 7.831745 0.219451
156 26.883484 42.382996 0.000000 3.662410 1.418043 2.502846 4.871158 10.235138 0.200000
157 27.288946 42.171040 0.000000 3.475801 1.445066 2.594934 5.139356 10.980865 0.200000
158 27.290873 42.362282 0.000000 3.446490 1.433626 2.543991 4.963684 10.425499 0.166667
159 27.298237 42.383125 0.000000 3.566272 1.418825 2.489661 4.800980 9.967497 0.200001
160 27.394726 42.238190 0.000000 3.670378 1.364659 2.317683 4.322345 8.678180 0.200005
161 27.444344 42.292492 0.000000 4.016346 1.376132 2.352522 4.414593 8.913750 0.200001
162 27.519394 42.284946 0.000000 3.773405 1.392246 2.392687 4.493097 9.029736 0.200000
163 27.521891 42.278671 0.000000 3.742531 1.363530 2.314741 4.311076 8.633924 0.214402
164 27.502308 42.346390 0.000000 4.483069 1.354876 2.275239 4.174314 8.200971 0.200000
165 27.644409 42.478374 0.000000 3.998685 1.333254 2.206757 3.980499 7.665511 0.200096
166 27.546318 42.222672 0.000000 3.556985 1.386520 2.384732 4.502726 9.149313 0.298886
167 27.605211 42.187241 0.000000 3.537782 1.369896 2.348930 4.428264 8.989668 0.226916
168 27.959267 41.905945 0.000000 3.780969 1.474882 2.702683 5.464643 11.913972 0.166764
169 27.918457 41.662178 0.000000 3.346552 1.386845 2.402313 4.577394 9.391825 0.166667
170 27.668898 41.902184 0.000000 3.731363 1.377588 2.367899 4.477168 9.117882 0.209059
171 27.705477 41.929684 0.000000 3.788538 1.380359 2.383546 4.540256 9.344988 0.270026
172 27.378206 42.196754 0.000000 3.454266 1.355483 2.289063 4.241124 8.446156 0.239440
173 27.562262 41.817764 0.000000 3.600276 1.372621 2.337000 4.359090 8.727349 0.200000
174 27.620897 41.358208 0.000000 3.337518 1.337231 2.222025 4.027052 7.799490 0.200000
175 27.636616 40.578136 0.000000 3.164632 1.363727 2.313738 4.307666 8.630400 0.203923
176 27.663309 40.647923 0.000000 3.130340 1.409039 2.458669 4.702177 9.648299 0.200000
177 27.253031 41.065823 0.000000 3.036872 1.414891 2.477880 4.761911 9.829133 0.200007
178 27.034685 41.226994 0.000000 2.846107 1.395875 2.447226 4.753363 10.010668 0.200000
179 26.616510 40.615723 0.000000 2.963862 1.397010 2.440050 4.712794 9.855462 0.200001
181 26.605042 40.301193 0.000000 1.479124 1.580346 3.061235 6.512830 14.843640 0.166667
