%% Trajectory 17
%% frame x (pixel)     y (pixel)    z (pixel)      m0         m1           m2           m3           m4           s 
83 43.824905 67.247467 0.000000 0.777580 1.300060 2.134694 3.851348 7.488570 0.200000
85 44.221745 66.686943 0.000000 0.656922 1.466491 2.735154 5.688547 12.850620 0.200049
87 43.464954 66.833511 0.000000 1.079129 1.324958 2.244455 4.243914 8.788890 0.200002
88 43.652512 67.171005 0.000000 0.975522 1.312241 2.156874 3.882765 7.504101 0.200680
90 43.869282 66.413467 0.000000 1.261759 1.329649 2.235932 4.160857 8.406004 0.266464
91 43.759254 66.800728 0.000000 1.240809 1.331853 2.236777 4.150316 8.342045 0.237468
92 43.472820 67.086067 0.000000 1.373799 1.326427 2.202661 4.017712 7.900614 0.210249
93 43.627628 66.805122 0.000000 1.223033 1.257383 1.981460 3.412632 6.313423 0.202702
94 43.776562 67.030045 0.000000 1.129151 1.328647 2.236463 4.163510 8.399476 0.382372
95 43.850784 66.937447 0.000000 1.443876 1.356497 2.305226 4.314272 8.709176 0.255236
96 43.942074 66.708405 0.000000 1.280027 1.321851 2.229449 4.180863 8.552197 0.216454
97 43.586235 66.989304 0.000000 1.282429 1.303543 2.144328 3.890357 7.635568 0.200460
98 43.621532 66.969223 0.000000 1.365797 1.301149 2.115174 3.762652 7.183704 0.200150
99 43.731068 66.694344 0.000000 1.585172 1.323696 2.213554 4.101633 8.270139 0.274261
100 44.301392 67.031807 0.000000 1.335035 1.404965 2.484650 4.898934 10.538714 0.243025
101 43.702072 66.985901 0.000000 1.491809 1.345405 2.272208 4.211106 8.384053 0.168067
102 43.741291 66.758881 0.000000 1.857045 1.311672 2.160560 3.903404 7.586699 0.166900
103 43.875355 66.809669 0.000000 1.784608 1.329055 2.225611 4.108737 8.193224 0.321518
104 43.410419 66.755562 0.000000 1.720395 1.254581 1.983449 3.435979 6.411883 0.283915
105 43.779484 66.861549 0.000000 2.125304 1.323742 2.194504 3.990606 7.802351 0.166673
106 43.614002 66.890961 0.000000 1.388834 1.361458 2.332583 4.440043 9.212557 0.166824
107 43.663670 67.075386 0.000000 1.592240 1.364730 2.342427 4.447402 9.155437 0.234681
108 43.985512 66.717789 0.000000 2.160126 1.369622 2.360361 4.499047 9.291230 0.261786
109 43.638329 66.681854 0.000000 1.746544 1.261780 2.001028 3.474927 6.493368 0.239928
110 43.741272 66.895554 0.000000 1.752549 1.326408 2.204637 4.032403 7.962957 0.287091
111 43.912991 66.671043 0.000000 1.872748 1.312829 2.167849 3.931090 7.672852 0.205662
112 44.005184 66.784370 0.000000 1.917251 1.367325 2.358891 4.508969 9.349387 0.201975
113 43.803539 66.919731 0.000000 2.105442 1.338747 2.245925 4.139165 8.209603 0.377621
114 43.688965 67.092873 0.000000 2.236501 1.325661 2.205414 4.039395 7.989625 0.222685
115 43.809853 66.936684 0.000000 2.361479 1.345470 2.295676 4.348270 8.957081 0.226471
116 43.819733 66.890152 0.000000 2.264854 1.331804 2.225542 4.090492 8.105886 0.385717
117 43.987305 66.898842 0.000000 2.081900 1.405530 2.472043 4.803327 10.085035 0.200147
118 43.766724 66.729828 0.000000 2.483345 1.320037 2.182842 3.967793 7.782541 0.237837
119 43.719200 66.822998 0.000000 2.343158 1.304436 2.131471 3.807498 7.289402 0.283877
120 43.925774 66.795532 0.000000 2.360206 1.323093 2.203195 4.040051 7.997597 0.333688
121 43.927795 66.883842 0.000000 2.663528 1.371575 2.359018 4.463865 9.095639 0.233481
122 43.821369 66.953125 0.000000 2.799913 1.355508 2.311565 4.356435 8.895887 0.200171
123 43.765347 66.752686 0.000000 2.757259 1.343378 2.262510 4.190365 8.364831 0.215096
124 43.726101 66.727051 0.000000 2.729716 1.259026 1.996556 3.470013 6.497459 0.201679
125 43.775726 66.827423 0.000000 2.823964 1.316919 2.192562 4.028602 8.013337 0.206826
126 43.917965 66.847176 0.000000 2.574087 1.370354 2.361080 4.486557 9.201896 0.290140
127 43.729134 66.457458 0.000000 2.628843 1.328131 2.204504 4.014195 7.864577 0.275650
128 43.998352 66.200043 0.000000 2.338732 1.372172 2.383742 4.590285 9.584330 0.234256
129 43.696827 66.260284 0.000000 2.598032 1.308769 2.144071 3.848674 7.427739 0.224020
130 44.032368 66.129097 0.000000 2.598719 1.415931 2.511572 4.929703 10.470816 0.171706
131 44.228233 65.906609 0.000000 2.628124 1.362489 2.338878 4.438486 9.120122 0.153116
132 44.317383 65.568893 0.000000 2.323585 1.337787 2.244830 4.143729 8.248706 0.167396
133 44.501919 65.827972 0.000000 2.439003 1.403065 2.476286 4.845506 10.284919 0.261825
134 44.151215 65.901894 0.000000 2.412314 1.392816 2.440012 4.733566 9.951212 0.168049
135 44.190350 65.738663 0.000000 2.205940 1.390299 2.402880 4.576453 9.409669 0.172185
136 44.048687 65.960464 0.000000 1.887870 1.448750 2.621092 5.242369 11.322936 0.175050
137 44.286846 65.591316 0.000000 2.341103 1.428719 2.530662 4.946395 10.446751 0.253386
138 44.505135 65.486908 0.000000 2.300867 1.325056 2.189636 3.970015 7.749901 0.165154
139 44.692703 65.398178 0.000000 2.046861 1.289186 2.080814 3.676806 6.981766 0.148144
140 44.481071 65.220894 0.000000 2.097423 1.375545 2.364419 4.483649 9.189517 0.166671
142 44.672558 64.614288 0.000000 1.932665 1.377576 2.391645 4.589611 9.528100 0.164693
144 46.057590 65.170807 0.000000 1.550461 1.401387 2.485384 4.911610 10.579650 0.200036
