%% Trajectory 16
%% frame x (pixel)     y (pixel)    z (pixel)      m0         m1           m2           m3           m4           s 
50 62.145554 112.428848 0.000000 0.397869 1.383838 2.648945 5.930492 14.835557 0.223986
51 62.360668 112.236877 0.000000 0.497779 1.289967 2.222500 4.407076 9.823606 0.119489
52 62.163208 112.284828 0.000000 0.530954 1.335121 2.402442 5.014793 11.762728 0.117688
53 62.122517 112.209457 0.000000 0.588223 1.390151 2.564504 5.437986 12.833887 0.199686
54 62.407063 112.225464 0.000000 0.465427 1.240798 2.021901 3.762764 7.885251 0.100029
55 62.234432 112.317543 0.000000 0.502536 1.273239 2.152440 4.181460 9.148426 0.090915
56 62.576897 112.080872 0.000000 0.587040 1.304749 2.198385 4.171756 8.750781 0.131743
57 62.270576 112.230003 0.000000 0.576194 1.305334 2.208261 4.233340 9.027618 0.170670
58 62.243000 112.168686 0.000000 0.594559 1.294832 2.163056 4.088027 8.593076 0.131863
59 62.440754 112.193047 0.000000 0.697240 1.263850 2.063437 3.780768 7.656145 0.127545
60 62.389610 112.282051 0.000000 0.884530 1.234646 1.968743 3.524507 7.002273 0.235807
61 62.510929 112.153099 0.000000 0.863659 1.275892 2.111064 3.932858 8.115215 0.278474
62 62.350735 112.312027 0.000000 0.753769 1.234771 1.986079 3.620441 7.392776 0.211946
63 62.418236 112.231407 0.000000 0.729990 1.232402 1.965547 3.500149 6.863698 0.342873
64 62.254086 112.236916 0.000000 0.880745 1.307393 2.208136 4.209496 8.893369 0.126145
65 62.415215 112.164986 0.000000 0.865187 1.242391 1.983265 3.527463 6.894032 0.162260
66 62.167194 112.177544 0.000000 0.754468 1.281466 2.107799 3.858602 7.723160 0.233041
67 62.185249 112.105721 0.000000 0.746194 1.340469 2.312912 4.500442 9.670532 0.160480
68 62.390240 111.978592 0.000000 0.666159 1.326961 2.273286 4.372629 9.250285 0.205492
69 62.262833 112.107277 0.000000 0.967946 1.331332 2.264445 4.303854 8.951951 0.114545
70 62.332085 112.433784 0.000000 0.955682 1.241643 1.952721 3.372639 6.293131 0.206119
71 62.089783 112.164627 0.000000 0.861294 1.305740 2.181615 4.057900 8.239643 0.230790
72 62.464897 112.107071 0.000000 0.893742 1.247135 1.978891 3.458529 6.549840 0.156565
73 62.376911 112.097984 0.000000 0.870402 1.281876 2.068964 3.667894 7.011616 0.162477
74 62.191208 111.992889 0.000000 1.099914 1.390121 2.472332 4.929376 10.771336 0.143440
75 62.154938 112.100800 0.000000 0.941900 1.329790 2.260879 4.282637 8.851099 0.144337
76 62.334568 112.082672 0.000000 1.033912 1.260004 2.020631 3.585823 6.929203 0.179152
77 62.447453 112.064995 0.000000 1.021726 1.328123 2.256376 4.275940 8.855560 0.148305
78 62.173504 112.117004 0.000000 1.008597 1.324240 2.229915 4.187291 8.593254 0.148413
79 62.057106 112.028000 0.000000 1.047360 1.383646 2.418303 4.675451 9.773811 0.166720
80 62.278492 112.071960 0.000000 1.114193 1.307931 2.175255 4.022939 8.116673 0.232185
81 62.265388 111.860878 0.000000 1.103568 1.297283 2.146962 3.953635 7.964606 0.167102
82 62.349541 111.961594 0.000000 1.184786 1.308155 2.179403 4.042561 8.204486 0.158333
83 62.164906 111.817917 0.000000 1.336931 1.380450 2.416415 4.717115 10.053205 0.168306
84 62.130878 111.902649 0.000000 1.392139 1.369706 2.369322 4.545753 9.471647 0.154019
85 62.257202 112.110031 0.000000 1.399290 1.366901 2.341675 4.419742 8.997343 0.221180
86 62.337906 111.985527 0.000000 1.542019 1.343971 2.275841 4.263412 8.662151 0.148747
87 62.222878 111.906013 0.000000 1.665216 1.343035 2.271275 4.246740 8.610991 0.125041
88 62.265865 111.807098 0.000000 1.735113 1.342333 2.278816 4.296503 8.831493 0.142859
89 62.088501 111.835686 0.000000 1.611470 1.382873 2.402117 4.616305 9.612958 0.142863
90 62.066257 111.897858 0.000000 1.621928 1.404174 2.475212 4.834581 10.237738 0.125000
91 62.175293 111.874290 0.000000 1.602962 1.362494 2.334922 4.426652 9.100942 0.142863
92 62.165409 112.017250 0.000000 1.497415 1.348791 2.294283 4.318147 8.813015 0.144018
93 62.058113 111.902481 0.000000 1.604283 1.392573 2.426590 4.669622 9.712200 0.125383
94 62.050812 111.729523 0.000000 1.777331 1.351769 2.287401 4.260515 8.560486 0.142857
95 62.106861 111.818932 0.000000 1.874169 1.346802 2.277275 4.244449 8.546106 0.166670
96 62.007477 111.708282 0.000000 1.822015 1.369727 2.348612 4.442497 9.080257 0.166667
97 61.876560 111.587868 0.000000 1.918352 1.336974 2.223861 4.048649 7.911335 0.142857
98 62.001915 111.526016 0.000000 1.767502 1.348128 2.270036 4.195551 8.341093 0.142858
99 61.972286 111.421829 0.000000 1.638207 1.367611 2.338767 4.409068 8.983788 0.144231
100 61.948872 111.260872 0.000000 1.628567 1.367243 2.338805 4.410141 8.983053 0.143742
101 61.962982 111.337807 0.000000 1.619994 1.373765 2.355899 4.450917 9.075006 0.143185
102 61.643326 111.243675 0.000000 1.645756 1.343355 2.246840 4.115774 8.093418 0.142902
103 61.727066 111.125854 0.000000 1.726878 1.409062 2.478211 4.814813 10.115572 0.125211
104 61.595188 111.207581 0.000000 1.616516 1.332044 2.221548 4.067441 8.018729 0.144065
105 61.589401 110.976448 0.000000 1.726123 1.365023 2.334766 4.412018 9.032589 0.169299
106 61.691799 111.011917 0.000000 1.491936 1.365728 2.335429 4.396564 8.923906 0.175250
107 61.692352 110.958031 0.000000 1.611611 1.348090 2.268976 4.198031 8.371129 0.127537
108 61.652599 111.042480 0.000000 1.485873 1.352744 2.287775 4.253352 8.519233 0.142864
109 61.427464 111.012383 0.000000 1.563127 1.415448 2.499349 4.868592 10.237744 0.214247
110 61.532505 110.885689 0.000000 1.575527 1.309102 2.144615 3.856245 7.472353 0.125000
111 61.343472 110.705048 0.000000 1.484336 1.294519 2.099265 3.732236 7.142543 0.125000
112 61.322201 110.775269 0.000000 1.676255 1.380420 2.368680 4.459935 9.027365 0.125789
113 61.425262 110.604416 0.000000 1.716923 1.345139 2.255538 4.134366 8.117620 0.125937
114 61.376644 110.491043 0.000000 1.623545 1.352132 2.274566 4.197791 8.335532 0.168123
115 61.484840 110.461929 0.000000 1.510053 1.333459 2.221512 4.062284 8.000116 0.125035
116 62.064579 110.236061 0.000000 1.378108 1.436699 2.565843 5.052454 10.733843 0.151578
117 61.922039 110.271622 0.000000 1.242911 1.381274 2.379946 4.502573 9.159460 0.142857
118 62.230011 110.382812 0.000000 1.429774 1.386869 2.388256 4.516415 9.190522 0.166667
119 62.135159 110.475945 0.000000 1.270940 1.370878 2.359908 4.489709 9.253787 0.166673
120 62.488258 110.574112 0.000000 1.243194 1.380736 2.361057 4.428359 8.932531 0.142857
121 62.497910 110.364693 0.000000 1.116065 1.374536 2.355832 4.446890 9.065728 0.166667
122 62.328743 110.024834 0.000000 1.242019 1.349881 2.280492 4.242810 8.521615 0.166674
123 62.599930 110.074219 0.000000 1.023499 1.338789 2.236609 4.094712 8.054029 0.142858
124 62.499981 110.263893 0.000000 0.931923 1.388397 2.388541 4.510707 9.168549 0.144202
125 62.512424 109.890221 0.000000 0.979082 1.396754 2.450372 4.756837 10.006348 0.142857
126 62.498734 110.223686 0.000000 1.014823 1.352494 2.255768 4.091527 7.903549 0.142946
127 63.008694 110.133644 0.000000 0.902006 1.454828 2.625884 5.218761 11.167252 0.166805
128 62.949650 110.554268 0.000000 0.714825 1.445184 2.594407 5.156914 11.102689 0.280567
129 62.592560 109.869957 0.000000 0.911594 1.454295 2.609502 5.154717 10.969020 0.187615
130 62.928150 110.299362 0.000000 0.808500 1.405551 2.472072 4.797403 10.050694 0.352509
131 62.591686 110.207886 0.000000 0.676135 1.459327 2.641551 5.283285 11.419535 0.144194
132 62.445072 109.843300 0.000000 0.874661 1.419482 2.518227 4.945735 10.528923 0.324175
133 62.457947 110.298286 0.000000 0.891174 1.431128 2.542526 4.980749 10.536588 0.146452
134 62.498890 110.083855 0.000000 0.706819 1.399475 2.459081 4.789589 10.122181 0.263822
135 62.572712 110.213821 0.000000 0.916985 1.387466 2.386746 4.490471 9.044570 0.172735
136 62.489147 110.325294 0.000000 0.885370 1.381315 2.371137 4.469475 9.062941 0.215128
137 62.699341 110.353348 0.000000 0.760701 1.449348 2.608541 5.186502 11.147723 0.184904
138 62.191509 109.874336 0.000000 0.732433 1.432058 2.557358 5.031885 10.668684 0.240456
139 62.326351 109.779953 0.000000 0.750260 1.420300 2.512512 4.905860 10.353837 0.169016
140 62.252983 110.127350 0.000000 0.621718 1.448045 2.628159 5.289485 11.534486 0.168062
141 62.011814 110.109802 0.000000 0.692523 1.478901 2.731507 5.604858 12.471730 0.166691
142 62.055962 109.739655 0.000000 0.831181 1.469150 2.690810 5.446884 11.907071 0.170169
143 62.011967 110.134453 0.000000 0.656022 1.422385 2.536880 5.023293 10.796449 0.197582
144 62.222176 109.878716 0.000000 0.696807 1.538862 2.926767 6.151406 13.939284 0.203916
145 62.345119 109.954964 0.000000 0.805218 1.511510 2.815940 5.772127 12.721712 0.264012
147 62.588383 108.892296 0.000000 0.622137 1.428582 2.553980 5.069664 10.935974 0.167612
148 62.017490 109.012146 0.000000 0.581308 1.424453 2.564884 5.142634 11.214312 0.166877
149 62.294254 109.415230 0.000000 0.671992 1.474457 2.698655 5.481225 12.081730 0.224390
150 62.737267 109.097069 0.000000 0.569948 1.453114 2.648619 5.360030 11.767350 0.180269
151 62.071392 109.027283 0.000000 0.680057 1.512553 2.867202 6.040991 13.789119 0.231202
152 61.827652 109.286018 0.000000 0.725376 1.521594 2.853615 5.898288 13.126427 0.167043
153 62.314091 109.242172 0.000000 0.553408 1.340494 2.249792 4.149386 8.248743 0.166667
154 62.153500 109.457176 0.000000 0.616519 1.409596 2.467076 4.747958 9.841672 0.166699
155 61.891441 109.119011 0.000000 0.572374 1.436733 2.589210 5.195923 11.354010 0.150340
157 62.485699 108.653053 0.000000 0.645339 1.499992 2.770579 5.633401 12.326807 0.142946
159 61.539410 109.137497 0.000000 0.499758 1.396946 2.443837 4.744622 10.009113 0.202206
