%% Trajectory 11
%% frame x (pixel)     y (pixel)    z (pixel)      m0         m1           m2           m3           m4           s 
38 37.829121 50.845314 0.000000 1.246150 1.266926 2.034072 3.607884 6.956354 0.333333
39 38.165184 50.494450 0.000000 1.144131 1.434475 2.574333 5.131559 11.121359 0.250034
40 38.176205 50.740215 0.000000 1.324255 1.409612 2.496004 4.893126 10.396022 0.250161
42 37.580990 50.826656 0.000000 0.864365 1.305382 2.192251 4.121780 8.522010 0.333333
43 37.692593 50.804760 0.000000 1.313090 1.237271 1.938999 3.339579 6.225744 0.333333
44 37.623543 50.930012 0.000000 1.289046 1.283735 2.075691 3.682025 7.033799 0.333333
45 37.935081 51.185658 0.000000 1.763399 1.354653 2.309899 4.339830 8.794065 0.333359
46 37.505615 50.978046 0.000000 1.606434 1.344541 2.269883 4.243199 8.621037 0.334837
47 37.335594 50.546799 0.000000 1.129040 1.338792 2.273688 4.289336 8.813601 0.345092
48 37.824429 50.893852 0.000000 1.027405 1.348672 2.333651 4.527082 9.647959 0.371074
49 37.842003 50.330376 0.000000 1.060623 1.338025 2.226497 4.102897 8.234610 0.333338
50 37.551872 50.393074 0.000000 1.683702 1.224330 1.893771 3.206151 5.848368 0.500000
51 37.737526 50.679184 0.000000 1.649051 1.300571 2.118298 3.773574 7.210404 0.333333
52 37.935230 50.829945 0.000000 1.895310 1.308298 2.156564 3.907721 7.633170 0.333333
53 37.821350 50.555721 0.000000 1.607362 1.293140 2.122169 3.843277 7.538418 0.500000
54 37.501492 50.347332 0.000000 2.083735 1.295381 2.110011 3.770437 7.257911 0.333333
55 37.965076 50.384747 0.000000 2.339803 1.365550 2.358380 4.519833 9.410919 0.500000
56 37.832489 50.424904 0.000000 2.156132 1.306277 2.147300 3.896417 7.669859 0.500000
57 37.981937 50.564785 0.000000 2.313672 1.302785 2.145684 3.905934 7.718930 0.500000
58 37.727921 50.352917 0.000000 2.443978 1.256390 1.987016 3.441378 6.415808 0.500000
59 37.667580 50.216877 0.000000 2.426623 1.256878 1.995243 3.461628 6.442898 0.500000
60 37.765034 50.327751 0.000000 2.603140 1.254356 1.981211 3.422499 6.352818 0.500000
61 37.786579 50.267082 0.000000 2.794628 1.318355 2.186518 4.007520 7.975784 0.500000
62 37.687454 50.569927 0.000000 3.193354 1.287833 2.089858 3.731163 7.202330 0.500000
63 37.766846 50.427662 0.000000 3.212447 1.265899 2.026658 3.574489 6.835035 0.333333
64 37.897686 50.520668 0.000000 3.857155 1.310605 2.150928 3.867090 7.473541 0.500000
65 37.640430 50.320946 0.000000 3.595136 1.275770 2.039076 3.559579 6.661842 0.500000
66 37.865238 50.484592 0.000000 3.849529 1.317009 2.166472 3.897143 7.515102 0.500000
67 37.778423 50.393448 0.000000 4.120883 1.294788 2.092866 3.693389 6.981493 0.333333
68 37.754829 50.466434 0.000000 3.889263 1.291928 2.082701 3.663775 6.899580 0.500000
69 37.661545 50.336269 0.000000 4.317673 1.301121 2.111436 3.737518 7.075191 0.500000
70 37.887833 50.346424 0.000000 4.279855 1.319992 2.172293 3.910833 7.550354 0.333333
71 37.973793 50.378174 0.000000 4.007524 1.303098 2.133772 3.838627 7.448933 0.500000
72 37.743931 50.246353 0.000000 4.449183 1.327119 2.201753 4.006281 7.841609 0.333335
73 37.709961 50.409149 0.000000 4.543919 1.271044 2.027415 3.532835 6.601864 0.250001
74 37.638348 50.556305 0.000000 4.194824 1.310354 2.137080 3.803116 7.241828 0.500403
76 37.795902 50.413136 0.000000 5.316140 1.308893 2.142852 3.843857 7.415204 0.333333
77 37.921692 50.345196 0.000000 5.313648 1.312180 2.154937 3.881299 7.524867 0.333333
78 37.808067 50.635712 0.000000 5.979241 1.289263 2.088632 3.711596 7.101687 0.333333
79 37.691208 50.583134 0.000000 5.568358 1.281646 2.054248 3.594814 6.740159 0.250000
80 37.734257 50.432198 0.000000 5.589550 1.304334 2.119333 3.754848 7.111861 0.333333
81 37.721226 50.480663 0.000000 5.837623 1.300452 2.112809 3.748018 7.118739 0.250000
82 37.806320 50.625900 0.000000 5.844816 1.298079 2.109478 3.747696 7.139184 0.333333
83 37.851921 50.510105 0.000000 5.719533 1.277657 2.046426 3.579183 6.707742 0.250000
84 37.876717 50.530437 0.000000 5.695266 1.318684 2.172116 3.917741 7.586683 0.250000
85 37.911327 50.533047 0.000000 6.142432 1.300134 2.125208 3.816078 7.391932 0.333333
86 37.869320 50.590347 0.000000 6.395739 1.294310 2.101887 3.741278 7.163271 0.333333
87 37.884384 50.607601 0.000000 6.244534 1.328397 2.215961 4.068858 8.067287 0.333333
88 37.949696 50.593433 0.000000 5.863464 1.304365 2.134765 3.836423 7.431172 0.333333
89 37.911530 50.660969 0.000000 6.349484 1.315277 2.168411 3.923812 7.646028 0.250000
90 38.006348 50.694931 0.000000 5.963390 1.356286 2.311189 4.351572 8.875645 0.166667
91 37.910961 50.720184 0.000000 6.713674 1.316692 2.174734 3.937287 7.658677 0.250000
92 37.931194 50.769566 0.000000 6.146726 1.342034 2.263954 4.212561 8.474738 0.250000
93 38.092854 50.696671 0.000000 6.283945 1.336106 2.232314 4.100953 8.126488 0.200000
94 38.232475 50.729805 0.000000 6.711678 1.291843 2.086638 3.678478 6.940857 0.200000
95 38.163029 50.677849 0.000000 6.703082 1.283122 2.063132 3.624156 6.822828 0.200000
96 38.328457 50.677292 0.000000 6.527051 1.280079 2.049691 3.582949 6.710663 0.250000
97 38.339664 50.823086 0.000000 6.712407 1.294562 2.100592 3.734685 7.142045 0.200000
98 38.414654 50.662308 0.000000 6.727760 1.290654 2.082979 3.668231 6.913272 0.200000
99 38.389130 50.689316 0.000000 6.371622 1.279129 2.053212 3.603765 6.789712 0.166667
100 38.494884 50.617996 0.000000 6.334349 1.304547 2.121327 3.761634 7.130540 0.200000
101 38.483078 50.737049 0.000000 6.460566 1.285526 2.070096 3.644861 6.886308 0.200000
102 38.539181 50.632542 0.000000 6.641977 1.303269 2.119063 3.765242 7.172637 0.200000
104 38.654140 50.746975 0.000000 5.877943 1.296570 2.107873 3.756242 7.200567 0.166667
105 38.895741 50.878189 0.000000 5.897286 1.341565 2.260826 4.199711 8.429600 0.200000
106 39.211166 50.690125 0.000000 6.305794 1.308819 2.137762 3.816677 7.306310 0.250000
107 39.133526 50.650368 0.000000 5.381225 1.327187 2.208678 4.044281 7.998272 0.166667
108 39.232197 50.757214 0.000000 5.043725 1.334583 2.233582 4.117177 8.200481 0.250000
109 39.116093 50.551941 0.000000 5.187690 1.342591 2.241063 4.098601 8.053678 0.200000
110 39.132874 50.664631 0.000000 5.644282 1.331368 2.218955 4.071433 8.071612 0.250000
112 38.944710 50.635929 0.000000 4.075451 1.363559 2.326841 4.372704 8.869930 0.142857
113 39.128567 50.766922 0.000000 3.835740 1.374497 2.360126 4.462791 9.103475 0.200000
115 39.322571 49.543629 0.000000 2.682743 1.390505 2.407806 4.595384 9.475605 0.142857
116 39.165592 49.123741 0.000000 2.530114 1.448544 2.630365 5.308948 11.636169 0.200000
118 38.703617 50.254257 0.000000 0.988632 1.518983 2.881230 6.073679 13.850289 0.142888
119 38.734383 49.691689 0.000000 0.821730 1.467799 2.766415 5.862205 13.573492 0.275103
120 39.012482 49.679241 0.000000 0.912423 1.377786 2.381878 4.518427 9.204742 0.206260
121 38.712143 49.781910 0.000000 0.874247 1.518531 2.893611 6.119257 13.996532 0.147030
123 39.747684 49.496548 0.000000 1.341860 1.346069 2.275727 4.249018 8.593632 0.259151
