%% Trajectory 20
%% frame x (pixel)     y (pixel)    z (pixel)      m0         m1           m2           m3           m4           s 
139 47.850250 30.352987 0.000000 0.976232 1.278118 2.052528 3.621885 6.901509 0.250000
140 48.361626 30.531986 0.000000 1.012136 1.331584 2.216834 4.068455 8.086019 0.300618
142 48.570232 30.498749 0.000000 1.805266 1.287719 2.096667 3.783137 7.446916 0.333782
143 48.123032 30.731226 0.000000 1.334249 1.354032 2.313131 4.393671 9.101971 0.333333
144 48.358391 31.168327 0.000000 1.114836 1.352313 2.310359 4.368965 8.958957 0.201554
145 48.305241 30.904945 0.000000 1.203668 1.389761 2.422287 4.673230 9.773303 0.333333
146 48.090576 30.700060 0.000000 1.371810 1.330397 2.234236 4.133202 8.255031 0.200000
147 48.202194 30.876013 0.000000 1.879629 1.334473 2.248899 4.200243 8.529279 0.200000
149 48.011421 30.756943 0.000000 1.181218 1.418823 2.525506 4.978267 10.627185 0.214124
150 48.328835 30.956026 0.000000 1.467209 1.361394 2.320796 4.357333 8.830860 0.250000
151 48.278999 30.697968 0.000000 1.837657 1.302124 2.120538 3.793134 7.320480 0.166667
152 48.379528 30.500538 0.000000 1.628356 1.273428 2.052834 3.649012 7.034116 0.200000
153 48.251694 30.709562 0.000000 2.189440 1.315557 2.176051 3.965445 7.814438 0.200000
154 48.372459 30.686611 0.000000 1.964594 1.256452 1.985710 3.429968 6.361596 0.200000
155 48.204662 30.730968 0.000000 2.194682 1.306269 2.139434 3.843536 7.431165 0.251132
156 48.265450 30.678501 0.000000 1.874765 1.245236 1.952717 3.349382 6.178106 0.200000
157 48.098129 30.653189 0.000000 2.396876 1.310819 2.170843 3.970589 7.874271 0.250000
158 48.110310 30.875832 0.000000 2.368197 1.344941 2.274926 4.239182 8.523684 0.250000
159 48.158398 30.982439 0.000000 2.606842 1.337995 2.272610 4.282360 8.773136 0.200000
160 48.176659 30.772425 0.000000 2.505023 1.308836 2.149862 3.881166 7.555141 0.200000
161 48.126766 30.935818 0.000000 2.575976 1.360063 2.331116 4.419929 9.080686 0.333334
162 48.225552 30.927931 0.000000 2.572183 1.298608 2.132741 3.870526 7.626450 0.200000
163 48.369312 30.994829 0.000000 2.686525 1.362399 2.343075 4.452983 9.164514 0.200000
164 48.570419 31.271841 0.000000 2.500658 1.312511 2.153479 3.859912 7.408209 0.250000
165 48.512089 31.222275 0.000000 2.376115 1.315994 2.158501 3.867190 7.419280 0.250000
166 48.697453 31.021069 0.000000 2.367997 1.357071 2.320822 4.396004 9.037981 0.333333
167 48.741394 31.163204 0.000000 2.578178 1.337389 2.236223 4.102650 8.100398 0.250013
168 48.844620 31.139013 0.000000 2.306549 1.367347 2.328832 4.352431 8.744483 0.250087
169 48.851173 31.139177 0.000000 2.338615 1.406819 2.472668 4.807474 10.126672 0.242264
170 48.865814 31.032745 0.000000 2.280994 1.331295 2.237528 4.153557 8.349797 0.250000
171 49.193851 31.177689 0.000000 2.139545 1.335411 2.236313 4.121035 8.191530 0.250000
172 49.072655 31.186165 0.000000 2.251132 1.374196 2.383045 4.596706 9.658186 0.200000
173 49.277725 31.079113 0.000000 1.992633 1.376438 2.370595 4.505246 9.252529 0.250000
174 49.130062 31.327017 0.000000 2.153037 1.311306 2.145068 3.831544 7.323252 0.250000
175 49.208401 31.134251 0.000000 2.030339 1.354677 2.283997 4.225336 8.402554 0.200001
176 49.450344 31.163292 0.000000 1.965670 1.387895 2.397933 4.552335 9.296237 0.250000
177 49.417816 31.136808 0.000000 2.022300 1.366897 2.328395 4.356921 8.774590 0.250000
178 49.477043 31.320314 0.000000 2.048318 1.317215 2.189540 4.028552 8.061403 0.250000
