%% Trajectory 33
%% frame x (pixel)     y (pixel)    z (pixel)      m0         m1           m2           m3           m4           s 
60 34.213917 49.421356 0.000000 1.584339 1.494590 2.723761 5.444186 11.678493 0.143007
61 33.679966 49.589207 0.000000 1.420027 1.625878 3.261795 7.239594 17.295643 0.112867
63 33.466785 49.703030 0.000000 1.882081 1.440807 2.611607 5.255876 11.477880 0.115216
64 33.309067 49.235886 0.000000 1.603574 1.384578 2.413894 4.671475 9.817954 0.142939
65 33.442875 49.410110 0.000000 1.554328 1.550505 2.993929 6.412578 14.851377 0.263201
66 33.194244 49.101273 0.000000 1.783710 1.510411 2.834987 5.886518 13.191238 0.146250
68 33.346401 49.627022 0.000000 2.217074 1.522085 2.873260 5.996689 13.506215 0.142857
69 33.572273 49.626709 0.000000 2.113494 1.445993 2.591331 5.111386 10.860329 0.142857
70 33.365788 49.476276 0.000000 2.150458 1.432441 2.575719 5.152883 11.222143 0.166667
71 33.257446 49.573395 0.000000 2.185812 1.477679 2.709017 5.490644 12.033672 0.166667
72 33.217014 49.619781 0.000000 2.042769 1.487419 2.740035 5.576373 12.252786 0.166667
73 33.496445 49.833755 0.000000 2.441636 1.429255 2.538630 4.976415 10.538539 0.143295
74 33.473698 49.347588 0.000000 2.148539 1.431238 2.553686 5.042714 10.783973 0.194972
75 33.409180 49.533039 0.000000 2.190593 1.432277 2.531812 4.925606 10.331151 0.125000
76 33.429546 49.383106 0.000000 2.622216 1.371926 2.364800 4.521599 9.405322 0.183080
77 33.159752 49.600788 0.000000 2.429288 1.468971 2.690335 5.464011 12.025249 0.201430
78 33.340271 49.403107 0.000000 2.076454 1.475860 2.741007 5.683760 12.838673 0.166857
79 33.281044 49.172756 0.000000 2.205954 1.427024 2.554592 5.078758 10.968059 0.175318
80 33.221817 49.376179 0.000000 2.894879 1.324358 2.215353 4.097270 8.224658 0.166667
81 33.223118 49.488712 0.000000 2.904661 1.434464 2.552751 5.006593 10.592719 0.166667
82 33.386715 49.712029 0.000000 2.798159 1.453468 2.641830 5.338688 11.724929 0.166667
83 33.284023 49.872341 0.000000 3.069359 1.451602 2.626727 5.267476 11.444209 0.166667
85 33.499126 49.746201 0.000000 2.827206 1.433782 2.570313 5.110775 11.025231 0.200000
86 33.214867 49.726006 0.000000 2.626549 1.441089 2.603042 5.226549 11.405946 0.166730
87 32.731815 49.779793 0.000000 3.080245 1.463398 2.689684 5.506739 12.266691 0.166667
88 33.078678 49.693344 0.000000 2.653543 1.425083 2.551502 5.079504 11.001176 0.166676
89 33.366913 49.514484 0.000000 3.272027 1.415767 2.491676 4.843428 10.192164 0.142857
90 33.298637 49.677486 0.000000 3.083827 1.412726 2.496982 4.899169 10.453452 0.200000
91 32.886490 49.830334 0.000000 2.959724 1.414819 2.495473 4.858360 10.219923 0.200000
92 33.306816 49.709801 0.000000 2.451330 1.377744 2.371653 4.512960 9.307127 0.207306
94 33.581570 50.098778 0.000000 3.020152 1.459315 2.646159 5.290605 11.399647 0.250000
95 33.701488 50.110508 0.000000 2.996441 1.478921 2.713032 5.507550 12.088391 0.250000
96 34.139339 50.089298 0.000000 2.754925 1.500488 2.784722 5.715369 12.672181 0.202857
97 34.203735 50.090527 0.000000 3.544347 1.422226 2.541328 5.050070 10.915769 0.200000
98 34.169502 50.345627 0.000000 3.440934 1.380901 2.402097 4.635720 9.722488 0.200072
99 34.031654 50.483704 0.000000 3.035326 1.441607 2.583281 5.116959 10.962738 0.172298
100 34.211174 50.803318 0.000000 2.904543 1.491028 2.746150 5.570759 12.165553 0.200001
101 34.514072 50.621899 0.000000 3.448471 1.351480 2.285753 4.249516 8.510174 0.270424
102 34.577984 50.614971 0.000000 3.315475 1.373310 2.324322 4.295399 8.494590 0.166667
103 34.600204 50.612122 0.000000 3.830289 1.422984 2.505027 4.855132 10.150664 0.200000
104 34.376160 50.980907 0.000000 3.301260 1.481074 2.733306 5.591126 12.377648 0.200000
105 34.679276 51.010231 0.000000 3.620390 1.410459 2.484155 4.826271 10.117534 0.200000
106 34.425804 50.812115 0.000000 3.496658 1.380192 2.374578 4.497622 9.186355 0.166667
107 34.468430 50.912651 0.000000 3.316839 1.368067 2.349146 4.454698 9.138584 0.166667
108 34.362335 50.704693 0.000000 3.784906 1.378871 2.382568 4.551848 9.427409 0.166667
109 34.568600 50.607212 0.000000 4.199137 1.395791 2.429123 4.656971 9.636963 0.200000
110 35.104862 50.971184 0.000000 4.117662 1.382221 2.401567 4.612851 9.590455 0.200005
111 35.384766 51.406551 0.000000 3.576062 1.364816 2.312734 4.282433 8.486780 0.178282
112 34.999928 51.275738 0.000000 3.650554 1.370964 2.360069 4.491329 9.255865 0.167224
113 35.160999 51.723919 0.000000 3.123011 1.352955 2.309135 4.377280 9.038987 0.166994
114 35.118977 51.710728 0.000000 3.061712 1.367373 2.327794 4.354477 8.772719 0.166830
115 34.705631 51.749443 0.000000 2.996446 1.304553 2.121418 3.771018 7.187343 0.200000
116 34.866928 51.629753 0.000000 2.614043 1.277656 2.046295 3.578700 6.706750 0.166667
117 35.388195 51.564590 0.000000 2.400508 1.338204 2.250012 4.179338 8.418212 0.166667
118 35.029991 52.147827 0.000000 2.320555 1.366857 2.370419 4.583086 9.670943 0.166667
119 35.142765 51.833012 0.000000 2.218657 1.390466 2.417792 4.637377 9.604631 0.200001
