%% Trajectory 45
%% frame x (pixel)     y (pixel)    z (pixel)      m0         m1           m2           m3           m4           s 
81 62.686371 35.598988 0.000000 0.656571 1.136339 1.657485 2.666961 4.717219 0.125335
83 62.504944 35.731213 0.000000 0.738084 1.321630 2.214696 4.108738 8.287959 0.125003
84 62.304825 35.778404 0.000000 0.727211 1.256017 2.011413 3.562510 6.871014 0.125352
85 62.915234 35.263218 0.000000 0.863024 1.285404 2.081311 3.709953 7.150198 0.166667
86 62.905689 35.444294 0.000000 1.091231 1.317197 2.244013 4.292864 9.034720 0.143207
88 62.796307 35.294895 0.000000 1.547674 1.233472 1.900897 3.207427 5.840171 0.125000
89 62.737911 35.696960 0.000000 1.215335 1.242890 1.946057 3.334200 6.146002 0.166667
90 62.380619 35.734562 0.000000 1.620319 1.297679 2.124503 3.839372 7.527391 0.200150
91 62.738907 35.657803 0.000000 1.843661 1.281352 2.065979 3.671200 7.073663 0.142862
92 62.463959 35.721703 0.000000 1.807937 1.283369 2.065287 3.629084 6.830375 0.185815
93 62.880676 35.692852 0.000000 1.531032 1.311982 2.173406 3.978374 7.898973 0.262797
94 62.634331 35.767124 0.000000 1.716804 1.284492 2.067852 3.663358 7.025363 0.143675
95 62.634811 35.515141 0.000000 1.713627 1.308409 2.164700 3.982288 8.014688 0.178387
96 62.501831 35.801262 0.000000 1.734645 1.347733 2.255928 4.126578 8.083367 0.200846
97 62.448845 35.547203 0.000000 1.583401 1.220285 1.878318 3.166656 5.760574 0.200000
98 62.732330 35.562778 0.000000 1.803715 1.262310 2.002027 3.472399 6.469649 0.289952
99 62.464970 35.337448 0.000000 1.949798 1.262013 2.010380 3.513385 6.621468 0.166669
100 62.582314 35.643356 0.000000 1.709274 1.310237 2.138341 3.815910 7.303437 0.166319
101 62.570869 35.520821 0.000000 1.795642 1.293576 2.094226 3.711228 7.064370 0.142858
102 62.730858 35.553806 0.000000 2.062609 1.274079 2.034636 3.553550 6.664940 0.200254
103 62.875408 35.753586 0.000000 1.778498 1.331786 2.216974 4.049791 7.959422 0.168921
104 62.895786 35.336597 0.000000 1.948626 1.315000 2.172552 3.962661 7.833827 0.169431
106 62.600029 35.689987 0.000000 2.484111 1.278928 2.051501 3.598067 6.773217 0.142857
107 62.565331 35.785965 0.000000 2.990668 1.295825 2.099810 3.722899 7.088570 0.166667
108 62.504360 35.597008 0.000000 2.600944 1.255025 1.976225 3.402534 6.296502 0.142857
109 62.523846 35.449581 0.000000 2.885994 1.248420 1.953731 3.343181 6.152763 0.166667
110 62.606701 35.433292 0.000000 3.194739 1.324079 2.202333 4.035827 8.000215 0.167616
111 62.610001 35.531799 0.000000 2.625992 1.308394 2.130799 3.784221 7.184535 0.145699
112 62.427132 35.533413 0.000000 2.581419 1.251674 1.973277 3.401166 6.297063 0.200000
113 62.612720 35.595547 0.000000 2.804187 1.262335 2.006679 3.495665 6.559768 0.200000
114 62.541260 35.519863 0.000000 3.127220 1.277474 2.040605 3.560725 6.663176 0.166667
115 62.584465 35.723194 0.000000 2.805323 1.252941 1.976281 3.409450 6.321671 0.200000
116 62.496933 35.637272 0.000000 2.864388 1.276120 2.042638 3.571660 6.694745 0.200000
117 62.627892 35.573990 0.000000 3.331781 1.276061 2.041135 3.567119 6.684534 0.200000
118 62.547707 35.596897 0.000000 3.623348 1.252810 1.981752 3.440115 6.446712 0.166667
119 62.478413 35.416527 0.000000 3.443763 1.276972 2.041189 3.564186 6.673571 0.200000
120 62.477474 35.302952 0.000000 3.640424 1.254142 1.980863 3.420108 6.341425 0.200000
121 62.342014 35.330513 0.000000 4.089471 1.278705 2.045651 3.574250 6.694587 0.166667
122 62.455597 35.596344 0.000000 4.700401 1.298365 2.104298 3.719875 7.032680 0.200000
123 62.582893 35.485741 0.000000 3.931427 1.285996 2.070289 3.644344 6.884540 0.166667
124 62.448578 35.595592 0.000000 4.208250 1.279314 2.047588 3.579565 6.708481 0.166667
125 62.462608 35.555294 0.000000 4.399451 1.292394 2.086433 3.675718 6.930972 0.200000
126 62.332127 35.269459 0.000000 4.274183 1.262163 2.001793 3.473632 6.479164 0.200005
127 62.407356 35.428108 0.000000 3.958895 1.270660 2.023604 3.520817 6.570808 0.200000
128 62.428185 35.347717 0.000000 4.249240 1.265905 2.017303 3.523997 6.633049 0.200000
129 62.243061 35.629642 0.000000 4.073547 1.268541 2.021646 3.523074 6.591668 0.166667
130 62.365841 35.515457 0.000000 4.136055 1.290557 2.081653 3.666232 6.916145 0.166667
131 62.419468 35.630424 0.000000 4.065091 1.270290 2.025352 3.527913 6.590240 0.200000
132 62.483673 35.621342 0.000000 4.160717 1.317165 2.152498 3.833914 7.295350 0.200000
133 62.399887 35.489971 0.000000 4.328362 1.266583 2.013768 3.498788 6.523184 0.200000
134 62.444302 35.471016 0.000000 3.806393 1.275388 2.039022 3.561235 6.669118 0.200000
135 62.486683 35.450672 0.000000 4.335285 1.284959 2.065133 3.623317 6.809281 0.200000
136 62.306339 35.492104 0.000000 4.098007 1.285735 2.067506 3.629787 6.825628 0.200000
137 62.417393 35.451870 0.000000 3.958471 1.279088 2.047958 3.581253 6.712730 0.166667
138 62.272480 35.601395 0.000000 3.594148 1.325210 2.187489 3.953311 7.671094 0.200000
139 62.190079 35.653084 0.000000 3.988642 1.261798 2.002546 3.473606 6.467032 0.200000
140 62.019020 35.509876 0.000000 4.173338 1.305960 2.162434 3.971505 7.951795 0.200000
141 62.031727 35.646679 0.000000 4.329427 1.322320 2.191563 3.994864 7.858951 0.166667
142 61.683598 35.784256 0.000000 4.267208 1.279987 2.054897 3.611167 6.819876 0.166667
143 61.892582 35.693386 0.000000 4.108558 1.355390 2.292594 4.255422 8.495086 0.200000
144 61.828945 35.763168 0.000000 4.204350 1.291805 2.087431 3.687543 6.986546 0.166697
145 61.747250 35.897781 0.000000 3.969264 1.330980 2.218324 4.062927 8.017053 0.200001
146 61.674889 36.097595 0.000000 4.369419 1.300898 2.132339 3.843784 7.476396 0.200024
147 61.662842 36.182861 0.000000 4.231195 1.286487 2.075305 3.668152 6.976446 0.166667
148 61.479824 36.307701 0.000000 3.971197 1.288155 2.085546 3.702108 7.075355 0.166669
149 61.632675 36.215405 0.000000 4.449071 1.272131 2.033390 3.557916 6.692654 0.200000
150 61.691395 36.429878 0.000000 3.958303 1.291441 2.088286 3.692724 7.004840 0.166667
151 61.420856 36.319569 0.000000 3.842972 1.293979 2.099739 3.728981 7.109798 0.200000
152 61.534443 36.455925 0.000000 3.784336 1.265303 2.007205 3.480095 6.477870 0.200060
153 61.415356 36.459946 0.000000 3.788257 1.289642 2.078369 3.655510 6.883141 0.250000
154 61.232777 36.487232 0.000000 3.304303 1.311289 2.157666 3.898559 7.593431 0.200000
155 61.309559 36.849922 0.000000 3.613402 1.311871 2.160583 3.914770 7.656344 0.250000
156 60.755058 36.672695 0.000000 3.300453 1.324697 2.200211 4.016796 7.909862 0.206195
157 60.353321 36.276161 0.000000 3.167650 1.287835 2.076791 3.662596 6.933652 0.200001
158 60.820717 36.696793 0.000000 2.983277 1.342316 2.284570 4.331815 8.981926 0.250241
160 60.583496 36.259232 0.000000 2.551019 1.375758 2.367967 4.493104 9.202163 0.250000
162 60.274200 35.127983 0.000000 1.677438 1.535145 2.894415 6.007315 13.400399 0.180847
164 61.345573 34.992992 0.000000 1.336469 1.392712 2.453458 4.798722 10.192966 0.247673
