%% Trajectory 39
%% frame x (pixel)     y (pixel)    z (pixel)      m0         m1           m2           m3           m4           s 
149 45.994568 43.165501 0.000000 0.878462 1.308246 2.182199 4.057976 8.264225 0.125029
151 46.621872 43.651646 0.000000 0.889508 1.426585 2.607454 5.380178 12.212098 0.154057
152 46.266701 43.800709 0.000000 0.818232 1.410177 2.575279 5.322392 12.117772 0.140851
154 46.519283 43.079796 0.000000 0.906972 1.347174 2.337670 4.518464 9.518757 0.207766
155 46.009010 43.058079 0.000000 0.946668 1.348698 2.360121 4.640106 10.016252 0.157371
156 46.216877 43.464024 0.000000 0.708217 1.409348 2.570208 5.345551 12.328583 0.230178
158 46.004192 43.616539 0.000000 1.005287 1.393747 2.489229 5.027570 11.201333 0.129738
159 46.463188 43.639301 0.000000 1.025862 1.404850 2.534652 5.165358 11.592500 0.146561
160 46.501438 43.588249 0.000000 1.033816 1.376716 2.496500 5.167890 11.875288 0.229800
161 46.783592 43.207455 0.000000 1.198800 1.269408 2.085248 3.857913 7.915130 0.130977
162 46.541912 43.433834 0.000000 1.060908 1.329627 2.289768 4.465140 9.662395 0.248702
163 46.446636 43.216751 0.000000 1.169337 1.336509 2.280302 4.331534 8.973153 0.208105
164 46.453449 43.303730 0.000000 1.378666 1.385191 2.451910 4.877508 10.654897 0.142860
165 46.728741 42.796768 0.000000 1.291117 1.275721 2.088298 3.801485 7.565063 0.142925
166 46.579853 43.083920 0.000000 1.577528 1.231931 1.936751 3.362349 6.353558 0.239753
167 46.593742 42.969021 0.000000 1.340375 1.273092 2.057510 3.641800 6.920531 0.201146
168 46.557350 42.726845 0.000000 1.456874 1.251982 1.968707 3.389666 6.286367 0.125001
169 46.542984 42.943336 0.000000 1.704604 1.251934 1.975553 3.410763 6.331118 0.129666
170 46.836704 42.770626 0.000000 1.232836 1.194671 1.818715 3.035607 5.476176 0.100000
171 46.971249 42.786915 0.000000 1.654242 1.270074 2.044243 3.622241 6.939938 0.168301
172 46.627243 42.614262 0.000000 1.898471 1.261870 1.999893 3.467945 6.466738 0.125127
173 46.818134 42.583565 0.000000 1.925957 1.233130 1.915726 3.256373 5.960581 0.142868
174 46.802696 42.714821 0.000000 2.044661 1.299709 2.133170 3.862344 7.579029 0.249535
175 46.693058 42.580223 0.000000 1.480076 1.204045 1.835241 3.062055 5.514332 0.125000
176 46.776127 42.598301 0.000000 1.650243 1.244186 1.954475 3.356075 6.190570 0.142857
177 46.925209 42.845390 0.000000 1.751771 1.346164 2.295682 4.350986 8.985022 0.126005
178 46.844994 42.792324 0.000000 1.754691 1.251766 1.982220 3.441012 6.431982 0.143932
179 46.606319 43.085247 0.000000 1.952145 1.417507 2.584802 5.333129 12.128756 0.166668
180 46.750561 43.038189 0.000000 2.257071 1.309426 2.193719 4.111324 8.468661 0.228814
181 46.534645 42.965038 0.000000 2.139989 1.311914 2.209660 4.186323 8.764488 0.147282
182 46.650761 43.004295 0.000000 1.994173 1.340996 2.295771 4.393882 9.220335 0.249360
183 46.730167 43.266979 0.000000 2.213994 1.355474 2.333061 4.491136 9.482498 0.125052
184 46.607471 42.848949 0.000000 2.387425 1.256911 1.988800 3.444343 6.416163 0.125023
185 46.607510 42.842712 0.000000 2.126976 1.272855 2.037386 3.571427 6.734125 0.111111
186 46.632477 42.843979 0.000000 2.713689 1.287584 2.085400 3.707459 7.106740 0.115463
187 46.484680 43.021065 0.000000 2.690583 1.317181 2.197091 4.066398 8.203987 0.203460
188 46.528278 43.235874 0.000000 3.309917 1.342768 2.273101 4.249442 8.603198 0.142875
190 46.808578 43.347412 0.000000 3.550357 1.375679 2.370231 4.503567 9.233115 0.127217
191 46.691933 43.196632 0.000000 3.373452 1.368795 2.376362 4.601860 9.736946 0.125482
192 46.718643 43.184761 0.000000 2.891432 1.312309 2.195955 4.096776 8.372960 0.126702
193 46.597393 43.237534 0.000000 3.680975 1.256288 1.987550 3.438160 6.387651 0.125000
194 46.492821 43.125500 0.000000 3.727952 1.282679 2.075283 3.692534 7.097846 0.143765
195 46.824677 43.311623 0.000000 3.520088 1.353802 2.302419 4.326217 8.807185 0.154110
196 46.903297 43.351982 0.000000 3.740116 1.362512 2.334720 4.444333 9.222718 0.125154
197 46.791977 43.289513 0.000000 3.355535 1.399392 2.471194 4.862653 10.435784 0.125394
198 46.889000 43.388248 0.000000 3.595888 1.334563 2.257026 4.255329 8.784348 0.142858
199 46.861301 43.636433 0.000000 3.453480 1.390427 2.427309 4.708143 9.942288 0.299945
200 47.190418 43.820801 0.000000 3.738220 1.442659 2.603652 5.203927 11.257983 0.125000
201 46.960629 43.627102 0.000000 3.325647 1.329825 2.234025 4.152656 8.378981 0.166705
202 47.095444 43.864849 0.000000 4.076826 1.390639 2.411336 4.593313 9.408450 0.142857
203 46.995651 43.823399 0.000000 3.353725 1.356012 2.311411 4.346042 8.827496 0.142888
204 46.997120 43.819309 0.000000 3.583107 1.349169 2.279656 4.237321 8.488136 0.125000
205 47.057446 44.071499 0.000000 3.656894 1.349587 2.287745 4.279040 8.651519 0.142857
206 47.000626 44.022846 0.000000 3.677418 1.381696 2.411805 4.673429 9.836766 0.142857
207 46.814697 44.166542 0.000000 3.643377 1.317925 2.179328 3.962703 7.773450 0.142864
208 46.977596 44.196701 0.000000 3.491690 1.342627 2.266945 4.218031 8.475361 0.187625
209 47.083588 44.369408 0.000000 3.612515 1.270667 2.033264 3.569678 6.755082 0.125004
210 47.187119 44.509647 0.000000 3.734561 1.296853 2.102067 3.727924 7.099011 0.111111
211 46.699085 44.928730 0.000000 3.818414 1.367720 2.349013 4.460266 9.175088 0.142857
212 46.434788 44.649963 0.000000 3.344054 1.317835 2.164705 3.882921 7.454490 0.111512
213 46.758266 44.783615 0.000000 3.166888 1.355487 2.293054 4.259973 8.514956 0.116864
214 46.636093 44.741631 0.000000 3.004549 1.352854 2.291049 4.269853 8.585734 0.130022
215 46.274868 44.624653 0.000000 2.333433 1.348676 2.283312 4.259876 8.585256 0.142858
216 46.699909 45.013557 0.000000 2.216910 1.428779 2.569770 5.149074 11.239418 0.100002
217 46.639545 44.989990 0.000000 2.305816 1.438926 2.598156 5.199239 11.266293 0.100000
218 46.720165 44.463657 0.000000 2.252925 1.386070 2.378435 4.470554 9.017796 0.125003
219 46.687401 45.001873 0.000000 2.118539 1.404269 2.465782 4.777694 9.986553 0.112079
