%% Trajectory 13
%% frame x (pixel)     y (pixel)    z (pixel)      m0         m1           m2           m3           m4           s 
84 57.764275 43.094116 0.000000 1.514598 1.380719 2.561948 5.451850 12.841885 0.206367
86 57.616879 43.003143 0.000000 2.070689 1.312252 2.207147 4.149092 8.541440 0.166897
87 57.662769 43.035103 0.000000 1.807833 1.342673 2.310028 4.460555 9.460370 0.200198
88 57.689270 42.711487 0.000000 2.056236 1.286645 2.125548 3.944453 8.093791 0.200000
89 57.395599 43.023781 0.000000 1.914457 1.323603 2.239313 4.223174 8.701329 0.200000
91 58.116535 43.203728 0.000000 2.796553 1.482959 2.765074 5.725855 12.837152 0.334542
92 58.011658 42.733692 0.000000 2.872700 1.395039 2.460310 4.847268 10.432957 0.200099
94 57.678974 42.588760 0.000000 2.756009 1.206404 1.844931 3.086643 5.567281 0.200000
95 57.715118 42.734600 0.000000 2.702815 1.261960 2.000344 3.474269 6.500702 0.200000
96 57.583096 42.515366 0.000000 2.919756 1.263162 2.002581 3.471121 6.462701 0.200000
97 57.673016 42.753532 0.000000 2.953432 1.293739 2.105164 3.771921 7.314045 0.200000
98 57.643333 42.510071 0.000000 2.781517 1.266097 2.028164 3.583210 6.873209 0.200003
99 57.769352 42.682774 0.000000 2.576582 1.289691 2.089451 3.721516 7.161648 0.310376
100 57.794891 42.838760 0.000000 2.993338 1.360160 2.332818 4.425230 9.091939 0.200087
101 57.874229 42.517776 0.000000 2.639298 1.315323 2.182103 3.998154 7.945197 0.200226
102 57.807690 42.574432 0.000000 3.223928 1.315145 2.182699 4.016299 8.055562 0.250000
103 57.708374 42.594189 0.000000 3.709927 1.274102 2.035417 3.551785 6.644965 0.250687
104 57.834011 42.725018 0.000000 3.948004 1.282955 2.068565 3.657849 6.965715 0.250237
105 57.821178 42.762886 0.000000 3.251637 1.281396 2.072076 3.676362 7.027013 0.250052
106 57.762093 42.813839 0.000000 3.742450 1.271093 2.036067 3.580225 6.790449 0.250000
107 57.736652 42.659939 0.000000 3.470323 1.261239 1.994713 3.447240 6.395438 0.250000
108 57.623680 42.772621 0.000000 3.561781 1.255880 1.979560 3.410604 6.312066 0.251478
109 57.796360 42.859459 0.000000 3.726822 1.298193 2.122705 3.814851 7.392462 0.250000
110 57.584396 42.503654 0.000000 3.542093 1.221194 1.883020 3.177277 5.777846 0.250000
111 57.728455 42.706612 0.000000 4.395594 1.287395 2.084380 3.707072 7.117435 0.250000
112 57.781475 42.625126 0.000000 4.044473 1.298691 2.130776 3.867307 7.636456 0.250000
113 57.634888 42.500908 0.000000 3.441932 1.258353 1.990991 3.443732 6.396269 0.200000
114 57.519142 42.699203 0.000000 3.590608 1.238367 1.932978 3.300581 6.063940 0.250000
115 57.932968 42.681141 0.000000 3.805588 1.328063 2.220233 4.097760 8.190182 0.250001
116 57.831158 42.699211 0.000000 4.009773 1.255298 1.979905 3.421067 6.369315 0.250000
117 57.740570 42.576118 0.000000 3.082610 1.250445 1.968473 3.387133 6.261063 0.250000
118 57.710529 42.851040 0.000000 3.323014 1.349255 2.305892 4.376915 9.046987 0.252658
119 57.769279 42.626877 0.000000 3.422787 1.324388 2.207173 4.066824 8.137858 0.250018
120 57.869534 42.655186 0.000000 4.088009 1.300093 2.124514 3.813662 7.385006 0.250000
121 57.589081 42.682549 0.000000 4.057680 1.297053 2.105356 3.736154 7.111128 0.250002
122 57.940845 42.564308 0.000000 3.822218 1.325757 2.208304 4.056332 8.065077 0.250005
123 57.929623 42.714817 0.000000 3.750401 1.325960 2.216079 4.098284 8.233051 0.250000
124 58.146694 42.627209 0.000000 3.855489 1.334404 2.233319 4.125864 8.260381 0.307604
125 57.914074 42.482140 0.000000 3.705350 1.280144 2.084353 3.773600 7.481918 0.285263
126 57.973679 42.628998 0.000000 4.332009 1.360057 2.328082 4.411550 9.072809 0.250000
127 58.069427 42.841747 0.000000 4.105793 1.370583 2.366462 4.528986 9.411902 0.250000
128 58.095230 42.857716 0.000000 4.001121 1.362698 2.341529 4.467313 9.275370 0.336303
129 58.320301 42.891598 0.000000 4.310142 1.299061 2.113119 3.758030 7.163986 0.250004
130 58.258812 42.937355 0.000000 4.268847 1.335766 2.238011 4.120356 8.172260 0.200003
131 58.296116 43.262501 0.000000 3.963790 1.318136 2.170316 3.910037 7.557558 0.166669
132 58.429562 43.016800 0.000000 3.809994 1.315356 2.179427 3.970749 7.798503 0.166667
133 58.504597 42.988750 0.000000 3.231058 1.336070 2.241466 4.142739 8.270662 0.241709
134 58.729652 42.957729 0.000000 3.267285 1.319594 2.185810 3.975934 7.789115 0.142990
135 58.749329 42.727608 0.000000 3.214083 1.332701 2.216167 4.042175 7.933245 0.142962
136 58.673771 42.939137 0.000000 3.117609 1.334301 2.223457 4.072522 8.039102 0.142970
137 58.779995 43.061413 0.000000 3.454050 1.385282 2.395202 4.567580 9.413046 0.166667
138 58.748348 42.858963 0.000000 2.848267 1.399178 2.450501 4.748671 9.972584 0.174585
139 58.417992 42.619068 0.000000 2.266906 1.296299 2.109335 3.780725 7.339555 0.166667
141 58.740028 42.983105 0.000000 2.218616 1.332284 2.258915 4.270797 8.824408 0.258424
142 58.673504 42.777538 0.000000 1.882458 1.486045 2.784809 5.846816 13.400125 0.174238
144 59.192074 43.073341 0.000000 1.353336 1.351823 2.332327 4.457465 9.229731 0.200048
145 59.072357 43.009129 0.000000 1.457731 1.359614 2.381963 4.667350 9.994009 0.166667
146 59.195068 43.323784 0.000000 1.437510 1.398999 2.547007 5.238042 11.857228 0.201548
147 58.734283 43.120255 0.000000 1.628414 1.441812 2.612271 5.251609 11.443951 0.209231
