%% Trajectory 28
%% frame x (pixel)     y (pixel)    z (pixel)      m0         m1           m2           m3           m4           s 
24 22.877487 40.150352 0.000000 0.649763 1.452865 2.669458 5.428105 11.927834 0.125935
26 22.820213 40.127682 0.000000 0.919737 1.468596 2.705034 5.547047 12.373639 0.308809
28 22.763424 39.373020 0.000000 0.952568 1.458670 2.686114 5.546030 12.526347 0.142869
29 23.173206 38.942089 0.000000 0.714184 1.334092 2.252375 4.227155 8.638633 0.200000
31 23.178766 40.248905 0.000000 0.989544 1.446553 2.617464 5.277965 11.581471 0.201062
33 22.921219 39.466511 0.000000 0.992917 1.467754 2.695123 5.463726 11.928623 0.167708
35 22.850361 39.459690 0.000000 1.277279 1.450398 2.626995 5.268061 11.437491 0.142899
36 23.485783 39.481281 0.000000 1.511202 1.469725 2.693279 5.462034 11.962625 0.200000
37 23.459896 39.533600 0.000000 1.444099 1.532678 2.873125 5.911919 13.049728 0.142857
38 23.863663 39.231350 0.000000 1.872491 1.526973 2.885715 6.026907 13.581791 0.166667
39 23.529783 39.282513 0.000000 2.150104 1.439396 2.569379 5.058892 10.755394 0.253276
40 23.607145 39.612087 0.000000 1.825016 1.502236 2.761267 5.577869 12.114169 0.166667
41 23.482473 39.186245 0.000000 1.499651 1.544000 2.959951 6.279146 14.361221 0.200003
42 23.277794 39.517700 0.000000 2.089499 1.440700 2.579177 5.082896 10.786371 0.200693
43 23.406199 39.498974 0.000000 2.049934 1.449282 2.574343 5.004153 10.413528 0.166732
44 23.574831 39.467461 0.000000 1.901580 1.493751 2.754053 5.612768 12.363061 0.166667
45 22.937279 39.419315 0.000000 2.141737 1.494348 2.751839 5.580850 12.181601 0.200000
46 23.000566 39.547001 0.000000 2.303870 1.450137 2.632876 5.305463 11.598744 0.227500
47 23.267326 39.298222 0.000000 2.010946 1.506477 2.805656 5.781833 12.874014 0.166684
48 23.375237 39.268719 0.000000 2.389063 1.483367 2.709154 5.461646 11.887891 0.250000
49 23.569935 39.240799 0.000000 2.716995 1.444362 2.584890 5.103163 10.882421 0.250858
50 23.439087 39.167679 0.000000 2.817722 1.477590 2.703896 5.473619 11.988120 0.250000
51 23.569170 39.121368 0.000000 3.280148 1.475199 2.686033 5.393956 11.683376 0.250000
52 23.303370 39.404366 0.000000 3.140038 1.455269 2.627855 5.231520 11.230906 0.200000
53 23.591991 39.093311 0.000000 2.796092 1.476109 2.697802 5.449078 11.885107 0.200000
55 23.414099 39.080803 0.000000 3.527632 1.429955 2.531472 4.922426 10.288106 0.200000
56 23.519993 39.264324 0.000000 3.440522 1.489949 2.725130 5.471169 11.786796 0.200000
57 23.543755 39.368523 0.000000 3.809464 1.432550 2.540163 4.955546 10.416460 0.250000
58 23.469217 39.091537 0.000000 3.777310 1.436319 2.565413 5.062873 10.803960 0.200000
59 23.640959 39.043465 0.000000 3.530381 1.533084 2.907649 6.090362 13.746047 0.333333
60 23.636215 39.121635 0.000000 3.817489 1.513856 2.836403 5.877578 13.155057 0.333333
61 23.580038 39.211849 0.000000 3.860970 1.443004 2.592404 5.159816 11.131867 0.250025
62 23.738861 39.205486 0.000000 3.709596 1.430884 2.535407 4.950144 10.421309 0.200702
64 23.906595 38.882355 0.000000 3.749478 1.455016 2.637507 5.291214 11.487291 0.333333
66 24.234701 38.910133 0.000000 4.007507 1.424781 2.522202 4.916747 10.331687 0.345793
67 24.397272 39.182758 0.000000 4.680252 1.446376 2.600828 5.164531 11.079470 0.250000
68 24.582130 38.920959 0.000000 4.366082 1.484348 2.719704 5.487897 11.923855 0.250002
69 24.602568 38.992908 0.000000 4.383670 1.494114 2.763580 5.647689 12.450610 0.250000
70 24.564474 38.815235 0.000000 3.791861 1.496138 2.744195 5.515570 11.873813 0.337383
71 24.934595 39.029346 0.000000 4.062425 1.525354 2.885790 6.039242 13.638716 0.200000
72 25.196957 38.760876 0.000000 3.765857 1.547422 2.928787 6.094217 13.619624 0.200000
73 25.328526 38.166744 0.000000 3.457657 1.569312 3.008279 6.340895 14.354745 0.200000
74 25.234428 38.374031 0.000000 3.044960 1.608503 3.153111 6.779349 15.604821 0.250000
75 25.339172 38.448349 0.000000 2.762955 1.613968 3.155602 6.742015 15.375182 0.200000
76 25.384178 38.577629 0.000000 2.427645 1.507554 2.816294 5.796385 12.839669 0.166667
77 25.473858 38.117344 0.000000 2.326782 1.640619 3.279985 7.198664 16.905231 0.166667
78 25.971264 38.349396 0.000000 2.516021 1.539599 2.975786 6.400280 14.905602 0.200000
79 25.445618 38.483696 0.000000 2.617159 1.579177 3.036808 6.402191 14.454051 0.166667
80 25.536148 38.423004 0.000000 2.370791 1.513205 2.844183 5.937172 13.437619 0.200000
82 25.856831 38.481308 0.000000 1.482538 1.708049 3.491516 7.770914 18.393970 0.166667
83 25.656481 38.276577 0.000000 1.476471 1.654738 3.325802 7.320385 17.222641 0.166667
84 24.981432 38.655815 0.000000 1.596144 1.647210 3.297123 7.217225 16.857653 0.166879
86 26.306355 37.626671 0.000000 1.197469 1.529134 2.891677 6.036765 13.580477 0.218555
87 26.275944 37.415592 0.000000 0.999298 1.521780 2.890818 6.076186 13.787248 0.174105
88 26.111393 36.833786 0.000000 1.183832 1.480613 2.749625 5.664699 12.638710 0.237937
89 26.275368 36.955818 0.000000 0.988690 1.369512 2.383418 4.645007 9.920838 0.200067
91 27.676662 36.752743 0.000000 0.904501 1.419340 2.528182 4.973176 10.567429 0.186717
92 27.515438 37.526852 0.000000 0.978909 1.360008 2.319828 4.388406 9.036603 0.155505
