%% Trajectory 35
%% frame x (pixel)     y (pixel)    z (pixel)      m0         m1           m2           m3           m4           s 
69 66.783394 51.812420 0.000000 0.687679 1.310488 2.214226 4.211344 8.840617 0.217394
71 66.429321 52.191029 0.000000 0.759447 1.539667 2.938749 6.188052 14.022412 0.200105
73 66.392647 51.883575 0.000000 1.022296 1.544212 2.978951 6.370611 14.715014 0.126276
75 66.290428 52.252842 0.000000 0.766327 1.483196 2.733258 5.602288 12.478818 0.174586
77 66.173813 51.952473 0.000000 1.216481 1.300057 2.143234 3.901012 7.689859 0.108281
78 66.231125 52.499325 0.000000 1.111937 1.244750 1.942253 3.319056 6.116131 0.111112
80 66.090874 52.002254 0.000000 1.519671 1.364317 2.375451 4.596805 9.655890 0.111195
81 65.838120 52.085632 0.000000 1.703202 1.409212 2.483547 4.825580 10.103518 0.159653
82 66.309181 52.136276 0.000000 1.508246 1.406535 2.495823 4.921146 10.538857 0.174291
83 66.602066 51.995934 0.000000 1.511670 1.378692 2.397269 4.603383 9.555920 0.128613
84 66.186050 51.995743 0.000000 1.799687 1.343586 2.271342 4.235046 8.535245 0.125054
85 66.273880 51.873955 0.000000 1.832716 1.255809 1.999278 3.508960 6.676980 0.166667
86 66.438942 51.809895 0.000000 1.755122 1.316598 2.176956 3.969142 7.837816 0.142857
87 66.326019 51.836819 0.000000 2.231659 1.313603 2.178636 3.999800 7.989053 0.166667
88 66.136162 51.623344 0.000000 1.969131 1.338305 2.241494 4.124700 8.178441 0.125000
89 66.227287 51.730804 0.000000 2.301692 1.332747 2.225943 4.098812 8.169510 0.167841
90 65.832497 51.703865 0.000000 1.988667 1.325003 2.215502 4.112857 8.322686 0.200150
91 66.067268 51.872902 0.000000 2.135069 1.381197 2.411719 4.692088 9.959900 0.142862
92 65.864098 51.780266 0.000000 1.901784 1.336293 2.250944 4.178686 8.375637 0.185815
93 65.951080 51.535480 0.000000 1.590017 1.310015 2.169173 3.962103 7.826794 0.262797
94 66.151962 51.550518 0.000000 1.894078 1.366266 2.335849 4.403770 8.979633 0.143675
95 65.771774 51.688320 0.000000 1.800036 1.375376 2.378305 4.565592 9.531796 0.178387
96 65.778816 51.727955 0.000000 2.268551 1.296884 2.128029 3.851841 7.556080 0.200000
97 65.658134 51.593456 0.000000 2.095754 1.365365 2.363742 4.570383 9.675121 0.200000
98 65.515442 51.432785 0.000000 1.865540 1.280165 2.049011 3.582822 6.718462 0.289952
99 65.494316 51.477776 0.000000 2.420975 1.270410 2.037839 3.580083 6.764206 0.166669
100 65.360565 51.665237 0.000000 1.913775 1.303719 2.128856 3.811567 7.344538 0.164674
101 64.722496 51.440895 0.000000 2.159721 1.386359 2.417827 4.683818 9.875996 0.144427
102 65.087387 51.348652 0.000000 1.955909 1.366966 2.383931 4.658586 9.986446 0.200254
103 64.786232 51.560295 0.000000 2.047551 1.362556 2.347677 4.501363 9.420018 0.170610
104 65.157066 51.418312 0.000000 1.765882 1.325438 2.188166 3.938490 7.571605 0.169448
105 65.470650 51.369911 0.000000 1.976187 1.359024 2.355207 4.584739 9.827284 0.142985
107 64.698647 51.475334 0.000000 1.507959 1.388024 2.413269 4.654722 9.762240 0.191583
108 65.094780 51.132938 0.000000 1.916687 1.372063 2.375052 4.550782 9.446404 0.142951
110 65.576530 50.038452 0.000000 1.807001 1.378454 2.397036 4.617480 9.644266 0.172756
111 65.424438 50.023220 0.000000 1.643254 1.501392 2.817935 5.880456 13.307866 0.154514
