%% Trajectory 57
%% frame x (pixel)     y (pixel)    z (pixel)      m0         m1           m2           m3           m4           s 
93 73.601219 39.521931 0.000000 0.790702 1.331304 2.227356 4.113695 8.231181 0.142857
95 73.900749 38.542873 0.000000 0.698122 1.398644 2.472968 4.831427 10.182644 0.186540
96 73.693291 39.074978 0.000000 0.932236 1.401401 2.439004 4.674983 9.658698 0.166667
97 73.401237 38.930992 0.000000 0.809452 1.306200 2.229488 4.290624 9.127625 0.200725
98 73.817070 39.186768 0.000000 0.650396 1.370468 2.434173 4.840815 10.510233 0.217384
99 73.690308 39.358025 0.000000 0.953777 1.275868 2.049336 3.607790 6.835411 0.337770
100 73.964394 39.715523 0.000000 1.227927 1.437047 2.590608 5.176342 11.197103 0.200001
101 73.829636 39.326401 0.000000 0.929068 1.304793 2.162095 3.964130 7.888620 0.256604
102 73.415840 39.620476 0.000000 1.139065 1.247056 1.984832 3.482926 6.631426 0.202249
103 73.837830 39.124664 0.000000 1.306795 1.246233 1.996951 3.555175 6.920331 0.260443
104 73.838982 39.278263 0.000000 1.673115 1.342415 2.241457 4.106218 8.089471 0.236021
105 73.650261 39.268372 0.000000 1.799502 1.302833 2.134542 3.846799 7.484262 0.250000
106 73.635818 39.094559 0.000000 1.438342 1.307140 2.151336 3.905052 7.669249 0.314992
107 73.552895 39.324642 0.000000 1.841799 1.276648 2.064990 3.676452 7.080902 0.200016
108 73.706383 38.925602 0.000000 1.142114 1.232610 1.931354 3.344152 6.310546 0.250057
109 73.861320 38.945145 0.000000 1.686545 1.298414 2.122579 3.814763 7.397294 0.251864
110 73.982475 38.993713 0.000000 1.475566 1.342869 2.287222 4.327648 8.908221 0.204518
112 73.942337 38.967102 0.000000 1.565433 1.345619 2.302818 4.398042 9.182214 0.200237
113 73.836586 38.957355 0.000000 2.191090 1.354855 2.322523 4.397250 9.002966 0.250002
114 73.900520 38.655102 0.000000 1.777314 1.279102 2.074282 3.730098 7.321909 0.201053
115 73.771751 39.046234 0.000000 2.285827 1.360258 2.336190 4.450712 9.213886 0.256664
116 73.993248 39.489120 0.000000 2.016697 1.351874 2.299000 4.312348 8.737430 0.231841
118 73.649239 39.225498 0.000000 1.775125 1.284578 2.062746 3.619129 6.807751 0.250000
119 73.876144 38.953667 0.000000 2.159587 1.383169 2.401922 4.613261 9.599139 0.280430
120 73.951180 38.858952 0.000000 1.871686 1.299871 2.124096 3.818139 7.413016 0.251883
121 73.803703 39.105545 0.000000 2.138781 1.319658 2.192264 4.009893 7.916790 0.250000
122 73.889046 39.050961 0.000000 2.695024 1.383956 2.396881 4.570445 9.391586 0.293294
123 73.939186 39.130089 0.000000 2.579305 1.394863 2.435827 4.695147 9.773239 0.254301
124 73.763420 38.973644 0.000000 2.689555 1.307075 2.153987 3.910266 7.670432 0.323773
125 73.549599 39.016998 0.000000 2.500770 1.289140 2.102583 3.771692 7.303408 0.316873
126 73.602867 39.164711 0.000000 2.538130 1.302226 2.136867 3.860649 7.542361 0.337371
127 73.700951 38.882210 0.000000 2.664365 1.300334 2.125828 3.809497 7.337296 0.583096
128 73.864761 38.826481 0.000000 3.018669 1.345945 2.276927 4.244956 8.548086 0.250965
129 73.688057 38.987057 0.000000 2.692027 1.346929 2.290026 4.320038 8.872387 0.321425
130 73.896973 38.848354 0.000000 2.971957 1.331953 2.234781 4.138110 8.293561 0.250000
131 73.707947 38.977413 0.000000 2.888994 1.334802 2.251467 4.212374 8.579947 0.250005
132 73.770668 38.917049 0.000000 2.995120 1.324563 2.222154 4.138417 8.402052 0.300184
133 73.715370 38.803360 0.000000 2.757825 1.297219 2.103780 3.730718 7.096086 0.287789
134 73.652962 38.956345 0.000000 2.773487 1.284403 2.079539 3.713906 7.194299 0.250075
135 73.914146 39.095051 0.000000 2.694692 1.322359 2.197879 4.024527 7.958884 0.251765
136 73.606094 39.098167 0.000000 3.365079 1.363697 2.347588 4.488503 9.341529 0.250000
137 73.523399 39.029160 0.000000 3.474348 1.312896 2.176955 3.994353 7.968987 0.200000
138 73.637840 39.115852 0.000000 3.719621 1.297146 2.117578 3.797714 7.343709 0.250000
139 73.631027 38.943539 0.000000 3.636270 1.285403 2.083311 3.711780 7.140984 0.200000
140 73.639549 38.984703 0.000000 3.979544 1.322111 2.207833 4.079388 8.182104 0.250000
141 73.736595 38.941105 0.000000 4.101977 1.304617 2.131313 3.815486 7.341367 0.250000
142 73.828667 39.043949 0.000000 3.736932 1.353023 2.298814 4.295878 8.644220 0.166667
143 73.873009 39.187881 0.000000 4.405403 1.328536 2.211229 4.050317 8.010279 0.200000
144 73.724281 39.103546 0.000000 3.935879 1.302314 2.143276 3.896302 7.680204 0.250000
145 73.766556 39.080971 0.000000 4.251485 1.334830 2.231783 4.108794 8.168817 0.200000
146 73.647400 38.979523 0.000000 4.158700 1.322788 2.203918 4.053914 8.080401 0.200000
147 73.611145 39.262428 0.000000 4.110305 1.281644 2.064576 3.644428 6.920559 0.250000
148 73.469025 39.149277 0.000000 4.364922 1.290974 2.090618 3.706398 7.060362 0.200000
149 73.672073 39.163399 0.000000 4.129386 1.267146 2.019481 3.520175 6.589943 0.200000
150 73.374748 39.245399 0.000000 3.816863 1.237028 1.934287 3.308074 6.083956 0.166667
151 73.564095 39.339546 0.000000 4.354350 1.286280 2.067223 3.628006 6.822132 0.200000
152 73.519279 39.343266 0.000000 4.486117 1.293646 2.087504 3.677358 6.937312 0.333333
153 73.559723 39.438255 0.000000 4.219907 1.292008 2.088388 3.683456 6.951496 0.250000
154 73.647423 39.700871 0.000000 4.007330 1.297692 2.122174 3.830888 7.505876 0.333333
155 73.584183 39.851948 0.000000 4.677004 1.338087 2.240551 4.124949 8.193370 0.333333
156 73.637016 39.853542 0.000000 4.153423 1.327955 2.221733 4.095276 8.159245 0.200000
157 73.814041 40.085487 0.000000 4.412558 1.404772 2.459199 4.741517 9.852331 0.250000
158 73.698845 40.214710 0.000000 3.596683 1.369392 2.339742 4.394139 8.882510 0.200000
159 73.857399 40.385738 0.000000 3.949450 1.326425 2.216653 4.085955 8.148790 0.333333
160 73.864082 40.249561 0.000000 4.400284 1.393529 2.418565 4.616835 9.491033 0.250000
161 73.744751 40.333366 0.000000 3.760196 1.331512 2.232472 4.134000 8.294806 0.250000
162 73.694977 40.841782 0.000000 4.133394 1.317693 2.187484 4.005717 7.946930 0.250000
163 73.979172 40.680294 0.000000 3.918319 1.390712 2.415209 4.632824 9.616128 0.250000
164 73.762146 40.666008 0.000000 3.731390 1.326192 2.206209 4.037506 7.978478 0.250000
165 73.919342 40.727898 0.000000 4.351917 1.390172 2.413712 4.622280 9.560172 0.250000
166 74.111778 41.016796 0.000000 3.784895 1.485765 2.755232 5.666539 12.613969 0.250000
167 74.412155 41.146988 0.000000 3.146044 1.372590 2.369411 4.530010 9.403815 0.200000
168 74.641258 41.543804 0.000000 3.115248 1.344458 2.234788 4.052969 7.857666 0.200000
169 74.629074 41.462902 0.000000 2.421380 1.405798 2.441602 4.655051 9.545066 0.200000
170 74.602562 41.112873 0.000000 2.276562 1.363586 2.345716 4.475207 9.280345 0.250045
171 74.640480 41.400192 0.000000 2.090847 1.311107 2.182575 4.025492 8.080954 0.200000
172 75.048218 41.324146 0.000000 1.904407 1.352279 2.307749 4.356492 8.914664 0.443863
174 74.371544 40.601028 0.000000 1.569707 1.423261 2.547304 5.059355 10.894012 0.200118
175 74.372063 41.097942 0.000000 1.587086 1.329949 2.253240 4.263511 8.841581 0.200002
177 75.406044 41.285984 0.000000 1.191895 1.392432 2.438779 4.737833 9.978217 0.200026
179 75.558846 40.701744 0.000000 0.913451 1.246963 1.956297 3.361358 6.220172 0.200001
181 75.421768 40.013203 0.000000 0.916650 1.440515 2.621626 5.316306 11.728771 0.215575
