%% Trajectory 209
%% frame x (pixel)     y (pixel)    z (pixel)      m0         m1           m2           m3           m4           s 
176 72.199715 49.288738 0.000000 0.971129 1.315485 2.212180 4.159439 8.581232 0.166884
177 71.919479 49.460423 0.000000 0.978847 1.420655 2.598997 5.341526 12.018909 0.167990
179 71.713692 49.372520 0.000000 1.631452 1.338488 2.231756 4.095983 8.123347 0.234936
181 71.744568 49.499935 0.000000 1.672561 1.459700 2.648984 5.319455 11.552567 0.224777
182 71.502823 49.237495 0.000000 1.559169 1.414115 2.480034 4.801294 10.048011 0.282793
183 71.564224 49.515793 0.000000 1.606458 1.418243 2.489563 4.805363 9.984027 0.169653
184 71.463493 49.011185 0.000000 2.065201 1.303256 2.132185 3.821251 7.354187 0.168284
185 71.615227 49.254341 0.000000 1.943385 1.363372 2.318274 4.340051 8.772408 0.200000
186 71.811905 49.443378 0.000000 2.157064 1.407509 2.469223 4.787951 10.046290 0.166667
187 71.542831 49.186050 0.000000 2.564209 1.373372 2.353778 4.438884 9.021758 0.168799
188 71.527275 49.603367 0.000000 1.849289 1.390829 2.427052 4.705819 9.930055 0.295033
189 71.251221 49.678558 0.000000 2.273715 1.333556 2.216214 4.041660 7.935536 0.167037
190 71.810104 49.364437 0.000000 2.307620 1.390768 2.440532 4.777421 10.221152 0.166899
191 71.255737 49.254288 0.000000 2.186546 1.541098 2.923223 6.109323 13.728315 0.142863
193 71.588959 49.508419 0.000000 3.061996 1.322917 2.178149 3.926466 7.600745 0.144072
194 71.617775 49.591949 0.000000 2.642835 1.338050 2.249166 4.171889 8.381978 0.261882
195 71.863197 49.450329 0.000000 2.799911 1.397154 2.467067 4.855701 10.427379 0.142883
196 71.779945 49.518623 0.000000 2.799700 1.334024 2.230606 4.116978 8.237315 0.166667
197 71.646660 49.491131 0.000000 2.106341 1.359807 2.325486 4.398046 9.021783 0.167126
198 71.644424 49.707340 0.000000 2.861525 1.346091 2.287664 4.313223 8.852520 0.166667
199 71.501907 49.390472 0.000000 3.178793 1.372859 2.352486 4.432158 8.988997 0.142857
200 71.600258 49.542652 0.000000 2.945150 1.369844 2.359879 4.507275 9.356256 0.125000
201 71.642181 49.687935 0.000000 2.883929 1.314305 2.170369 3.937381 7.699848 0.166667
202 71.786362 49.349655 0.000000 3.513942 1.384942 2.415916 4.677789 9.850080 0.148929
203 71.564407 49.664970 0.000000 3.475981 1.375863 2.354274 4.429809 8.987842 0.273142
204 71.487114 49.549747 0.000000 3.489519 1.316603 2.155822 3.858211 7.402899 0.189911
205 71.550995 49.285751 0.000000 3.863536 1.337185 2.226813 4.071444 8.021157 0.111176
206 71.588188 49.530331 0.000000 3.064685 1.336735 2.246881 4.165338 8.358588 0.143188
207 71.474625 49.401470 0.000000 3.708325 1.321955 2.188339 3.979064 7.798024 0.144702
208 71.615578 49.540482 0.000000 3.858213 1.346762 2.279048 4.261583 8.640549 0.150228
209 71.615723 49.602215 0.000000 3.661123 1.421578 2.527980 4.980517 10.637648 0.126870
210 71.679779 49.649361 0.000000 3.845207 1.392266 2.445515 4.780502 10.182468 0.145641
211 71.755989 49.580544 0.000000 3.889105 1.376127 2.368548 4.500815 9.252632 0.142857
212 71.601982 49.544540 0.000000 4.183351 1.351738 2.283456 4.249219 8.543760 0.142857
213 71.495140 49.653976 0.000000 4.217068 1.331781 2.227759 4.108830 8.202567 0.142857
214 71.314232 49.471878 0.000000 4.006267 1.368892 2.360512 4.511210 9.365992 0.142864
215 71.524628 49.406685 0.000000 4.832474 1.395792 2.437397 4.711515 9.878019 0.166667
216 71.373154 49.432541 0.000000 4.503910 1.355419 2.289797 4.244716 8.459283 0.166667
217 71.569572 49.452652 0.000000 4.778239 1.358485 2.308043 4.326994 8.779654 0.166667
218 71.494186 49.412151 0.000000 4.515095 1.340367 2.235325 4.091514 8.066163 0.166667
219 71.504303 49.599506 0.000000 4.400947 1.368647 2.332660 4.371731 8.834212 0.200000
220 71.464905 49.447742 0.000000 4.867144 1.340846 2.249704 4.149750 8.256145 0.200000
221 71.475876 49.370724 0.000000 4.685360 1.407543 2.477491 4.827300 10.196758 0.200000
222 71.452988 49.497883 0.000000 4.454748 1.338129 2.233032 4.092980 8.086919 0.204343
223 71.434937 49.501980 0.000000 5.271293 1.374408 2.361736 4.477377 9.180283 0.200000
224 71.522018 49.534729 0.000000 4.585162 1.346997 2.262039 4.180288 8.342984 0.225399
225 71.321045 49.565407 0.000000 4.814706 1.346968 2.269579 4.204842 8.397656 0.200000
226 71.407494 49.513611 0.000000 4.516318 1.394584 2.416690 4.612268 9.503920 0.202374
227 71.377136 49.380852 0.000000 5.155021 1.383653 2.390938 4.559861 9.405540 0.200051
228 71.372078 49.440109 0.000000 4.308043 1.356435 2.279366 4.185738 8.230678 0.200003
229 71.297363 49.420109 0.000000 4.899250 1.398454 2.418587 4.586154 9.341969 0.200040
230 71.080086 49.198246 0.000000 4.116143 1.482446 2.745967 5.642647 12.556077 0.200000
231 70.911621 49.414650 0.000000 4.152820 1.443983 2.608947 5.221827 11.314478 0.166667
232 70.647285 49.293667 0.000000 4.672757 1.413813 2.493105 4.847698 10.174932 0.250029
233 70.678703 49.335518 0.000000 4.315213 1.337830 2.236987 4.112890 8.157599 0.252438
234 70.553421 49.306778 0.000000 4.939180 1.338443 2.232929 4.081766 8.016248 0.200000
235 70.554436 49.132027 0.000000 4.208631 1.381966 2.384826 4.545686 9.382290 0.200000
236 70.414391 48.815063 0.000000 4.837378 1.430241 2.563899 5.093411 10.965556 0.200000
237 70.391418 49.446507 0.000000 4.922730 1.338646 2.233849 4.085488 8.031971 0.166776
239 70.230202 49.344250 0.000000 4.890171 1.340276 2.240422 4.106821 8.090012 0.203828
240 69.945221 49.364235 0.000000 5.092782 1.331184 2.238856 4.158627 8.361329 0.200000
241 70.019104 49.300545 0.000000 4.235085 1.315603 2.190304 4.028494 8.029990 0.200000
242 70.003502 49.435017 0.000000 4.011338 1.373422 2.367093 4.490504 9.174929 0.200000
243 69.778145 49.237251 0.000000 4.569324 1.301656 2.138709 3.883099 7.657134 0.200000
244 69.475410 49.148010 0.000000 5.317265 1.332166 2.217505 4.046871 7.937958 0.167800
245 69.544296 49.201199 0.000000 5.031609 1.282148 2.056726 3.612785 6.824422 0.267386
246 69.482483 48.980907 0.000000 5.480384 1.298738 2.113176 3.770858 7.240866 0.250454
247 69.706055 49.082050 0.000000 6.252686 1.294455 2.108961 3.775388 7.289726 0.250011
248 69.673965 48.554478 0.000000 6.010231 1.275458 2.049105 3.614409 6.876376 0.200000
249 69.768997 48.329952 0.000000 5.211823 1.331786 2.239323 4.168816 8.422173 0.250028
250 69.874115 48.201664 0.000000 4.717839 1.371599 2.392703 4.650691 9.839708 0.203527
251 69.653198 48.286572 0.000000 4.840673 1.337364 2.272730 4.301647 8.880128 0.203288
252 69.462578 48.469604 0.000000 4.063585 1.334124 2.246375 4.185217 8.454742 0.142859
