%% Trajectory 45
%% frame x (pixel)     y (pixel)    z (pixel)      m0         m1           m2           m3           m4           s 
56 62.589840 71.251610 0.000000 0.703031 1.292232 2.143113 3.979389 8.137161 0.200002
57 62.484154 71.621635 0.000000 0.715546 1.382201 2.393532 4.571177 9.427737 0.166667
58 61.868736 71.176384 0.000000 0.932565 1.413896 2.499946 4.892180 10.352838 0.125018
60 62.110611 71.005295 0.000000 1.093424 1.492041 2.797029 5.798108 12.967859 0.166731
61 62.370049 71.393890 0.000000 1.223154 1.360910 2.327889 4.412770 9.090463 0.166667
62 62.304340 71.175926 0.000000 1.167839 1.333552 2.247913 4.201491 8.546117 0.207413
63 61.658966 71.433228 0.000000 1.229564 1.289042 2.095479 3.747715 7.246871 0.142857
64 62.242458 71.370728 0.000000 1.098370 1.432669 2.546533 4.985876 10.532422 0.200000
65 62.111980 71.193886 0.000000 1.660059 1.385377 2.402226 4.599180 9.530755 0.200000
66 62.415043 70.939690 0.000000 1.535684 1.332200 2.237161 4.166411 8.450867 0.166991
67 62.296383 71.055946 0.000000 1.433075 1.390359 2.448596 4.820159 10.386727 0.200000
68 62.503178 71.056976 0.000000 1.463725 1.365479 2.339763 4.425717 9.061718 0.200000
69 62.494659 71.305870 0.000000 1.343474 1.325396 2.198440 4.005078 7.864855 0.250000
70 62.228497 71.184219 0.000000 1.763512 1.307705 2.162290 3.958236 7.885278 0.200000
71 62.394272 71.241333 0.000000 1.659083 1.327517 2.215592 4.078362 8.129289 0.250002
72 62.540947 71.123558 0.000000 2.469465 1.287521 2.074749 3.658832 6.933847 0.250000
73 62.793098 71.073303 0.000000 2.194012 1.350523 2.291331 4.298238 8.739735 0.166667
74 62.595562 71.214455 0.000000 2.217667 1.341508 2.231226 4.055238 7.897162 0.142857
75 62.622059 71.123589 0.000000 3.096205 1.324890 2.199157 4.010776 7.884118 0.200000
76 62.582104 71.153938 0.000000 2.972799 1.334011 2.223154 4.071884 8.041342 0.200000
77 62.411663 71.089546 0.000000 2.950757 1.332905 2.224147 4.075814 8.042500 0.166667
78 62.624264 71.270096 0.000000 2.910411 1.291073 2.080468 3.659193 6.890975 0.200000
79 62.695713 71.225914 0.000000 2.796109 1.300626 2.116691 3.774500 7.237509 0.166667
80 62.511318 71.147858 0.000000 2.986121 1.332028 2.221041 4.070050 8.039914 0.166667
81 62.668736 71.284538 0.000000 2.989163 1.322060 2.180504 3.945034 7.682284 0.166667
82 62.765194 71.056076 0.000000 3.262388 1.362370 2.323431 4.362774 8.836371 0.166667
83 62.466331 71.103912 0.000000 2.985261 1.338812 2.247191 4.154959 8.299762 0.166667
84 62.548649 71.246841 0.000000 3.624669 1.308242 2.136838 3.814639 7.300371 0.200000
85 62.552147 71.132729 0.000000 4.215631 1.322104 2.180648 3.935212 7.616586 0.166667
86 62.657589 71.154427 0.000000 4.394451 1.346482 2.251240 4.110449 8.028732 0.166667
87 62.505222 71.133240 0.000000 4.035690 1.321730 2.186592 3.970330 7.763132 0.166667
88 62.670765 71.153114 0.000000 4.566607 1.325526 2.196987 3.995321 7.817909 0.200000
89 62.513466 71.054810 0.000000 5.032756 1.352001 2.281298 4.228081 8.440399 0.200000
90 62.413712 71.139946 0.000000 4.673196 1.362723 2.330413 4.400586 8.993558 0.142857
91 62.628609 71.084106 0.000000 5.095638 1.349277 2.271687 4.194273 8.321023 0.166667
92 62.518234 70.983284 0.000000 5.034086 1.356615 2.303561 4.312935 8.729559 0.200000
93 62.599194 71.182358 0.000000 5.681352 1.316508 2.153224 3.838042 7.307340 0.200000
94 62.657249 71.231728 0.000000 5.124002 1.336285 2.231726 4.089641 8.062557 0.166667
95 62.673241 71.146248 0.000000 5.826269 1.327971 2.200263 3.994484 7.793158 0.200000
96 62.544872 71.190498 0.000000 5.618461 1.312220 2.154083 3.873739 7.486561 0.250000
97 62.678944 71.074738 0.000000 5.666190 1.364719 2.326437 4.362867 8.819910 0.166667
98 62.828487 71.102272 0.000000 5.814098 1.352285 2.289667 4.266171 8.568884 0.250000
99 62.844906 70.826973 0.000000 5.639030 1.375056 2.357530 4.442608 9.012787 0.166667
100 62.891289 70.912270 0.000000 6.023506 1.363230 2.330708 4.391426 8.930460 0.200000
101 62.848434 70.903519 0.000000 6.374610 1.355037 2.300754 4.299906 8.665313 0.166667
102 62.970852 70.855553 0.000000 6.428670 1.407802 2.474800 4.796968 10.032619 0.200000
103 63.056114 70.796349 0.000000 6.893432 1.371444 2.357613 4.473802 9.179728 0.200000
104 62.983891 70.771309 0.000000 6.216723 1.384321 2.405586 4.622958 9.619939 0.200000
105 62.884178 70.759544 0.000000 6.314977 1.354738 2.288649 4.239272 8.436152 0.200000
106 62.999699 70.838173 0.000000 6.951875 1.398811 2.454349 4.769109 10.044707 0.200000
107 63.085312 70.773468 0.000000 7.350333 1.353792 2.294150 4.279826 8.613513 0.250000
108 63.009674 70.837646 0.000000 7.357835 1.377958 2.386077 4.571475 9.490359 0.250000
109 63.035389 70.783104 0.000000 7.220500 1.359152 2.319103 4.366762 8.891177 0.200000
110 62.923149 70.608543 0.000000 6.977183 1.348349 2.266370 4.174458 8.257698 0.200000
111 62.875523 70.671539 0.000000 6.888885 1.401554 2.447559 4.705692 9.750859 0.166667
112 62.847427 70.650604 0.000000 6.649111 1.369088 2.330811 4.348841 8.708973 0.166667
113 63.158245 70.576500 0.000000 7.230872 1.392538 2.415553 4.608738 9.471674 0.250000
114 63.002682 70.663223 0.000000 6.421912 1.424946 2.539521 5.005997 10.671539 0.250000
115 62.778854 70.695877 0.000000 6.308839 1.383442 2.401559 4.616178 9.626998 0.200000
116 62.858669 70.704269 0.000000 5.806871 1.380188 2.387309 4.552846 9.374157 0.200000
117 62.658703 70.485695 0.000000 5.503022 1.391436 2.411676 4.610141 9.526601 0.200000
118 62.687675 70.579170 0.000000 5.262226 1.391348 2.413159 4.606839 9.485952 0.200000
119 62.854954 70.595474 0.000000 5.456167 1.342206 2.257233 4.176769 8.337898 0.200000
120 63.054504 70.433983 0.000000 5.149295 1.352740 2.288742 4.261705 8.561816 0.200000
121 62.917599 70.352074 0.000000 5.025776 1.361595 2.311086 4.306933 8.638064 0.200000
122 63.062283 70.233040 0.000000 5.159180 1.374901 2.359523 4.466743 9.144300 0.166667
123 63.046108 70.044373 0.000000 5.423118 1.428231 2.551965 5.051911 10.837516 0.166667
124 63.240082 69.995003 0.000000 6.178170 1.368387 2.344988 4.434930 9.071674 0.166667
126 63.207371 69.734016 0.000000 5.262900 1.331166 2.213590 4.031812 7.884873 0.200000
127 63.210484 69.476570 0.000000 5.180471 1.357548 2.292419 4.239846 8.417502 0.200000
128 63.097546 69.521233 0.000000 4.779307 1.306217 2.141227 3.860213 7.515519 0.200000
129 62.893055 69.500618 0.000000 4.791422 1.373911 2.354404 4.444828 9.062342 0.166667
130 63.086220 69.286377 0.000000 4.527787 1.353919 2.298631 4.296971 8.665720 0.166667
131 63.160263 69.208557 0.000000 4.901925 1.369010 2.349992 4.458095 9.161725 0.200000
132 63.312351 69.122177 0.000000 4.291197 1.376195 2.382885 4.571692 9.523312 0.166667
133 63.426105 69.103706 0.000000 4.107622 1.334584 2.225334 4.072390 8.018978 0.200000
134 63.532513 68.994019 0.000000 3.965345 1.330559 2.222740 4.075122 8.033215 0.200010
136 62.758907 67.823112 0.000000 4.181714 1.373822 2.364881 4.495306 9.249306 0.143271
137 62.731449 67.693237 0.000000 4.337524 1.388616 2.405568 4.598097 9.507480 0.172227
138 62.754673 67.579681 0.000000 3.747233 1.374551 2.352022 4.424333 8.969186 0.166824
139 62.794064 67.482643 0.000000 3.229681 1.359224 2.302661 4.279743 8.551935 0.166668
140 62.535782 67.419830 0.000000 3.089610 1.401490 2.440714 4.691261 9.757671 0.166667
141 62.440491 67.249588 0.000000 2.790263 1.469792 2.695385 5.478980 12.063540 0.166667
143 62.651024 67.103691 0.000000 2.336218 1.455416 2.668111 5.459247 12.162494 0.142857
145 62.023659 67.115051 0.000000 2.265494 1.504033 2.814535 5.835218 13.079902 0.142869
