%% Trajectory 11
%% frame x (pixel)     y (pixel)    z (pixel)      m0         m1           m2           m3           m4           s 
30 47.052410 64.916443 0.000000 1.146849 1.345328 2.307672 4.414646 9.220212 0.222959
31 46.549637 64.843788 0.000000 1.105966 1.386643 2.409139 4.618323 9.566093 0.143334
32 46.557056 64.735924 0.000000 1.240282 1.293104 2.102808 3.752103 7.205823 0.176567
33 46.716846 65.088165 0.000000 1.069069 1.341478 2.275366 4.272254 8.702519 0.200000
34 46.675987 65.306091 0.000000 1.272481 1.309106 2.160594 3.925594 7.700760 0.172370
35 46.829006 64.719551 0.000000 1.335227 1.408369 2.484418 4.848303 10.240888 0.145112
36 46.850620 65.053207 0.000000 1.264256 1.397635 2.459432 4.804439 10.188383 0.200000
37 46.712868 64.702682 0.000000 1.556316 1.341317 2.258617 4.192118 8.408447 0.200000
38 46.855743 64.864922 0.000000 1.381743 1.543754 2.959298 6.254633 14.205754 0.253328
40 46.911148 64.765099 0.000000 1.655692 1.415311 2.490067 4.815797 10.014247 0.151906
41 46.798317 64.719009 0.000000 1.629711 1.391422 2.434495 4.702191 9.808535 0.166668
42 47.023510 65.060287 0.000000 1.484182 1.413493 2.498371 4.864833 10.215934 0.200000
43 46.761776 64.636795 0.000000 1.438181 1.304319 2.150601 3.899651 7.622293 0.166882
44 47.194641 64.738029 0.000000 1.546741 1.431303 2.547743 5.000530 10.588880 0.173094
45 46.645794 64.890999 0.000000 1.492111 1.319508 2.181122 3.946107 7.656744 0.178367
46 46.958824 64.609512 0.000000 1.429032 1.370314 2.353358 4.458289 9.124288 0.125045
47 46.766876 65.030273 0.000000 1.474270 1.361979 2.338014 4.444571 9.159183 0.143493
48 46.935104 64.726212 0.000000 1.562596 1.391012 2.448808 4.780604 10.118043 0.142871
49 46.931622 64.747040 0.000000 1.629369 1.420227 2.520546 4.931270 10.396857 0.143111
50 46.793495 64.787376 0.000000 1.930209 1.303861 2.131918 3.815659 7.327877 0.172643
51 46.869511 64.907417 0.000000 1.681308 1.373461 2.359179 4.456608 9.064841 0.163084
52 46.864700 64.613350 0.000000 1.931510 1.375971 2.379628 4.557942 9.463417 0.201878
53 46.734791 64.774513 0.000000 1.895841 1.350607 2.293248 4.297072 8.708469 0.143649
54 46.812782 64.849396 0.000000 1.858785 1.383568 2.399456 4.589508 9.475124 0.143231
55 46.746426 64.834877 0.000000 1.882594 1.361420 2.320115 4.359784 8.853758 0.143608
56 46.720875 64.782425 0.000000 2.081021 1.318078 2.182369 3.977488 7.832043 0.168396
57 46.739697 65.235855 0.000000 1.999629 1.295961 2.115457 3.804322 7.400989 0.166667
58 46.662907 64.716370 0.000000 2.110401 1.339455 2.243494 4.126894 8.174386 0.204953
59 46.827454 64.765694 0.000000 2.208362 1.338621 2.238429 4.092975 8.015150 0.267297
60 46.836716 64.697090 0.000000 2.283980 1.317024 2.169951 3.920002 7.617100 0.200000
61 46.683170 64.828880 0.000000 2.258348 1.297659 2.125700 3.843655 7.539619 0.200000
62 46.577892 64.802147 0.000000 2.174072 1.362481 2.330317 4.398776 8.976533 0.200000
63 46.511272 64.865944 0.000000 2.221982 1.318926 2.185649 3.979630 7.808499 0.200000
64 46.737583 64.680603 0.000000 2.502656 1.311704 2.143459 3.823605 7.297906 0.201510
65 46.722218 64.833237 0.000000 2.801815 1.356011 2.292290 4.250584 8.473146 0.366043
66 46.727440 64.879219 0.000000 2.185671 1.334212 2.242479 4.167610 8.404880 0.200000
67 46.654892 64.938400 0.000000 2.673571 1.367553 2.340232 4.416198 9.008787 0.200004
68 46.662384 64.890915 0.000000 2.412996 1.343970 2.260225 4.177929 8.319817 0.200000
69 46.616692 64.961487 0.000000 2.504062 1.336415 2.248005 4.160639 8.302277 0.166667
70 46.821442 64.780457 0.000000 2.760257 1.360971 2.312301 4.315803 8.669543 0.200000
71 46.925976 64.954300 0.000000 2.490739 1.420777 2.519243 4.929450 10.409804 0.200000
72 46.705860 64.877167 0.000000 2.893360 1.324070 2.199031 4.020502 7.943871 0.200000
73 46.640587 64.848015 0.000000 3.113573 1.391620 2.421044 4.651678 9.669430 0.200000
74 46.814064 64.814507 0.000000 2.700556 1.383124 2.382922 4.514213 9.212205 0.200000
75 46.818432 64.750366 0.000000 2.698399 1.388804 2.399025 4.553589 9.298933 0.166667
76 46.802975 64.554710 0.000000 2.681104 1.313045 2.167624 3.928648 7.664743 0.200000
77 46.870914 64.842232 0.000000 2.288057 1.375022 2.363156 4.464254 9.073202 0.142858
78 46.841503 64.682152 0.000000 2.447321 1.380361 2.383585 4.529864 9.274947 0.168592
79 46.790356 64.861053 0.000000 2.177845 1.338670 2.237103 4.107337 8.125223 0.246370
80 46.794426 64.641953 0.000000 2.672179 1.356704 2.302165 4.307460 8.716516 0.166669
81 47.056839 64.662560 0.000000 2.651802 1.363824 2.334828 4.412345 9.015870 0.166667
82 47.189060 64.472328 0.000000 2.615661 1.341256 2.258497 4.192762 8.417790 0.166825
83 47.077179 64.354042 0.000000 2.318002 1.355210 2.286005 4.224773 8.381955 0.183613
84 47.143208 64.374001 0.000000 2.752603 1.340207 2.245920 4.138078 8.224959 0.159074
85 46.967426 64.467972 0.000000 2.522095 1.287404 2.080039 3.687294 7.042461 0.222818
86 47.070728 64.259262 0.000000 2.193424 1.301370 2.126296 3.807377 7.329466 0.227091
87 47.349411 63.941532 0.000000 2.166659 1.361933 2.338486 4.450300 9.198715 0.168666
88 47.133537 64.131737 0.000000 1.831913 1.361111 2.321584 4.369685 8.902448 0.144206
89 47.048325 63.717033 0.000000 2.082312 1.366422 2.348242 4.453722 9.124129 0.167739
90 47.243008 63.688713 0.000000 2.296177 1.365026 2.332974 4.385526 8.880207 0.166925
91 47.051567 63.416897 0.000000 2.554539 1.415063 2.481654 4.781853 9.905849 0.143138
92 47.382786 63.517464 0.000000 2.653616 1.340436 2.228792 4.055103 7.917498 0.143158
93 47.319973 63.334358 0.000000 2.462475 1.390545 2.415642 4.622587 9.543226 0.155496
94 47.515118 63.246689 0.000000 3.091438 1.349004 2.277016 4.227097 8.458727 0.166906
95 47.398205 63.102242 0.000000 2.866383 1.383856 2.382967 4.513058 9.209671 0.144190
96 47.715488 62.863914 0.000000 2.368444 1.369760 2.334441 4.380752 8.875802 0.144078
97 47.516636 62.683559 0.000000 2.210106 1.369358 2.334496 4.366141 8.780414 0.144854
98 47.207710 62.682175 0.000000 1.989849 1.348886 2.277825 4.222321 8.415994 0.151086
