%% Trajectory 152
%% frame x (pixel)     y (pixel)    z (pixel)      m0         m1           m2           m3           m4           s 
173 78.575424 75.516609 0.000000 0.793327 1.377258 2.475452 5.049016 11.374245 0.127673
174 78.033691 75.840630 0.000000 0.761055 1.482122 2.856623 6.250992 15.017995 0.146592
176 78.507774 75.271484 0.000000 1.685652 1.348213 2.333563 4.552590 9.815453 0.142858
177 78.418144 75.120880 0.000000 1.598893 1.398245 2.497230 4.992836 10.912328 0.154241
178 78.840614 75.266357 0.000000 1.710782 1.300516 2.132422 3.869909 7.639482 0.142857
179 78.372803 75.034576 0.000000 2.127038 1.387081 2.422731 4.680542 9.786797 0.143200
180 78.301704 75.190094 0.000000 1.376762 1.331191 2.267503 4.307546 8.935579 0.148082
182 78.835762 75.433502 0.000000 1.806482 1.275980 2.084547 3.798376 7.599201 0.158618
184 78.673714 74.990982 0.000000 2.705619 1.464890 2.692710 5.501408 12.184152 0.166667
185 78.794601 75.124023 0.000000 2.575994 1.366648 2.340796 4.421757 9.020145 0.125000
186 78.526878 74.938087 0.000000 3.212009 1.420951 2.517149 4.908301 10.301127 0.169616
187 78.403511 75.117813 0.000000 2.658428 1.404006 2.486226 4.887837 10.437238 0.172186
188 78.738289 75.083313 0.000000 2.918168 1.407767 2.498467 4.911927 10.460399 0.145811
189 78.520584 75.213570 0.000000 3.456566 1.314557 2.161058 3.885183 7.487901 0.177406
190 78.971298 74.835907 0.000000 3.447000 1.408361 2.500338 4.935260 10.595141 0.142857
191 79.132866 75.016266 0.000000 3.377237 1.424700 2.556229 5.089841 10.988285 0.125000
192 78.925400 74.928001 0.000000 3.201951 1.428763 2.594362 5.258685 11.611970 0.142857
193 78.804298 75.044586 0.000000 3.164136 1.376787 2.372849 4.511653 9.267817 0.142857
194 78.907883 74.963959 0.000000 2.644026 1.437296 2.619625 5.315266 11.715619 0.142858
195 78.968498 74.811150 0.000000 2.801405 1.348094 2.298656 4.348656 8.942513 0.143451
196 78.807953 74.790115 0.000000 2.598791 1.380229 2.411271 4.672754 9.825514 0.142857
197 78.768829 75.042274 0.000000 3.033418 1.453755 2.632586 5.272862 11.416187 0.142857
198 78.817368 74.956299 0.000000 3.837017 1.363387 2.348506 4.479181 9.263063 0.125041
199 78.719482 75.217339 0.000000 4.181380 1.297483 2.102716 3.720129 7.044675 0.196049
200 78.690735 75.069809 0.000000 4.230771 1.329668 2.219207 4.070390 8.044670 0.171839
201 78.797874 75.164734 0.000000 3.915972 1.322541 2.187295 3.963094 7.713147 0.166795
203 78.772461 74.956268 0.000000 4.080954 1.381497 2.387078 4.550992 9.376638 0.171155
204 78.638809 75.044342 0.000000 4.823727 1.366530 2.351013 4.473366 9.221777 0.142857
206 78.711967 75.110748 0.000000 4.000235 1.333031 2.221967 4.062694 7.988238 0.125298
207 78.752800 75.149643 0.000000 4.722418 1.318462 2.177856 3.950663 7.718511 0.179216
208 78.639435 75.034790 0.000000 4.718688 1.353024 2.287820 4.248868 8.491290 0.177130
209 78.520058 75.236481 0.000000 4.879097 1.307142 2.131103 3.797999 7.257703 0.166667
210 78.552696 75.010109 0.000000 4.440345 1.357676 2.323501 4.400630 9.039420 0.166667
211 78.829315 74.969376 0.000000 4.741172 1.386582 2.408323 4.619908 9.583237 0.125000
212 78.640198 75.105034 0.000000 4.952104 1.318937 2.185501 3.994820 7.909137 0.142859
213 78.670555 75.102013 0.000000 4.694736 1.320905 2.187636 3.985348 7.839354 0.172009
214 78.729797 75.099693 0.000000 5.081815 1.311660 2.164688 3.929080 7.693514 0.142857
215 78.512131 75.116440 0.000000 4.955473 1.311429 2.151707 3.865798 7.458838 0.142857
216 78.570969 75.145203 0.000000 4.898386 1.296903 2.104949 3.739964 7.137068 0.142857
217 78.696854 75.227440 0.000000 5.341097 1.310491 2.145801 3.841063 7.369827 0.166748
218 78.647804 75.349365 0.000000 4.813556 1.298486 2.111626 3.765533 7.229535 0.166667
220 78.528419 75.180763 0.000000 5.885797 1.322310 2.180511 3.931485 7.597797 0.125066
221 78.573425 75.315666 0.000000 5.583323 1.293947 2.093295 3.694876 6.977742 0.142857
222 78.580696 75.315880 0.000000 5.697467 1.299614 2.110049 3.739893 7.095246 0.142862
223 78.576897 75.158173 0.000000 5.670883 1.294575 2.099817 3.725240 7.091255 0.142857
224 78.425316 75.205482 0.000000 5.493933 1.291279 2.086569 3.681692 6.957619 0.142857
225 78.646111 75.231270 0.000000 6.075237 1.293365 2.090341 3.687297 6.961934 0.166802
226 78.499397 75.245499 0.000000 6.296238 1.317161 2.173838 3.942223 7.709178 0.142887
227 78.514069 75.311859 0.000000 6.633858 1.297575 2.107757 3.745475 7.144909 0.166847
228 78.517738 75.128914 0.000000 6.220269 1.322113 2.188515 3.978993 7.796326 0.111111
229 78.601837 75.465576 0.000000 5.960814 1.327415 2.195207 3.970113 7.699196 0.142873
230 78.429344 75.275909 0.000000 6.097787 1.310202 2.152434 3.884716 7.560228 0.111112
231 78.441879 75.374687 0.000000 6.787798 1.285310 2.065882 3.625395 6.815750 0.166667
232 78.383759 75.417656 0.000000 6.279443 1.302924 2.121087 3.772486 7.188066 0.305071
233 78.391098 75.376038 0.000000 6.269370 1.305600 2.123095 3.764404 7.134460 0.145118
234 78.440659 75.409088 0.000000 5.744030 1.299235 2.105503 3.723209 7.044395 0.143110
235 78.376282 75.230705 0.000000 5.577169 1.317634 2.175991 3.946070 7.707075 0.125557
236 78.266701 75.275993 0.000000 6.025768 1.342532 2.249619 4.134058 8.164470 0.143536
237 78.372429 75.173515 0.000000 5.929358 1.327889 2.210431 4.043979 7.972059 0.100000
238 78.199455 75.097076 0.000000 6.094930 1.333163 2.226394 4.090784 8.107798 0.111111
239 78.181862 75.172112 0.000000 5.478496 1.347937 2.276585 4.237084 8.519444 0.132187
240 78.104523 75.051186 0.000000 5.608759 1.364621 2.335775 4.412001 9.006433 0.125001
241 78.055038 74.958702 0.000000 6.326615 1.391952 2.426745 4.673233 9.731757 0.166667
242 78.109329 74.839668 0.000000 6.488278 1.374560 2.359614 4.461555 9.106205 0.100000
243 78.025505 74.761604 0.000000 5.647004 1.390140 2.410732 4.594589 9.417540 0.142857
244 78.079147 74.891502 0.000000 5.781131 1.401173 2.451552 4.724220 9.812806 0.111111
245 77.774727 74.870918 0.000000 5.649398 1.359868 2.320214 4.375899 8.940461 0.125089
246 77.667274 74.697617 0.000000 5.873927 1.342077 2.253415 4.169682 8.340404 0.210934
247 77.597603 74.581619 0.000000 5.920892 1.322475 2.181262 3.935368 7.614865 0.125000
248 77.863281 74.774719 0.000000 5.148046 1.357559 2.308463 4.323962 8.740595 0.142857
249 77.662582 74.602348 0.000000 5.127665 1.310313 2.145557 3.851267 7.435592 0.166712
250 77.639511 74.569794 0.000000 6.110624 1.310705 2.152191 3.874713 7.504404 0.149120
252 77.422791 74.267792 0.000000 5.147632 1.355789 2.307003 4.327508 8.770462 0.125160
253 77.291733 74.191803 0.000000 5.001625 1.388880 2.414972 4.648510 9.705848 0.111727
254 76.805206 74.233185 0.000000 4.388245 1.333697 2.236741 4.151198 8.370373 0.111111
256 77.472916 74.058540 0.000000 3.982966 1.376785 2.387112 4.594416 9.613283 0.125000
257 77.549255 74.441002 0.000000 3.246552 1.437481 2.565327 5.045392 10.700590 0.125000
258 77.567894 74.424469 0.000000 2.593525 1.451253 2.622509 5.267542 11.499230 0.125000
259 77.493851 73.818993 0.000000 2.939022 1.465552 2.653299 5.277715 11.271640 0.142857
260 77.578758 73.796700 0.000000 2.397451 1.431367 2.569838 5.121320 11.076408 0.144206
261 77.622223 73.748474 0.000000 2.416253 1.433484 2.555113 5.032069 10.708101 0.162610
262 77.524681 73.834023 0.000000 2.075016 1.425645 2.585981 5.255747 11.673228 0.143426
263 78.156189 74.079552 0.000000 1.890700 1.522136 2.925750 6.267785 14.556776 0.125000
265 76.671089 73.814224 0.000000 1.995815 1.572276 3.064007 6.603464 15.326643 0.142857
267 76.027679 74.188736 0.000000 1.398128 1.294294 2.162063 4.022569 8.164158 0.111111
