%% Trajectory 13
%% frame x (pixel)     y (pixel)    z (pixel)      m0         m1           m2           m3           m4           s 
56 50.384449 37.093765 0.000000 1.227895 1.304774 2.152846 3.931361 7.810468 0.286785
57 50.562046 36.933559 0.000000 1.161448 1.307005 2.134060 3.818100 7.342164 0.238137
59 50.604420 37.009331 0.000000 1.155271 1.317573 2.182380 3.979309 7.836963 0.168960
60 50.389530 36.871784 0.000000 1.119694 1.258036 1.992549 3.454653 6.442222 0.187307
61 50.505352 36.994507 0.000000 1.129580 1.321907 2.217145 4.123789 8.343621 0.166864
62 50.506477 37.108414 0.000000 1.098278 1.310028 2.153172 3.877906 7.505675 0.183571
63 50.347046 37.233505 0.000000 1.405813 1.310222 2.143690 3.839124 7.381793 0.170981
64 50.483864 36.982304 0.000000 1.330711 1.337677 2.259720 4.223589 8.562342 0.200000
65 50.581440 37.034172 0.000000 1.308470 1.307360 2.146765 3.877419 7.563070 0.200000
66 50.434872 36.825924 0.000000 1.585845 1.330022 2.215626 4.065708 8.067440 0.200000
67 50.521442 37.005768 0.000000 1.306909 1.357735 2.305194 4.298500 8.628965 0.200036
68 50.279667 37.091373 0.000000 1.286225 1.312295 2.184237 4.035102 8.127037 0.281254
69 50.489559 37.026344 0.000000 1.554650 1.321893 2.199084 4.035316 8.018389 0.172087
70 50.363239 37.286663 0.000000 1.849554 1.353645 2.296849 4.298241 8.701636 0.207319
71 50.344414 37.109528 0.000000 1.845147 1.329280 2.208719 4.027127 7.900023 0.366150
72 50.328304 37.024067 0.000000 1.901315 1.313916 2.176117 3.981915 7.904864 0.202822
73 50.457001 37.151028 0.000000 1.798015 1.265608 2.022059 3.546015 6.705389 0.200636
74 50.231026 37.143909 0.000000 2.009710 1.308121 2.151135 3.894455 7.620213 0.200167
75 50.356358 37.045258 0.000000 2.033963 1.329666 2.208008 4.015924 7.841944 0.202012
76 50.256866 37.094048 0.000000 2.241024 1.295303 2.117048 3.812437 7.430151 0.215379
77 50.416115 37.134342 0.000000 2.040698 1.292787 2.111085 3.792010 7.355174 0.236782
78 50.366615 37.217804 0.000000 2.390517 1.316197 2.161514 3.887016 7.509345 0.251220
79 50.426579 37.139221 0.000000 2.389938 1.291031 2.090209 3.710409 7.092763 0.260344
80 50.257137 37.159824 0.000000 2.514138 1.316660 2.167945 3.909948 7.574154 0.357207
81 50.310192 37.199772 0.000000 2.077146 1.315752 2.172394 3.936215 7.677407 0.210930
82 50.253506 37.164577 0.000000 2.262363 1.320143 2.183394 3.959129 7.715781 0.295477
83 50.279392 37.030678 0.000000 2.343572 1.333624 2.234174 4.126174 8.239773 0.202811
84 50.217442 37.159061 0.000000 2.287776 1.327594 2.205448 4.012275 7.832799 0.200254
85 50.138699 37.059475 0.000000 2.276685 1.338996 2.250278 4.164829 8.318593 0.167038
86 50.283779 37.117340 0.000000 2.374922 1.287653 2.082083 3.692699 7.051841 0.200000
87 50.344883 37.190712 0.000000 2.236562 1.297348 2.108810 3.756174 7.196828 0.258873
88 50.254318 37.074432 0.000000 2.412210 1.326669 2.215994 4.073328 8.075583 0.200000
89 50.257462 37.078106 0.000000 2.523979 1.322906 2.204579 4.049500 8.041994 0.200000
90 50.260540 37.030659 0.000000 2.573273 1.332741 2.227734 4.095814 8.120365 0.200000
91 50.292717 37.313183 0.000000 2.736883 1.279840 2.052358 3.600587 6.786438 0.200000
92 50.332520 37.365871 0.000000 2.717735 1.293072 2.090489 3.688930 6.967936 0.200000
93 50.159824 37.335094 0.000000 2.825252 1.328328 2.212906 4.051011 7.990442 0.200000
94 50.144390 37.173424 0.000000 2.744059 1.328404 2.224273 4.108880 8.213635 0.250000
95 50.146481 37.120266 0.000000 3.017519 1.319920 2.186617 3.984553 7.831997 0.333333
96 50.004406 37.350655 0.000000 3.006359 1.336513 2.249810 4.183825 8.429538 0.250000
97 49.967999 37.034878 0.000000 2.819631 1.358029 2.333529 4.443753 9.181620 0.333333
98 50.086353 37.289326 0.000000 2.819749 1.338424 2.236857 4.094213 8.039900 0.333335
99 50.135429 37.387840 0.000000 3.005728 1.313803 2.165208 3.913676 7.608771 0.333333
100 50.004406 37.395454 0.000000 3.164426 1.333516 2.237293 4.141014 8.295285 0.333333
101 49.880306 37.282993 0.000000 3.106330 1.294878 2.106937 3.758965 7.215314 0.333333
102 50.051792 37.366394 0.000000 2.973825 1.306826 2.140874 3.846517 7.437542 0.333333
103 50.071281 37.644299 0.000000 3.072390 1.342845 2.262126 4.198623 8.420158 0.333338
104 50.157581 37.716862 0.000000 3.183523 1.296474 2.105623 3.743190 7.145262 0.333333
105 50.095760 37.834579 0.000000 3.174281 1.370882 2.347680 4.432577 9.044411 0.414202
106 50.155846 37.840706 0.000000 3.165433 1.351002 2.285643 4.260916 8.578468 0.333333
107 50.129974 38.030918 0.000000 3.358764 1.362851 2.330897 4.390529 8.918384 0.350946
108 50.156075 38.062374 0.000000 3.351072 1.349188 2.284378 4.257573 8.555018 0.354124
109 50.209297 38.228275 0.000000 3.323078 1.319672 2.179868 3.943961 7.661640 0.477144
110 50.164036 38.163654 0.000000 3.359169 1.339213 2.243837 4.132288 8.199550 0.426149
111 49.985672 38.231220 0.000000 2.840627 1.346018 2.284102 4.285190 8.710699 0.333334
112 50.350296 38.184906 0.000000 2.773912 1.307454 2.146767 3.870793 7.523258 0.333334
113 50.153999 38.358501 0.000000 2.714666 1.335196 2.227324 4.077178 8.033122 0.333333
114 50.199791 38.380241 0.000000 2.779366 1.289764 2.082316 3.681201 6.994967 0.339341
115 50.265457 38.572906 0.000000 2.817704 1.304336 2.120394 3.758678 7.122431 0.360393
116 50.015202 38.826866 0.000000 2.769219 1.409095 2.488482 4.853652 10.224149 0.373396
117 50.099037 39.208107 0.000000 2.714699 1.367975 2.350753 4.467723 9.201553 0.335356
119 50.513870 39.073215 0.000000 2.468940 1.380305 2.401318 4.641212 9.766094 0.333333
120 50.290092 38.980244 0.000000 2.448333 1.401255 2.463490 4.792163 10.094770 0.333333
121 50.322880 39.477951 0.000000 2.379669 1.391405 2.398770 4.541337 9.250706 0.333333
122 49.777519 39.251709 0.000000 1.947217 1.362513 2.349196 4.506721 9.430192 0.333334
123 50.182144 39.768051 0.000000 1.857784 1.359190 2.310749 4.317425 8.690074 0.333335
124 50.544281 39.601624 0.000000 1.756955 1.329752 2.206309 4.001585 7.774668 0.333333
125 50.687908 39.733109 0.000000 1.596187 1.351080 2.275656 4.208285 8.377994 0.250000
127 51.487206 38.785469 0.000000 1.285552 1.307189 2.152477 3.904676 7.662899 0.250083
128 51.223148 38.340080 0.000000 1.529362 1.390595 2.416167 4.625947 9.557542 0.251137
129 51.077042 38.492641 0.000000 1.337475 1.377500 2.376974 4.527135 9.317561 0.251417
130 50.613304 38.343914 0.000000 1.292579 1.345369 2.252236 4.130768 8.140385 0.260784
131 50.331776 38.571342 0.000000 1.093543 1.351694 2.278929 4.214703 8.384296 0.259399
132 50.541046 38.736809 0.000000 1.010856 1.352270 2.274567 4.193225 8.306598 0.320493
