%% Trajectory 5
%% frame x (pixel)     y (pixel)    z (pixel)      m0         m1           m2           m3           m4           s 
0 110.953629 58.992771 0.000000 0.778695 1.460888 2.696357 5.555385 12.450613 0.104386
1 111.346992 59.403069 0.000000 1.010655 1.380222 2.395372 4.605251 9.615379 0.077729
2 111.626732 59.552650 0.000000 0.870659 1.353015 2.298899 4.323345 8.827628 0.148854
3 111.381821 59.089996 0.000000 1.023651 1.383270 2.416965 4.688822 9.893330 0.079551
4 111.528038 59.548473 0.000000 1.168461 1.315691 2.179825 3.978555 7.856549 0.123813
6 111.196053 59.569038 0.000000 1.395897 1.363456 2.351526 4.513311 9.449920 0.160478
7 111.334885 59.586788 0.000000 1.130021 1.375234 2.370116 4.525573 9.389848 0.123485
8 111.260551 59.513821 0.000000 1.177155 1.320062 2.231927 4.225730 8.797753 0.221796
9 111.182320 59.788570 0.000000 1.462513 1.375144 2.366980 4.517073 9.363070 0.141696
10 111.130371 59.606907 0.000000 1.565212 1.336479 2.257810 4.239234 8.687375 0.099142
11 111.271339 59.460251 0.000000 1.443180 1.400378 2.465022 4.808466 10.182935 0.102122
12 111.148476 59.671631 0.000000 1.594237 1.291623 2.086016 3.682545 6.971910 0.111864
13 111.456825 59.575615 0.000000 1.264418 1.312245 2.175586 3.979909 7.889970 0.140517
14 111.582184 59.777584 0.000000 1.126115 1.326062 2.192335 3.971388 7.732676 0.175892
15 111.406456 59.605900 0.000000 1.535079 1.280119 2.061492 3.656210 7.026673 0.135307
16 111.149597 59.771702 0.000000 1.716027 1.375649 2.391925 4.625971 9.752138 0.124489
17 111.307076 60.146496 0.000000 1.802120 1.354399 2.315611 4.407650 9.166378 0.177567
18 111.140221 60.051834 0.000000 1.770212 1.412289 2.501034 4.896452 10.369651 0.119000
19 111.217216 59.491997 0.000000 1.648927 1.379730 2.379175 4.533317 9.362279 0.110622
20 111.140839 59.825886 0.000000 1.934815 1.336124 2.237289 4.146966 8.352331 0.110634
21 110.678452 59.940449 0.000000 1.944535 1.448537 2.632749 5.291364 11.482738 0.184488
22 110.894699 59.938625 0.000000 1.862317 1.419359 2.509948 4.880656 10.207561 0.218708
23 111.091415 59.497639 0.000000 1.929895 1.347083 2.284299 4.278001 8.679046 0.146544
24 110.796654 59.843468 0.000000 1.661043 1.371746 2.374577 4.556193 9.491624 0.148167
25 110.691788 59.587376 0.000000 1.933771 1.393841 2.428838 4.689333 9.828029 0.091126
26 110.696793 59.831924 0.000000 1.825237 1.386277 2.416433 4.640160 9.603158 0.182645
27 110.472702 59.475067 0.000000 2.022206 1.427262 2.521448 4.899110 10.255964 0.189137
28 110.710739 59.597126 0.000000 2.010279 1.277353 2.050721 3.600557 6.784693 0.100148
29 110.744797 59.925411 0.000000 2.153668 1.343635 2.274341 4.254609 8.622957 0.144462
30 110.665016 60.073627 0.000000 2.004988 1.339346 2.256206 4.194480 8.443358 0.129098
31 110.850388 59.636204 0.000000 1.580468 1.353052 2.305411 4.334180 8.807679 0.142858
32 110.563522 59.904774 0.000000 1.500095 1.397809 2.445149 4.751742 10.045192 0.090909
33 109.986900 59.830750 0.000000 1.662837 1.410877 2.527013 5.055199 11.034980 0.111111
34 110.289978 59.921928 0.000000 1.407779 1.424701 2.534724 4.985369 10.606265 0.111111
35 109.836807 59.726704 0.000000 1.756325 1.568833 3.079952 6.717069 15.828032 0.090909
36 110.236771 59.864212 0.000000 1.812131 1.447917 2.626095 5.277462 11.486591 0.111111
37 109.537689 59.705093 0.000000 1.768931 1.399477 2.444634 4.716357 9.842954 0.111284
38 109.813278 59.645176 0.000000 1.392764 1.566593 3.006632 6.325436 14.234919 0.125013
39 109.839493 59.824974 0.000000 1.871832 1.378229 2.382800 4.561335 9.474812 0.111111
40 109.932144 59.821327 0.000000 1.603972 1.415411 2.498929 4.869745 10.247301 0.100000
41 110.030167 59.577789 0.000000 0.970139 1.501573 2.835744 5.969326 13.650240 0.094280
43 109.484261 60.745369 0.000000 1.279180 1.434463 2.571278 5.095273 10.912224 0.100715
45 110.013435 60.118767 0.000000 0.917863 1.447041 2.647263 5.384025 11.871837 0.112723
46 109.739159 60.356472 0.000000 1.087276 1.636040 3.313879 7.404186 17.741861 0.111111
