%% Trajectory 75
%% frame x (pixel)     y (pixel)    z (pixel)      m0         m1           m2           m3           m4           s 
171 61.162125 68.976059 0.000000 1.646693 1.290990 2.114288 3.816151 7.451398 0.200000
172 60.930351 69.288055 0.000000 2.095164 1.388682 2.426610 4.685946 9.781590 0.239143
173 61.006050 69.483704 0.000000 1.544153 1.280992 2.076171 3.687915 7.039784 0.168316
174 61.078049 69.386147 0.000000 1.507100 1.426293 2.571589 5.148909 11.177732 0.166667
176 60.860596 69.319893 0.000000 1.719328 1.302137 2.139605 3.884411 7.649409 0.166667
177 61.254967 69.209343 0.000000 1.535718 1.339268 2.258437 4.227432 8.628575 0.234184
178 61.308231 69.294395 0.000000 1.813554 1.341167 2.239690 4.113761 8.153087 0.179691
179 61.052803 69.306030 0.000000 1.926737 1.303305 2.131410 3.829030 7.419487 0.166683
180 60.779655 69.449989 0.000000 1.490874 1.214452 1.882265 3.208036 5.922279 0.207407
181 61.065201 69.338020 0.000000 2.054046 1.329230 2.215036 4.052303 7.981879 0.167036
182 61.039360 69.057632 0.000000 2.109826 1.298657 2.129192 3.828511 7.399130 0.167129
183 60.947830 69.247757 0.000000 2.164655 1.352983 2.302241 4.331440 8.827887 0.200069
184 60.703335 69.491646 0.000000 2.153958 1.286285 2.063979 3.615997 6.788928 0.166684
185 61.018944 69.298607 0.000000 2.628705 1.351634 2.295816 4.292690 8.651999 0.168204
186 60.878540 69.372314 0.000000 2.520723 1.349138 2.278903 4.237379 8.498008 0.178207
187 61.180481 69.024040 0.000000 2.518097 1.317548 2.181872 3.960165 7.717445 0.167912
188 60.990009 69.075928 0.000000 2.270678 1.371185 2.380618 4.609082 9.734839 0.172840
189 60.987675 69.348793 0.000000 2.804604 1.314467 2.168031 3.933025 7.698348 0.166763
190 61.125519 69.198112 0.000000 2.499869 1.381919 2.401126 4.616479 9.621516 0.166667
191 61.152260 69.300446 0.000000 2.311277 1.390003 2.429209 4.705989 9.897009 0.170825
192 61.267445 68.698860 0.000000 2.189089 1.446213 2.636493 5.366208 11.896350 0.166667
193 61.099930 69.083260 0.000000 2.835105 1.395053 2.443373 4.729079 9.900466 0.208244
194 60.955780 69.293350 0.000000 3.000209 1.325729 2.221893 4.110984 8.232986 0.166711
195 61.051258 68.961288 0.000000 3.013031 1.435059 2.591939 5.197637 11.304992 0.166667
196 60.809772 69.326614 0.000000 2.572804 1.329707 2.230292 4.141243 8.352444 0.166818
197 60.985218 69.256126 0.000000 2.548611 1.322968 2.212720 4.100856 8.259599 0.252044
198 60.999538 69.293610 0.000000 2.406916 1.354586 2.308410 4.351233 8.897578 0.277619
199 61.000629 69.239632 0.000000 2.593065 1.353322 2.293906 4.290170 8.673788 0.142857
200 61.031208 69.322586 0.000000 2.815065 1.344110 2.284370 4.298090 8.772162 0.143036
201 61.071018 69.418549 0.000000 3.343096 1.317612 2.162491 3.874686 7.429303 0.142857
202 60.849281 69.307907 0.000000 3.189357 1.333137 2.222882 4.062350 7.974327 0.259822
203 60.811123 69.266823 0.000000 3.060315 1.297490 2.107751 3.754655 7.199313 0.166808
204 61.076187 69.328728 0.000000 3.131666 1.341151 2.278314 4.284247 8.737614 0.212191
205 61.103680 69.009407 0.000000 3.108851 1.367485 2.364562 4.552352 9.551743 0.166755
206 60.981190 69.150284 0.000000 3.111793 1.378078 2.390185 4.598564 9.610194 0.197626
207 60.765194 69.221237 0.000000 3.036578 1.287032 2.075108 3.657203 6.912535 0.166667
208 60.957039 69.340591 0.000000 3.280318 1.329115 2.203837 4.001897 7.801699 0.156869
209 60.817516 69.261223 0.000000 3.524678 1.278283 2.047937 3.585782 6.733500 0.145567
210 60.895264 68.991753 0.000000 3.466836 1.384426 2.417547 4.683512 9.848823 0.146645
211 61.033203 69.092880 0.000000 3.362776 1.378978 2.374058 4.497358 9.178978 0.156303
212 60.912281 69.174210 0.000000 3.529894 1.363925 2.338996 4.435392 9.110964 0.320972
213 60.904343 69.166107 0.000000 3.007026 1.312668 2.187097 4.024456 8.017850 0.179062
214 60.765469 68.908699 0.000000 3.526441 1.328640 2.240232 4.190099 8.530667 0.268921
215 60.896900 68.757172 0.000000 2.955375 1.331472 2.241212 4.186082 8.519463 0.260845
216 61.043339 68.878700 0.000000 2.936860 1.351227 2.294312 4.309678 8.776665 0.234160
217 60.958710 69.028702 0.000000 3.056984 1.365744 2.360308 4.515959 9.360812 0.174763
218 61.037346 68.677216 0.000000 3.377114 1.319710 2.203603 4.060910 8.101443 0.200000
219 61.269260 68.518524 0.000000 2.935223 1.282907 2.071584 3.681666 7.083262 0.192234
220 61.221447 68.357101 0.000000 3.391646 1.243911 1.953285 3.355002 6.195617 0.166674
221 61.131706 68.676163 0.000000 2.948342 1.319513 2.176520 3.928046 7.602968 0.241904
222 61.205566 68.499374 0.000000 2.942764 1.263840 2.003867 3.473428 6.465289 0.200000
223 61.147953 68.240768 0.000000 3.092583 1.271421 2.029544 3.540345 6.623552 0.200008
224 61.515678 68.439568 0.000000 3.091651 1.283613 2.069183 3.649797 6.914147 0.200000
225 61.347103 68.177559 0.000000 3.678082 1.345550 2.262227 4.171412 8.266874 0.168477
226 61.435535 68.250282 0.000000 2.743185 1.322291 2.190030 3.991731 7.861461 0.166667
227 61.979889 68.138550 0.000000 2.937546 1.336689 2.269666 4.281414 8.793694 0.218830
228 62.557789 68.094360 0.000000 2.938633 1.346190 2.264711 4.192285 8.379078 0.200000
230 62.688744 68.707809 0.000000 3.451315 1.361204 2.302866 4.262909 8.460643 0.166667
231 63.061619 68.561096 0.000000 3.126225 1.435578 2.564641 5.062560 10.800337 0.166667
233 62.755730 67.875778 0.000000 2.837100 1.373945 2.359729 4.464490 9.111888 0.201203
234 62.870792 67.947685 0.000000 2.957161 1.411833 2.492763 4.858721 10.233020 0.203107
236 63.096741 67.604309 0.000000 1.581921 1.403589 2.468253 4.807982 10.159637 0.200000
237 63.253464 67.456749 0.000000 1.258121 1.503327 2.836774 5.920481 13.309908 0.200000
