%% Trajectory 18
%% frame x (pixel)     y (pixel)    z (pixel)      m0         m1           m2           m3           m4           s 
63 73.332520 49.288452 0.000000 0.842178 1.142680 1.703330 2.828302 5.193135 0.151169
64 73.441788 49.048351 0.000000 1.143492 1.162822 1.725640 2.805665 4.945130 0.125000
65 73.466248 49.779724 0.000000 0.878214 1.174434 1.744798 2.856386 5.115185 0.166667
66 73.475945 49.282654 0.000000 0.985134 1.278834 2.163183 4.198058 9.149113 0.134182
67 73.236496 49.357529 0.000000 1.192614 1.209165 1.883046 3.251524 6.148068 0.154348
69 73.103073 49.744049 0.000000 0.980221 1.442018 2.668926 5.555723 12.646655 0.201770
70 73.272659 49.600307 0.000000 1.207439 1.231029 2.035514 3.911780 8.584764 0.116639
71 73.329231 49.343143 0.000000 1.331146 1.306846 2.207569 4.187477 8.750250 0.211038
72 72.961151 49.099106 0.000000 1.372907 1.354293 2.341159 4.484463 9.303533 0.111421
73 73.293678 49.179901 0.000000 1.091746 1.188097 1.836112 3.176640 6.092909 0.112937
74 73.143219 49.094944 0.000000 1.337597 1.244105 1.992794 3.557656 6.965688 0.154029
75 73.009232 49.049591 0.000000 1.500590 1.354085 2.349370 4.559911 9.681976 0.145677
76 73.164780 49.168549 0.000000 1.410223 1.313929 2.194174 4.085182 8.320415 0.198252
77 73.094086 49.383991 0.000000 1.304872 1.333230 2.241309 4.171994 8.429025 0.159389
78 73.172729 49.098320 0.000000 1.429019 1.325596 2.218910 4.110120 8.266459 0.245183
79 73.057755 49.214764 0.000000 1.413332 1.267478 2.062452 3.741789 7.451494 0.228198
80 73.072670 49.128765 0.000000 1.820380 1.351087 2.316752 4.442962 9.341454 0.171484
81 73.085915 49.036087 0.000000 1.680550 1.345153 2.303147 4.378994 9.044282 0.142910
82 73.336166 49.144825 0.000000 1.853597 1.253656 1.990010 3.473669 6.558208 0.148503
83 73.060028 49.289268 0.000000 1.970465 1.366557 2.350358 4.487189 9.319513 0.166906
84 73.390518 49.157074 0.000000 1.797405 1.272098 2.056892 3.667557 7.084295 0.142864
85 73.184639 49.186256 0.000000 1.646803 1.310083 2.195084 4.103201 8.400499 0.147762
86 73.234299 48.987186 0.000000 1.573747 1.387782 2.424274 4.693316 9.865861 0.210370
87 73.054192 49.079521 0.000000 1.599815 1.372488 2.389996 4.644458 9.864055 0.160662
88 73.173309 48.976738 0.000000 1.924995 1.355832 2.324180 4.402468 9.031093 0.207005
89 73.217789 49.330673 0.000000 1.820101 1.297137 2.118205 3.805642 7.387650 0.135193
90 73.254753 49.205738 0.000000 2.488371 1.298885 2.120101 3.803554 7.365477 0.166667
91 73.162491 49.215298 0.000000 2.460731 1.346129 2.290545 4.324042 8.881066 0.171601
92 73.114365 49.078037 0.000000 2.611731 1.350590 2.294825 4.317899 8.819681 0.305032
93 73.128731 49.155640 0.000000 2.476050 1.347502 2.292494 4.330163 8.907159 0.166667
94 73.200439 49.247688 0.000000 2.460915 1.268966 2.041019 3.621824 6.976358 0.167696
95 73.259346 49.165390 0.000000 2.185025 1.316013 2.180165 3.982218 7.870900 0.167135
96 73.221451 49.014481 0.000000 2.375242 1.364828 2.356766 4.518026 9.414040 0.314678
97 72.998032 49.114906 0.000000 2.572881 1.397427 2.464967 4.846725 10.389692 0.185737
98 73.387192 49.126057 0.000000 2.643548 1.359432 2.326188 4.416550 9.127067 0.201017
99 73.313469 49.119835 0.000000 2.491115 1.295455 2.107076 3.761803 7.234656 0.166812
100 73.283066 49.069302 0.000000 2.769168 1.345748 2.282807 4.282267 8.710182 0.204911
101 73.288116 49.126801 0.000000 2.535527 1.315022 2.184878 4.017354 8.023737 0.200842
102 73.230675 49.116314 0.000000 2.949723 1.326823 2.207397 4.046368 8.019579 0.200369
103 73.234779 49.150761 0.000000 2.825632 1.298339 2.120462 3.809175 7.389104 0.200497
104 73.372749 49.011883 0.000000 2.632854 1.334280 2.231170 4.103315 8.135422 0.200002
105 73.214592 49.066048 0.000000 3.070379 1.377870 2.388930 4.588675 9.562390 0.200202
106 73.273216 49.119869 0.000000 2.915418 1.327815 2.215375 4.068937 8.065410 0.322049
107 73.091148 49.105366 0.000000 2.831453 1.428026 2.559291 5.093158 11.006599 0.175496
108 73.126488 48.885330 0.000000 2.923818 1.387873 2.411438 4.622447 9.576435 0.243410
109 73.108765 48.765587 0.000000 2.939071 1.436049 2.602258 5.257541 11.569092 0.371384
110 73.177467 48.866673 0.000000 2.820960 1.354719 2.289951 4.251095 8.493483 0.168201
111 72.865875 48.612740 0.000000 2.777043 1.478766 2.738862 5.635210 12.557487 0.184467
112 73.134933 48.738216 0.000000 3.046021 1.489289 2.758973 5.653324 12.510882 0.292214
114 72.661438 48.516247 0.000000 3.368405 1.385243 2.399571 4.601265 9.569228 0.187273
115 72.631561 48.552990 0.000000 3.222950 1.354104 2.310097 4.369212 8.984593 0.166717
116 72.643333 48.551170 0.000000 3.028332 1.339625 2.252244 4.182541 8.421548 0.200876
117 72.529526 48.283127 0.000000 3.241971 1.337087 2.242112 4.141624 8.266393 0.254258
118 72.349495 48.127457 0.000000 2.977062 1.385707 2.408030 4.624414 9.606717 0.172050
119 72.644722 48.161449 0.000000 2.798399 1.397423 2.445550 4.733902 9.925162 0.178632
120 72.362999 48.147148 0.000000 3.210405 1.389631 2.422303 4.677343 9.794833 0.207853
121 72.290237 47.892860 0.000000 3.156072 1.391303 2.416681 4.625553 9.552257 0.196416
122 72.089920 47.838520 0.000000 3.043186 1.432573 2.560185 5.049851 10.752103 0.170411
123 71.937515 47.964157 0.000000 2.723553 1.404781 2.485230 4.886297 10.434872 0.166667
124 72.288033 47.921352 0.000000 2.766577 1.422626 2.525103 4.942643 10.435573 0.166667
125 72.037712 47.700119 0.000000 2.703614 1.446561 2.622480 5.282697 11.549197 0.166671
126 71.764603 48.033340 0.000000 2.993054 1.453591 2.646658 5.345142 11.699158 0.167150
127 71.574699 47.837917 0.000000 2.768485 1.433025 2.536726 4.929945 10.293141 0.166667
128 71.634842 47.827969 0.000000 2.384614 1.489104 2.745942 5.583722 12.228256 0.166691
129 71.585640 47.900681 0.000000 2.191784 1.375247 2.366388 4.492704 9.220451 0.206927
130 71.374413 47.742508 0.000000 2.523799 1.407675 2.460660 4.724464 9.757339 0.243488
132 71.470245 47.916767 0.000000 2.385728 1.421364 2.535506 5.005379 10.687533 0.166784
133 71.277718 47.928787 0.000000 2.327010 1.441714 2.588846 5.115418 10.871110 0.332584
135 71.633728 47.386150 0.000000 2.176643 1.312094 2.157042 3.905108 7.648513 0.167523
136 71.523529 47.373558 0.000000 2.073572 1.359123 2.320301 4.374277 8.927140 0.166680
137 71.986740 47.453808 0.000000 1.396870 1.358260 2.330472 4.419221 9.062038 0.166667
138 71.629654 47.315979 0.000000 1.656492 1.335615 2.235170 4.124980 8.241132 0.200005
139 71.483124 47.307381 0.000000 1.556435 1.294636 2.101107 3.733050 7.125634 0.170096
140 72.099518 47.403366 0.000000 1.216241 1.312101 2.215404 4.215457 8.875504 0.166668
142 71.427277 46.997616 0.000000 1.429438 1.441311 2.627104 5.338378 11.805042 0.149560
143 71.610184 47.453720 0.000000 1.135605 1.317475 2.181584 3.973378 7.812533 0.142857
