%% Trajectory 7
%% frame x (pixel)     y (pixel)    z (pixel)      m0         m1           m2           m3           m4           s 
5 55.424099 43.627628 0.000000 1.329591 1.346458 2.246010 4.105093 8.064334 0.142857
7 55.582836 43.552696 0.000000 1.550272 1.327355 2.248719 4.257486 8.846273 0.166667
9 55.251400 43.660374 0.000000 1.369519 1.281544 2.089478 3.759399 7.329687 0.143161
11 55.267529 43.725410 0.000000 2.221511 1.390826 2.435123 4.730061 9.981408 0.142939
12 55.417549 43.425831 0.000000 2.009255 1.296773 2.132321 3.883759 7.702781 0.125000
13 55.689281 43.388592 0.000000 1.728179 1.454365 2.656076 5.385972 11.832614 0.147027
15 55.681042 43.704105 0.000000 2.058718 1.328280 2.202619 3.995321 7.768292 0.142858
16 55.770294 43.612263 0.000000 2.133620 1.381700 2.383645 4.525702 9.262257 0.200000
17 55.636753 43.790199 0.000000 2.195938 1.365698 2.300622 4.234048 8.339945 0.142857
18 55.681671 43.678844 0.000000 1.561626 1.261118 2.013067 3.546836 6.794567 0.166667
19 55.664986 43.825562 0.000000 2.295652 1.296944 2.113264 3.783642 7.312609 0.166667
20 55.997524 43.685986 0.000000 2.519325 1.396485 2.437843 4.715235 9.903458 0.221280
21 55.658436 44.093605 0.000000 2.724160 1.354305 2.286836 4.235996 8.432743 0.226905
22 55.630314 43.997566 0.000000 2.822887 1.361035 2.340340 4.460176 9.221711 0.166669
23 55.897774 43.645710 0.000000 3.098691 1.333427 2.243710 4.178994 8.453980 0.166729
24 55.667484 43.684273 0.000000 3.094943 1.319151 2.189315 4.015464 7.995787 0.299960
25 55.989803 43.720001 0.000000 3.132160 1.375763 2.369962 4.506871 9.270609 0.203780
26 55.770351 43.541901 0.000000 2.917519 1.316333 2.188883 4.018867 8.001331 0.272853
28 55.623508 43.688370 0.000000 3.511904 1.349885 2.280525 4.251526 8.585464 0.144063
29 55.489056 43.769291 0.000000 3.910961 1.340715 2.260441 4.217148 8.543569 0.247375
31 55.892124 43.656715 0.000000 4.482334 1.365999 2.346249 4.455510 9.170942 0.166667
32 55.614189 43.774040 0.000000 4.217323 1.302525 2.124629 3.795309 7.285489 0.201465
33 55.583328 43.685612 0.000000 4.269857 1.320275 2.176161 3.935248 7.661906 0.207491
34 55.733097 43.606834 0.000000 4.035198 1.283372 2.070287 3.660899 6.970269 0.210401
35 55.779732 43.905209 0.000000 4.620977 1.340086 2.242681 4.117349 8.129907 0.238604
36 55.561031 43.858532 0.000000 5.300939 1.287431 2.075886 3.660168 6.925013 0.200000
37 55.774487 43.746052 0.000000 5.302615 1.327392 2.196672 3.974547 7.707770 0.200000
38 55.761700 43.743355 0.000000 4.770786 1.354664 2.287675 4.243109 8.477963 0.200000
40 55.657581 43.632099 0.000000 5.221758 1.304779 2.144892 3.881635 7.596204 0.200000
41 55.583431 43.644875 0.000000 5.073389 1.283817 2.060747 3.611272 6.779360 0.200000
42 55.658974 43.591114 0.000000 5.341628 1.321949 2.172657 3.897144 7.478826 0.200000
43 55.638763 43.707470 0.000000 5.813938 1.316107 2.154861 3.849767 7.356490 0.200000
44 55.693264 43.742313 0.000000 6.023382 1.278987 2.048282 3.586764 6.744241 0.200000
45 55.712093 43.558262 0.000000 5.703519 1.309888 2.137984 3.806926 7.250007 0.200000
46 55.525162 43.448006 0.000000 6.207355 1.308825 2.135908 3.799695 7.221134 0.200000
47 55.567577 43.406540 0.000000 5.873903 1.323125 2.182148 3.931718 7.586046 0.200000
48 55.531353 43.249733 0.000000 6.322273 1.325567 2.184439 3.925886 7.539681 0.250000
49 55.597904 43.174633 0.000000 6.035791 1.329383 2.202399 3.994114 7.773830 0.200000
50 55.508152 43.248798 0.000000 5.095425 1.289786 2.076060 3.647117 6.860744 0.200005
51 55.741951 43.244091 0.000000 5.191400 1.359518 2.320174 4.379527 8.968605 0.200000
52 55.773445 43.147945 0.000000 5.232980 1.342356 2.257746 4.180883 8.355424 0.200030
54 55.879349 42.853344 0.000000 6.068856 1.332448 2.227836 4.095273 8.110877 0.200000
55 56.049080 42.931385 0.000000 5.688135 1.393839 2.446239 4.755164 10.017320 0.332542
56 56.093636 42.789864 0.000000 5.420309 1.375809 2.371999 4.531639 9.402788 0.250000
57 55.901588 42.610584 0.000000 5.222247 1.360965 2.316263 4.344692 8.804281 0.250000
58 56.067570 42.544758 0.000000 5.700450 1.332164 2.239224 4.168205 8.432155 0.250000
59 56.537018 42.546959 0.000000 5.947986 1.355152 2.311624 4.369559 8.981770 0.250660
61 56.440247 42.620548 0.000000 5.055073 1.363291 2.323245 4.362892 8.856324 0.200000
62 56.622482 42.704704 0.000000 5.315466 1.331499 2.221658 4.074514 8.058190 0.200000
63 57.042561 42.610432 0.000000 5.049819 1.333075 2.231134 4.123643 8.261695 0.250000
64 57.293076 42.704010 0.000000 5.785691 1.354552 2.304991 4.349508 8.933909 0.250000
66 56.842911 42.631477 0.000000 4.526533 1.382431 2.387743 4.550316 9.376590 0.218389
67 56.524895 42.693214 0.000000 4.126053 1.393780 2.426759 4.668992 9.726118 0.200205
68 56.468491 42.159557 0.000000 3.856232 1.434878 2.551876 5.008466 10.621034 0.166667
69 56.441315 42.596462 0.000000 3.869624 1.466411 2.651297 5.276510 11.312300 0.168787
71 56.347462 42.519547 0.000000 3.060439 1.443644 2.573207 5.044695 10.645255 0.200011
73 56.439690 42.845673 0.000000 3.767398 1.420203 2.530025 5.011280 10.797466 0.214145
75 56.260029 43.247952 0.000000 2.455113 1.602408 3.138473 6.767424 15.663260 0.166667
