%% Trajectory 126
%% frame x (pixel)     y (pixel)    z (pixel)      m0         m1           m2           m3           m4           s 
207 49.047798 31.158783 0.000000 1.330819 1.284026 2.082391 3.723996 7.214325 0.166671
208 49.501816 31.397501 0.000000 1.063103 1.296712 2.142348 3.917270 7.771430 0.217687
209 49.828121 31.315565 0.000000 0.880726 1.262723 2.027094 3.585923 6.861798 0.142857
211 49.658550 30.894680 0.000000 1.235802 1.300089 2.115547 3.774780 7.251660 0.269219
212 49.502102 30.853827 0.000000 1.508886 1.280773 2.091825 3.798084 7.548043 0.155529
213 49.245724 30.672192 0.000000 1.528708 1.420417 2.539644 5.058177 10.982285 0.200000
214 49.540615 31.096039 0.000000 2.006033 1.321643 2.187402 3.967192 7.729643 0.245139
215 49.762608 30.832706 0.000000 2.473553 1.335683 2.215584 4.013216 7.779998 0.200000
216 49.939606 31.270163 0.000000 2.156420 1.309192 2.174665 3.996984 7.978041 0.200739
217 49.680038 31.173330 0.000000 2.232515 1.308751 2.155333 3.904887 7.633454 0.166667
218 50.072582 30.971899 0.000000 2.231439 1.356192 2.318123 4.381316 8.967622 0.169552
219 49.788300 31.278538 0.000000 2.479801 1.355882 2.285627 4.221079 8.366961 0.166879
220 49.767311 31.033737 0.000000 1.909474 1.289171 2.095723 3.731824 7.134625 0.167740
221 49.714733 30.739367 0.000000 1.688320 1.278948 2.051251 3.611646 6.863370 0.142860
223 49.226974 31.098696 0.000000 1.824376 1.298685 2.146286 3.937412 7.872095 0.215506
225 49.809914 30.918922 0.000000 2.737161 1.368178 2.379069 4.595580 9.646660 0.166667
226 49.933914 31.054995 0.000000 2.744013 1.330084 2.234943 4.144824 8.309944 0.166667
227 49.823059 31.167772 0.000000 2.976025 1.341305 2.263016 4.231297 8.603152 0.200013
228 50.035446 31.195181 0.000000 2.694681 1.311810 2.173929 3.966603 7.810574 0.188105
229 50.076256 30.818104 0.000000 2.771023 1.303447 2.135325 3.848001 7.488269 0.167567
230 50.127026 31.021770 0.000000 2.795446 1.321738 2.192612 4.008844 7.925243 0.167471
231 50.136024 30.822191 0.000000 2.645842 1.332166 2.212240 4.027189 7.881581 0.166724
232 50.191544 30.987000 0.000000 2.777351 1.335982 2.260401 4.243731 8.667853 0.142859
233 49.895992 30.880302 0.000000 2.475050 1.310501 2.170068 3.971914 7.890025 0.234010
234 50.000027 31.159189 0.000000 2.578875 1.352707 2.306977 4.354097 8.908909 0.171534
235 49.714008 30.868784 0.000000 2.674776 1.287946 2.075106 3.654641 6.904932 0.187605
236 49.956722 30.975485 0.000000 2.920992 1.352314 2.308815 4.356701 8.899811 0.166894
237 49.898502 30.814566 0.000000 2.888379 1.295880 2.109337 3.771540 7.271949 0.200489
238 49.918583 30.856646 0.000000 3.446075 1.294130 2.106037 3.759811 7.224921 0.200000
239 49.985325 30.914660 0.000000 3.373369 1.380036 2.390321 4.569390 9.440358 0.142857
240 49.847012 31.211029 0.000000 2.863884 1.331613 2.215061 4.051594 7.991399 0.180579
241 50.291492 30.837208 0.000000 2.697124 1.306297 2.136770 3.841595 7.456683 0.219798
242 50.144005 31.054508 0.000000 2.647003 1.358390 2.351987 4.551421 9.638356 0.201048
243 49.970631 31.020006 0.000000 2.993330 1.351170 2.318228 4.416236 9.143137 0.200010
244 49.924797 30.981016 0.000000 2.912116 1.410375 2.504237 4.914472 10.416902 0.166667
245 50.081455 31.140089 0.000000 2.781677 1.370640 2.366185 4.521140 9.362637 0.200156
246 49.965546 30.964264 0.000000 2.969222 1.380133 2.408144 4.681252 9.926201 0.305631
247 49.923977 30.925701 0.000000 3.437383 1.371992 2.369068 4.513856 9.292138 0.323550
248 50.048454 30.897505 0.000000 2.524572 1.335101 2.257180 4.233798 8.634647 0.250000
249 49.842247 30.847044 0.000000 3.027378 1.327365 2.205602 4.026668 7.919640 0.209906
250 49.967712 30.887737 0.000000 2.698524 1.333348 2.258789 4.244432 8.669649 0.196010
251 49.847660 30.756458 0.000000 2.792395 1.303186 2.125841 3.795347 7.274702 0.143063
252 50.038193 30.811409 0.000000 2.885055 1.330717 2.229928 4.115867 8.202628 0.276284
253 49.999981 30.888687 0.000000 3.399177 1.303981 2.153875 3.932467 7.790989 0.125000
254 49.986858 30.817625 0.000000 2.495812 1.336780 2.243061 4.147238 8.280634 0.142882
255 49.914867 30.931656 0.000000 3.160422 1.329290 2.222098 4.086816 8.104383 0.284134
256 49.690327 30.759888 0.000000 2.946350 1.295567 2.112520 3.784060 7.307491 0.166668
257 50.024876 30.837936 0.000000 3.169884 1.341241 2.266815 4.232047 8.555030 0.200099
258 49.740749 31.157825 0.000000 2.557451 1.357330 2.335409 4.479841 9.390928 0.200011
260 49.877533 30.890694 0.000000 3.128399 1.333308 2.245302 4.180357 8.438552 0.142857
261 49.764748 30.983059 0.000000 3.439682 1.338950 2.270148 4.270167 8.737120 0.142857
262 50.007549 30.871141 0.000000 2.801771 1.335200 2.249604 4.192866 8.476565 0.166878
263 50.018467 30.921278 0.000000 3.611779 1.361774 2.327078 4.381862 8.905299 0.147180
264 49.885384 30.925348 0.000000 3.471044 1.301373 2.147520 3.919976 7.772599 0.142857
265 50.007938 30.878008 0.000000 3.230249 1.390716 2.426712 4.681307 9.768864 0.142857
266 49.720966 31.012264 0.000000 3.977940 1.375935 2.381412 4.559271 9.456182 0.166667
267 49.645821 31.052843 0.000000 3.942533 1.309032 2.151478 3.882675 7.547018 0.142857
268 49.824039 31.039637 0.000000 3.797960 1.344393 2.270603 4.229976 8.517443 0.166667
269 49.717308 31.043182 0.000000 3.998027 1.365993 2.324505 4.345218 8.738245 0.142857
270 49.732895 31.146297 0.000000 4.062973 1.370018 2.378718 4.597036 9.685760 0.166667
271 49.788841 30.904585 0.000000 4.070933 1.315031 2.179173 3.983037 7.880911 0.166667
272 49.622555 31.121672 0.000000 3.710469 1.315873 2.178056 3.975388 7.857179 0.142857
273 49.667473 31.130129 0.000000 3.313032 1.318564 2.175409 3.940968 7.693697 0.200000
274 49.727917 31.055357 0.000000 3.676874 1.330650 2.255400 4.260221 8.798328 0.166667
275 49.660683 31.266586 0.000000 4.416879 1.292273 2.099330 3.736115 7.147616 0.200000
276 49.761745 31.505444 0.000000 3.665855 1.240261 1.936430 3.308596 6.085193 0.200000
277 49.700008 31.423662 0.000000 4.084117 1.307783 2.142498 3.850170 7.450377 0.166667
279 49.676792 31.810396 0.000000 2.790144 1.294850 2.099115 3.726252 7.109899 0.166667
280 49.475990 31.806072 0.000000 3.244740 1.355251 2.287033 4.231721 8.411293 0.166667
282 49.648018 31.887800 0.000000 2.550127 1.372141 2.366003 4.516600 9.355100 0.200000
283 49.362400 32.048832 0.000000 2.165280 1.393167 2.470404 4.892667 10.585506 0.200000
284 49.484489 31.779320 0.000000 2.478767 1.335447 2.208548 3.976827 7.637979 0.166667
285 49.857677 31.911215 0.000000 2.809624 1.324553 2.209212 4.058343 8.049815 0.166667
286 49.370411 32.279366 0.000000 3.090449 1.367443 2.335165 4.399639 8.971611 0.166676
288 49.409790 32.391273 0.000000 2.444087 1.301596 2.120406 3.782224 7.248369 0.202101
289 49.620750 32.317959 0.000000 2.813528 1.355504 2.281037 4.200154 8.292145 0.166667
290 49.603954 32.851807 0.000000 2.381843 1.433648 2.550675 5.019159 10.699291 0.200477
292 49.297264 32.852516 0.000000 1.902310 1.303451 2.145743 3.903523 7.704968 0.167409
293 49.719372 32.626572 0.000000 2.002311 1.312513 2.165091 3.930243 7.710244 0.166703
294 49.460819 32.643696 0.000000 1.915044 1.441325 2.588031 5.150361 11.117480 0.168120
295 49.511814 32.666126 0.000000 1.755897 1.457363 2.646543 5.324304 11.608036 0.200000
