%% Trajectory 12
%% frame x (pixel)     y (pixel)    z (pixel)      m0         m1           m2           m3           m4           s 
51 53.007313 77.205025 0.000000 1.571149 1.375177 2.417968 4.751411 10.182483 0.145601
52 53.209412 77.050926 0.000000 1.438164 1.280532 2.114952 3.880673 7.752127 0.143730
53 53.214146 77.323074 0.000000 1.802300 1.230339 1.928084 3.311318 6.122771 0.168174
54 53.181492 77.110161 0.000000 1.931966 1.289070 2.122236 3.902847 7.871857 0.183470
55 53.152294 77.201744 0.000000 1.707950 1.257834 2.063390 3.820995 7.853214 0.325793
56 52.969910 77.252556 0.000000 1.975806 1.324606 2.256655 4.314806 9.068550 0.218418
57 52.980698 77.472084 0.000000 2.174219 1.300542 2.173784 4.075773 8.418715 0.166726
58 53.153561 77.065857 0.000000 2.260700 1.277217 2.104224 3.879563 7.858227 0.321085
59 53.153320 77.149429 0.000000 1.786812 1.310146 2.206624 4.160825 8.610467 0.167729
60 53.276062 77.247269 0.000000 2.111520 1.278944 2.094727 3.833174 7.706080 0.170829
61 53.001575 77.203903 0.000000 1.973042 1.313595 2.215047 4.169879 8.580357 0.166739
62 53.003025 76.979805 0.000000 2.223144 1.396170 2.489196 4.954676 10.744016 0.206771
64 53.142902 77.427803 0.000000 2.336436 1.249550 2.000750 3.557550 6.911218 0.200244
65 53.151562 77.399033 0.000000 2.461171 1.230748 1.952465 3.465592 6.792454 0.200076
66 53.255341 77.505226 0.000000 2.490460 1.256827 2.021195 3.615462 7.082157 0.166667
67 53.346703 77.344803 0.000000 2.831969 1.235635 1.938772 3.362978 6.359520 0.200002
68 53.278500 77.093849 0.000000 2.574517 1.271566 2.073916 3.772752 7.521443 0.200004
69 53.216854 77.328468 0.000000 3.142811 1.246857 1.978471 3.467290 6.603943 0.250000
70 53.188358 77.300179 0.000000 2.977879 1.241793 1.994221 3.596730 7.189223 0.200000
71 53.234047 77.344254 0.000000 2.975856 1.248675 1.996821 3.549427 6.907094 0.200000
72 53.203945 77.347786 0.000000 2.950734 1.235075 1.951670 3.416915 6.527339 0.166667
73 53.177608 77.262016 0.000000 2.937425 1.215256 1.915352 3.380341 6.596112 0.166667
74 53.483303 77.163605 0.000000 2.915149 1.208163 1.870920 3.210963 6.034323 0.166667
75 53.180996 77.343613 0.000000 3.637198 1.255025 2.015389 3.587034 6.957238 0.166667
76 53.305923 77.401993 0.000000 3.022939 1.206811 1.856557 3.147525 5.802089 0.166667
77 53.342728 77.236870 0.000000 3.178114 1.213894 1.891285 3.269882 6.192071 0.166667
78 53.226025 77.163139 0.000000 4.086201 1.263022 2.033003 3.619940 7.007812 0.166667
79 53.135284 77.174416 0.000000 3.473318 1.291293 2.134246 3.929482 7.909528 0.166667
80 53.055126 77.193626 0.000000 3.711554 1.332135 2.256927 4.248854 8.705417 0.166667
81 53.254780 77.236748 0.000000 3.670072 1.265746 2.048160 3.679148 7.212001 0.166667
82 53.059597 77.149017 0.000000 4.182379 1.376271 2.399540 4.656682 9.838037 0.166667
83 53.252350 77.196869 0.000000 4.803681 1.265616 2.031386 3.600344 6.927807 0.166673
84 53.141338 77.268776 0.000000 4.717488 1.295815 2.123257 3.845687 7.558444 0.166667
85 53.114239 77.158371 0.000000 4.820391 1.321619 2.229262 4.191147 8.610681 0.166667
86 53.124020 77.181145 0.000000 4.510034 1.322962 2.223381 4.161567 8.508982 0.166667
87 53.157906 77.081146 0.000000 4.816097 1.355890 2.322178 4.402032 9.044622 0.166733
88 53.314964 77.174469 0.000000 5.201744 1.268191 2.035273 3.595667 6.873021 0.200282
89 53.254448 77.093460 0.000000 4.691118 1.296056 2.132580 3.879560 7.655353 0.144747
90 53.159134 77.153435 0.000000 4.209726 1.304363 2.169186 4.011114 8.091542 0.177729
91 53.188469 77.096130 0.000000 4.421006 1.299214 2.144156 3.924448 7.820053 0.166667
92 53.256935 77.203575 0.000000 4.234341 1.277948 2.064492 3.673385 7.070456 0.166667
93 53.213676 77.213547 0.000000 4.247465 1.299255 2.146582 3.936289 7.866326 0.166667
94 53.371822 77.084160 0.000000 4.101972 1.310912 2.169928 3.963842 7.839442 0.166667
95 53.237129 76.963005 0.000000 4.627041 1.323747 2.234464 4.213822 8.718089 0.200000
96 53.133495 76.950424 0.000000 4.437690 1.354181 2.332310 4.479946 9.405504 0.166667
97 53.148384 76.831802 0.000000 3.858207 1.313675 2.202971 4.133022 8.524983 0.168344
98 53.188522 76.937035 0.000000 4.064165 1.343827 2.286662 4.330828 8.957701 0.166667
99 53.209900 76.923050 0.000000 4.343736 1.335864 2.262246 4.261670 8.765779 0.166667
100 53.075680 76.765358 0.000000 4.338032 1.366700 2.375209 4.621546 9.865681 0.166667
101 53.334625 76.924988 0.000000 3.843649 1.352450 2.325139 4.466831 9.406387 0.166667
102 53.294945 76.798416 0.000000 3.860454 1.347631 2.288935 4.303226 8.787525 0.166667
103 53.129902 76.691986 0.000000 3.823844 1.314283 2.217612 4.201269 8.778704 0.166667
104 53.208416 76.908630 0.000000 3.740885 1.333697 2.254593 4.240686 8.712931 0.166667
105 53.010159 76.912865 0.000000 3.800599 1.378634 2.409335 4.696713 9.999015 0.166667
106 52.965000 76.790718 0.000000 3.454833 1.397239 2.467542 4.851549 10.391277 0.166692
107 53.217037 76.729469 0.000000 3.332378 1.343736 2.275989 4.283564 8.792122 0.142961
108 53.477535 76.783302 0.000000 3.166682 1.334165 2.245050 4.186134 8.493120 0.167425
109 53.202717 76.882675 0.000000 3.911965 1.294665 2.127118 3.879305 7.723096 0.142857
110 53.304291 76.858788 0.000000 3.301472 1.435172 2.591853 5.204518 11.349936 0.173851
111 53.378597 76.931099 0.000000 3.250248 1.370869 2.393770 4.657633 9.871060 0.176572
113 53.028976 76.874771 0.000000 3.336805 1.382532 2.433526 4.788651 10.306928 0.166667
114 53.272114 76.926628 0.000000 2.908840 1.332698 2.257665 4.268497 8.837799 0.166667
115 53.242336 76.867340 0.000000 3.035819 1.320099 2.208685 4.120008 8.423334 0.166670
116 53.199642 76.952827 0.000000 2.918986 1.331413 2.257918 4.283146 8.923801 0.143387
117 53.113323 76.937683 0.000000 2.973294 1.325826 2.242589 4.232046 8.742160 0.166866
118 52.867569 76.960220 0.000000 3.329715 1.392951 2.451367 4.788808 10.158799 0.142964
119 52.988331 76.770447 0.000000 3.175390 1.340321 2.291884 4.374148 9.135688 0.170364
120 53.072063 76.962929 0.000000 3.232789 1.363847 2.374426 4.625236 9.870242 0.143426
121 52.691650 76.535339 0.000000 3.684005 1.461589 2.655338 5.341493 11.635142 0.144974
122 52.982273 76.643707 0.000000 3.236523 1.353481 2.315408 4.392645 9.060408 0.160438
123 52.682907 76.739502 0.000000 3.450459 1.409538 2.498410 4.917185 10.512116 0.271484
124 52.812210 76.622864 0.000000 3.527454 1.373873 2.348484 4.408763 8.905714 0.171114
125 52.684307 76.632973 0.000000 3.290680 1.403059 2.482780 4.893039 10.510489 0.143154
126 52.572441 76.622993 0.000000 3.884995 1.400854 2.470888 4.843502 10.328618 0.170407
128 52.672115 76.410530 0.000000 3.568199 1.414883 2.509781 4.936305 10.534927 0.274570
129 52.741665 76.386909 0.000000 3.415967 1.329213 2.220233 4.093303 8.177050 0.142861
130 53.026188 76.300873 0.000000 2.858842 1.301518 2.193578 4.169888 8.771901 0.166667
131 52.627029 76.258934 0.000000 2.970636 1.411017 2.499055 4.912872 10.493516 0.166667
132 53.065289 76.077042 0.000000 3.166096 1.376410 2.434948 4.850489 10.626264 0.166667
133 52.969063 76.154930 0.000000 3.191372 1.375592 2.414311 4.750970 10.252019 0.142917
134 52.588215 75.967278 0.000000 2.987542 1.491472 2.780931 5.742294 12.807427 0.214014
135 53.053619 76.091873 0.000000 2.638709 1.345649 2.338266 4.587313 9.935187 0.312028
137 52.517799 75.779472 0.000000 3.384633 1.479953 2.740477 5.644499 12.629769 0.217254
138 52.528488 75.639877 0.000000 3.272891 1.471299 2.725979 5.637699 12.706177 0.166667
139 52.230701 75.599220 0.000000 3.340156 1.478834 2.732484 5.617423 12.555393 0.143222
140 52.210861 75.482788 0.000000 3.369642 1.436319 2.621860 5.379161 12.107618 0.142857
141 51.593178 75.447998 0.000000 3.687747 1.507402 2.834873 5.919884 13.395749 0.166668
142 52.115711 75.226143 0.000000 3.821486 1.463462 2.693285 5.527625 12.356040 0.166667
143 51.700218 75.262955 0.000000 3.732983 1.541011 2.950954 6.267968 14.400867 0.166667
144 51.436642 75.076721 0.000000 3.612919 1.511322 2.835666 5.887397 13.201713 0.166668
145 51.578487 75.090919 0.000000 3.854102 1.512446 2.834784 5.874269 13.143866 0.168822
147 51.757339 75.296867 0.000000 2.598597 1.524750 2.899459 6.128499 14.042512 0.166667
149 51.012508 75.184494 0.000000 2.263802 1.411546 2.542773 5.146980 11.433616 0.166667
