%% Trajectory 8
%% frame x (pixel)     y (pixel)    z (pixel)      m0         m1           m2           m3           m4           s 
61 82.480469 67.705399 0.000000 0.667796 1.312316 2.151021 3.865684 7.478384 0.250000
62 82.306160 67.960953 0.000000 0.819515 1.369793 2.362116 4.504397 9.304525 0.250000
63 82.140099 67.763809 0.000000 0.846058 1.308835 2.145010 3.843228 7.378620 0.333333
64 82.614510 68.202812 0.000000 0.625267 1.401635 2.481997 4.889430 10.491122 0.251628
66 82.183861 67.759628 0.000000 0.840461 1.366367 2.338465 4.406132 8.953171 0.333333
67 82.020409 67.613579 0.000000 0.829005 1.377798 2.373889 4.508490 9.244227 0.333333
68 82.387238 67.882919 0.000000 1.030200 1.352119 2.287057 4.267414 8.619890 0.333333
69 82.337547 67.806305 0.000000 0.789292 1.322257 2.185727 3.973925 7.803903 0.250000
70 82.334145 68.089043 0.000000 0.845129 1.383500 2.421670 4.729716 10.095984 0.250002
71 82.070610 67.691246 0.000000 1.103875 1.394222 2.435340 4.708854 9.877377 0.250427
72 82.193260 67.708488 0.000000 1.027744 1.311589 2.151407 3.866417 7.464931 0.333333
73 82.221222 67.836754 0.000000 1.065804 1.425930 2.551310 5.066584 10.925018 0.333333
74 82.433159 67.870491 0.000000 1.025994 1.417584 2.481910 4.768840 9.849107 0.250000
75 82.513168 68.018578 0.000000 0.866582 1.403880 2.490237 4.895434 10.426901 0.333333
76 82.313972 67.937996 0.000000 1.224909 1.374718 2.371037 4.516147 9.309562 0.333333
77 82.329788 67.790100 0.000000 0.926017 1.342847 2.255206 4.154705 8.233036 0.250682
78 82.416832 68.036583 0.000000 1.254077 1.389388 2.404754 4.577187 9.382124 0.250059
79 82.303940 68.098679 0.000000 1.185129 1.314085 2.184175 4.016790 8.024617 0.333333
80 82.176888 67.826447 0.000000 1.053528 1.317510 2.173656 3.941847 7.710226 0.250000
81 82.228348 67.850784 0.000000 1.511517 1.360574 2.307633 4.290827 8.566187 0.333343
82 82.286720 67.756271 0.000000 1.390112 1.336244 2.209518 3.979838 7.650692 0.333333
83 82.202171 67.537094 0.000000 1.492093 1.364051 2.314377 4.313622 8.661664 0.482482
84 82.409180 67.712700 0.000000 1.314222 1.313342 2.157528 3.875626 7.464431 0.250000
85 82.205894 67.559494 0.000000 1.394011 1.378097 2.359677 4.438344 8.986602 0.253711
86 82.280830 67.682945 0.000000 1.485520 1.325950 2.200183 4.011540 7.888212 0.529773
87 82.463676 67.741249 0.000000 1.353449 1.366348 2.317383 4.305079 8.583268 0.255658
88 82.277039 67.463966 0.000000 1.318793 1.379389 2.374954 4.503618 9.217687 0.250027
89 82.405830 67.767548 0.000000 1.837209 1.314883 2.157765 3.868253 7.428400 0.250000
90 82.223618 67.714745 0.000000 1.540200 1.346046 2.238347 4.051082 7.814964 0.250004
91 82.372269 67.799232 0.000000 1.587345 1.349163 2.257093 4.121761 8.051179 0.250000
92 82.450996 67.677483 0.000000 1.828947 1.326194 2.196837 3.978351 7.718249 0.333333
93 82.577484 67.596687 0.000000 1.603086 1.313061 2.144959 3.820890 7.275687 0.250000
94 82.195107 67.492622 0.000000 1.509926 1.327971 2.193625 3.967153 7.706521 0.250329
95 82.325226 67.532928 0.000000 1.829454 1.346662 2.249802 4.104234 8.013013 0.262170
96 82.345253 67.554848 0.000000 1.651209 1.329373 2.200948 3.986790 7.748981 0.333334
97 82.380775 67.427986 0.000000 2.077161 1.321540 2.174779 3.909290 7.525686 0.457781
98 82.281075 67.432205 0.000000 2.131001 1.362430 2.309108 4.300268 8.628165 0.323374
99 82.466431 67.503487 0.000000 1.867433 1.327376 2.190134 3.941464 7.581582 0.563721
100 82.408821 67.502312 0.000000 2.032753 1.342677 2.255401 4.174841 8.358886 0.333530
101 82.282120 67.586449 0.000000 1.932266 1.355239 2.305708 4.335553 8.841598 0.360917
102 82.445648 67.438438 0.000000 2.058140 1.312507 2.151796 3.863130 7.453754 0.333333
103 82.237709 67.535744 0.000000 2.355121 1.358972 2.294521 4.248668 8.461490 0.333334
104 82.506760 67.592590 0.000000 2.041160 1.352149 2.291514 4.287676 8.690691 0.342386
105 82.437767 67.613136 0.000000 1.993032 1.311858 2.138679 3.800700 7.217323 0.333333
106 82.548920 67.475380 0.000000 2.312581 1.285935 2.074233 3.658645 6.925644 0.333333
107 82.354065 67.409843 0.000000 2.315680 1.317034 2.174389 3.946935 7.735078 0.333333
108 82.263809 67.433861 0.000000 2.482871 1.300277 2.118142 3.777947 7.241088 0.333333
109 82.578674 67.312965 0.000000 1.954615 1.290133 2.108778 3.827867 7.597688 0.333333
110 82.401581 67.286591 0.000000 2.332428 1.356726 2.313020 4.372008 8.993683 0.333333
111 82.498650 67.235962 0.000000 2.163810 1.362671 2.314806 4.328093 8.735558 0.333333
112 82.536850 67.340263 0.000000 2.640511 1.318142 2.173816 3.933664 7.666262 0.333333
113 82.468849 67.298157 0.000000 2.879545 1.297861 2.116127 3.791703 7.334647 0.333333
114 82.480415 67.190857 0.000000 2.770479 1.336073 2.233224 4.111318 8.181685 0.333333
115 82.448174 67.040146 0.000000 2.917975 1.354048 2.308532 4.358433 8.936241 0.333333
116 82.486664 67.224594 0.000000 2.969579 1.321659 2.185542 3.966446 7.754286 0.333333
117 82.506493 67.270737 0.000000 2.895925 1.340253 2.247129 4.147442 8.271162 0.333333
118 82.516853 67.368446 0.000000 3.208953 1.332377 2.224131 4.083044 8.089848 0.333333
119 82.456459 67.301758 0.000000 3.160328 1.311731 2.152453 3.872609 7.498297 0.333333
120 82.424561 67.110146 0.000000 3.376088 1.336241 2.244476 4.164779 8.381926 0.333333
121 82.431564 67.269119 0.000000 3.077567 1.372514 2.354709 4.448307 9.070132 0.333333
122 82.503525 67.311424 0.000000 3.310043 1.323323 2.194855 4.001099 7.869506 0.333333
123 82.380081 67.294991 0.000000 3.470763 1.363229 2.308037 4.279562 8.519200 0.333333
124 82.415108 67.286797 0.000000 3.420288 1.355515 2.286940 4.231585 8.420863 0.333333
125 82.503990 67.254616 0.000000 3.770568 1.347533 2.275238 4.237784 8.546241 0.333333
126 82.501686 67.262894 0.000000 3.685408 1.336830 2.229824 4.083670 8.057562 0.333333
127 82.350029 67.342537 0.000000 3.456858 1.357813 2.290798 4.236886 8.424270 0.333333
128 82.474953 67.327843 0.000000 3.594661 1.354554 2.294835 4.281990 8.633577 0.333333
129 82.407669 67.368858 0.000000 3.787766 1.354939 2.294499 4.272326 8.579264 0.333333
130 82.545868 67.294601 0.000000 3.752840 1.358819 2.316704 4.365099 8.916608 0.500000
131 82.476791 67.217056 0.000000 3.848279 1.369022 2.339056 4.399597 8.934380 0.333333
132 82.369690 67.278931 0.000000 3.632711 1.346208 2.274148 4.238069 8.550516 0.500000
133 82.274902 67.209709 0.000000 3.381479 1.354826 2.300692 4.318996 8.795969 0.333333
134 82.438271 67.306877 0.000000 3.620872 1.309685 2.140836 3.828411 7.349153 0.333333
135 82.411484 67.268143 0.000000 3.509548 1.345536 2.262271 4.181833 8.336055 0.333333
136 82.298721 67.276970 0.000000 3.647572 1.334908 2.228351 4.087214 8.083755 0.333333
137 82.351379 67.298866 0.000000 3.634271 1.340696 2.248570 4.151970 8.282485 0.250000
138 82.269104 67.186607 0.000000 3.383862 1.354988 2.301227 4.313894 8.752263 0.500000
139 82.381058 67.162506 0.000000 3.620604 1.326623 2.217952 4.097702 8.214244 0.333333
140 82.335381 67.186775 0.000000 3.663958 1.350385 2.284583 4.260151 8.588262 0.333333
141 82.306953 67.303139 0.000000 3.565365 1.316629 2.169016 3.924374 7.654262 0.333333
142 82.303284 67.152977 0.000000 3.443887 1.339485 2.249433 4.167005 8.357642 0.250000
143 82.361145 67.298508 0.000000 3.368227 1.328245 2.213314 4.062440 8.064067 0.500000
144 82.352745 67.466644 0.000000 3.629694 1.293794 2.092406 3.691971 6.969523 0.333333
145 82.427818 67.335190 0.000000 3.618536 1.320563 2.169381 3.889534 7.461348 0.333333
146 82.292450 67.248619 0.000000 3.392800 1.328009 2.209855 4.045075 7.990358 0.250000
147 82.431290 67.417931 0.000000 3.044241 1.285617 2.063665 3.615369 6.783544 0.250000
148 82.369164 67.372383 0.000000 3.060348 1.302590 2.122473 3.781411 7.226761 0.333333
149 82.241020 67.328514 0.000000 3.312248 1.294421 2.096000 3.714470 7.072291 0.333333
150 82.220596 67.464386 0.000000 3.014891 1.281360 2.062845 3.631881 6.863719 0.333333
151 82.015739 67.485390 0.000000 3.398748 1.348069 2.279997 4.254921 8.592480 0.333333
152 82.057114 67.452698 0.000000 3.223054 1.324883 2.196403 4.004384 7.882521 0.333333
153 81.891373 67.386810 0.000000 3.044244 1.299731 2.116843 3.775320 7.234416 0.333333
154 81.849945 67.276321 0.000000 3.204849 1.307157 2.144572 3.862998 7.496803 0.333333
155 81.768227 67.481682 0.000000 3.047923 1.243594 1.949584 3.342569 6.161543 0.333333
156 81.669296 67.422417 0.000000 3.258406 1.250782 1.971640 3.403956 6.330016 0.333333
157 81.619354 67.496628 0.000000 2.925383 1.281357 2.054892 3.597782 6.748259 0.333333
158 81.649513 67.492508 0.000000 3.326315 1.252316 1.973115 3.399084 6.291411 0.333333
159 81.538040 67.412338 0.000000 2.983608 1.282155 2.057245 3.603764 6.762613 0.333333
160 81.336319 67.364227 0.000000 2.771574 1.265616 2.010814 3.489770 6.496425 0.333333
161 81.387405 67.410912 0.000000 2.693138 1.267758 2.017882 3.508708 6.543409 0.333333
162 81.409821 67.318985 0.000000 2.747529 1.284482 2.063194 3.617964 6.795964 0.333340
163 81.375893 67.458359 0.000000 2.370425 1.258396 1.989171 3.435145 6.367361 0.250000
164 81.208916 67.570503 0.000000 2.062459 1.269047 2.018008 3.507243 6.542227 0.333427
165 81.045029 67.665367 0.000000 2.353349 1.315553 2.177982 3.980219 7.884567 0.378200
166 80.822609 67.535919 0.000000 2.125407 1.264038 2.008084 3.490472 6.522512 0.333335
167 80.865967 67.844131 0.000000 2.007104 1.309363 2.175217 4.005474 8.024377 0.330433
168 80.518074 67.722420 0.000000 1.936101 1.218640 1.881477 3.179843 5.791725 0.250001
169 80.877449 67.609085 0.000000 1.768325 1.338337 2.265588 4.261875 8.743642 0.250314
170 81.172890 67.073799 0.000000 1.714899 1.381088 2.405678 4.641323 9.711020 0.280515
171 81.269081 67.634560 0.000000 1.704040 1.268318 2.016204 3.500431 6.517351 0.252657
172 81.286980 67.475319 0.000000 1.095404 1.284181 2.095478 3.809565 7.601071 0.382524
173 81.718391 67.436607 0.000000 1.083832 1.260548 2.029751 3.645721 7.209466 0.250001
174 81.329536 67.542778 0.000000 1.056071 1.232426 1.949806 3.440554 6.695487 0.250005
175 80.987831 67.491051 0.000000 0.679155 1.264511 2.074786 3.813445 7.715744 0.296253
176 81.107040 67.602524 0.000000 1.198822 1.355094 2.308841 4.357513 8.939325 0.222312
177 81.271996 67.362335 0.000000 0.795880 1.328265 2.263165 4.312098 9.020469 0.251818
178 81.259781 67.133499 0.000000 0.885406 1.400979 2.477995 4.893125 10.562778 0.494081
