%% Trajectory 95
%% frame x (pixel)     y (pixel)    z (pixel)      m0         m1           m2           m3           m4           s 
155 25.662231 29.610209 0.000000 0.619779 1.135079 1.747482 3.123290 6.452897 0.166667
156 25.805176 29.937605 0.000000 0.694677 1.324653 2.337283 4.737051 10.742999 0.200000
158 25.504335 29.650274 0.000000 0.486522 1.279526 2.295202 4.869195 11.744962 0.111159
159 25.912865 30.014860 0.000000 0.689407 1.353728 2.461903 5.138982 11.937796 0.165345
160 26.210550 30.497091 0.000000 1.027916 1.473933 2.859091 6.291380 15.164064 0.178153
162 25.818195 29.552742 0.000000 1.352504 1.308773 2.155552 3.922705 7.756945 0.166667
164 25.273724 29.872738 0.000000 1.419500 1.343861 2.298009 4.387167 9.175681 0.166669
166 25.755398 30.431877 0.000000 1.983238 1.285123 2.085267 3.723689 7.190047 0.200151
167 25.858904 30.299250 0.000000 1.923788 1.386392 2.403823 4.603786 9.540830 0.320558
168 25.779840 30.103559 0.000000 2.359256 1.414839 2.487138 4.820575 10.086245 0.200000
169 26.232096 30.129141 0.000000 2.109062 1.367973 2.351812 4.469753 9.201610 0.148283
170 25.741138 30.528091 0.000000 2.391282 1.379215 2.390890 4.575305 9.463306 0.167810
171 26.033691 30.243702 0.000000 2.541598 1.394463 2.452761 4.797932 10.211499 0.142857
172 25.972773 30.235226 0.000000 2.378018 1.424782 2.545313 5.039326 10.817521 0.142857
173 25.938438 30.383615 0.000000 2.878452 1.383160 2.408767 4.645284 9.712214 0.197282
174 25.748730 30.434851 0.000000 2.481543 1.408919 2.487036 4.876863 10.405152 0.143276
175 25.768383 30.653963 0.000000 2.711062 1.427971 2.556590 5.079650 10.959779 0.166685
176 25.767271 30.173512 0.000000 2.730728 1.372856 2.352791 4.427294 8.956605 0.209226
177 26.136528 30.536589 0.000000 2.603597 1.439603 2.569438 5.055937 10.734252 0.154590
178 26.136538 30.211063 0.000000 2.879280 1.386766 2.415841 4.659841 9.743754 0.126249
179 26.051577 30.187750 0.000000 3.084830 1.445324 2.612576 5.222814 11.286983 0.166667
180 26.136414 30.310511 0.000000 2.743884 1.359486 2.330177 4.418991 9.087591 0.188533
181 25.998520 30.590952 0.000000 2.813916 1.387850 2.419982 4.674739 9.800138 0.142937
182 25.894350 30.326710 0.000000 2.994546 1.374407 2.351991 4.420789 8.941406 0.173328
183 25.802279 30.250374 0.000000 2.857306 1.494701 2.768447 5.656659 12.459036 0.111111
185 26.054668 30.044884 0.000000 3.418271 1.406452 2.485751 4.873781 10.371609 0.125002
186 25.905489 30.078766 0.000000 2.905264 1.402931 2.467364 4.803732 10.133270 0.125000
187 26.119543 30.032877 0.000000 3.320294 1.385492 2.405411 4.622506 9.628849 0.125000
188 26.113121 30.072062 0.000000 2.721116 1.407550 2.501232 4.944611 10.630000 0.151364
189 26.195126 29.969542 0.000000 3.047093 1.399596 2.449565 4.741936 9.942524 0.166667
190 26.043350 29.879728 0.000000 2.879254 1.425065 2.547321 5.040851 10.795678 0.100000
191 26.048515 29.905031 0.000000 3.176414 1.444124 2.602047 5.175848 11.110353 0.111111
192 26.503958 30.066349 0.000000 3.555738 1.340916 2.251068 4.147704 8.218841 0.111111
193 26.479254 30.395638 0.000000 3.363078 1.366971 2.322467 4.331475 8.697496 0.125000
194 26.586212 30.165676 0.000000 3.307425 1.354181 2.287822 4.242976 8.464278 0.125000
195 26.640564 30.359715 0.000000 3.290599 1.358289 2.303348 4.299726 8.668661 0.166667
196 26.737278 30.529484 0.000000 2.751537 1.365349 2.335294 4.399168 8.947289 0.166667
197 26.856256 30.345636 0.000000 2.640099 1.427096 2.519278 4.890466 10.224876 0.125148
198 26.913902 30.531050 0.000000 3.106666 1.372559 2.354356 4.456952 9.132747 0.153377
199 27.049725 30.687550 0.000000 3.750576 1.374728 2.360299 4.461219 9.096828 0.166667
200 27.150873 30.377560 0.000000 2.930063 1.385479 2.398417 4.584164 9.480803 0.142857
201 27.399338 30.492670 0.000000 3.232920 1.340467 2.236621 4.085640 8.012654 0.090909
202 27.363680 30.629745 0.000000 3.044050 1.342493 2.234041 4.051779 7.846569 0.111111
203 27.249037 30.339212 0.000000 2.662686 1.353111 2.312376 4.381230 9.030544 0.125000
204 27.321024 30.579643 0.000000 2.955262 1.300593 2.124666 3.801873 7.312366 0.166667
205 27.383322 30.891750 0.000000 3.134769 1.366215 2.327389 4.367456 8.854149 0.142857
206 27.412762 31.008354 0.000000 3.067644 1.401081 2.472916 4.840222 10.284110 0.142857
207 27.507162 31.313770 0.000000 2.609478 1.356729 2.294514 4.262504 8.526643 0.090909
208 27.591518 31.746208 0.000000 2.287090 1.332413 2.208275 4.008753 7.818635 0.100000
210 26.865374 31.479000 0.000000 2.442059 1.305866 2.146922 3.877707 7.553465 0.176469
211 27.003992 31.320824 0.000000 1.998086 1.376114 2.373675 4.519406 9.300820 0.100000
212 27.509697 31.624573 0.000000 1.874666 1.369346 2.326123 4.322298 8.607308 0.125000
213 27.792152 31.642441 0.000000 2.032188 1.365387 2.333385 4.396817 8.949077 0.134506
215 27.572868 31.329330 0.000000 2.004801 1.356237 2.343755 4.506478 9.440315 0.090997
216 27.323269 31.614710 0.000000 1.581304 1.434252 2.551151 5.002168 10.591503 0.157649
217 27.047531 31.959963 0.000000 1.273221 1.449354 2.650957 5.376433 11.800803 0.105575
219 26.751373 32.304989 0.000000 1.378885 1.265153 2.009019 3.491630 6.524806 0.166731
221 27.434517 31.689438 0.000000 1.044955 1.265204 2.016290 3.550018 6.808521 0.179436
223 26.333206 33.227322 0.000000 1.009137 1.255565 2.016721 3.601190 7.046535 0.111128
