%% Trajectory 81
%% frame x (pixel)     y (pixel)    z (pixel)      m0         m1           m2           m3           m4           s 
202 32.997959 29.629913 0.000000 0.647303 1.357570 2.399587 4.787076 10.533407 0.254440
204 33.370071 29.550781 0.000000 0.511805 1.294183 2.136127 3.940549 7.997371 0.123972
206 33.699780 29.345657 0.000000 0.602973 1.298025 2.169489 4.060561 8.363170 0.111023
208 34.174294 29.693796 0.000000 1.221301 1.313934 2.179619 3.993463 7.929493 0.125000
209 34.031116 29.429541 0.000000 1.385238 1.305753 2.143447 3.874295 7.573826 0.173090
210 33.951435 29.742146 0.000000 1.539256 1.330055 2.252464 4.237969 8.685205 0.142857
211 33.694180 29.654898 0.000000 1.325009 1.239171 1.938714 3.318168 6.108076 0.142857
212 33.868763 29.823856 0.000000 1.645026 1.361600 2.333674 4.438878 9.185989 0.200000
213 33.624542 29.572498 0.000000 1.465772 1.285851 2.082835 3.708179 7.129776 0.166667
214 33.953869 29.482410 0.000000 1.263141 1.319254 2.235457 4.258180 8.954528 0.183757
215 33.590759 29.399679 0.000000 1.557705 1.235252 1.928766 3.295678 6.059171 0.142857
216 33.829460 29.686050 0.000000 1.638086 1.288629 2.097881 3.779783 7.415030 0.142857
217 33.823750 29.670816 0.000000 1.896602 1.309234 2.154750 3.909991 7.681611 0.200000
218 33.630245 29.634230 0.000000 1.599560 1.292916 2.109995 3.796821 7.400242 0.142857
219 33.732216 29.426279 0.000000 2.005023 1.287969 2.104678 3.818335 7.570820 0.111111
220 33.562737 29.754095 0.000000 2.000072 1.276607 2.060794 3.669345 7.086858 0.166667
221 33.594505 29.752050 0.000000 2.189300 1.255732 1.994340 3.482940 6.582530 0.111111
222 33.797825 29.540668 0.000000 1.778742 1.290823 2.125837 3.889750 7.777708 0.125000
223 34.056740 29.511518 0.000000 1.949746 1.283182 2.076911 3.706440 7.168300 0.166667
224 33.728069 29.777458 0.000000 2.242071 1.312515 2.153858 3.877923 7.520963 0.142857
225 33.731083 29.844542 0.000000 2.617063 1.314258 2.172424 3.959705 7.809407 0.236428
226 33.860752 29.640736 0.000000 2.454353 1.309105 2.165637 3.961621 7.874983 0.250017
227 33.832108 29.902258 0.000000 2.329604 1.368999 2.349620 4.454143 9.135546 0.200000
228 33.938507 29.911707 0.000000 2.627336 1.378350 2.379590 4.531904 9.319461 0.250000
229 33.776215 29.644964 0.000000 2.685944 1.279902 2.060856 3.638004 6.912782 0.292506
230 33.686749 29.878063 0.000000 2.391659 1.340663 2.248803 4.151327 8.274345 0.142857
231 33.799084 29.699766 0.000000 2.687224 1.269208 2.022969 3.523870 6.585374 0.200000
232 33.431255 29.699335 0.000000 2.185900 1.280225 2.058909 3.633017 6.911470 0.250146
233 33.854012 29.722296 0.000000 1.969465 1.351067 2.291821 4.298222 8.740537 0.200000
234 33.648441 29.723602 0.000000 2.449883 1.280357 2.051977 3.592182 6.740660 0.250000
236 33.661907 29.786400 0.000000 2.513846 1.339687 2.251227 4.163347 8.304796 0.200000
237 33.647934 29.843744 0.000000 2.391462 1.312858 2.177281 3.987693 7.917098 0.200000
238 33.696724 29.731634 0.000000 2.929315 1.258051 1.997029 3.489819 6.609543 0.250011
239 33.879147 29.706253 0.000000 2.831727 1.359272 2.332859 4.446124 9.224799 0.266054
240 33.611794 29.770420 0.000000 2.815026 1.312540 2.149791 3.845217 7.362108 0.355547
241 33.598972 29.658573 0.000000 2.670744 1.248425 1.965498 3.383595 6.257876 0.200000
243 33.612541 29.744015 0.000000 3.308709 1.269332 2.023346 3.529357 6.615477 0.264447
244 33.529633 29.729815 0.000000 3.014727 1.254501 1.980126 3.416502 6.331052 0.166850
245 33.513393 29.605467 0.000000 2.621006 1.284487 2.059486 3.605864 6.766079 0.200000
246 33.620052 29.728821 0.000000 3.102121 1.287980 2.095768 3.756194 7.286504 0.367011
247 33.831909 29.623562 0.000000 2.768968 1.289748 2.093229 3.738018 7.219525 0.496042
248 33.855686 29.717709 0.000000 3.070336 1.326782 2.214319 4.080265 8.150609 0.374266
249 33.653049 29.735012 0.000000 3.393290 1.290262 2.088984 3.705080 7.066854 0.250000
250 33.900944 29.697130 0.000000 3.506521 1.325130 2.203876 4.039339 8.009349 0.200000
251 33.922703 29.629801 0.000000 2.893860 1.357003 2.332027 4.451646 9.253036 0.200584
252 33.850174 29.714825 0.000000 3.830822 1.338835 2.238350 4.108356 8.118916 0.200000
253 33.633411 29.576950 0.000000 2.969876 1.298410 2.106277 3.737134 7.117219 0.330696
254 33.959869 29.684595 0.000000 3.729191 1.333333 2.238500 4.149442 8.327726 0.250001
255 33.949394 29.661058 0.000000 3.731369 1.307709 2.149335 3.892214 7.626920 0.166667
256 33.808353 29.738401 0.000000 3.588825 1.318176 2.185653 3.987016 7.846341 0.250000
257 33.876945 29.622183 0.000000 3.554587 1.322547 2.211627 4.104554 8.302730 0.200001
258 33.717144 29.779667 0.000000 3.185743 1.355889 2.287529 4.233131 8.419856 0.166725
259 33.930492 29.756414 0.000000 3.362847 1.321663 2.211288 4.093730 8.225011 0.125000
260 33.680305 29.640783 0.000000 3.304943 1.295163 2.111392 3.794485 7.390898 0.111811
261 33.734577 29.570793 0.000000 3.497157 1.272209 2.029244 3.539140 6.627512 0.166667
262 33.765068 29.648129 0.000000 3.304835 1.266225 2.014928 3.508782 6.568814 0.142857
263 33.711205 29.753180 0.000000 3.389028 1.291916 2.098204 3.736213 7.160733 0.142857
264 33.855621 29.794163 0.000000 3.586085 1.353439 2.313356 4.387898 9.057279 0.200000
265 33.925659 29.640301 0.000000 3.396612 1.326655 2.215469 4.086265 8.172943 0.179550
266 33.904686 29.697783 0.000000 3.340704 1.353164 2.296172 4.288750 8.641553 0.188646
267 33.896156 29.767033 0.000000 3.547726 1.353130 2.299297 4.316217 8.776603 0.167355
268 33.981983 29.739397 0.000000 3.568482 1.357017 2.312403 4.361706 8.931299 0.125000
269 33.801880 29.787369 0.000000 3.346041 1.319535 2.193576 4.025378 8.006333 0.142857
270 33.913563 29.733931 0.000000 3.696709 1.333125 2.247154 4.203151 8.564261 0.284550
271 33.824707 29.911486 0.000000 3.262167 1.355721 2.312301 4.365998 8.944969 0.247694
272 33.958466 30.121391 0.000000 2.810236 1.375903 2.386236 4.587087 9.571613 0.166667
273 33.814632 30.124401 0.000000 3.194287 1.325697 2.223629 4.131892 8.345568 0.166762
274 34.173336 29.893517 0.000000 3.368035 1.389255 2.415002 4.644865 9.681862 0.146771
275 34.324059 30.097364 0.000000 3.504214 1.327992 2.198242 3.979475 7.722207 0.204486
276 34.093513 30.220270 0.000000 3.365921 1.325321 2.203543 4.035648 7.992265 0.214519
277 34.166008 30.267929 0.000000 2.990971 1.355734 2.312825 4.358167 8.893746 0.148951
278 34.278458 30.353722 0.000000 2.820487 1.358005 2.313164 4.349662 8.858848 0.166895
279 34.181992 30.387733 0.000000 2.619782 1.288453 2.086585 3.703205 7.071819 0.200000
280 34.669884 30.220812 0.000000 2.851563 1.346827 2.274609 4.238300 8.546929 0.200000
281 34.563114 30.469294 0.000000 2.786177 1.303115 2.132284 3.836505 7.456655 0.200000
282 34.751225 30.446310 0.000000 2.694099 1.291277 2.093786 3.721359 7.118629 0.166667
283 34.491398 30.388588 0.000000 2.530356 1.278762 2.065398 3.678075 7.104559 0.166667
284 34.671825 30.645008 0.000000 2.595153 1.292516 2.089280 3.685417 6.956621 0.250000
285 34.681717 30.590950 0.000000 2.145739 1.362339 2.315874 4.328183 8.720577 0.166667
286 34.523903 30.553661 0.000000 2.583205 1.300202 2.110190 3.735491 7.070601 0.166667
287 35.054379 30.494406 0.000000 2.144922 1.324205 2.214894 4.088844 8.173246 0.384386
288 34.515663 30.703167 0.000000 2.318127 1.369479 2.348527 4.447702 9.119643 0.166667
289 34.509186 31.087564 0.000000 2.362574 1.327116 2.216346 4.083470 8.145433 0.166667
290 35.053848 31.334589 0.000000 2.343873 1.318030 2.188230 4.018275 8.017184 0.166678
291 34.949467 31.416601 0.000000 2.052911 1.366086 2.335515 4.406525 8.995014 0.201630
292 35.007633 31.118223 0.000000 1.742203 1.410083 2.519993 5.016294 10.874041 0.250002
293 35.198311 31.003229 0.000000 1.373543 1.393741 2.420311 4.633424 9.565512 0.173021
294 35.467396 30.889910 0.000000 1.787732 1.441904 2.579054 5.075747 10.756906 0.358734
295 35.123112 31.290768 0.000000 1.183478 1.446302 2.628400 5.313893 11.674409 0.111497
296 35.329632 31.289780 0.000000 1.114560 1.367671 2.394072 4.684707 10.022749 0.181992
298 35.090652 30.361902 0.000000 1.167928 1.439663 2.601109 5.222754 11.385529 0.342057
