%% Trajectory 25
%% frame x (pixel)     y (pixel)    z (pixel)      m0         m1           m2           m3           m4           s 
97 34.325924 55.108738 0.000000 1.516070 1.303115 2.129005 3.813083 7.344291 0.166667
99 34.295536 55.629383 0.000000 1.629861 1.307863 2.157581 3.921701 7.704293 0.166667
101 34.697861 55.535046 0.000000 1.398904 1.290718 2.083549 3.682216 6.994350 0.200000
102 34.681461 55.792664 0.000000 2.124443 1.302873 2.120538 3.780181 7.242816 0.166667
103 34.453526 55.508587 0.000000 2.118385 1.275850 2.038381 3.557737 6.658440 0.200000
104 34.585159 55.287430 0.000000 1.953578 1.272447 2.036122 3.571966 6.747360 0.200003
105 34.351357 55.356945 0.000000 1.711829 1.275810 2.042437 3.582785 6.763525 0.207867
106 34.322849 55.380421 0.000000 1.333664 1.246535 1.969255 3.401616 6.309739 0.200000
108 34.442799 55.099075 0.000000 2.450502 1.292248 2.112867 3.798614 7.370691 0.166692
109 34.473053 55.163849 0.000000 2.033501 1.298629 2.126601 3.841372 7.521388 0.166693
110 34.592239 55.215340 0.000000 2.093602 1.331007 2.237307 4.140272 8.263197 0.166684
111 34.643543 55.086323 0.000000 2.110675 1.267027 2.026252 3.541894 6.638414 0.204769
112 34.522945 55.001244 0.000000 1.931765 1.358507 2.322860 4.379216 8.914150 0.143433
113 34.407738 55.327328 0.000000 2.000040 1.241815 1.944745 3.335442 6.162583 0.166668
114 34.447605 55.153057 0.000000 2.261620 1.270581 2.037046 3.583638 6.792585 0.166785
115 34.395302 54.932259 0.000000 2.384299 1.259009 1.997344 3.484106 6.576371 0.173845
116 34.588444 55.207710 0.000000 2.918884 1.264601 2.006157 3.476547 6.463573 0.200000
117 34.353092 55.325783 0.000000 2.456858 1.264586 2.027426 3.569025 6.777692 0.296207
118 34.553509 55.047012 0.000000 2.039547 1.277983 2.060305 3.633785 6.873960 0.200023
119 34.423588 54.774776 0.000000 2.351387 1.272786 2.049609 3.641457 7.022009 0.200184
120 34.866074 54.926598 0.000000 1.975641 1.335206 2.265845 4.279870 8.824999 0.261637
121 34.638859 55.398121 0.000000 2.514961 1.279302 2.053384 3.606291 6.806427 0.212744
122 34.372337 55.134460 0.000000 2.650988 1.307706 2.138583 3.818578 7.296069 0.261759
123 34.616337 55.088097 0.000000 2.797885 1.275024 2.038640 3.562968 6.681613 0.250449
124 34.397823 55.033039 0.000000 2.940266 1.280230 2.074566 3.707034 7.179730 0.251218
125 34.587456 55.006416 0.000000 3.370757 1.334701 2.245708 4.170358 8.378774 0.256063
126 34.490429 55.117138 0.000000 2.801834 1.288364 2.088332 3.706732 7.068364 0.250008
127 34.437122 54.789558 0.000000 2.462522 1.279461 2.057334 3.625832 6.876352 0.250000
128 34.620392 54.901745 0.000000 2.630196 1.305721 2.150440 3.894861 7.611180 0.250002
129 34.534531 54.907585 0.000000 3.200015 1.303318 2.121938 3.771683 7.176039 0.463087
130 34.503448 55.044945 0.000000 3.293195 1.296482 2.106693 3.747579 7.163309 0.250537
131 34.557846 55.073635 0.000000 3.099483 1.273354 2.041817 3.589949 6.799045 0.250004
132 34.471085 55.098595 0.000000 2.915030 1.285352 2.095610 3.780567 7.423846 0.250000
133 34.734726 54.895184 0.000000 2.716057 1.328514 2.226780 4.141435 8.395996 0.250000
134 34.669384 54.932426 0.000000 2.557360 1.292029 2.092223 3.700316 7.006176 0.250000
135 34.790527 55.187775 0.000000 3.099307 1.312646 2.173235 3.973649 7.876951 0.250000
136 34.825737 54.986851 0.000000 2.773169 1.362196 2.330153 4.401105 8.990088 0.250001
137 34.930119 54.942383 0.000000 2.847786 1.374519 2.401672 4.678672 9.936841 0.201726
138 34.978615 54.742592 0.000000 2.743469 1.316275 2.191125 4.023985 7.994218 0.250032
139 35.118107 54.763283 0.000000 3.119212 1.309161 2.160831 3.932374 7.740616 0.250000
140 35.315727 54.588703 0.000000 2.865024 1.300420 2.126786 3.822761 7.414610 0.250219
141 35.420921 54.762527 0.000000 2.899844 1.277987 2.049891 3.592479 6.748987 0.250000
142 35.369381 54.419804 0.000000 3.194417 1.287792 2.080316 3.679005 6.991774 0.250000
143 35.359749 54.795536 0.000000 2.906822 1.385093 2.416301 4.676505 9.836957 0.200000
144 35.522717 54.546638 0.000000 2.870491 1.315233 2.157202 3.867681 7.432557 0.250000
145 35.513268 54.345249 0.000000 3.112339 1.319222 2.179904 3.946903 7.675971 0.250000
146 35.558628 54.647289 0.000000 2.419804 1.300214 2.119859 3.795698 7.331423 0.250000
147 35.534847 54.588634 0.000000 2.748931 1.258316 1.988835 3.437532 6.384108 0.333333
148 36.003883 54.622478 0.000000 2.728262 1.330734 2.227469 4.106578 8.180260 0.250000
149 36.172840 54.713139 0.000000 2.551967 1.335778 2.246250 4.176203 8.423247 0.250000
150 35.809776 54.533058 0.000000 2.594996 1.333824 2.223742 4.086244 8.129058 0.250001
151 35.675606 54.219318 0.000000 2.136170 1.275792 2.049359 3.625257 6.943166 0.250001
