%% Trajectory 12
%% frame x (pixel)     y (pixel)    z (pixel)      m0         m1           m2           m3           m4           s 
44 80.569946 88.480812 0.000000 1.190074 1.331495 2.256708 4.272045 8.861394 0.111111
45 80.702728 88.775566 0.000000 1.231600 1.372038 2.388975 4.638415 9.832192 0.111119
46 80.976807 88.806564 0.000000 0.955649 1.330338 2.258584 4.293323 8.970505 0.125000
47 81.090668 88.548607 0.000000 1.082192 1.394073 2.486961 4.991325 11.003787 0.125000
48 80.912682 88.346893 0.000000 1.107147 1.319359 2.232076 4.235303 8.844153 0.111243
49 80.704048 88.728600 0.000000 1.044992 1.311574 2.201692 4.136874 8.550106 0.111111
50 80.995743 88.416725 0.000000 1.585286 1.310717 2.180693 4.041104 8.193981 0.111111
51 80.771706 88.205162 0.000000 1.434834 1.403740 2.492817 4.912940 10.506105 0.125259
52 80.937439 88.242958 0.000000 1.371214 1.422813 2.543193 5.047717 10.873586 0.125000
53 80.823082 88.504005 0.000000 1.214411 1.306704 2.177630 4.058663 8.321944 0.125000
54 80.664902 88.698044 0.000000 1.189878 1.291418 2.131459 3.927481 7.949451 0.125040
55 80.769623 88.501266 0.000000 1.382116 1.293678 2.162680 4.084044 8.569207 0.117533
56 80.956963 88.218399 0.000000 1.246957 1.375730 2.429620 4.847965 10.674843 0.114348
58 80.641045 88.834442 0.000000 1.240076 1.314155 2.212225 4.145097 8.480877 0.115301
59 80.924576 88.579880 0.000000 1.179133 1.367851 2.354129 4.519013 9.488060 0.100001
60 80.709801 88.561958 0.000000 1.677701 1.262955 2.038537 3.660172 7.205986 0.125082
61 80.681953 88.629036 0.000000 1.531084 1.293016 2.105479 3.778552 7.346859 0.195378
62 80.434067 88.559669 0.000000 1.470990 1.328197 2.249169 4.239771 8.723951 0.130905
63 80.656929 88.323456 0.000000 1.253449 1.274935 2.081272 3.795293 7.607697 0.125001
64 80.647194 88.870735 0.000000 1.451663 1.251201 1.997059 3.516608 6.720781 0.125022
65 80.590446 88.486282 0.000000 1.284071 1.228666 1.924695 3.362564 6.487386 0.142857
66 80.420662 88.469162 0.000000 1.637388 1.246790 1.974649 3.454839 6.583574 0.142857
67 80.614220 88.752625 0.000000 1.610718 1.301352 2.136029 3.868529 7.596459 0.125004
68 80.689255 88.498962 0.000000 1.891566 1.236456 1.941129 3.365031 6.354994 0.125000
69 80.589706 88.698898 0.000000 1.503534 1.181628 1.770444 2.903002 5.146004 0.125001
70 80.872009 88.811424 0.000000 1.440871 1.239355 1.986447 3.563067 7.046547 0.125000
71 80.712044 88.793633 0.000000 1.361585 1.203882 1.863751 3.204337 6.052921 0.125000
72 80.879097 88.805061 0.000000 1.443480 1.246599 1.994276 3.544436 6.892899 0.142857
73 80.772827 88.712212 0.000000 1.469627 1.144581 1.684675 2.720104 4.767570 0.125000
74 80.813438 88.410248 0.000000 1.744738 1.214972 1.868750 3.151479 5.742029 0.125000
75 80.763817 88.637955 0.000000 1.854744 1.207843 1.852173 3.128997 5.753062 0.125000
76 80.644699 88.396317 0.000000 1.711192 1.258673 2.008221 3.535613 6.758745 0.125000
77 80.697899 88.674072 0.000000 1.407139 1.146648 1.679276 2.695614 4.699528 0.125000
78 80.690552 88.756538 0.000000 1.865822 1.205580 1.850671 3.128532 5.750783 0.125003
79 80.821465 88.600044 0.000000 1.979510 1.214809 1.870368 3.157179 5.754619 0.125000
80 80.769661 88.415848 0.000000 1.826632 1.287708 2.108237 3.825359 7.563716 0.125000
81 80.688148 88.287384 0.000000 1.530608 1.233427 1.946033 3.384122 6.381547 0.125000
82 80.567894 88.341568 0.000000 1.501368 1.208973 1.870963 3.215021 6.070047 0.125000
83 80.612869 88.643173 0.000000 1.561085 1.155806 1.702311 2.744096 4.792446 0.125028
84 80.840935 88.491562 0.000000 1.919203 1.268652 2.035282 3.590990 6.847393 0.150747
85 80.752365 88.709145 0.000000 1.368629 1.154018 1.703338 2.752397 4.817213 0.125000
86 80.821922 88.590553 0.000000 1.732287 1.220792 1.906894 3.300060 6.247687 0.125649
87 80.650230 88.515686 0.000000 1.571468 1.178207 1.770254 2.918287 5.211334 0.125000
88 80.768684 88.531792 0.000000 1.743444 1.173671 1.753126 2.870944 5.093975 0.125000
89 80.881447 88.566208 0.000000 1.469464 1.193894 1.825556 3.069533 5.592501 0.125000
90 80.790047 88.462608 0.000000 1.679644 1.173710 1.759621 2.892695 5.150109 0.111111
91 80.914635 88.263390 0.000000 1.694638 1.228106 1.931639 3.358181 6.351009 0.142858
92 80.682465 88.458412 0.000000 1.733503 1.199290 1.837369 3.108042 5.737545 0.125141
93 80.771019 88.461304 0.000000 1.651261 1.192993 1.822522 3.053903 5.528645 0.142858
94 80.960846 88.622711 0.000000 1.799005 1.225102 1.931040 3.389631 6.539385 0.151281
95 80.797310 88.430222 0.000000 1.891288 1.193418 1.811402 3.016472 5.435620 0.188951
96 80.821320 88.511612 0.000000 1.991773 1.179351 1.776505 2.958190 5.397829 0.142857
97 80.896080 88.469246 0.000000 1.280921 1.186001 1.811896 3.072380 5.723510 0.125009
98 80.795761 88.449242 0.000000 1.836557 1.202135 1.844177 3.102795 5.637732 0.142857
99 80.826393 88.605820 0.000000 1.824568 1.187893 1.792519 2.966407 5.314028 0.142857
100 80.666183 88.554436 0.000000 1.610627 1.157479 1.695593 2.716434 4.717545 0.142857
101 80.778870 88.575897 0.000000 1.999952 1.188564 1.799200 2.985921 5.358969 0.142857
102 80.761620 88.325157 0.000000 2.027277 1.186390 1.793860 2.974630 5.337688 0.166667
103 80.716988 88.338234 0.000000 2.103257 1.240175 1.954044 3.390206 6.374544 0.142858
104 80.841896 88.387863 0.000000 2.100572 1.219437 1.888035 3.205881 5.874188 0.125000
105 80.834442 88.300209 0.000000 2.041870 1.213915 1.885485 3.232119 6.026733 0.125000
106 80.836121 88.374237 0.000000 2.042757 1.202761 1.848909 3.124957 5.723310 0.125002
107 80.930435 88.141144 0.000000 2.114800 1.271416 2.058462 3.670630 7.070522 0.142857
108 80.969231 88.000877 0.000000 1.900415 1.320515 2.216842 4.127934 8.350917 0.126102
109 80.837250 88.028084 0.000000 1.918286 1.240736 1.958394 3.396736 6.359608 0.142857
110 81.050224 88.019958 0.000000 1.990352 1.334291 2.275460 4.315322 8.908315 0.142857
111 80.796059 88.024986 0.000000 1.757751 1.258894 2.005653 3.500471 6.565662 0.125000
112 80.885773 87.941376 0.000000 1.830484 1.268487 2.054426 3.687495 7.205198 0.142857
113 80.836960 87.885086 0.000000 2.027249 1.264887 2.018019 3.539046 6.705911 0.152650
114 80.560959 87.884979 0.000000 2.252784 1.219274 1.881630 3.183243 5.815328 0.156386
115 80.489403 87.643860 0.000000 2.215287 1.198071 1.816336 3.012945 5.394723 0.143056
116 80.567642 87.785233 0.000000 1.736636 1.207181 1.845287 3.085969 5.565706 0.146262
117 80.286156 87.524605 0.000000 2.134486 1.222597 1.881802 3.168638 5.750529 0.196771
118 80.290512 87.631645 0.000000 2.215272 1.227597 1.918352 3.314273 6.251514 0.323078
119 80.373146 87.617455 0.000000 2.016407 1.234015 1.918330 3.262021 5.970060 0.125003
120 80.038849 87.413635 0.000000 1.744320 1.270113 2.051578 3.670059 7.149867 0.111111
121 80.230133 87.573814 0.000000 1.564682 1.169900 1.735074 2.811671 4.923114 0.166667
122 80.270088 87.620445 0.000000 1.671693 1.188566 1.786482 2.940486 5.239254 0.125000
123 80.077713 87.665779 0.000000 1.727904 1.280670 2.049159 3.578752 6.697289 0.111113
124 80.092476 87.452896 0.000000 1.519894 1.240451 1.947320 3.355260 6.246583 0.125000
125 80.347305 87.551476 0.000000 1.445502 1.220495 1.899594 3.266095 6.123343 0.142857
126 80.472481 87.550873 0.000000 1.119496 1.234912 1.932831 3.338205 6.278505 0.125000
127 79.953720 87.079803 0.000000 1.286676 1.311942 2.199650 4.080000 8.201649 0.143199
128 80.123398 86.613785 0.000000 1.017320 1.312783 2.140879 3.813720 7.283737 0.137732
129 80.318336 86.591942 0.000000 0.969499 1.342716 2.263734 4.192587 8.360195 0.225130
131 79.384331 86.646530 0.000000 0.628040 1.234936 1.956857 3.441888 6.624947 0.125000
132 79.237114 86.816162 0.000000 0.935357 1.273199 2.044960 3.609890 6.878606 0.125204
133 79.431252 86.711037 0.000000 0.941618 1.250431 1.976603 3.444718 6.522780 0.144191
