%% Trajectory 59
%% frame x (pixel)     y (pixel)    z (pixel)      m0         m1           m2           m3           m4           s 
141 38.434410 44.048298 0.000000 0.942547 1.507131 2.821685 5.826305 12.945619 0.258690
143 37.878834 43.992989 0.000000 0.949265 1.420554 2.591253 5.324528 12.007422 0.172180
144 38.397888 44.298130 0.000000 0.963475 1.341520 2.331890 4.565685 9.852828 0.166668
145 38.409218 44.282761 0.000000 1.350637 1.388007 2.403975 4.591989 9.470723 0.200000
147 38.582504 43.545074 0.000000 0.983587 1.338117 2.278718 4.356862 9.171614 0.167955
148 38.425972 43.921318 0.000000 1.241268 1.423138 2.551811 5.105977 11.144404 0.166667
149 38.164421 44.034653 0.000000 1.348819 1.378785 2.434456 4.828941 10.514646 0.200001
150 38.273510 44.601700 0.000000 1.128002 1.408251 2.526843 5.063274 11.062354 0.173030
152 38.574112 44.252785 0.000000 1.108268 1.360154 2.323268 4.386686 8.974339 0.210391
153 38.414932 44.258793 0.000000 1.379865 1.286029 2.076120 3.670043 6.973772 0.200755
154 37.591488 44.297226 0.000000 1.296355 1.292481 2.108144 3.780657 7.316380 0.219181
156 38.337803 43.769154 0.000000 1.372671 1.281321 2.071067 3.669267 6.990857 0.250000
157 38.294933 44.331543 0.000000 1.583412 1.416327 2.505320 4.923679 10.528215 0.200255
158 38.443409 44.258488 0.000000 2.126410 1.399094 2.450282 4.741891 9.923718 0.220117
160 38.666080 44.068653 0.000000 2.304972 1.467206 2.694191 5.485280 12.095814 0.250000
161 38.548431 44.091770 0.000000 1.575269 1.495636 2.765253 5.642357 12.419978 0.150463
162 38.401623 43.980515 0.000000 1.848760 1.353679 2.290294 4.256032 8.507345 0.171563
163 38.680180 43.976170 0.000000 1.921180 1.449286 2.619416 5.231976 11.293242 0.313354
164 38.547253 43.946518 0.000000 1.722463 1.382807 2.432188 4.773937 10.237167 0.125006
165 38.212711 43.856846 0.000000 1.993118 1.341690 2.290358 4.358310 9.062366 0.240321
166 38.664543 44.391541 0.000000 1.668512 1.370347 2.363571 4.504393 9.292822 0.201000
167 38.160480 44.309372 0.000000 1.985306 1.457197 2.622038 5.173428 10.942870 0.143234
168 38.133991 43.963974 0.000000 1.685655 1.429982 2.559425 5.064528 10.830489 0.111115
170 38.488628 43.869827 0.000000 2.385267 1.310920 2.148157 3.850031 7.399799 0.117569
171 38.262493 43.731018 0.000000 1.715388 1.399511 2.465629 4.827852 10.279651 0.111111
172 38.657654 44.001247 0.000000 1.888456 1.356186 2.314292 4.356131 8.853818 0.137676
173 38.423164 43.935902 0.000000 2.252841 1.380471 2.382575 4.537858 9.342987 0.171831
174 38.533947 43.781395 0.000000 2.077530 1.417000 2.506157 4.878655 10.232296 0.125000
175 38.652069 43.800529 0.000000 2.313636 1.346346 2.283327 4.302968 8.846760 0.235381
176 38.452892 43.654366 0.000000 2.091126 1.318111 2.178001 3.940324 7.651159 0.166667
177 38.863789 43.929604 0.000000 1.916782 1.361518 2.335276 4.430533 9.111518 0.125000
178 38.428005 43.882740 0.000000 2.176706 1.361968 2.311132 4.295956 8.568738 0.161062
179 38.418976 44.030598 0.000000 2.322117 1.331676 2.236948 4.144570 8.304784 0.172342
180 38.422119 43.873280 0.000000 2.297115 1.371347 2.367598 4.542074 9.489029 0.125000
181 38.185780 43.837833 0.000000 1.965332 1.369940 2.347667 4.443639 9.101816 0.136344
182 38.376369 43.866333 0.000000 2.463867 1.364162 2.336790 4.434059 9.138937 0.166667
183 38.786499 43.789013 0.000000 2.413670 1.369040 2.348292 4.469553 9.260828 0.143155
184 38.719795 43.995392 0.000000 3.024349 1.348321 2.280396 4.243713 8.511786 0.125000
185 38.651119 43.815521 0.000000 2.667141 1.387209 2.405649 4.599308 9.497381 0.125000
186 38.568222 43.670929 0.000000 2.359172 1.337156 2.218049 4.012608 7.757939 0.111111
187 38.286663 43.616650 0.000000 2.644764 1.327495 2.196650 3.986785 7.784872 0.166667
188 38.466862 43.562904 0.000000 2.645416 1.281603 2.055061 3.598938 6.754707 0.142857
189 38.499687 43.816349 0.000000 3.055341 1.330570 2.208104 4.018862 7.866952 0.142857
190 38.607391 43.624390 0.000000 2.794220 1.401127 2.446588 4.718421 9.847581 0.142857
191 38.433964 43.724308 0.000000 2.444618 1.401926 2.471047 4.815660 10.148051 0.205260
192 38.904243 43.819115 0.000000 2.806134 1.362405 2.326725 4.375226 8.879317 0.200000
193 38.805191 43.705158 0.000000 2.618143 1.379390 2.382224 4.534666 9.322769 0.142857
195 38.458988 44.035831 0.000000 2.803980 1.433209 2.563477 5.064958 10.811744 0.142857
196 38.725643 43.869068 0.000000 3.171756 1.430736 2.553033 5.029477 10.702361 0.166667
197 38.815922 43.832142 0.000000 3.064810 1.352125 2.279831 4.221314 8.410571 0.200000
198 38.699654 43.657421 0.000000 2.413599 1.336551 2.244695 4.158098 8.329851 0.142857
199 38.562275 43.783737 0.000000 2.798439 1.333956 2.219225 4.048439 7.939184 0.166667
200 38.787701 43.691551 0.000000 2.804509 1.456746 2.649097 5.335017 11.629640 0.166667
201 39.152256 43.644676 0.000000 2.971143 1.388318 2.410111 4.628469 9.631468 0.166669
202 39.034081 43.601856 0.000000 2.910688 1.402886 2.484620 4.894423 10.494212 0.142858
203 39.270985 43.505543 0.000000 2.729182 1.356833 2.336934 4.487581 9.419529 0.200000
204 39.439911 43.423985 0.000000 3.029344 1.355619 2.280542 4.198868 8.295662 0.166667
205 39.287216 43.446129 0.000000 2.657822 1.386314 2.432792 4.768811 10.228271 0.166667
206 39.294380 43.540691 0.000000 2.767498 1.360791 2.328510 4.400702 9.008090 0.142875
207 39.671623 43.421528 0.000000 2.655278 1.384559 2.409809 4.654449 9.779614 0.125121
208 39.459106 43.621624 0.000000 2.752395 1.310297 2.161788 3.929785 7.728119 0.178602
209 39.697395 43.504063 0.000000 2.821240 1.377502 2.388717 4.601366 9.655296 0.125391
210 39.389683 43.731167 0.000000 2.569958 1.376149 2.394125 4.642112 9.828396 0.166675
212 39.591789 43.820702 0.000000 1.906740 1.423702 2.536743 4.997776 10.644975 0.143576
214 40.471989 43.695362 0.000000 2.955045 1.415428 2.483019 4.795343 9.982649 0.200111
216 40.157993 44.141289 0.000000 3.058585 1.487021 2.745200 5.597822 12.317463 0.166668
217 40.060490 43.933544 0.000000 2.821584 1.460825 2.694731 5.537359 12.361945 0.166667
218 40.272648 43.832142 0.000000 3.115704 1.410444 2.468776 4.752995 9.859169 0.142857
219 40.386059 44.041039 0.000000 2.355187 1.469733 2.708741 5.544067 12.291913 0.166678
220 40.630497 44.064911 0.000000 2.375489 1.472934 2.726858 5.625227 12.611696 0.166667
221 40.730339 44.173294 0.000000 2.215553 1.572664 3.029739 6.428784 14.661422 0.200000
223 40.027039 45.307587 0.000000 1.534476 1.506053 2.879621 6.155572 14.314447 0.148531
225 40.958282 45.297741 0.000000 2.104996 1.482000 2.742027 5.619913 12.459837 0.125000
226 40.789009 45.341404 0.000000 1.977361 1.417814 2.491438 4.831653 10.128191 0.166672
228 41.420296 43.841522 0.000000 1.032785 1.386082 2.479982 5.040111 11.355276 0.092919
