%% Trajectory 1
%% frame x (pixel)     y (pixel)    z (pixel)      m0         m1           m2           m3           m4           s 
0 78.659973 61.392052 0.000000 1.052353 1.326669 2.205911 4.049799 8.064915 0.235359
1 78.775330 61.270279 0.000000 0.927551 1.324421 2.199091 4.033890 8.029081 0.144262
2 78.833565 61.233765 0.000000 1.186743 1.332546 2.216764 4.043190 7.929113 0.144399
3 78.730286 61.249352 0.000000 1.586472 1.273020 2.036102 3.558625 6.669492 0.151393
4 78.766632 61.379391 0.000000 1.700074 1.324195 2.197091 4.007638 7.887815 0.143179
5 78.837074 61.303501 0.000000 1.806140 1.311144 2.162823 3.929301 7.718115 0.154700
6 78.923203 61.063229 0.000000 1.346256 1.322781 2.208779 4.081692 8.187223 0.188767
7 78.684013 61.268642 0.000000 1.817914 1.275078 2.039269 3.563513 6.676815 0.148539
8 78.890846 61.160812 0.000000 1.523869 1.321979 2.196847 4.019752 7.944092 0.226451
9 78.691811 61.084270 0.000000 1.645129 1.341740 2.288990 4.343545 8.987643 0.147845
10 78.824959 61.405910 0.000000 1.798782 1.295039 2.107435 3.766306 7.260639 0.172323
11 78.940926 61.253300 0.000000 1.648609 1.324481 2.208103 4.068868 8.135324 0.153743
12 78.829414 61.231293 0.000000 1.524529 1.308323 2.159303 3.944477 7.834076 0.143034
13 78.871506 61.120522 0.000000 1.260143 1.328661 2.234551 4.159231 8.408354 0.142857
14 78.647285 61.465298 0.000000 1.571301 1.311493 2.146069 3.835663 7.339580 0.143818
15 78.926567 61.210655 0.000000 1.802823 1.332533 2.232467 4.121624 8.223727 0.149338
16 78.903648 61.075684 0.000000 1.922321 1.339194 2.252721 4.181177 8.393660 0.210180
17 78.844254 61.194187 0.000000 1.777114 1.319938 2.187149 3.989246 7.858925 0.229413
18 79.022034 61.240250 0.000000 2.074660 1.337126 2.252137 4.182658 8.391614 0.157979
19 78.792274 61.112617 0.000000 2.354482 1.317815 2.174141 3.935210 7.663465 0.166592
20 78.919098 61.227692 0.000000 2.427099 1.296531 2.110988 3.773813 7.270028 0.144213
21 78.884995 61.306515 0.000000 2.367236 1.302069 2.125344 3.807872 7.349632 0.281215
22 78.931648 61.134033 0.000000 2.469307 1.346469 2.278756 4.245363 8.527829 0.194329
23 78.641251 61.235863 0.000000 2.320709 1.294019 2.092568 3.708472 7.073557 0.177381
24 78.831848 61.234547 0.000000 2.446796 1.298865 2.117665 3.794018 7.333966 0.272665
25 78.763748 61.133289 0.000000 2.360284 1.297116 2.115487 3.794668 7.352695 0.148536
26 78.868080 61.154385 0.000000 2.378145 1.320216 2.192348 4.013979 7.948855 0.142872
27 78.715309 61.164791 0.000000 2.433628 1.334364 2.238520 4.133765 8.238914 0.143020
28 78.728607 61.288185 0.000000 2.761012 1.273169 2.031984 3.542765 6.623754 0.159525
29 78.865143 61.148815 0.000000 3.038578 1.334223 2.230555 4.098239 8.110466 0.201979
30 78.869308 61.241978 0.000000 2.464906 1.318226 2.182405 3.977142 7.824879 0.142863
31 78.773590 61.166569 0.000000 2.453990 1.312126 2.163517 3.925087 7.689442 0.170321
32 78.762802 61.112282 0.000000 2.572283 1.312351 2.161520 3.913464 7.641445 0.215459
33 78.801460 60.971272 0.000000 2.173372 1.337048 2.254975 4.209709 8.532719 0.142857
34 78.871445 61.215618 0.000000 2.465921 1.332348 2.237803 4.160286 8.400405 0.142857
35 78.947319 61.253643 0.000000 2.656249 1.317261 2.190616 4.017344 7.964868 0.142858
36 78.793739 61.288216 0.000000 3.006543 1.291755 2.093369 3.716713 7.096008 0.214966
37 78.857834 61.093853 0.000000 2.443616 1.350656 2.289319 4.281949 8.662075 0.142857
38 78.928993 61.243069 0.000000 2.369567 1.312511 2.181180 4.010345 8.004591 0.142857
39 78.886093 61.171974 0.000000 2.771837 1.300857 2.133734 3.854796 7.527139 0.142862
40 78.798714 61.275826 0.000000 2.791464 1.284894 2.079744 3.697063 7.086795 0.143119
41 78.799789 61.264023 0.000000 2.732965 1.277086 2.049740 3.601865 6.802088 0.125028
42 78.835953 61.093349 0.000000 2.946089 1.315737 2.180429 3.988055 7.898499 0.125026
43 78.828400 61.227940 0.000000 2.820212 1.300666 2.128567 3.833841 7.463343 0.131740
44 78.935753 61.212429 0.000000 2.820991 1.335464 2.248712 4.180312 8.409310 0.111493
45 78.829865 61.197647 0.000000 2.486994 1.299563 2.122997 3.809977 7.373050 0.114473
46 78.849014 61.259331 0.000000 2.972984 1.290859 2.092092 3.720191 7.126467 0.142740
47 78.899292 61.162735 0.000000 2.921330 1.294563 2.111999 3.790878 7.346992 0.216197
48 78.809746 61.180901 0.000000 2.775148 1.291707 2.104582 3.775962 7.324477 0.155149
49 78.802826 61.094883 0.000000 3.161464 1.309606 2.160600 3.927764 7.721660 0.120130
50 78.851913 61.356903 0.000000 3.251599 1.305543 2.144609 3.878987 7.587209 0.111321
51 78.842422 61.215935 0.000000 2.947337 1.297159 2.116748 3.802761 7.387174 0.178021
52 78.796265 61.301922 0.000000 3.163797 1.312601 2.156492 3.881434 7.505696 0.125000
53 78.686111 61.226269 0.000000 3.063690 1.284506 2.071730 3.656180 6.927831 0.125721
54 78.844833 61.136799 0.000000 3.257383 1.313871 2.169392 3.941824 7.732095 0.125002
55 78.751945 61.286957 0.000000 3.035332 1.288479 2.084889 3.698011 7.058064 0.111111
56 78.874542 61.203049 0.000000 3.310821 1.310898 2.162146 3.925273 7.696921 0.111111
57 78.945312 61.099079 0.000000 2.779609 1.352056 2.299490 4.327088 8.829199 0.125000
58 78.777733 61.172997 0.000000 3.466996 1.327400 2.206704 4.029965 7.928622 0.111112
59 78.849274 61.241093 0.000000 3.074551 1.304706 2.142491 3.875090 7.579205 0.100000
60 78.872978 61.330956 0.000000 3.724375 1.316476 2.176775 3.963785 7.805904 0.125042
61 78.786346 61.284435 0.000000 2.788548 1.290116 2.090270 3.719950 7.140442 0.111111
62 78.777779 61.304222 0.000000 3.049085 1.274779 2.043303 3.589982 6.791042 0.125000
63 78.776840 61.432354 0.000000 3.065202 1.315511 2.166273 3.906075 7.560712 0.125000
64 78.674652 61.428959 0.000000 3.163362 1.267488 2.015550 3.502134 6.529101 0.125000
65 78.566711 61.461311 0.000000 3.000644 1.263270 2.003739 3.474226 6.468263 0.142857
66 78.608627 61.632027 0.000000 3.148847 1.284450 2.064299 3.622416 6.809451 0.142859
67 78.507027 61.621014 0.000000 2.980560 1.295298 2.095974 3.701585 6.996978 0.125000
68 78.402481 61.671738 0.000000 2.960582 1.268979 2.019924 3.512788 6.553487 0.125001
69 78.471321 61.669365 0.000000 3.007016 1.273268 2.031053 3.539102 6.613079 0.125000
70 78.405487 61.794956 0.000000 2.983674 1.290006 2.080375 3.661842 6.900354 0.125004
71 78.480515 61.925652 0.000000 2.869868 1.341355 2.249170 4.139462 8.194623 0.126544
72 78.281334 61.892899 0.000000 2.543308 1.311705 2.161646 3.912888 7.630593 0.244056
73 78.361542 61.852291 0.000000 2.909134 1.293187 2.096272 3.715446 7.061938 0.125390
74 78.242889 61.788254 0.000000 2.931978 1.297855 2.105141 3.732169 7.094926 0.125289
75 78.213417 61.900700 0.000000 2.303846 1.305772 2.148229 3.893827 7.634644 0.125044
76 78.242584 61.916782 0.000000 2.563877 1.302548 2.130451 3.825418 7.398250 0.125000
77 78.185654 62.243366 0.000000 2.630121 1.319657 2.180484 3.954290 7.722920 0.129808
78 78.051857 62.392632 0.000000 2.262998 1.291090 2.082426 3.667912 6.920166 0.125003
79 78.079758 62.253860 0.000000 2.841759 1.349154 2.276771 4.230044 8.486297 0.129105
80 78.089157 62.433834 0.000000 2.393034 1.289191 2.082283 3.678740 6.977106 0.125005
81 78.094002 62.196934 0.000000 2.369435 1.324527 2.194213 3.992035 7.826097 0.125000
82 78.030991 62.162354 0.000000 2.164842 1.392721 2.449495 4.789819 10.189077 0.178574
83 77.909851 62.360950 0.000000 1.635800 1.295148 2.105261 3.749663 7.179281 0.125072
84 77.642715 61.720840 0.000000 1.798879 1.313151 2.166134 3.931500 7.708389 0.150747
85 77.771873 61.854191 0.000000 1.733991 1.359893 2.302322 4.264068 8.460450 0.125000
86 77.897362 61.721397 0.000000 1.432767 1.270742 2.031453 3.555056 6.683613 0.125649
87 77.665894 62.064835 0.000000 1.423541 1.408332 2.485138 4.854129 10.268608 0.164522
88 78.072571 61.940277 0.000000 1.383347 1.366600 2.354880 4.488819 9.263020 0.125182
89 77.876465 61.992046 0.000000 1.237373 1.380924 2.404046 4.630562 9.653461 0.125000
90 77.608818 61.654629 0.000000 0.954638 1.421948 2.552005 5.091508 11.027372 0.136385
92 77.881432 61.899811 0.000000 0.887883 1.417140 2.621240 5.481135 12.599282 0.125000
