%% Trajectory 50
%% frame x (pixel)     y (pixel)    z (pixel)      m0         m1           m2           m3           m4           s 
159 64.242172 35.991566 0.000000 0.808466 1.495047 2.790560 5.769058 12.895159 0.200014
160 63.734482 35.861378 0.000000 1.016027 1.329825 2.247347 4.228825 8.700706 0.202574
161 63.447975 35.953785 0.000000 0.778425 1.384559 2.488586 5.066989 11.394870 0.272297
162 63.466122 36.442772 0.000000 0.801924 1.388576 2.465982 4.908890 10.712457 0.223349
164 63.185143 36.163139 0.000000 1.143582 1.388434 2.445132 4.776925 10.125099 0.144819
166 63.058617 35.843830 0.000000 0.835005 1.352415 2.349094 4.559411 9.653981 0.128707
168 63.626896 36.382160 0.000000 1.274108 1.513042 2.817008 5.770233 12.699225 0.150012
170 63.744663 35.971123 0.000000 1.515372 1.266946 2.046330 3.667387 7.181575 0.189863
171 63.865108 35.907764 0.000000 1.504114 1.327875 2.225214 4.094495 8.100997 0.190573
172 63.653919 35.840145 0.000000 1.885474 1.278010 2.050050 3.591837 6.743089 0.196754
173 63.939461 35.925362 0.000000 1.511225 1.404208 2.468223 4.802771 10.122668 0.170602
174 63.695892 35.972469 0.000000 1.296230 1.319415 2.226281 4.202811 8.716991 0.167965
175 63.468060 36.047710 0.000000 1.437288 1.337040 2.264343 4.236643 8.576384 0.318016
176 63.584553 36.112774 0.000000 1.911859 1.327766 2.213282 4.052463 7.988935 0.284685
177 63.585464 35.998085 0.000000 2.249142 1.376590 2.372634 4.498068 9.182385 0.200001
178 63.488930 35.907455 0.000000 1.707428 1.341220 2.240563 4.103773 8.080990 0.183815
179 63.717323 35.609234 0.000000 1.971561 1.289074 2.090104 3.713607 7.093918 0.203438
180 63.509853 35.681953 0.000000 2.026382 1.283712 2.049253 3.575735 6.697404 0.200391
181 63.471775 35.983986 0.000000 2.074028 1.337904 2.262753 4.239509 8.624831 0.223118
182 63.656120 35.793613 0.000000 1.783880 1.356085 2.319168 4.418677 9.206594 0.200506
183 63.541065 36.036030 0.000000 2.423152 1.338815 2.238223 4.110975 8.135315 0.257374
184 63.386982 35.760498 0.000000 2.365501 1.321716 2.187553 3.968146 7.734524 0.243056
185 63.506313 35.888416 0.000000 2.107086 1.343005 2.255330 4.174137 8.356500 0.216987
186 63.582165 35.727451 0.000000 2.765316 1.291710 2.092875 3.709836 7.058927 0.200001
187 63.544621 35.680592 0.000000 2.703370 1.272532 2.032220 3.545738 6.634846 0.353188
188 63.588985 35.516678 0.000000 2.527830 1.302926 2.122454 3.778810 7.210498 0.225178
189 63.374687 35.677452 0.000000 3.000926 1.311550 2.155030 3.879493 7.503070 0.200013
190 63.396961 35.787327 0.000000 3.028126 1.290489 2.079512 3.657469 6.888074 0.214739
191 63.458473 35.697975 0.000000 3.484430 1.318803 2.184694 3.991234 7.900019 0.166667
192 63.361473 35.673050 0.000000 3.178630 1.291238 2.089534 3.705446 7.070715 0.312550
193 63.556469 35.748741 0.000000 3.517587 1.305468 2.139407 3.852370 7.484891 0.200000
194 63.414959 35.787476 0.000000 3.573173 1.293393 2.099320 3.733504 7.142193 0.166746
195 63.542908 35.858650 0.000000 2.907040 1.319485 2.176330 3.929427 7.615340 0.200998
196 63.454609 35.610409 0.000000 3.063145 1.296588 2.095476 3.695062 6.972420 0.413752
198 63.600956 35.709923 0.000000 3.782226 1.286983 2.070987 3.638107 6.844602 0.351774
199 63.404079 35.770149 0.000000 3.906403 1.304432 2.129434 3.812052 7.347476 0.200185
200 63.404346 35.842796 0.000000 3.847380 1.322123 2.180542 3.937954 7.637766 0.243050
201 63.441463 35.871593 0.000000 3.464529 1.336043 2.238880 4.129660 8.220454 0.229657
202 63.534409 35.784599 0.000000 3.390612 1.263442 2.004109 3.474751 6.467483 0.265939
203 63.564686 35.709896 0.000000 3.784456 1.300488 2.109936 3.737726 7.091552 0.354905
204 63.500992 35.858685 0.000000 3.332790 1.326841 2.205911 4.025070 7.905491 0.166669
205 63.615658 35.798496 0.000000 3.542557 1.258106 2.001179 3.499493 6.620174 0.200003
206 63.438637 35.809147 0.000000 3.762718 1.291453 2.081913 3.667009 6.924454 0.200038
207 63.547863 35.902977 0.000000 4.579753 1.316627 2.179724 3.978859 7.863648 0.200000
208 63.677475 35.742981 0.000000 3.738844 1.308514 2.153295 3.896235 7.612309 0.273788
209 63.629723 35.774651 0.000000 4.160263 1.283459 2.062538 3.617987 6.795982 0.200000
210 63.550674 35.856960 0.000000 4.474829 1.310780 2.153816 3.890665 7.587986 0.200000
211 63.680363 36.147972 0.000000 4.356970 1.299633 2.113412 3.764900 7.212641 0.200000
212 63.591118 36.036060 0.000000 3.639877 1.300981 2.136384 3.867331 7.576008 0.235780
213 63.582088 36.005508 0.000000 3.958183 1.350091 2.291070 4.288565 8.683471 0.168276
214 63.432068 35.990955 0.000000 4.168300 1.307868 2.144231 3.852712 7.439452 0.224572
215 63.545921 36.146179 0.000000 4.061858 1.309240 2.148359 3.871763 7.524047 0.209640
216 63.363071 36.362309 0.000000 4.264429 1.327545 2.205889 4.025544 7.916945 0.166746
217 63.182152 36.154163 0.000000 4.744603 1.341112 2.260767 4.204677 8.459727 0.166667
218 63.029518 36.290550 0.000000 4.055517 1.369325 2.342098 4.411914 8.964033 0.200001
219 62.941986 36.451317 0.000000 4.445048 1.334782 2.227813 4.083623 8.063682 0.200000
220 62.990643 36.547527 0.000000 4.376078 1.365608 2.349073 4.474372 9.251783 0.166667
221 62.656948 36.422112 0.000000 4.026943 1.326535 2.199608 3.987143 7.741323 0.200000
222 62.758770 36.483467 0.000000 4.362791 1.334705 2.225790 4.080184 8.069657 0.200000
223 62.778214 36.664856 0.000000 3.821871 1.334042 2.253740 4.226048 8.635912 0.166667
224 62.671204 36.784344 0.000000 3.599368 1.357403 2.310794 4.342379 8.835548 0.166667
225 62.697262 36.748672 0.000000 3.140176 1.324025 2.174422 3.894115 7.453173 0.166667
227 62.292389 37.217712 0.000000 3.694123 1.412943 2.482928 4.820489 10.130065 0.250000
229 61.369984 36.805447 0.000000 2.670837 1.412513 2.479339 4.793664 9.998888 0.142857
230 61.147816 36.592430 0.000000 3.036563 1.404900 2.467190 4.784118 10.027617 0.142919
231 61.390114 36.670227 0.000000 2.259547 1.366300 2.336536 4.404377 8.974731 0.142857
232 60.791626 36.568905 0.000000 2.074762 1.350587 2.297547 4.312060 8.755016 0.166668
234 61.097965 36.818783 0.000000 2.032270 1.484873 2.748883 5.649106 12.582741 0.200000
236 60.788177 36.551823 0.000000 1.396968 1.449103 2.646203 5.395362 11.990486 0.200000
