%% Trajectory 9
%% frame x (pixel)     y (pixel)    z (pixel)      m0         m1           m2           m3           m4           s 
24 27.167137 47.280586 0.000000 1.230745 1.338598 2.258864 4.214848 8.531128 0.196261
25 27.050724 47.229969 0.000000 1.044182 1.379242 2.398270 4.633749 9.745042 0.166672
27 26.817904 47.437023 0.000000 1.005041 1.284707 2.081877 3.725326 7.242648 0.182039
28 27.330051 47.307293 0.000000 1.023860 1.277269 2.048450 3.589886 6.744878 0.168394
29 26.955347 47.166615 0.000000 1.280169 1.397323 2.460424 4.812061 10.227652 0.284688
30 27.078619 46.937252 0.000000 1.143296 1.384391 2.412445 4.664345 9.795341 0.148999
31 27.129419 46.956940 0.000000 1.217074 1.385145 2.404193 4.612852 9.580031 0.142857
32 26.849012 47.301365 0.000000 1.393818 1.341861 2.261212 4.206770 8.472991 0.279297
33 27.095621 47.221882 0.000000 1.573519 1.331358 2.213256 4.042497 7.958216 0.217376
34 27.063890 47.187347 0.000000 1.521700 1.316224 2.194920 4.057603 8.164380 0.211855
35 26.994011 47.281010 0.000000 1.464919 1.376279 2.384960 4.580812 9.552651 0.144007
36 27.168684 47.006985 0.000000 1.499076 1.319705 2.198550 4.033145 7.986042 0.125166
37 27.063705 47.144169 0.000000 1.514821 1.316026 2.198345 4.065775 8.164762 0.157276
38 26.904390 47.127316 0.000000 1.409451 1.344500 2.281332 4.285145 8.731977 0.174957
39 27.131588 47.146618 0.000000 1.649985 1.336871 2.264723 4.266578 8.770835 0.143356
40 26.941559 47.057034 0.000000 1.537868 1.329554 2.228613 4.119936 8.231260 0.128933
41 26.868166 47.289932 0.000000 1.561751 1.358173 2.317010 4.367094 8.916042 0.154663
42 26.773243 47.163021 0.000000 1.785904 1.378911 2.387471 4.577424 9.522340 0.142955
43 27.223930 47.152882 0.000000 1.797158 1.338271 2.244519 4.144621 8.262908 0.143499
44 27.088509 47.041161 0.000000 1.759227 1.351298 2.306166 4.363679 8.973154 0.165543
45 27.233330 47.109318 0.000000 1.767968 1.330160 2.225233 4.101700 8.164879 0.265624
46 27.170040 47.145367 0.000000 1.782654 1.361743 2.326556 4.395523 9.001628 0.156601
47 26.860861 47.099850 0.000000 1.693668 1.367025 2.349727 4.475659 9.262462 0.155915
48 27.128464 47.105854 0.000000 1.968266 1.366484 2.344261 4.440625 9.101160 0.143826
49 26.965422 47.137268 0.000000 1.809620 1.369712 2.367330 4.529085 9.386219 0.143498
50 26.835018 46.973965 0.000000 1.679346 1.334478 2.235864 4.121323 8.190434 0.162496
51 26.884680 46.995247 0.000000 1.752845 1.393459 2.439477 4.727345 9.921600 0.166936
52 27.022877 47.135704 0.000000 1.842856 1.346992 2.303189 4.386504 9.119088 0.175947
53 27.195335 47.231770 0.000000 2.055272 1.316606 2.181102 3.984020 7.877785 0.143870
54 27.128914 47.273804 0.000000 1.722041 1.343187 2.268849 4.236244 8.578650 0.149720
55 27.100298 47.232021 0.000000 2.036776 1.327805 2.223246 4.109970 8.230062 0.177696
56 26.870796 47.191776 0.000000 2.085986 1.356793 2.317372 4.378488 8.967444 0.155254
57 26.888338 47.102978 0.000000 1.900277 1.341461 2.267563 4.230953 8.541929 0.243098
58 27.029247 47.324162 0.000000 2.092733 1.349526 2.300504 4.346987 8.922641 0.126560
59 26.967075 47.269005 0.000000 2.064469 1.324727 2.228769 4.161750 8.459403 0.202561
60 27.072914 47.203274 0.000000 2.416964 1.331196 2.234475 4.140009 8.302475 0.151561
61 27.129349 47.280651 0.000000 2.116498 1.323384 2.203161 4.038382 7.992721 0.299830
62 27.133957 47.312222 0.000000 2.412760 1.329902 2.224864 4.111049 8.236723 0.134024
63 27.037703 47.278702 0.000000 2.365149 1.322269 2.210628 4.097493 8.266595 0.155169
64 27.005108 47.161221 0.000000 2.672863 1.346985 2.302779 4.384418 9.113716 0.111112
65 27.232267 47.233612 0.000000 2.163054 1.327985 2.217937 4.088456 8.162484 0.148716
66 27.217987 47.410484 0.000000 2.506745 1.290060 2.092786 3.732223 7.190317 0.128086
67 27.179832 47.205635 0.000000 2.235852 1.306756 2.153930 3.923744 7.760605 0.131311
68 26.952124 47.284912 0.000000 2.227938 1.314584 2.187072 4.033447 8.100145 0.163724
69 26.994785 47.007271 0.000000 2.249084 1.377545 2.411437 4.701616 9.982798 0.142976
70 27.112629 47.213875 0.000000 2.395002 1.318630 2.195441 4.040040 8.064222 0.112017
71 27.110565 47.116188 0.000000 2.326113 1.360831 2.329207 4.404137 9.011904 0.125184
72 26.978056 47.254955 0.000000 2.601193 1.322373 2.224838 4.168274 8.535829 0.111111
73 27.064934 47.146278 0.000000 2.692228 1.344211 2.284209 4.312818 8.872284 0.126378
74 26.977707 47.309986 0.000000 2.373510 1.354124 2.315594 4.392370 9.060383 0.142911
75 27.070475 47.262493 0.000000 2.480848 1.324142 2.217816 4.114543 8.298515 0.111130
76 27.055502 47.439491 0.000000 2.325970 1.335517 2.259427 4.244798 8.690746 0.111111
77 27.093842 47.229263 0.000000 2.896674 1.316075 2.190663 4.036763 8.086536 0.111111
78 27.099791 47.375362 0.000000 2.624114 1.300482 2.122908 3.803901 7.345305 0.125000
79 27.097771 47.531120 0.000000 2.587782 1.291902 2.100337 3.762940 7.304445 0.111499
80 27.257828 47.544342 0.000000 2.758057 1.269634 2.027430 3.551074 6.706342 0.125000
81 27.253092 47.345844 0.000000 2.686047 1.300709 2.116348 3.767211 7.197863 0.142862
82 27.460257 47.298904 0.000000 2.879790 1.278382 2.050314 3.602490 6.812347 0.142857
83 27.639185 47.436497 0.000000 3.092631 1.274945 2.036812 3.557258 6.669380 0.144060
84 27.571451 47.500973 0.000000 3.052337 1.273710 2.030159 3.535167 6.603573 0.142857
85 27.541666 47.435585 0.000000 2.880609 1.270705 2.024605 3.525136 6.585297 0.142857
86 27.751554 47.335911 0.000000 2.901382 1.270996 2.024778 3.523860 6.578142 0.166667
87 27.867023 47.467995 0.000000 2.811997 1.301758 2.120443 3.779751 7.234394 0.166667
88 28.052225 47.365749 0.000000 2.674555 1.339695 2.258857 4.212954 8.528142 0.125014
89 27.968142 47.412285 0.000000 2.955997 1.335337 2.233397 4.113160 8.184052 0.142857
90 27.971024 47.259121 0.000000 3.088160 1.322901 2.203450 4.038788 7.986181 0.142857
91 28.074343 47.294544 0.000000 2.628441 1.330540 2.227132 4.113607 8.225056 0.169211
92 28.158089 47.228683 0.000000 2.653241 1.284306 2.073567 3.676254 7.028819 0.166986
93 28.372625 47.437397 0.000000 3.028371 1.303329 2.131016 3.823026 7.388199 0.166667
94 28.205944 47.338959 0.000000 2.670006 1.299582 2.114245 3.768590 7.224638 0.169010
95 28.429932 47.062679 0.000000 2.604818 1.364412 2.326058 4.358642 8.791919 0.176590
96 28.492449 46.372883 0.000000 2.765679 1.345401 2.237402 4.050015 7.814683 0.221655
97 28.624792 46.157784 0.000000 2.412680 1.333688 2.209077 3.998041 7.749232 0.322958
98 28.875612 46.055737 0.000000 2.439299 1.391908 2.416269 4.617154 9.506442 0.147763
99 28.854977 45.718140 0.000000 2.180933 1.367565 2.335956 4.401462 8.972640 0.144418
100 29.098949 44.932487 0.000000 2.149970 1.392969 2.441493 4.741891 9.984447 0.148127
101 29.347086 45.004307 0.000000 1.815845 1.384911 2.409467 4.641163 9.689214 0.170339
102 29.164648 44.593884 0.000000 1.717622 1.327999 2.212921 4.064642 8.075472 0.159214
104 29.208076 43.986458 0.000000 1.429573 1.338194 2.299702 4.432370 9.376533 0.269070
106 29.098103 42.383671 0.000000 1.355991 1.322315 2.197849 4.016279 7.913805 0.143130
107 29.049389 42.429890 0.000000 1.348574 1.429057 2.541872 4.991115 10.586203 0.196188
108 28.912016 42.266136 0.000000 1.164410 1.323124 2.198529 4.031821 8.009968 0.232337
