%% Trajectory 27
%% frame x (pixel)     y (pixel)    z (pixel)      m0         m1           m2           m3           m4           s 
161 40.446510 61.698761 0.000000 3.090009 1.539909 3.001870 6.549112 15.535333 0.143585
163 40.537727 61.810322 0.000000 3.256201 1.508606 2.914605 6.343003 15.086938 0.143728
164 40.522003 61.602188 0.000000 4.001681 1.456763 2.708679 5.664309 12.974925 0.166667
165 40.443756 61.756073 0.000000 3.199277 1.500846 2.881814 6.238575 14.776678 0.142979
167 40.346661 61.611698 0.000000 3.062344 1.519846 2.931978 6.349690 14.996819 0.143959
168 40.430431 61.615139 0.000000 3.373911 1.458433 2.710964 5.669874 12.996382 0.142875
169 40.556095 61.449707 0.000000 3.850502 1.421165 2.572825 5.233277 11.677470 0.153934
170 40.375519 61.707561 0.000000 3.602704 1.492274 2.849196 6.129881 14.432934 0.144481
171 40.336964 61.637554 0.000000 3.406912 1.517336 2.941186 6.412343 15.257220 0.142857
172 40.457275 61.836555 0.000000 2.960946 1.482684 2.800941 5.965033 13.925111 0.200194
173 40.433041 61.779018 0.000000 3.614770 1.468954 2.749766 5.790139 13.352954 0.166667
174 40.307251 61.086433 0.000000 3.536417 1.380909 2.460981 4.957928 11.027466 0.166667
175 40.416237 61.461819 0.000000 3.874585 1.425773 2.586615 5.270147 11.772181 0.166667
176 40.381992 61.087856 0.000000 3.622737 1.354035 2.363954 4.675086 10.251008 0.200000
177 40.537228 61.090080 0.000000 3.654321 1.370911 2.417574 4.818317 10.614499 0.166667
178 40.576454 61.524052 0.000000 3.931881 1.439470 2.620849 5.335740 11.864270 0.200027
179 40.499889 61.357479 0.000000 4.772987 1.374745 2.389231 4.632321 9.821984 0.166958
180 40.559696 61.420296 0.000000 4.168097 1.363902 2.365733 4.592410 9.780668 0.166667
181 40.328693 61.474236 0.000000 4.287089 1.390252 2.455683 4.855414 10.517413 0.200000
182 40.435406 61.494808 0.000000 4.096988 1.438721 2.628403 5.381597 12.052414 0.166667
183 40.453629 61.098877 0.000000 3.666319 1.353168 2.338439 4.528742 9.633789 0.166667
184 40.463211 61.022045 0.000000 3.711829 1.334800 2.271241 4.323529 9.037671 0.200000
185 40.378422 61.195511 0.000000 3.458616 1.371629 2.368086 4.539355 9.470790 0.200000
186 40.459782 61.278297 0.000000 3.512971 1.361167 2.330433 4.419073 9.102180 0.166667
188 40.433750 61.033146 0.000000 4.311162 1.322430 2.210439 4.087856 8.211622 0.200000
189 40.449139 61.022171 0.000000 4.280018 1.320451 2.210040 4.112918 8.362290 0.200000
190 40.470051 60.994106 0.000000 4.036249 1.337756 2.277178 4.321439 8.969273 0.200000
191 40.373322 61.010700 0.000000 4.215545 1.304724 2.147919 3.903480 7.694345 0.200000
192 40.463963 61.325336 0.000000 4.023174 1.379885 2.380151 4.526083 9.292522 0.200000
193 40.432510 60.977131 0.000000 3.849510 1.331084 2.243863 4.208078 8.619525 0.166750
194 40.439121 61.205841 0.000000 4.023695 1.347466 2.291255 4.326111 8.900241 0.200000
195 40.486378 61.334000 0.000000 4.219406 1.315506 2.168261 3.922074 7.636057 0.166667
196 40.496441 61.275864 0.000000 3.975650 1.341894 2.255625 4.165123 8.277781 0.166667
197 40.375729 61.116844 0.000000 3.532979 1.270998 2.030161 3.553011 6.693153 0.300937
198 40.551037 61.331684 0.000000 4.019761 1.341252 2.231553 4.056457 7.897707 0.142857
199 40.414577 61.226921 0.000000 4.384761 1.315081 2.156214 3.868028 7.446196 0.193816
200 40.437889 61.090588 0.000000 4.206923 1.347135 2.259378 4.147545 8.164180 0.142857
201 40.365879 61.075783 0.000000 4.385765 1.328027 2.215324 4.063969 8.042274 0.166667
202 40.293789 61.248104 0.000000 3.622833 1.315275 2.166404 3.912198 7.596154 0.290974
203 40.376884 61.234028 0.000000 4.117945 1.291214 2.091856 3.718727 7.125522 0.142857
204 40.281796 61.008053 0.000000 3.698096 1.331676 2.232436 4.130049 8.269762 0.238071
205 40.363522 61.182629 0.000000 3.922092 1.304798 2.122549 3.771544 7.178739 0.142991
206 40.315250 60.933788 0.000000 3.801065 1.308403 2.152995 3.891529 7.579132 0.143429
207 40.310184 61.020500 0.000000 4.123926 1.317653 2.182144 3.969268 7.772932 0.193613
208 40.352764 61.136017 0.000000 3.881618 1.312887 2.157480 3.884180 7.514408 0.143745
209 40.368771 61.059772 0.000000 4.721160 1.301025 2.120887 3.787060 7.265344 0.177050
210 40.323334 61.231598 0.000000 3.827204 1.306392 2.137662 3.840118 7.436702 0.142857
211 40.403488 60.968143 0.000000 3.859089 1.333479 2.227930 4.090428 8.093260 0.166684
212 40.509407 61.088371 0.000000 4.066164 1.318813 2.182856 3.973836 7.808410 0.216643
213 40.436863 61.029327 0.000000 4.922709 1.314706 2.169471 3.927019 7.643887 0.142886
214 40.333351 61.050808 0.000000 4.433268 1.299355 2.126247 3.820691 7.394660 0.207116
215 40.403522 61.056076 0.000000 4.424147 1.279559 2.060473 3.642516 6.943260 0.142860
216 40.256710 61.095364 0.000000 4.200830 1.312618 2.164646 3.921921 7.655522 0.150623
217 40.492523 61.050293 0.000000 4.671759 1.313452 2.158034 3.882716 7.503331 0.142931
218 40.401611 61.170414 0.000000 4.290222 1.274325 2.042308 3.581686 6.747406 0.143112
219 40.277100 61.169960 0.000000 4.118693 1.288677 2.084139 3.697659 7.065680 0.142857
220 40.356846 61.096737 0.000000 4.176373 1.282481 2.070191 3.662218 6.970201 0.142857
221 40.391678 61.022182 0.000000 4.930253 1.323479 2.192237 3.981426 7.772751 0.142857
222 40.425179 61.290089 0.000000 4.397213 1.263839 2.002830 3.468514 6.448274 0.142911
223 40.548244 61.243649 0.000000 4.199423 1.272640 2.029550 3.535726 6.605704 0.142962
224 40.437943 61.205086 0.000000 3.949430 1.270952 2.027056 3.532511 6.602932 0.142857
225 40.462986 61.277729 0.000000 4.613736 1.266731 2.019184 3.517125 6.571809 0.142997
226 40.509926 61.366394 0.000000 4.360831 1.266573 2.018944 3.534879 6.687224 0.143157
227 40.514885 61.402245 0.000000 4.788222 1.282054 2.056773 3.602612 6.760653 0.142857
228 40.526211 61.443558 0.000000 4.738816 1.288492 2.078277 3.663220 6.923834 0.125000
229 40.680912 61.291466 0.000000 5.174266 1.303046 2.128319 3.815805 7.373545 0.142857
230 40.764488 61.455338 0.000000 4.257759 1.283538 2.076030 3.685261 7.053028 0.182877
231 40.771992 61.219345 0.000000 4.392794 1.299373 2.130232 3.852497 7.551109 0.156504
232 40.893139 61.284355 0.000000 4.111164 1.294875 2.114501 3.810861 7.452446 0.150544
233 40.978916 61.223713 0.000000 4.545306 1.372065 2.370323 4.536661 9.422062 0.126292
234 41.138092 61.443855 0.000000 4.855341 1.340636 2.253271 4.167745 8.318871 0.125000
235 41.122200 61.430939 0.000000 4.677176 1.322727 2.197083 4.017715 7.938930 0.125000
236 41.237732 61.366631 0.000000 5.057281 1.290954 2.095089 3.731941 7.165690 0.142857
237 41.307102 61.325298 0.000000 4.764043 1.309726 2.156348 3.903209 7.622874 0.142857
238 41.489883 61.470104 0.000000 4.900062 1.302559 2.126220 3.799546 7.293311 0.142857
239 41.416512 61.398506 0.000000 5.136970 1.324084 2.180506 3.923080 7.560863 0.125000
240 41.343124 61.576546 0.000000 5.079489 1.323131 2.176098 3.901421 7.471403 0.142857
241 41.303696 61.394260 0.000000 4.236197 1.314591 2.164058 3.907087 7.589798 0.166667
242 41.548313 61.588085 0.000000 4.264229 1.298468 2.109963 3.746326 7.127720 0.125000
243 41.474655 61.591797 0.000000 3.701254 1.323062 2.180708 3.931690 7.604892 0.142868
244 41.651501 61.421452 0.000000 3.911058 1.330311 2.213249 4.044241 7.965282 0.142863
245 41.597584 61.535172 0.000000 3.795624 1.328143 2.197425 3.973604 7.700259 0.142857
246 41.767086 61.551849 0.000000 3.601840 1.350598 2.278183 4.219153 8.411145 0.143523
247 42.051933 61.446758 0.000000 3.627928 1.365507 2.344351 4.446355 9.123659 0.148092
248 41.947884 61.422985 0.000000 3.947258 1.392804 2.426048 4.666091 9.704659 0.166667
249 41.905666 60.726261 0.000000 4.156406 1.422016 2.510899 4.880470 10.219299 0.147346
250 41.999908 60.959675 0.000000 3.546575 1.452021 2.661306 5.438312 12.087826 0.144442
251 42.084713 60.887547 0.000000 3.029710 1.439857 2.591141 5.160007 11.121299 0.144683
252 42.118244 60.985317 0.000000 2.941761 1.454130 2.641550 5.326310 11.643786 0.162940
253 42.052158 60.460987 0.000000 2.545460 1.432044 2.575808 5.147854 11.178617 0.142858
254 42.264385 60.883972 0.000000 2.564520 1.486232 2.739635 5.591071 12.345723 0.142857
255 42.161613 61.346081 0.000000 2.572762 1.375665 2.373518 4.535638 9.404522 0.166678
256 42.252968 60.796688 0.000000 2.426476 1.438116 2.581915 5.129219 11.030897 0.166667
257 42.410030 60.718609 0.000000 2.243741 1.487229 2.733539 5.558451 12.223649 0.166667
259 42.211456 60.582188 0.000000 2.045051 1.489463 2.728118 5.507906 11.982646 0.166667
261 41.560928 60.293003 0.000000 2.023340 1.666914 3.385190 7.548172 18.002325 0.166667
264 41.534737 60.407719 0.000000 1.882593 1.529293 2.854666 5.849807 12.862227 0.166667
266 42.406055 60.696617 0.000000 1.612451 1.437053 2.576096 5.108296 10.952981 0.200000
