%% Trajectory 103
%% frame x (pixel)     y (pixel)    z (pixel)      m0         m1           m2           m3           m4           s 
194 63.371635 58.728783 0.000000 0.888073 1.195090 1.841777 3.164090 6.007700 0.200000
195 62.704456 58.449635 0.000000 0.815327 1.216658 1.897414 3.269326 6.134285 0.200000
197 63.334114 58.175922 0.000000 1.255477 1.372629 2.374660 4.554610 9.492325 0.166667
199 62.933735 58.691330 0.000000 1.314313 1.325828 2.226746 4.157501 8.478251 0.200000
200 62.838066 58.550869 0.000000 1.038183 1.374432 2.390147 4.607347 9.622908 0.200000
201 62.828873 58.521069 0.000000 1.389463 1.276165 2.054293 3.648766 7.038242 0.200000
202 63.297585 58.308681 0.000000 1.723729 1.375103 2.380752 4.578591 9.591133 0.200543
204 62.532547 58.249126 0.000000 1.429976 1.239303 1.944880 3.345744 6.205995 0.200000
205 62.691589 58.768368 0.000000 1.391641 1.292147 2.133121 3.914892 7.842633 0.200000
206 62.679638 58.473194 0.000000 1.652627 1.277577 2.050985 3.615927 6.879484 0.200000
207 62.418579 58.641251 0.000000 1.783572 1.312038 2.145630 3.824396 7.279482 0.166678
208 62.668758 58.532040 0.000000 1.821507 1.271271 2.032774 3.551430 6.654158 0.200000
209 62.635437 58.485264 0.000000 1.850819 1.309282 2.134082 3.801196 7.257964 0.166667
210 62.611736 58.835510 0.000000 1.560775 1.286915 2.090590 3.738002 7.226990 0.166667
211 62.625164 58.474251 0.000000 2.239035 1.251747 1.981780 3.454362 6.528754 0.200000
212 62.427322 58.653042 0.000000 2.304342 1.266651 2.011482 3.493761 6.520060 0.166667
213 62.786793 58.558998 0.000000 2.203572 1.320269 2.175316 3.917877 7.563776 0.166667
214 62.849743 58.696072 0.000000 2.348648 1.323654 2.213884 4.102759 8.275106 0.208021
215 62.583202 58.668900 0.000000 2.392233 1.277536 2.044964 3.591703 6.806201 0.166667
216 62.536064 58.669140 0.000000 2.579010 1.276946 2.062537 3.678994 7.131282 0.166733
217 62.335503 58.740799 0.000000 2.808234 1.307279 2.156404 3.927319 7.757287 0.184346
218 62.382637 58.691696 0.000000 2.715445 1.333744 2.243315 4.177666 8.456470 0.200000
219 62.621880 58.443333 0.000000 3.051143 1.243694 1.951385 3.354753 6.215780 0.166667
220 62.565567 58.629799 0.000000 3.902169 1.301115 2.128362 3.827366 7.431906 0.229795
221 62.533714 58.672115 0.000000 3.254568 1.303504 2.121524 3.781754 7.247717 0.184467
222 62.541855 59.006824 0.000000 2.667881 1.325979 2.217110 4.089014 8.155569 0.142857
223 62.455780 58.843582 0.000000 3.387847 1.309025 2.141757 3.832334 7.352950 0.250910
224 62.526802 58.682896 0.000000 3.569348 1.304202 2.121502 3.768569 7.169261 0.379671
225 62.386814 58.695423 0.000000 3.557417 1.314588 2.149323 3.842093 7.365135 0.244525
226 62.565296 58.788082 0.000000 3.331938 1.276838 2.045245 3.579885 6.718369 0.383916
227 62.379040 58.802830 0.000000 4.046618 1.322719 2.172636 3.889915 7.438900 0.200000
228 62.459244 58.906292 0.000000 3.667140 1.289657 2.091622 3.721762 7.132303 0.252031
229 62.498138 59.054207 0.000000 3.421430 1.354691 2.297890 4.288460 8.628127 0.240922
230 62.450989 58.936863 0.000000 3.858959 1.311723 2.161826 3.905470 7.582747 0.215790
231 62.374027 59.005245 0.000000 4.582496 1.356360 2.298853 4.287853 8.623837 0.200000
232 62.404598 58.975510 0.000000 4.015064 1.336635 2.240313 4.130500 8.215154 0.200000
233 62.425381 59.019585 0.000000 4.190629 1.330583 2.218994 4.070472 8.053218 0.206222
234 62.461582 58.986813 0.000000 4.206635 1.344306 2.271184 4.230974 8.520582 0.200000
235 62.309280 58.993843 0.000000 4.373312 1.373873 2.366719 4.498264 9.231399 0.200000
236 62.394512 58.905495 0.000000 4.773525 1.409288 2.468161 4.753128 9.855429 0.200000
237 62.402794 58.956387 0.000000 4.211855 1.323109 2.185870 3.955521 7.687609 0.200142
238 62.462868 59.097679 0.000000 3.966311 1.338855 2.247469 4.144055 8.226293 0.468675
239 62.485565 58.941833 0.000000 4.412158 1.377661 2.368593 4.479727 9.132045 0.200000
240 62.450535 58.826130 0.000000 4.889885 1.311900 2.146591 3.839130 7.359636 0.200000
241 62.283417 58.785511 0.000000 4.240422 1.384313 2.386849 4.520341 9.209977 0.250025
242 62.314896 58.994328 0.000000 4.037745 1.349820 2.281772 4.229161 8.414113 0.250000
243 62.269249 58.947311 0.000000 3.866304 1.403438 2.463563 4.772053 9.986153 0.250000
244 62.298309 58.847919 0.000000 4.123795 1.356090 2.286076 4.221222 8.366039 0.166667
245 62.434483 58.794819 0.000000 4.975478 1.308946 2.141971 3.830631 7.340120 0.250000
246 62.134602 58.862350 0.000000 4.677274 1.339212 2.256694 4.195802 8.442321 0.200000
247 62.197353 58.839489 0.000000 4.182720 1.349356 2.296544 4.323395 8.826479 0.166667
248 62.090382 58.674500 0.000000 4.595465 1.375334 2.364398 4.485289 9.201462 0.200000
249 61.772362 58.759373 0.000000 4.640924 1.348854 2.290748 4.308430 8.803347 0.200000
250 61.755390 58.771133 0.000000 4.187754 1.332708 2.232214 4.123810 8.244629 0.200000
251 61.904694 58.686623 0.000000 4.416384 1.328826 2.210278 4.037172 7.944423 0.200000
252 61.587288 58.671803 0.000000 4.277467 1.363136 2.343923 4.469111 9.266225 0.200000
253 61.759033 58.665684 0.000000 4.133065 1.309963 2.150274 3.870962 7.497874 0.166667
254 61.688732 58.697353 0.000000 3.744998 1.296607 2.120113 3.823303 7.475779 0.166667
255 61.451675 58.675388 0.000000 3.882434 1.327048 2.214896 4.084182 8.170947 0.166667
256 61.458431 58.543125 0.000000 4.069851 1.267033 2.012538 3.499759 6.548996 0.142857
257 61.359688 58.399178 0.000000 3.635071 1.304349 2.123491 3.777691 7.202440 0.166667
259 61.319019 58.525036 0.000000 4.129187 1.282200 2.055870 3.601588 6.765399 0.142857
260 60.916897 58.383751 0.000000 4.016841 1.361518 2.329232 4.410355 9.066498 0.166667
261 60.840996 59.058399 0.000000 4.176849 1.385495 2.424581 4.703918 9.898377 0.200000
262 60.632130 59.288994 0.000000 3.733685 1.264188 2.005957 3.477662 6.469746 0.166667
263 60.823948 58.803001 0.000000 3.310124 1.383571 2.413025 4.675443 9.855812 0.166668
264 61.304180 58.836491 0.000000 3.421707 1.374774 2.358010 4.458256 9.106347 0.193610
266 61.397511 58.231258 0.000000 2.456903 1.364458 2.328090 4.371105 8.854104 0.166667
267 61.303547 58.241386 0.000000 2.721926 1.391158 2.427536 4.690046 9.826453 0.166667
268 60.806198 58.451591 0.000000 2.315387 1.381776 2.404398 4.641945 9.745282 0.166667
270 60.263210 58.961876 0.000000 1.109535 1.383135 2.449166 4.856843 10.530754 0.166667
272 60.838165 58.965057 0.000000 1.476963 1.572024 3.046907 6.518012 15.001289 0.166667
274 60.357979 59.498302 0.000000 1.440754 1.501892 2.884970 6.218649 14.621650 0.166667
275 60.056347 59.491783 0.000000 0.951524 1.444007 2.736941 5.888063 13.928319 0.142857
