%% Trajectory 24
%% frame x (pixel)     y (pixel)    z (pixel)      m0         m1           m2           m3           m4           s 
130 34.071697 51.123402 0.000000 1.163168 1.330628 2.252132 4.217757 8.560460 0.205375
131 34.003078 50.888935 0.000000 1.262217 1.412739 2.518450 4.999527 10.808239 0.305589
132 33.922012 50.943398 0.000000 1.187808 1.301954 2.142884 3.885124 7.609565 0.167194
133 34.370644 50.647873 0.000000 1.375994 1.335493 2.238174 4.130696 8.235278 0.166685
134 34.143761 51.005520 0.000000 1.287829 1.361736 2.329874 4.392878 8.935773 0.166667
135 33.993675 51.131897 0.000000 1.364182 1.321910 2.226901 4.159037 8.444207 0.166667
136 34.178394 50.964558 0.000000 1.362500 1.344162 2.292254 4.349270 8.996416 0.191035
137 34.219982 50.807194 0.000000 1.469480 1.331374 2.247204 4.212040 8.597015 0.166684
138 34.097691 51.037033 0.000000 1.968904 1.319574 2.189060 3.988904 7.824053 0.166667
139 34.010998 51.111370 0.000000 1.453670 1.314908 2.188540 4.036117 8.091374 0.166707
140 34.186157 51.031593 0.000000 1.755988 1.334288 2.234246 4.108517 8.128276 0.315358
141 34.096893 50.987041 0.000000 2.076201 1.354796 2.326595 4.442513 9.234854 0.173071
142 34.085827 51.019199 0.000000 2.049999 1.367603 2.352715 4.467936 9.173595 0.285745
143 34.156620 50.873192 0.000000 1.763108 1.327935 2.234820 4.187670 8.574928 0.213317
144 34.203426 51.045006 0.000000 2.059021 1.354131 2.303667 4.321702 8.757920 0.291835
145 33.920311 51.101845 0.000000 1.992652 1.327159 2.239264 4.201905 8.601081 0.223813
146 34.067760 51.141727 0.000000 2.236439 1.317687 2.191980 4.028478 8.026231 0.254679
147 34.109295 50.917328 0.000000 2.355326 1.356556 2.323605 4.415848 9.119850 0.166745
148 33.885006 51.140545 0.000000 1.983991 1.283164 2.072689 3.677007 7.033174 0.166844
149 34.248772 50.980148 0.000000 2.064899 1.324566 2.210119 4.067667 8.098966 0.167324
150 33.953285 51.175037 0.000000 2.103454 1.373440 2.374331 4.541988 9.408907 0.228729
151 34.138344 51.032616 0.000000 2.426867 1.335868 2.248422 4.167993 8.337069 0.150195
152 34.064365 51.069202 0.000000 2.270967 1.335561 2.255571 4.216199 8.550821 0.145461
153 34.064659 50.868366 0.000000 2.714509 1.314583 2.183540 4.008701 7.982454 0.142857
154 33.941895 51.054413 0.000000 2.207918 1.323234 2.203852 4.040481 7.992383 0.227193
155 34.144230 50.952717 0.000000 2.728277 1.335894 2.257076 4.227201 8.604815 0.142857
156 33.936401 50.999069 0.000000 2.642357 1.327646 2.216736 4.068893 8.044474 0.125000
157 34.032421 50.897022 0.000000 2.441463 1.330567 2.235861 4.155270 8.371039 0.142857
158 34.114754 51.086945 0.000000 2.042490 1.324817 2.210213 4.061123 8.056684 0.146736
159 34.105400 50.881340 0.000000 2.816937 1.352358 2.294749 4.289665 8.655711 0.166667
160 34.036125 50.924377 0.000000 2.652260 1.378818 2.409651 4.665874 9.789363 0.167046
161 34.143375 50.810524 0.000000 2.373976 1.311194 2.170387 3.975262 7.914539 0.128569
162 33.978863 50.758957 0.000000 2.245249 1.333954 2.242938 4.172744 8.429613 0.168297
163 33.807339 50.781857 0.000000 2.610773 1.334921 2.239960 4.155124 8.364972 0.206380
164 34.069221 50.922142 0.000000 2.447757 1.328150 2.239275 4.192695 8.548028 0.189951
165 34.146702 50.923656 0.000000 2.910871 1.307509 2.152313 3.898230 7.620089 0.142866
166 34.053253 50.794949 0.000000 2.404983 1.328938 2.215284 4.064750 8.050056 0.125020
167 34.207966 50.897362 0.000000 2.755263 1.324240 2.205331 4.053730 8.071189 0.127245
168 34.174332 50.856766 0.000000 2.708821 1.312531 2.174733 3.979656 7.894199 0.143176
169 34.044235 50.932384 0.000000 2.946264 1.343427 2.270173 4.234272 8.543246 0.125000
170 34.161671 50.920128 0.000000 2.294516 1.340389 2.260902 4.207439 8.463258 0.154816
171 34.121223 50.881432 0.000000 2.261881 1.351385 2.299410 4.328935 8.837870 0.155019
172 34.069679 50.784534 0.000000 1.990780 1.298809 2.124611 3.822914 7.421645 0.181952
173 33.979187 50.963203 0.000000 2.134828 1.352219 2.319087 4.418421 9.157855 0.295173
174 34.002537 50.893791 0.000000 2.379892 1.329939 2.245348 4.211944 8.606947 0.262732
175 34.036736 50.867523 0.000000 2.238053 1.325359 2.217871 4.106687 8.252527 0.178162
176 34.008907 50.925117 0.000000 2.190239 1.328724 2.231611 4.144916 8.342144 0.206383
177 33.933437 50.755016 0.000000 1.774114 1.295795 2.094731 3.696497 6.983562 0.151284
178 34.100487 51.013603 0.000000 2.084682 1.367449 2.346867 4.425698 8.971426 0.146454
179 33.798870 50.984531 0.000000 2.308882 1.332358 2.246834 4.197119 8.508962 0.237819
180 33.970692 50.802547 0.000000 2.193303 1.313741 2.200380 4.098129 8.322882 0.143883
181 33.983719 50.899525 0.000000 2.041873 1.361188 2.340711 4.467113 9.263380 0.142866
182 33.963154 51.028419 0.000000 2.117594 1.327269 2.222864 4.112880 8.240283 0.145477
183 33.822254 50.930138 0.000000 2.047182 1.283111 2.066254 3.636703 6.859956 0.192856
184 33.889774 50.889301 0.000000 1.864039 1.299985 2.114661 3.759265 7.159499 0.166667
185 33.913605 50.775726 0.000000 2.124372 1.286931 2.075871 3.667050 6.963643 0.193736
186 33.927818 50.870346 0.000000 1.899135 1.305811 2.132280 3.809499 7.301906 0.129566
187 34.018486 50.871063 0.000000 2.437073 1.341579 2.287970 4.347916 9.025270 0.181777
188 34.055645 51.035515 0.000000 2.182740 1.381350 2.419506 4.712876 9.981740 0.161287
189 34.013748 51.030926 0.000000 2.383248 1.346609 2.290334 4.299433 8.722115 0.183235
190 34.018803 50.906055 0.000000 1.880669 1.350129 2.306557 4.375482 9.028738 0.166667
191 33.799282 50.719437 0.000000 2.033103 1.286133 2.079380 3.691018 7.066803 0.142857
192 34.017342 50.817219 0.000000 2.019989 1.307761 2.166295 3.966771 7.876927 0.200000
193 34.012337 50.930794 0.000000 1.799835 1.314171 2.182671 4.010519 7.995825 0.142857
194 34.164116 50.866978 0.000000 2.096153 1.333057 2.234539 4.126125 8.223781 0.200066
195 33.925434 50.747787 0.000000 2.226123 1.334276 2.256390 4.223920 8.576225 0.200181
196 34.076164 50.899834 0.000000 2.116449 1.355345 2.322695 4.418812 9.142095 0.200000
197 33.993141 50.896057 0.000000 2.111662 1.296139 2.141917 3.927732 7.840422 0.166674
198 33.918236 51.032154 0.000000 2.256333 1.291657 2.111443 3.804245 7.415852 0.166909
199 34.236732 50.729248 0.000000 2.327186 1.257351 1.998200 3.498851 6.641438 0.200000
200 34.157619 50.985065 0.000000 2.455437 1.341718 2.275388 4.258864 8.620353 0.169384
201 34.175705 50.836174 0.000000 2.963886 1.311134 2.161303 3.924314 7.701037 0.275728
202 34.064823 50.927067 0.000000 2.569836 1.317202 2.193510 4.046945 8.113794 0.200044
203 34.100513 50.894405 0.000000 2.610311 1.314065 2.192016 4.060499 8.200034 0.202922
204 34.100079 50.794144 0.000000 2.515964 1.284765 2.107293 3.851624 7.712518 0.185113
205 34.209373 50.922985 0.000000 2.518997 1.269653 2.036759 3.593145 6.848892 0.200056
206 33.937202 50.936428 0.000000 2.642405 1.343765 2.276418 4.263972 8.657683 0.262195
207 34.053375 50.921074 0.000000 2.601048 1.298470 2.135554 3.886520 7.681584 0.200000
208 34.328732 50.982925 0.000000 2.710238 1.312743 2.172833 3.963346 7.813350 0.182433
209 34.153576 50.940514 0.000000 2.778409 1.349704 2.299323 4.342368 8.913280 0.167320
210 34.213314 50.934204 0.000000 3.007826 1.293064 2.104920 3.771341 7.301394 0.166667
211 34.147030 50.890396 0.000000 2.922405 1.310704 2.175329 3.997209 7.979930 0.147442
212 34.222679 51.031796 0.000000 3.100591 1.285738 2.091919 3.737282 7.191891 0.166667
213 34.115791 51.055069 0.000000 2.782483 1.297775 2.139032 3.885704 7.628202 0.167000
214 34.350910 51.051529 0.000000 2.912697 1.259777 2.010219 3.514174 6.604648 0.219938
215 34.250702 50.920567 0.000000 3.408358 1.302642 2.138429 3.869173 7.572842 0.200000
216 34.117859 50.915440 0.000000 2.758329 1.268172 2.043031 3.635262 7.020339 0.193988
217 34.203838 50.958515 0.000000 2.766101 1.299072 2.131856 3.857854 7.552115 0.210707
218 34.132328 50.933201 0.000000 2.527524 1.311642 2.180438 4.015731 8.041917 0.166748
219 34.482605 50.853390 0.000000 2.770536 1.308514 2.146377 3.865584 7.498348 0.171480
220 34.198898 50.824947 0.000000 2.816079 1.291782 2.098689 3.750180 7.239992 0.166667
221 34.455612 50.777058 0.000000 3.467698 1.243763 1.949362 3.343670 6.170710 0.200000
222 34.502254 50.686726 0.000000 2.555143 1.240945 1.944859 3.343953 6.206036 0.166679
223 34.485809 50.612972 0.000000 3.275221 1.250567 1.964525 3.374422 6.230493 0.166667
224 34.795425 50.560658 0.000000 3.353919 1.248024 1.959977 3.366827 6.218627 0.200000
225 34.707676 50.264481 0.000000 3.125109 1.248488 1.965763 3.395455 6.328743 0.166667
226 34.996803 50.374653 0.000000 2.946543 1.283503 2.105174 3.839949 7.654886 0.166667
227 35.016689 50.453377 0.000000 2.969721 1.297069 2.143720 3.947587 7.966878 0.166667
228 35.163418 50.385784 0.000000 2.806724 1.260905 1.998937 3.469685 6.479487 0.166667
229 35.201866 50.417263 0.000000 3.049991 1.278354 2.056103 3.630468 6.914623 0.166667
230 35.251377 50.370701 0.000000 2.521476 1.215375 1.871684 3.155465 5.734869 0.166667
231 35.230228 50.367020 0.000000 2.387419 1.234271 1.936328 3.363152 6.383922 0.166667
232 35.404663 50.307949 0.000000 2.580258 1.264935 2.011809 3.507315 6.585455 0.142857
233 35.229446 50.410751 0.000000 2.448289 1.273635 2.031024 3.542772 6.639862 0.142857
234 35.646492 50.209141 0.000000 2.151686 1.255348 2.010661 3.561365 6.859239 0.166667
235 35.493290 50.133877 0.000000 2.094857 1.242985 1.944475 3.331506 6.148048 0.166674
236 35.481068 50.176327 0.000000 2.413361 1.251162 1.969921 3.393856 6.287364 0.166667
237 35.566288 50.220192 0.000000 2.087070 1.234543 1.927160 3.295053 6.068839 0.127890
238 35.686092 50.027103 0.000000 2.835747 1.313949 2.182879 4.018937 8.052254 0.111111
239 35.513390 49.910233 0.000000 2.447883 1.276183 2.047837 3.604408 6.834501 0.142870
240 35.928383 49.989357 0.000000 2.189286 1.365941 2.353638 4.482265 9.229619 0.111695
241 35.728779 49.912582 0.000000 2.014844 1.309280 2.141502 3.821806 7.291613 0.158135
242 35.872185 50.096539 0.000000 1.850338 1.320993 2.221092 4.138340 8.371902 0.135662
243 36.123589 50.076099 0.000000 1.755798 1.311690 2.183223 4.020136 8.038634 0.182925
244 36.084358 49.719208 0.000000 1.309055 1.389989 2.437440 4.761184 10.145617 0.146457
245 36.062946 50.106663 0.000000 1.441033 1.350641 2.323294 4.440104 9.217353 0.143639
246 36.204136 49.959496 0.000000 0.877445 1.344699 2.286060 4.304694 8.798131 0.325798
247 36.467407 49.753349 0.000000 1.381647 1.488891 2.729662 5.501994 11.910779 0.241142
248 36.635059 49.895908 0.000000 1.233679 1.379610 2.358514 4.436107 9.000390 0.125253
249 36.944096 49.505383 0.000000 0.816631 1.459919 2.679545 5.468709 12.120476 0.209575
251 36.329430 50.090771 0.000000 1.078223 1.343901 2.263199 4.194240 8.386109 0.100142
252 36.493305 49.641834 0.000000 0.861084 1.378839 2.419312 4.704426 9.914034 0.230920
253 36.059692 49.589619 0.000000 0.829859 1.527974 2.912429 6.162495 14.102901 0.101422
254 36.478306 49.057579 0.000000 0.628115 1.486073 2.807833 5.902364 13.439342 0.112038
255 36.505287 49.212933 0.000000 0.890810 1.486085 2.770800 5.725574 12.782162 0.198798
256 35.688507 49.129627 0.000000 0.960745 1.478100 2.779428 5.866148 13.507144 0.111685
258 36.657543 50.286957 0.000000 0.830778 1.583241 3.099930 6.663626 15.324039 0.111113
260 35.757774 50.844978 0.000000 0.645628 1.462277 2.700920 5.609819 12.779607 0.273797
262 35.740822 50.419193 0.000000 0.643232 1.491530 2.732183 5.518298 12.017729 0.278301
263 35.206261 50.202393 0.000000 0.504234 1.328644 2.258847 4.288614 8.909625 0.101618
