%% Trajectory 20
%% frame x (pixel)     y (pixel)    z (pixel)      m0         m1           m2           m3           m4           s 
91 55.385338 56.534054 0.000000 1.267522 1.291796 2.083862 3.676889 6.964825 0.207676
93 55.677509 56.355385 0.000000 1.082529 1.287344 2.118698 3.887925 7.830063 0.250505
94 55.282196 56.545597 0.000000 1.622199 1.334183 2.225025 4.073095 8.023903 0.250000
95 55.426556 56.658405 0.000000 1.491760 1.294006 2.101355 3.729346 7.092869 0.176923
96 55.588524 56.825169 0.000000 1.357027 1.297001 2.144059 3.927692 7.830317 0.250000
97 55.552555 56.702900 0.000000 1.785177 1.280825 2.056084 3.631412 6.944106 0.200000
98 55.581970 56.408707 0.000000 2.033522 1.270364 2.025462 3.529128 6.597497 0.327007
99 55.372841 56.510017 0.000000 1.593002 1.229820 1.905191 3.229814 5.897788 0.250000
100 55.375111 56.581161 0.000000 1.976959 1.293725 2.091584 3.696519 7.008919 0.250007
101 55.335815 56.511253 0.000000 2.086715 1.262080 2.001071 3.467240 6.448157 0.336223
102 55.437515 56.504917 0.000000 1.656555 1.289273 2.076854 3.651639 6.873842 0.250409
103 55.510685 56.529449 0.000000 2.138791 1.307663 2.133041 3.793596 7.208909 0.250000
104 55.538017 56.561169 0.000000 2.256541 1.294915 2.107853 3.781306 7.351682 0.333333
105 55.598331 56.376133 0.000000 2.374694 1.294345 2.098233 3.723959 7.103364 0.250000
106 55.395409 56.344707 0.000000 2.564436 1.280933 2.054988 3.600293 6.759069 0.250000
107 55.517544 56.397076 0.000000 2.557846 1.300180 2.113262 3.744756 7.090465 0.333333
108 55.538696 56.308025 0.000000 2.585559 1.305589 2.128263 3.782451 7.182689 0.333333
109 55.462887 56.338398 0.000000 2.876526 1.254221 1.983262 3.428427 6.364247 0.200000
110 55.587456 56.353264 0.000000 2.803372 1.280558 2.072055 3.694480 7.137982 0.250000
111 55.729416 56.553188 0.000000 2.795022 1.330288 2.220865 4.090087 8.159854 0.166667
112 55.574329 56.354008 0.000000 2.917553 1.289778 2.085949 3.689733 7.005000 0.250000
113 55.618477 56.517975 0.000000 3.225005 1.340762 2.238883 4.093879 8.037983 0.166667
114 55.561928 56.195580 0.000000 2.880246 1.266145 2.012474 3.495625 6.515082 0.166667
115 55.657043 56.567158 0.000000 3.103411 1.320148 2.185425 3.976605 7.808304 0.166667
116 55.573856 56.394798 0.000000 3.103899 1.288285 2.081310 3.676680 6.969615 0.166667
117 55.508961 56.442772 0.000000 3.320739 1.286079 2.070571 3.638851 6.847287 0.166667
118 55.480942 56.579605 0.000000 3.184215 1.291929 2.084450 3.669705 6.914402 0.200000
119 55.744125 56.464970 0.000000 3.672282 1.266793 2.012815 3.494373 6.509280 0.142857
120 55.608463 56.238487 0.000000 3.571918 1.332230 2.223253 4.074310 8.041159 0.166667
121 55.707771 56.312840 0.000000 3.215485 1.309755 2.146952 3.858499 7.462713 0.142857
122 55.582867 56.484211 0.000000 3.165820 1.332642 2.222536 4.066294 8.004835 0.200000
123 55.604252 56.523117 0.000000 3.682453 1.323449 2.174015 3.893983 7.453847 0.250000
124 56.076206 56.355762 0.000000 3.294083 1.359563 2.318639 4.360204 8.862446 0.200000
125 55.688499 56.578251 0.000000 3.371666 1.321661 2.189466 3.997302 7.901088 0.166667
126 55.697933 56.665020 0.000000 3.842300 1.327861 2.214537 4.071769 8.103871 0.142857
127 55.599907 56.663422 0.000000 3.522444 1.290683 2.085322 3.682533 6.974218 0.166667
128 55.635151 56.733707 0.000000 4.163569 1.331334 2.207966 4.001656 7.767675 0.200000
129 55.773602 56.809082 0.000000 3.613997 1.336515 2.240824 4.138165 8.255502 0.200000
130 55.686676 56.749844 0.000000 3.535325 1.328167 2.204140 4.009158 7.837885 0.200000
131 55.820847 56.919731 0.000000 3.416291 1.363625 2.348184 4.485256 9.310699 0.200000
132 56.096348 56.832462 0.000000 3.881778 1.385513 2.385663 4.506365 9.144003 0.200000
134 56.190304 56.710133 0.000000 3.326318 1.339146 2.233166 4.066989 7.922495 0.166667
135 56.318604 57.086113 0.000000 3.075646 1.354718 2.297442 4.298611 8.703774 0.200000
136 56.608646 56.957619 0.000000 3.616111 1.378894 2.375843 4.512510 9.254700 0.200000
137 56.525440 57.084515 0.000000 3.650166 1.312422 2.153032 3.868395 7.468035 0.250000
138 56.662365 57.157967 0.000000 2.866993 1.333533 2.244689 4.187818 8.500456 0.250297
139 56.637798 57.082710 0.000000 3.497514 1.326234 2.202857 4.035182 8.007602 0.250000
140 56.564434 57.072781 0.000000 3.192478 1.354027 2.298695 4.306601 8.733171 0.250000
141 56.814529 57.262741 0.000000 2.799974 1.392782 2.425330 4.659617 9.669377 0.285691
142 56.942848 57.129910 0.000000 2.566913 1.383383 2.409508 4.642562 9.684484 0.297275
143 56.792789 57.108463 0.000000 2.589531 1.340282 2.263913 4.226733 8.552211 0.250000
144 56.682980 57.031124 0.000000 2.397945 1.346052 2.293442 4.335335 8.914574 0.250066
146 57.525455 57.586132 0.000000 2.664608 1.320632 2.189692 3.988174 7.827294 0.316082
147 57.313652 57.588055 0.000000 2.576299 1.351959 2.264091 4.137138 8.081955 0.259333
148 57.526722 57.530071 0.000000 2.234518 1.373075 2.348927 4.405747 8.876529 0.250000
149 57.586090 57.772949 0.000000 2.277399 1.276650 2.050722 3.608571 6.831803 0.250001
150 57.426846 57.936344 0.000000 2.184832 1.414827 2.513063 4.948188 10.569289 0.252339
151 57.566826 58.042068 0.000000 1.844195 1.422696 2.521901 4.941608 10.471407 0.200006
152 57.949680 57.668518 0.000000 1.525187 1.366785 2.360268 4.520922 9.406634 0.250000
153 57.884968 58.043114 0.000000 1.928899 1.382950 2.445707 4.851954 10.558066 0.182411
154 57.660721 57.975109 0.000000 1.633875 1.383460 2.418631 4.689220 9.862557 0.250000
155 57.665688 57.741219 0.000000 1.481562 1.445751 2.603302 5.176083 11.116205 0.200713
156 58.410625 58.135967 0.000000 1.371468 1.424822 2.580366 5.238974 11.645221 0.166708
157 58.209110 58.111412 0.000000 1.576133 1.479730 2.737867 5.611684 12.430085 0.200008
