%% Trajectory 73
%% frame x (pixel)     y (pixel)    z (pixel)      m0         m1           m2           m3           m4           s 
153 70.824249 51.438503 0.000000 1.043320 1.425806 2.550330 5.057136 10.872660 0.195695
154 71.369308 51.394104 0.000000 1.075785 1.264482 2.022937 3.541754 6.658908 0.142883
156 71.133575 51.449665 0.000000 1.160750 1.321462 2.203063 4.063753 8.148593 0.172919
157 71.310623 51.319214 0.000000 1.155928 1.284543 2.079190 3.716769 7.219825 0.155105
158 71.304100 51.313374 0.000000 1.329591 1.294238 2.114018 3.798024 7.371304 0.245004
160 71.324341 51.241611 0.000000 1.270145 1.352824 2.319994 4.422498 9.192310 0.136251
161 71.505920 51.458988 0.000000 1.659057 1.351194 2.282259 4.247534 8.548616 0.143556
162 71.208954 51.361023 0.000000 1.864054 1.289783 2.080658 3.671586 6.956185 0.143344
163 71.424393 51.119888 0.000000 1.758774 1.334497 2.212714 4.011495 7.796930 0.137365
164 71.293449 51.156616 0.000000 1.891602 1.324640 2.211080 4.074671 8.139927 0.166798
165 71.427200 51.109131 0.000000 1.449818 1.312100 2.173437 3.968934 7.841685 0.143291
166 71.356934 51.200172 0.000000 1.811974 1.314085 2.163076 3.906274 7.596148 0.142863
167 71.263634 51.063332 0.000000 1.888725 1.314490 2.169498 3.943862 7.753574 0.163528
168 71.253006 51.348717 0.000000 2.075442 1.331808 2.248174 4.211423 8.592576 0.190598
169 71.091621 51.449959 0.000000 1.952298 1.336784 2.236683 4.112363 8.147107 0.142857
170 71.377823 51.473728 0.000000 2.349261 1.282123 2.059187 3.611700 6.787618 0.125000
171 71.445702 51.306591 0.000000 2.235343 1.305998 2.130126 3.798631 7.265379 0.125000
172 71.344864 51.167221 0.000000 2.304486 1.347648 2.292861 4.314556 8.801188 0.142857
173 71.392059 51.432999 0.000000 2.199111 1.372502 2.342534 4.386710 8.832728 0.142857
174 71.484558 51.306057 0.000000 2.295685 1.269090 2.021002 3.516106 6.560619 0.142858
175 71.150414 51.368866 0.000000 2.197881 1.315597 2.184783 4.010341 7.989794 0.142863
176 71.330437 51.442902 0.000000 2.297919 1.335487 2.234659 4.120252 8.218495 0.142857
177 71.299057 51.349056 0.000000 2.060393 1.297850 2.108010 3.743617 7.131625 0.142857
178 71.035995 51.460030 0.000000 2.747489 1.377165 2.391584 4.616889 9.705659 0.282934
179 71.318298 51.599789 0.000000 2.853561 1.262524 2.004886 3.483407 6.505585 0.142857
180 71.257233 51.667679 0.000000 2.269096 1.309406 2.161735 3.924390 7.682143 0.142857
181 71.422523 51.452744 0.000000 2.442043 1.312208 2.164402 3.926149 7.685350 0.142857
182 71.206322 51.592018 0.000000 2.406712 1.294814 2.124975 3.855613 7.598930 0.142857
183 71.411865 51.649006 0.000000 2.715185 1.326038 2.200277 4.003857 7.833549 0.125000
184 71.414749 51.655869 0.000000 2.492653 1.290921 2.091233 3.711419 7.083418 0.142857
185 71.263046 51.451679 0.000000 2.627819 1.266358 2.013239 3.499262 6.529423 0.142869
186 71.348396 51.654514 0.000000 2.308259 1.319880 2.180655 3.953110 7.710050 0.142857
187 71.220688 51.704773 0.000000 2.300304 1.401567 2.429673 4.612770 9.390132 0.142868
188 71.317253 51.725548 0.000000 2.488468 1.339430 2.240813 4.113984 8.124006 0.166667
189 71.369904 51.677139 0.000000 2.359809 1.321411 2.193066 4.009335 7.925784 0.144387
190 71.275536 51.702259 0.000000 2.492799 1.314028 2.174464 3.970469 7.854903 0.206506
191 71.322639 51.554535 0.000000 2.624424 1.296265 2.095912 3.697156 6.978222 0.143759
192 71.484421 51.474384 0.000000 2.333644 1.267779 2.015057 3.500704 6.527798 0.250996
193 71.358284 51.513226 0.000000 2.587985 1.284313 2.063437 3.619555 6.801306 0.144509
194 71.432800 51.508007 0.000000 2.628485 1.332485 2.214691 4.036695 7.916430 0.144024
195 71.266891 51.489311 0.000000 3.032487 1.307137 2.148458 3.883031 7.578242 0.189238
196 71.355133 51.630539 0.000000 2.892361 1.280230 2.063852 3.649580 6.950418 0.167310
197 71.466263 51.434307 0.000000 2.498359 1.278772 2.056591 3.630006 6.911681 0.142857
198 71.304840 51.475632 0.000000 2.619737 1.290491 2.097146 3.736079 7.160054 0.129607
199 71.322159 51.408257 0.000000 2.314004 1.295981 2.106982 3.752459 7.185301 0.142857
200 71.305771 51.622360 0.000000 2.558202 1.346959 2.264894 4.187970 8.350003 0.143012
201 71.416916 51.455849 0.000000 2.834719 1.298332 2.114575 3.774154 7.242481 0.142857
202 71.429619 51.740101 0.000000 2.352394 1.303146 2.127933 3.811370 7.350896 0.143044
203 71.205460 51.794842 0.000000 3.045537 1.389258 2.415716 4.633794 9.596980 0.143018
204 71.424019 51.512413 0.000000 3.268742 1.295293 2.094151 3.697793 6.996281 0.144307
205 71.392738 51.543095 0.000000 2.637810 1.265996 2.009257 3.485735 6.492202 0.166667
206 71.448792 51.582874 0.000000 2.787121 1.288935 2.092415 3.740478 7.236663 0.200000
207 71.326584 51.532398 0.000000 2.965542 1.292313 2.090566 3.696955 7.012499 0.166670
208 71.465614 51.582752 0.000000 3.065913 1.285095 2.062063 3.612478 6.780909 0.167353
209 71.326660 51.482613 0.000000 2.820970 1.321955 2.202373 4.053288 8.093014 0.227164
210 71.325737 51.572128 0.000000 2.556451 1.284622 2.068429 3.645252 6.903312 0.168878
211 71.579681 51.470318 0.000000 2.423117 1.287496 2.073602 3.648890 6.884308 0.292100
212 71.437843 51.706142 0.000000 2.713856 1.279270 2.047438 3.580009 6.713389 0.166667
213 71.390099 51.467606 0.000000 2.790015 1.289171 2.077532 3.654433 6.883185 0.250000
214 71.371597 51.582428 0.000000 2.843348 1.274403 2.034917 3.549743 6.640520 0.200000
215 71.452415 51.523010 0.000000 2.890463 1.285841 2.067221 3.635170 6.864465 0.200000
216 71.433121 51.520119 0.000000 2.863660 1.244530 1.950908 3.344551 6.164743 0.200000
217 71.170189 51.538788 0.000000 3.110771 1.280403 2.078349 3.741966 7.358607 0.200000
218 71.247238 51.513657 0.000000 3.445280 1.311038 2.159438 3.914784 7.670398 0.250000
219 71.211472 51.619514 0.000000 2.525266 1.320017 2.195227 4.025780 7.988111 0.200000
220 71.175980 51.444950 0.000000 3.181978 1.343968 2.279397 4.277870 8.714391 0.200000
221 71.425949 51.431274 0.000000 3.354506 1.275924 2.039196 3.559936 6.663439 0.250000
222 71.276688 51.543594 0.000000 3.009762 1.294896 2.092503 3.691613 6.974895 0.200000
223 71.388641 51.574226 0.000000 3.146576 1.283136 2.060110 3.611439 6.782870 0.250000
224 71.344429 51.644402 0.000000 2.884088 1.267349 2.020874 3.526716 6.615831 0.250000
225 71.410805 51.626377 0.000000 2.823210 1.297087 2.110013 3.767562 7.253321 0.250000
226 71.258514 51.581455 0.000000 3.065521 1.264704 2.006111 3.478131 6.473809 0.200000
227 71.345161 51.594738 0.000000 2.567079 1.261591 2.000073 3.465683 6.446239 0.250000
228 71.073044 51.785114 0.000000 2.706569 1.334469 2.236906 4.129021 8.230476 0.250000
229 71.303589 51.690266 0.000000 2.889489 1.331598 2.223705 4.086231 8.104974 0.250000
230 71.065163 51.663258 0.000000 2.474049 1.298708 2.130913 3.859342 7.580767 0.250000
231 70.872955 51.771168 0.000000 2.736053 1.374827 2.360228 4.463335 9.107093 0.250000
232 70.801613 51.592575 0.000000 2.277341 1.289495 2.091203 3.713691 7.087502 0.250000
233 71.007576 51.585606 0.000000 2.628152 1.349514 2.282640 4.252753 8.551908 0.250000
234 71.062386 51.583824 0.000000 2.428895 1.334716 2.255140 4.227920 8.632460 0.250000
235 70.895409 51.559212 0.000000 1.786692 1.321941 2.206359 4.062558 8.098845 0.250000
236 70.859749 51.752804 0.000000 2.219146 1.297133 2.122616 3.824771 7.451085 0.250000
237 70.764915 51.720066 0.000000 1.975500 1.279347 2.079695 3.739830 7.314868 0.250000
238 70.859291 51.652275 0.000000 1.744331 1.320190 2.186013 3.993358 7.902021 0.200000
239 70.744308 51.429489 0.000000 1.323023 1.306941 2.159053 3.955643 7.895308 0.200050
240 70.661469 51.581070 0.000000 1.877650 1.331966 2.226422 4.095324 8.136051 0.200000
241 70.358307 51.611217 0.000000 1.224371 1.346396 2.296366 4.372403 9.125379 0.212154
242 70.031395 51.435013 0.000000 1.203570 1.368105 2.380609 4.627946 9.845731 0.166765
243 70.206551 51.130611 0.000000 1.394773 1.330828 2.228019 4.105580 8.157203 0.270055
244 70.438995 51.318707 0.000000 1.315137 1.385954 2.386804 4.510870 9.172251 0.200059
245 70.671272 50.884010 0.000000 1.229301 1.323915 2.217575 4.103598 8.224523 0.291876
246 70.307091 51.095222 0.000000 1.025666 1.352292 2.303139 4.320507 8.752527 0.200000
247 70.465225 50.970089 0.000000 1.296725 1.382544 2.387167 4.547297 9.358443 0.200000
248 70.262947 50.976200 0.000000 0.993575 1.397141 2.446350 4.745548 9.985692 0.166667
250 69.622246 50.447792 0.000000 1.017834 1.340256 2.252188 4.187064 8.454527 0.180259
