%% Trajectory 56
%% frame x (pixel)     y (pixel)    z (pixel)      m0         m1           m2           m3           m4           s 
120 41.603249 39.490555 0.000000 1.002147 1.308633 2.177944 4.019366 8.079879 0.200005
122 41.479923 40.379494 0.000000 0.988281 1.474238 2.709364 5.528727 12.238420 0.166673
124 41.739086 39.272911 0.000000 1.093454 1.357902 2.335788 4.454767 9.224052 0.168791
125 41.771114 39.588226 0.000000 1.423927 1.323217 2.198363 4.027886 7.984538 0.200020
127 41.689148 39.247353 0.000000 1.228289 1.263629 2.015987 3.528725 6.657093 0.166667
128 41.716843 39.443493 0.000000 2.026198 1.322264 2.178638 3.930571 7.614818 0.200128
129 41.604794 39.602493 0.000000 2.382233 1.377182 2.360947 4.455567 9.074250 0.200077
130 41.930347 39.192673 0.000000 1.871404 1.348544 2.300172 4.349531 8.933541 0.200011
131 41.978889 39.504028 0.000000 2.171984 1.404879 2.488650 4.902959 10.504363 0.200210
132 41.876217 39.391357 0.000000 2.158886 1.343628 2.262616 4.192237 8.371229 0.203422
133 41.778145 39.342522 0.000000 2.553608 1.329098 2.214714 4.055620 8.000843 0.200153
134 41.787395 39.523968 0.000000 2.440332 1.292332 2.093012 3.714094 7.087220 0.166672
135 42.157051 39.498383 0.000000 2.890475 1.348985 2.273301 4.206933 8.379027 0.200000
136 41.702595 39.379166 0.000000 2.781250 1.270988 2.043364 3.609519 6.884266 0.200000
137 41.865295 39.316364 0.000000 2.879400 1.305790 2.141128 3.856523 7.482170 0.200000
138 41.942562 39.410908 0.000000 2.764760 1.336858 2.226978 4.063325 7.957400 0.167533
139 41.779419 39.426781 0.000000 2.531768 1.243302 1.949848 3.346968 6.180533 0.200000
140 41.847366 39.173397 0.000000 2.602470 1.407174 2.485528 4.848150 10.209359 0.200005
141 41.839020 39.423889 0.000000 3.113442 1.364988 2.324203 4.343037 8.721578 0.200000
142 41.917072 39.293457 0.000000 2.699143 1.265642 2.032473 3.590247 6.850133 0.200779
143 42.055027 39.375561 0.000000 2.971675 1.344353 2.272569 4.241306 8.564306 0.200000
144 41.780464 39.384304 0.000000 2.911563 1.343959 2.250373 4.118946 8.071560 0.200000
145 41.777504 39.465366 0.000000 3.518314 1.308220 2.137913 3.811750 7.266572 0.250000
146 41.933235 39.606079 0.000000 3.057765 1.328508 2.221519 4.102503 8.205758 0.250000
147 41.932064 39.395176 0.000000 3.302554 1.329050 2.209819 4.035957 7.940787 0.200000
148 41.888477 39.419937 0.000000 2.924029 1.316233 2.162287 3.881678 7.462371 0.200000
149 41.972240 39.381393 0.000000 3.061614 1.330852 2.230150 4.118590 8.216250 0.166667
150 41.835236 39.426449 0.000000 3.818375 1.299964 2.109156 3.734510 7.075687 0.250000
151 42.047028 39.499039 0.000000 3.339111 1.408097 2.461775 4.742075 9.847026 0.200000
152 42.065163 39.342995 0.000000 3.459829 1.342044 2.257626 4.185467 8.381455 0.250000
153 42.074802 39.523506 0.000000 3.531992 1.349289 2.287037 4.272377 8.619319 0.200000
154 42.100853 39.420605 0.000000 3.265785 1.346659 2.285132 4.281687 8.681025 0.250000
155 42.106258 39.263252 0.000000 3.601218 1.332170 2.243709 4.180670 8.447328 0.200000
156 42.078033 39.421459 0.000000 3.831239 1.295492 2.117077 3.813478 7.436288 0.250000
157 42.200535 39.366043 0.000000 3.912707 1.308787 2.156647 3.913412 7.672233 0.200000
158 42.361927 39.690536 0.000000 3.658601 1.277705 2.058435 3.650321 7.007070 0.200000
159 42.484638 39.700645 0.000000 4.045234 1.290755 2.082830 3.675320 6.959318 0.166667
160 42.524834 39.666016 0.000000 4.140174 1.287137 2.069697 3.638453 6.863564 0.200000
161 42.550446 39.772381 0.000000 4.007178 1.297712 2.111703 3.760410 7.188838 0.250000
162 42.720337 39.821434 0.000000 3.522352 1.325790 2.197079 3.992403 7.798178 0.166667
163 42.481930 40.026180 0.000000 3.959625 1.301377 2.138990 3.882042 7.645147 0.166667
164 42.447819 40.136158 0.000000 3.668178 1.304818 2.140232 3.863628 7.538346 0.166667
165 42.711636 40.297276 0.000000 3.016572 1.295871 2.093480 3.690763 6.964344 0.166667
166 42.589241 40.091125 0.000000 2.778366 1.333856 2.225168 4.080372 8.070794 0.200000
167 42.918835 40.140205 0.000000 3.135043 1.397649 2.458354 4.786842 10.085349 0.142857
168 42.983650 40.345081 0.000000 3.736652 1.353431 2.299585 4.317599 8.776648 0.200000
169 43.132885 40.422466 0.000000 3.473426 1.358799 2.308486 4.318779 8.717498 0.200000
170 42.891972 40.327511 0.000000 3.165071 1.365814 2.319525 4.311991 8.590532 0.142857
171 43.096264 40.426449 0.000000 2.530955 1.287770 2.082999 3.704642 7.115696 0.166667
172 42.916611 40.394260 0.000000 2.482419 1.391780 2.463477 4.858370 10.435016 0.206871
173 42.834576 40.779026 0.000000 2.082586 1.367177 2.341682 4.440162 9.133889 0.142861
174 42.613434 41.473827 0.000000 1.923615 1.374899 2.341866 4.361405 8.696126 0.258729
175 42.593479 41.469570 0.000000 2.172116 1.408713 2.481606 4.835017 10.198332 0.207840
176 42.891289 41.598072 0.000000 1.856374 1.494073 2.808426 5.877896 13.333619 0.142858
177 42.437649 41.312901 0.000000 1.544512 1.455076 2.649485 5.332232 11.578464 0.166667
