%% Trajectory 119
%% frame x (pixel)     y (pixel)    z (pixel)      m0         m1           m2           m3           m4           s 
114 67.614334 54.497955 0.000000 0.822482 1.385305 2.422963 4.738435 10.155140 0.140487
115 67.419777 53.895885 0.000000 0.919315 1.474734 2.795006 5.969520 13.960530 0.286128
117 67.506012 54.223431 0.000000 1.574070 1.348336 2.283382 4.277254 8.700510 0.125010
119 67.593903 53.630951 0.000000 1.456709 1.389915 2.444068 4.790290 10.252633 0.161024
120 67.412277 53.361485 0.000000 1.048487 1.361927 2.281967 4.173013 8.163760 0.111996
122 67.589508 53.837410 0.000000 1.384745 1.354318 2.324151 4.450099 9.327233 0.142858
123 67.475830 54.362602 0.000000 1.397278 1.525150 2.899898 6.135253 14.081749 0.200002
124 67.743813 53.736416 0.000000 1.379933 1.478625 2.759575 5.752460 13.063123 0.143160
126 67.147232 52.780491 0.000000 0.872443 1.534916 3.004573 6.565625 15.540481 0.165603
128 67.336250 54.203476 0.000000 1.665626 1.397038 2.453535 4.795654 10.221754 0.090910
129 67.586678 53.658180 0.000000 1.818284 1.408993 2.536340 5.127796 11.375429 0.202576
130 67.539207 53.771263 0.000000 1.256143 1.457937 2.640462 5.282843 11.407405 0.143241
131 67.778481 53.550713 0.000000 1.414982 1.314792 2.167861 3.915720 7.596430 0.200000
132 67.466286 53.766739 0.000000 1.415384 1.417455 2.502549 4.914993 10.511869 0.111120
133 67.609138 53.648331 0.000000 1.673833 1.311987 2.231420 4.290174 9.147270 0.166667
134 67.538139 53.223328 0.000000 1.611779 1.376097 2.408042 4.727122 10.197070 0.167192
135 67.796959 53.702595 0.000000 1.305351 1.373092 2.374056 4.544277 9.428288 0.171654
136 68.022301 53.754448 0.000000 1.380248 1.294641 2.131676 3.883812 7.683288 0.125112
137 67.599304 53.659657 0.000000 1.444069 1.381128 2.445473 4.871912 10.678808 0.112948
138 68.082039 53.486801 0.000000 1.386695 1.402837 2.501450 4.946545 10.598007 0.152745
140 67.600906 53.464417 0.000000 1.643362 1.284658 2.077971 3.698318 7.119003 0.111120
141 67.792351 53.694603 0.000000 1.996768 1.350019 2.288602 4.279632 8.656803 0.101496
142 67.717453 53.216354 0.000000 1.932032 1.310423 2.211065 4.172392 8.642016 0.142857
143 67.861229 53.246628 0.000000 1.603251 1.292060 2.123558 3.852628 7.573188 0.153813
144 67.617355 53.630245 0.000000 1.962023 1.448151 2.602694 5.179800 11.172896 0.100252
145 67.858200 53.588745 0.000000 2.013996 1.338217 2.251721 4.184909 8.429347 0.164906
146 67.833054 53.788494 0.000000 2.350958 1.284054 2.110341 3.871851 7.803032 0.125349
147 67.563156 53.672001 0.000000 2.382239 1.392865 2.449097 4.776692 10.122216 0.142864
148 67.643791 53.537537 0.000000 1.902435 1.431623 2.568148 5.116690 11.081488 0.111968
149 67.396378 53.683372 0.000000 2.450456 1.284607 2.077217 3.697600 7.125324 0.100261
150 67.508766 53.343590 0.000000 1.970939 1.269837 2.017121 3.513254 6.601401 0.118547
151 67.857353 53.608814 0.000000 2.132596 1.349705 2.310769 4.384876 9.035714 0.125000
153 67.700790 53.471653 0.000000 1.949601 1.375283 2.418893 4.767529 10.301666 0.111111
154 67.859421 53.612457 0.000000 1.842176 1.250157 1.983231 3.470681 6.601202 0.125000
156 67.546852 53.911835 0.000000 2.792550 1.342191 2.276290 4.292345 8.836159 0.125000
157 67.424904 54.054512 0.000000 2.794452 1.427064 2.564694 5.107759 11.013687 0.200000
159 67.503143 53.758759 0.000000 2.470063 1.364151 2.330359 4.393142 8.964264 0.200000
160 67.671654 53.671211 0.000000 3.234907 1.333979 2.236818 4.135902 8.277679 0.142879
161 67.594810 53.689362 0.000000 2.984096 1.315488 2.185413 4.007542 7.964438 0.125000
162 67.640060 53.762009 0.000000 2.742491 1.325275 2.199054 4.028635 8.009650 0.200000
163 67.606934 53.604706 0.000000 2.590302 1.296515 2.117810 3.826203 7.522250 0.166667
164 67.604607 53.951431 0.000000 2.711265 1.325915 2.221973 4.124085 8.324646 0.142857
165 67.446777 54.031658 0.000000 3.200113 1.361143 2.332633 4.431911 9.153234 0.166862
166 67.700645 53.788383 0.000000 2.928020 1.327575 2.226381 4.139615 8.379893 0.200000
167 67.510071 53.773956 0.000000 3.129302 1.284046 2.086915 3.756923 7.374683 0.200000
168 67.514847 54.015274 0.000000 3.275531 1.389961 2.427339 4.705586 9.919766 0.200000
169 67.570160 53.794373 0.000000 3.166969 1.343719 2.268827 4.230196 8.547900 0.250000
170 67.623924 53.703384 0.000000 3.521945 1.302617 2.116800 3.751507 7.108002 0.166667
171 67.526268 54.199303 0.000000 3.464727 1.401615 2.464727 4.826657 10.310655 0.200121
172 67.241768 54.014282 0.000000 3.008784 1.328275 2.226062 4.113864 8.219272 0.200002
173 67.404343 53.767937 0.000000 3.353654 1.316272 2.160772 3.882185 7.487720 0.166667
174 67.477386 54.069721 0.000000 3.337850 1.327173 2.227198 4.150779 8.439510 0.166667
175 67.385361 53.771004 0.000000 3.709584 1.349746 2.297323 4.334334 8.885888 0.200000
176 67.079193 54.079075 0.000000 3.614389 1.433272 2.587948 5.198525 11.339545 0.200000
177 67.497726 53.873299 0.000000 4.005196 1.396824 2.441795 4.725564 9.913239 0.200000
178 67.449356 53.797779 0.000000 3.632921 1.363666 2.333449 4.424326 9.121022 0.200000
179 67.394272 53.844040 0.000000 3.902369 1.349076 2.284994 4.280595 8.700703 0.200000
180 67.377632 53.941105 0.000000 4.237739 1.409044 2.502920 4.949174 10.657598 0.200004
181 67.318169 54.035896 0.000000 4.271798 1.392937 2.446361 4.777650 10.152454 0.202621
182 67.409058 53.786938 0.000000 4.819265 1.348876 2.286202 4.274891 8.651036 0.250000
183 67.512802 53.681480 0.000000 4.012047 1.369400 2.350909 4.464122 9.195599 0.170171
184 67.180161 53.778065 0.000000 4.593939 1.390355 2.405769 4.578496 9.383440 0.200000
185 67.551796 53.805611 0.000000 4.530731 1.346793 2.257838 4.145199 8.168555 0.166855
186 67.407265 53.832645 0.000000 4.692326 1.367024 2.336394 4.405740 8.991649 0.211486
187 67.324501 53.890221 0.000000 4.414137 1.381025 2.393079 4.585355 9.515390 0.200026
188 67.321930 53.838768 0.000000 4.252858 1.368036 2.330014 4.359707 8.780690 0.286302
189 67.356865 53.789379 0.000000 4.937102 1.352944 2.291370 4.269103 8.576382 0.200000
190 67.220413 53.894840 0.000000 4.757252 1.419992 2.526947 4.979084 10.620345 0.201179
191 67.295570 54.163441 0.000000 5.453572 1.378527 2.371388 4.494102 9.195774 0.200001
192 67.218063 54.075226 0.000000 5.283517 1.399603 2.455383 4.765208 10.021006 0.200003
193 67.285835 54.166363 0.000000 5.374125 1.382610 2.374451 4.469161 9.027702 0.344981
194 67.370377 54.148567 0.000000 4.750874 1.413413 2.495139 4.867719 10.271688 0.200008
195 66.977318 54.184380 0.000000 5.460976 1.410079 2.495282 4.897080 10.422503 0.166667
196 67.288948 54.146282 0.000000 5.367473 1.420081 2.512483 4.899344 10.303306 0.166667
197 67.226501 54.011345 0.000000 5.050232 1.458803 2.662829 5.386513 11.789517 0.192349
198 67.280846 54.153629 0.000000 5.625974 1.376946 2.363275 4.458448 9.060683 0.303608
199 67.019966 54.295212 0.000000 5.477409 1.433824 2.570618 5.100836 10.953081 0.201402
200 67.165970 54.305077 0.000000 5.623467 1.433654 2.569705 5.103430 10.983850 0.200000
201 66.868454 54.358265 0.000000 5.493731 1.388409 2.408825 4.611656 9.539819 0.166667
202 66.950363 54.520130 0.000000 5.746304 1.443005 2.583452 5.094545 10.822105 0.200010
204 67.001999 54.587990 0.000000 5.086516 1.376645 2.375614 4.524545 9.317936 0.200000
205 66.988876 54.673103 0.000000 4.863197 1.461194 2.663837 5.372309 11.709038 0.200000
206 66.775467 54.732494 0.000000 4.515750 1.390844 2.431344 4.719221 9.961322 0.201468
207 66.962349 54.419407 0.000000 4.426636 1.426355 2.538422 4.993781 10.625002 0.366574
208 67.131317 54.517040 0.000000 4.599855 1.407324 2.455389 4.701523 9.668378 0.205343
209 67.022720 54.791134 0.000000 4.266377 1.446836 2.622606 5.277130 11.515369 0.336815
210 67.133583 54.892487 0.000000 4.147161 1.427046 2.560375 5.108058 11.074198 0.265337
211 66.954887 54.688168 0.000000 4.362144 1.416275 2.505572 4.908074 10.420221 0.270612
212 66.948975 54.765141 0.000000 4.064974 1.461246 2.669233 5.398949 11.807137 0.222322
213 66.829391 55.121742 0.000000 4.779751 1.448540 2.607008 5.182470 11.127813 0.168006
215 66.694969 54.831776 0.000000 4.480301 1.384739 2.380153 4.486936 9.085819 0.224873
216 66.593452 54.838524 0.000000 5.141885 1.337968 2.224546 4.039588 7.853072 0.200000
218 66.452286 54.874584 0.000000 4.431487 1.438481 2.594560 5.188637 11.241642 0.167350
219 66.748810 55.167362 0.000000 4.257735 1.366958 2.337579 4.408296 8.982143 0.166667
221 67.919167 55.838127 0.000000 3.936374 1.408090 2.461197 4.739542 9.847803 0.169431
222 67.818970 55.388657 0.000000 3.953810 1.365707 2.338504 4.409053 8.969537 0.166938
223 68.193314 55.552803 0.000000 3.230880 1.327923 2.208467 4.036542 7.957132 0.166803
224 68.089432 55.750607 0.000000 2.915968 1.360979 2.332216 4.413321 9.027028 0.247987
225 68.659241 55.922905 0.000000 2.772601 1.399255 2.433819 4.655734 9.590386 0.142879
226 68.431511 56.440666 0.000000 2.691655 1.471246 2.685206 5.422091 11.836513 0.174215
227 68.531700 56.117027 0.000000 1.929691 1.508110 2.814113 5.818838 13.013618 0.167265
229 68.206062 56.692734 0.000000 2.207364 1.527727 2.894253 6.064683 13.723375 0.146031
231 68.630562 57.672726 0.000000 2.061430 1.486485 2.726877 5.499846 11.926019 0.166667
