%% Trajectory 63
%% frame x (pixel)     y (pixel)    z (pixel)      m0         m1           m2           m3           m4           s 
157 48.948097 58.585278 0.000000 1.503299 1.284885 2.105627 3.855080 7.768282 0.200001
158 48.463680 58.610722 0.000000 1.491236 1.332646 2.249924 4.221224 8.639268 0.200000
159 48.748978 58.844482 0.000000 1.066981 1.313255 2.141617 3.834381 7.406786 0.146154
160 48.636650 58.765408 0.000000 1.098475 1.253004 2.037596 3.698219 7.368708 0.142861
162 48.448120 58.851101 0.000000 1.951598 1.315140 2.168073 3.923382 7.649376 0.202846
163 48.693642 58.790260 0.000000 1.651101 1.379169 2.369388 4.466367 9.044249 0.188927
164 48.767056 58.616676 0.000000 2.502578 1.288289 2.078640 3.661098 6.903286 0.170391
165 48.803116 58.857948 0.000000 2.265285 1.368296 2.358642 4.510328 9.378378 0.142857
166 48.760326 58.777515 0.000000 2.987710 1.316565 2.177194 3.970344 7.843518 0.250710
167 48.582165 58.977238 0.000000 2.217728 1.296679 2.115714 3.781281 7.260846 0.200000
168 48.366947 59.021042 0.000000 2.386794 1.336572 2.248815 4.172067 8.366028 0.216499
169 48.270370 58.703278 0.000000 2.566926 1.315745 2.171912 3.933249 7.663927 0.200923
170 48.778252 58.928688 0.000000 2.861160 1.429077 2.553421 5.055611 10.854854 0.166883
171 48.605751 58.736729 0.000000 2.587959 1.291557 2.082236 3.665031 6.909170 0.220971
172 48.790611 58.947807 0.000000 2.631305 1.329485 2.226670 4.102915 8.149483 0.200000
173 48.692616 58.999977 0.000000 3.119104 1.346030 2.269213 4.208941 8.415157 0.200025
174 48.713383 58.858921 0.000000 3.557264 1.305972 2.148988 3.891203 7.605800 0.166667
175 48.718311 58.766197 0.000000 2.989231 1.344406 2.267068 4.205457 8.415922 0.188757
176 48.561649 58.878788 0.000000 3.399380 1.278063 2.056271 3.634638 6.938026 0.200000
177 48.388630 58.951694 0.000000 3.397282 1.333922 2.221243 4.051167 7.933980 0.200000
178 48.457756 58.793987 0.000000 3.313224 1.283871 2.075187 3.678855 7.023013 0.166667
179 48.508247 58.916145 0.000000 3.497541 1.317889 2.181121 3.967156 7.781812 0.166667
180 48.650532 58.922428 0.000000 3.769197 1.336295 2.229056 4.073515 7.991531 0.166667
181 48.310307 59.005730 0.000000 3.001743 1.298194 2.132818 3.874150 7.636767 0.250000
183 48.577984 59.024883 0.000000 4.099673 1.308878 2.152461 3.887273 7.561238 0.200000
184 48.532421 58.990311 0.000000 3.508156 1.333966 2.234502 4.117477 8.180230 0.166667
186 48.589222 58.852741 0.000000 4.374115 1.299172 2.111471 3.749639 7.134858 0.200000
187 48.466427 58.776741 0.000000 4.359256 1.300802 2.116252 3.767439 7.202309 0.200000
188 48.512466 58.820286 0.000000 3.559990 1.339794 2.235502 4.078619 7.974875 0.200000
189 48.490845 58.728130 0.000000 3.932141 1.286988 2.071338 3.641874 6.864198 0.142857
190 48.611111 58.777020 0.000000 4.096506 1.273045 2.032175 3.543515 6.625206 0.200000
191 48.659428 58.880417 0.000000 4.184409 1.336333 2.242060 4.148995 8.311616 0.227618
192 48.709671 58.988773 0.000000 4.426064 1.350935 2.296606 4.308988 8.749815 0.274475
193 48.764526 58.758633 0.000000 4.631339 1.299108 2.116629 3.782740 7.280866 0.201959
194 48.817654 58.820190 0.000000 4.236775 1.347548 2.287684 4.300918 8.786048 0.200253
196 49.033108 58.732185 0.000000 4.449402 1.359493 2.337419 4.473792 9.347395 0.200000
197 49.125168 58.822006 0.000000 4.492815 1.318256 2.187236 4.009099 7.968953 0.167423
198 49.279762 58.753723 0.000000 4.650644 1.299016 2.130582 3.858163 7.580511 0.167902
199 49.190887 58.886402 0.000000 4.171895 1.369597 2.336796 4.384787 8.865255 0.166667
200 49.376175 58.795528 0.000000 4.084411 1.266690 2.022662 3.530946 6.612664 0.166669
201 49.496948 58.827164 0.000000 3.432087 1.387452 2.433007 4.745624 10.080920 0.200000
202 49.450871 58.862492 0.000000 3.182763 1.241366 1.946299 3.340018 6.168149 0.209577
203 49.374771 58.886574 0.000000 3.359582 1.331928 2.218712 4.057050 7.983754 0.166872
204 49.653294 58.933411 0.000000 3.113826 1.363796 2.321273 4.343923 8.756362 0.166667
205 49.623100 59.010208 0.000000 3.000737 1.375084 2.370841 4.493112 9.157200 0.142858
206 49.941360 59.171955 0.000000 3.132798 1.388865 2.451699 4.824538 10.346188 0.200000
207 50.222198 59.172371 0.000000 3.578420 1.368419 2.341196 4.422825 9.041506 0.143468
208 50.227375 59.072563 0.000000 3.244663 1.385845 2.421061 4.694284 9.885448 0.144349
209 50.529846 59.052540 0.000000 3.221524 1.386448 2.441297 4.779192 10.174401 0.142867
210 50.343525 59.345078 0.000000 2.637273 1.425704 2.565500 5.146023 11.244791 0.167197
211 50.578178 59.615211 0.000000 2.558222 1.384748 2.389331 4.536872 9.294323 0.142918
213 50.728897 60.014198 0.000000 1.873006 1.444793 2.602213 5.183189 11.161744 0.166667
214 51.183971 59.548080 0.000000 2.047300 1.418698 2.515965 4.940935 10.512027 0.166671
