%% Trajectory 13
%% frame x (pixel)     y (pixel)    z (pixel)      m0         m1           m2           m3           m4           s 
74 60.395348 34.424767 0.000000 1.649066 1.379689 2.436681 4.851099 10.649902 0.250000
75 60.671017 34.341255 0.000000 2.390493 1.453783 2.643960 5.326128 11.614020 0.201208
76 60.683422 34.085518 0.000000 2.150517 1.357899 2.334692 4.461804 9.288424 0.200000
77 60.756317 34.038551 0.000000 2.639828 1.432482 2.567054 5.104181 11.012541 0.250432
78 60.936337 34.331013 0.000000 2.032836 1.333924 2.249832 4.209562 8.571042 0.166853
80 60.874683 34.065926 0.000000 2.298706 1.341761 2.272321 4.270205 8.733545 0.200054
81 60.833839 33.936222 0.000000 2.148833 1.349042 2.309695 4.409383 9.197464 0.367915
82 60.792793 34.183884 0.000000 2.008135 1.326462 2.223782 4.133571 8.352443 0.296368
83 61.173847 33.863853 0.000000 2.594939 1.396404 2.445767 4.733449 9.900026 0.200000
84 60.884598 34.249329 0.000000 2.174983 1.404570 2.467142 4.792994 10.076186 0.200024
85 61.278316 33.874695 0.000000 2.113450 1.351632 2.305185 4.354691 8.928019 0.250000
86 61.075855 33.908981 0.000000 2.351367 1.422653 2.523883 4.930537 10.374014 0.250000
87 61.222748 33.984394 0.000000 2.273597 1.365809 2.356587 4.528924 9.496905 0.250000
88 61.367485 33.738197 0.000000 1.929540 1.366210 2.325871 4.367417 8.874457 0.250000
90 60.945580 34.320110 0.000000 1.969020 1.315387 2.200813 4.104439 8.376232 0.250000
91 60.913780 34.038040 0.000000 2.490144 1.364940 2.354606 4.520016 9.452511 0.250000
92 60.871414 34.227501 0.000000 2.332498 1.340698 2.271743 4.277467 8.771398 0.250000
93 60.915905 33.873985 0.000000 2.331804 1.332865 2.249365 4.206502 8.548329 0.200127
94 60.826256 33.919945 0.000000 2.682162 1.354346 2.305345 4.337549 8.845427 0.200000
95 60.822376 34.155098 0.000000 2.278441 1.333665 2.258280 4.257961 8.764179 0.355635
96 61.248611 33.789726 0.000000 2.397326 1.333574 2.233856 4.125024 8.235733 0.200000
97 61.095692 34.012115 0.000000 2.901196 1.417730 2.515330 4.935302 10.475119 0.250000
98 61.100201 34.160908 0.000000 3.092637 1.338122 2.247498 4.152876 8.275867 0.200000
99 60.811077 34.235268 0.000000 3.110169 1.325426 2.197099 4.006808 7.885986 0.250000
100 60.922138 34.068550 0.000000 3.086584 1.375143 2.383553 4.584243 9.579502 0.200000
101 60.814110 34.061626 0.000000 3.965968 1.319612 2.205290 4.079627 8.194370 0.203677
103 60.968582 33.973469 0.000000 3.107209 1.356586 2.334286 4.465113 9.292192 0.200000
104 60.895432 34.101414 0.000000 3.853949 1.380449 2.388087 4.564973 9.440871 0.269603
105 60.990635 33.928497 0.000000 3.727063 1.372994 2.367004 4.502784 9.253359 0.200531
106 60.866894 34.063736 0.000000 3.979293 1.338137 2.265976 4.257912 8.701664 0.200000
107 60.785503 34.063679 0.000000 3.734338 1.323582 2.209473 4.064223 8.073828 0.200000
108 60.694187 34.025173 0.000000 3.816562 1.329656 2.232941 4.141858 8.315114 0.200000
109 60.912922 33.864948 0.000000 3.745524 1.344596 2.263923 4.196803 8.400220 0.200000
110 60.906902 33.803181 0.000000 3.167000 1.331926 2.243161 4.177998 8.443636 0.200000
111 60.894508 34.004646 0.000000 3.875053 1.384618 2.418848 4.694757 9.908101 0.200001
112 60.843426 34.082150 0.000000 3.744197 1.319112 2.196542 4.051502 8.119953 0.200000
113 60.756821 34.022068 0.000000 3.551087 1.313726 2.180496 3.999972 7.959089 0.200000
114 60.729862 33.968025 0.000000 4.005272 1.335662 2.256110 4.217770 8.551147 0.200000
115 60.787388 33.936913 0.000000 4.274806 1.340836 2.266543 4.243064 8.634509 0.200132
116 60.817547 34.032482 0.000000 4.675255 1.332626 2.240132 4.160832 8.368712 0.200002
117 60.944294 33.906471 0.000000 3.841348 1.387988 2.406393 4.587557 9.410927 0.200166
118 60.750633 34.026367 0.000000 4.082253 1.333427 2.242021 4.171579 8.422721 0.200000
119 60.797607 33.852215 0.000000 4.175957 1.304994 2.148781 3.900095 7.662128 0.200028
120 60.720280 34.069580 0.000000 4.116442 1.346979 2.278687 4.251790 8.574857 0.393922
121 60.754505 33.910393 0.000000 4.286574 1.346360 2.273241 4.219705 8.440858 0.200085
122 60.749249 33.842094 0.000000 4.965077 1.318249 2.178633 3.949145 7.701973 0.250000
123 60.657986 33.870094 0.000000 5.178012 1.376965 2.374298 4.521242 9.318946 0.250006
124 60.622433 33.939766 0.000000 5.679393 1.340607 2.247427 4.141157 8.226526 0.250000
126 60.480232 33.803379 0.000000 5.202696 1.328694 2.204318 4.006665 7.824440 0.200000
127 60.464928 33.885677 0.000000 4.490963 1.320383 2.182599 3.956444 7.712945 0.200000
128 60.617645 33.850590 0.000000 5.316758 1.318122 2.163056 3.872851 7.415749 0.200001
129 60.360233 33.963158 0.000000 5.100759 1.350857 2.310840 4.378433 8.998430 0.200000
130 60.346676 33.728638 0.000000 4.848937 1.308176 2.138797 3.823371 7.328705 0.200000
131 60.231567 33.981922 0.000000 5.307842 1.380205 2.406450 4.651996 9.762003 0.166667
132 60.282787 33.885429 0.000000 5.562758 1.352049 2.297960 4.325545 8.845969 0.166667
134 60.169937 33.702904 0.000000 4.740095 1.310180 2.157460 3.906760 7.635478 0.229067
135 60.039692 34.098675 0.000000 4.306651 1.373236 2.364569 4.495506 9.243081 0.200000
136 60.146584 34.020721 0.000000 4.134354 1.411400 2.496220 4.868848 10.244203 0.167344
137 60.073391 33.793869 0.000000 4.537093 1.377671 2.382654 4.560079 9.456248 0.166667
138 59.985683 33.812675 0.000000 4.639463 1.401493 2.469732 4.826119 10.231734 0.166716
139 59.969353 33.664898 0.000000 4.261941 1.367033 2.342595 4.419437 8.992929 0.166667
140 59.932102 34.144531 0.000000 4.448064 1.379277 2.392836 4.591881 9.538748 0.166668
141 59.802307 34.011662 0.000000 4.395187 1.354130 2.326502 4.444612 9.247733 0.166671
142 59.686771 34.188736 0.000000 4.090842 1.292606 2.117333 3.848990 7.639237 0.142857
143 59.641827 33.939518 0.000000 3.330132 1.338875 2.313986 4.513547 9.724838 0.166667
144 59.451435 34.339531 0.000000 4.019450 1.357014 2.321923 4.412248 9.132440 0.166667
145 59.346031 34.087673 0.000000 3.848964 1.474410 2.725565 5.591294 12.422701 0.171498
146 59.263870 34.280373 0.000000 3.569241 1.383222 2.425728 4.728223 10.024943 0.166667
147 59.545643 34.259254 0.000000 3.020402 1.283408 2.110790 3.872072 7.785912 0.200000
148 59.237896 34.205196 0.000000 3.112277 1.353498 2.339340 4.514130 9.529334 0.167100
149 59.234406 34.174210 0.000000 2.910182 1.349925 2.311115 4.395244 9.099699 0.200003
150 59.282490 33.712776 0.000000 3.098692 1.411008 2.507032 4.949955 10.625320 0.200000
152 58.984310 34.399399 0.000000 3.509289 1.427203 2.557061 5.081612 10.951202 0.200000
154 58.654686 34.267590 0.000000 2.843142 1.470318 2.713767 5.561027 12.343386 0.205338
155 58.407875 34.023155 0.000000 2.615680 1.540051 2.939126 6.204762 14.128501 0.206072
156 58.548889 34.196117 0.000000 3.185336 1.437182 2.584814 5.155658 11.146722 0.166669
157 58.452991 34.082947 0.000000 2.564596 1.366369 2.352774 4.482721 9.253150 0.166943
158 58.216312 34.736534 0.000000 2.644335 1.380776 2.403124 4.643822 9.751106 0.166667
159 57.742500 34.758411 0.000000 2.666139 1.394325 2.451188 4.781004 10.120670 0.166667
161 57.425793 34.270851 0.000000 3.366176 1.406650 2.473948 4.807264 10.095179 0.382406
162 57.691280 34.009472 0.000000 3.324017 1.482771 2.762931 5.717097 12.799099 0.200000
164 56.430981 34.319954 0.000000 2.993121 1.379297 2.390501 4.575425 9.465431 0.168662
165 56.519855 34.385609 0.000000 2.136920 1.409389 2.523366 5.034130 10.925147 0.200001
167 56.492947 34.061733 0.000000 1.891309 1.641309 3.259017 7.066871 16.335167 0.166667
169 56.748440 34.627140 0.000000 2.102783 1.570899 3.038950 6.483976 14.877489 0.166667
170 56.523087 34.451794 0.000000 1.577549 1.495922 2.816202 5.893864 13.328009 0.166667
171 56.305161 34.394371 0.000000 1.669491 1.568110 3.000672 6.288629 14.081153 0.167055
173 56.122982 33.928749 0.000000 1.127178 1.383006 2.483970 5.059536 11.387268 0.200000
