%% Trajectory 75
%% frame x (pixel)     y (pixel)    z (pixel)      m0         m1           m2           m3           m4           s 
183 80.789139 55.037556 0.000000 1.262806 1.326963 2.243679 4.211444 8.583715 0.223520
184 80.784294 55.133617 0.000000 1.788237 1.311347 2.183461 4.037902 8.147635 0.166667
185 80.829880 54.916641 0.000000 1.497945 1.396078 2.484822 4.927356 10.629551 0.355315
186 80.784195 54.841328 0.000000 1.946326 1.302261 2.136741 3.858480 7.527554 0.218946
187 80.804214 55.178661 0.000000 2.084581 1.260537 2.002133 3.484305 6.527891 0.200000
188 81.020500 55.119141 0.000000 2.782681 1.309653 2.165731 3.951246 7.803261 0.200000
189 81.016823 55.006958 0.000000 1.856091 1.339043 2.292249 4.352802 8.971580 0.189672
190 80.950272 54.981289 0.000000 2.364367 1.326765 2.235797 4.174394 8.460676 0.200000
191 80.734909 55.098080 0.000000 1.817192 1.297689 2.152094 3.973172 8.025638 0.218238
192 80.782600 54.927387 0.000000 2.366520 1.361871 2.360908 4.568274 9.658366 0.166667
193 80.800346 55.224834 0.000000 2.766144 1.332676 2.243567 4.179783 8.458214 0.200000
195 80.960266 55.255444 0.000000 2.152512 1.340137 2.280828 4.324413 8.950309 0.200002
196 80.840157 54.957222 0.000000 2.956085 1.334586 2.244132 4.151371 8.274795 0.200000
197 80.728188 54.821270 0.000000 3.244213 1.262532 2.016707 3.540763 6.717260 0.166667
198 80.512390 54.924393 0.000000 3.295822 1.301086 2.112683 3.747090 7.119695 0.166667
199 80.874969 54.904705 0.000000 2.936180 1.304402 2.157871 3.951476 7.862948 0.166667
200 81.058929 55.070972 0.000000 2.966362 1.363037 2.342278 4.464108 9.241983 0.166667
201 80.575134 54.911709 0.000000 2.569710 1.305070 2.134173 3.827373 7.389924 0.200017
202 80.678566 54.784336 0.000000 2.979794 1.292885 2.086233 3.683002 6.981902 0.209581
203 80.608963 54.893356 0.000000 2.794745 1.404458 2.484488 4.883558 10.435691 0.166955
204 81.122032 54.804226 0.000000 2.364068 1.296014 2.119571 3.824369 7.473250 0.166686
206 80.905365 54.839806 0.000000 2.670938 1.314560 2.186321 4.017351 7.995765 0.227025
207 80.736687 54.925133 0.000000 2.954080 1.300640 2.137890 3.878236 7.624834 0.142857
208 80.553200 54.827141 0.000000 3.410175 1.266768 2.021457 3.539327 6.683824 0.142871
209 80.592537 54.624565 0.000000 3.480657 1.293841 2.089690 3.688760 6.985359 0.142867
210 80.699921 54.635689 0.000000 2.761199 1.247176 1.955283 3.355329 6.197710 0.166667
211 80.950569 54.889351 0.000000 3.390501 1.297012 2.130639 3.863631 7.586852 0.145685
212 80.779167 54.787552 0.000000 3.165070 1.283104 2.072666 3.675325 7.025948 0.166667
213 80.683258 54.836746 0.000000 3.612049 1.263182 2.007191 3.492018 6.533924 0.166668
214 80.773506 54.664047 0.000000 3.972234 1.313529 2.175020 3.986030 7.946700 0.166667
215 80.653786 54.536072 0.000000 3.358787 1.270265 2.020913 3.512824 6.551432 0.145838
216 80.685074 54.842407 0.000000 3.950019 1.299050 2.114917 3.772942 7.236547 0.200124
217 80.965706 54.683716 0.000000 3.918882 1.330649 2.232556 4.154284 8.417650 0.201383
218 80.917267 54.639145 0.000000 3.852695 1.279071 2.059510 3.637082 6.914386 0.200109
219 80.480453 54.606686 0.000000 4.348980 1.261207 1.996122 3.453808 6.417978 0.166667
220 80.744347 54.539871 0.000000 4.580304 1.275337 2.043493 3.585928 6.769334 0.200000
221 80.570206 54.730385 0.000000 4.195430 1.272844 2.030679 3.540096 6.621624 0.200000
222 80.657211 54.367752 0.000000 4.574765 1.255161 1.980853 3.417871 6.335168 0.200000
223 80.738205 54.275257 0.000000 4.287294 1.250887 1.971895 3.409071 6.359330 0.200000
224 80.648033 54.507076 0.000000 4.526607 1.280951 2.055734 3.608723 6.804354 0.200021
226 80.697746 54.139015 0.000000 4.879043 1.304183 2.135189 3.839070 7.437040 0.174485
227 80.520744 54.066673 0.000000 5.028767 1.304145 2.137647 3.856874 7.525296 0.259070
228 80.522781 54.162594 0.000000 4.517704 1.290159 2.076762 3.649408 6.868669 0.200000
229 80.398506 53.895481 0.000000 4.006063 1.288444 2.090598 3.726157 7.165204 0.166667
230 80.422241 54.103905 0.000000 4.098362 1.305200 2.132352 3.817566 7.348750 0.200012
231 80.382271 54.085487 0.000000 4.594633 1.296775 2.115553 3.792299 7.330540 0.166717
232 80.249458 53.924885 0.000000 4.678995 1.387482 2.406397 4.602104 9.508553 0.258163
233 80.342613 54.037960 0.000000 4.108532 1.390461 2.409520 4.601743 9.488146 0.276772
234 80.354004 54.113144 0.000000 3.846111 1.287318 2.087740 3.719227 7.144439 0.200000
235 79.995415 53.970047 0.000000 4.098631 1.368509 2.367136 4.532465 9.398928 0.166667
236 79.916664 54.153305 0.000000 3.637689 1.340738 2.254993 4.166663 8.289457 0.200000
237 80.016891 53.801952 0.000000 3.651686 1.345187 2.293258 4.354967 9.031659 0.166667
238 79.875145 53.949444 0.000000 3.460247 1.345111 2.285887 4.306549 8.811490 0.166670
239 79.922699 54.050804 0.000000 3.624975 1.391468 2.421295 4.652662 9.668714 0.166667
240 79.754272 53.775208 0.000000 2.881926 1.305106 2.145518 3.884864 7.606628 0.166667
241 79.532295 53.488743 0.000000 3.016560 1.283384 2.068611 3.645108 6.889298 0.166667
242 79.481346 53.494904 0.000000 2.822458 1.362481 2.336697 4.445698 9.200590 0.200000
243 79.359444 53.272682 0.000000 2.543760 1.269696 2.022671 3.526924 6.613631 0.200456
244 79.728828 53.427174 0.000000 2.071654 1.276812 2.055775 3.639818 6.965723 0.175831
246 79.245193 53.492237 0.000000 3.010095 1.321044 2.188416 3.987318 7.845662 0.166667
248 79.044449 53.527351 0.000000 1.646316 1.420792 2.521935 4.920589 10.318861 0.200000
249 78.910545 53.375252 0.000000 2.222720 1.393014 2.432519 4.702732 9.854470 0.166673
250 78.770538 53.443199 0.000000 1.999458 1.427976 2.535417 4.969139 10.519238 0.166670
251 78.881416 53.248741 0.000000 1.284563 1.519928 2.878462 6.028632 13.605971 0.101246
