%% Trajectory 56
%% frame x (pixel)     y (pixel)    z (pixel)      m0         m1           m2           m3           m4           s 
172 69.486656 43.151665 0.000000 1.132497 1.323015 2.196895 4.020054 7.959467 0.177062
174 69.602577 43.311836 0.000000 1.178609 1.487816 2.761238 5.681924 12.658361 0.131366
176 69.244293 43.593056 0.000000 1.302367 1.337467 2.289476 4.388776 9.238738 0.142857
177 69.598320 43.447323 0.000000 1.121177 1.411791 2.538221 5.124189 11.349271 0.165199
178 69.439713 43.355473 0.000000 1.248921 1.418853 2.503013 4.874771 10.257261 0.163824
179 69.393173 43.283794 0.000000 1.642243 1.498003 2.808734 5.844116 13.159104 0.221502
180 69.460075 43.720177 0.000000 1.596192 1.358178 2.306491 4.316888 8.727805 0.200000
181 69.667503 43.156315 0.000000 1.817747 1.390547 2.447787 4.790986 10.205218 0.166669
182 69.458405 43.268600 0.000000 2.125166 1.310258 2.155555 3.895143 7.589158 0.200390
183 69.613533 43.241684 0.000000 1.928727 1.333367 2.239080 4.158989 8.384537 0.166667
184 69.887505 43.254841 0.000000 1.734248 1.367240 2.330299 4.368490 8.831975 0.200000
185 69.394196 43.322594 0.000000 2.024319 1.312189 2.164603 3.929205 7.707833 0.166667
186 69.753830 43.032642 0.000000 1.975980 1.332338 2.225745 4.100250 8.173599 0.200000
187 69.673676 43.130501 0.000000 1.779671 1.298013 2.125046 3.812761 7.350316 0.166667
188 69.507446 43.003960 0.000000 2.099731 1.327480 2.216083 4.059494 7.999237 0.142857
189 69.902382 43.372551 0.000000 2.072000 1.279610 2.071110 3.689729 7.107881 0.200000
191 69.404007 43.240673 0.000000 2.537343 1.265240 2.009444 3.489462 6.506590 0.166667
192 69.193398 43.219856 0.000000 2.270439 1.463505 2.673793 5.410120 11.846888 0.234810
193 69.402588 43.116058 0.000000 2.938505 1.342023 2.244437 4.115236 8.108280 0.200000
194 69.640800 43.001896 0.000000 2.982029 1.332490 2.235995 4.149682 8.359014 0.200000
195 69.629150 43.076660 0.000000 2.973476 1.348555 2.273827 4.207467 8.370627 0.166667
196 69.524643 42.645031 0.000000 2.829483 1.283259 2.054517 3.591288 6.728137 0.200000
197 69.401138 42.924629 0.000000 3.175146 1.331510 2.218663 4.053654 7.961307 0.200000
198 69.574249 42.911453 0.000000 2.601393 1.325325 2.217925 4.108971 8.272989 0.204601
200 69.571259 42.813915 0.000000 3.198694 1.323606 2.189984 3.980924 7.804926 0.200000
201 69.508759 42.785999 0.000000 2.965501 1.412918 2.479681 4.797843 10.024270 0.166667
202 69.635109 42.944527 0.000000 3.355818 1.301442 2.126752 3.815965 7.375744 0.166667
203 69.235748 42.816582 0.000000 3.399488 1.384399 2.423878 4.726813 10.052131 0.200000
204 69.664474 42.854321 0.000000 3.287550 1.295120 2.100195 3.727970 7.105440 0.200000
205 69.492165 42.908207 0.000000 3.341407 1.287857 2.086755 3.710862 7.108242 0.200000
206 69.573669 42.943192 0.000000 3.302529 1.312238 2.170425 3.956318 7.801968 0.200000
207 69.574013 43.176678 0.000000 4.110758 1.315480 2.168374 3.926326 7.666160 0.200000
209 69.613319 42.840191 0.000000 3.927734 1.279996 2.050956 3.590355 6.739643 0.166667
210 69.485794 42.878708 0.000000 3.789951 1.303037 2.119200 3.766560 7.175517 0.200000
211 69.479927 43.006279 0.000000 4.003030 1.323295 2.202501 4.041784 8.024530 0.200000
212 69.601204 43.071728 0.000000 4.292860 1.274448 2.041039 3.580956 6.758469 0.200000
213 69.518845 42.994843 0.000000 4.011611 1.341698 2.259728 4.188433 8.375766 0.166676
214 69.656952 42.909626 0.000000 3.553076 1.278562 2.050823 3.594784 6.755573 0.166667
215 69.422897 42.997910 0.000000 4.325059 1.306810 2.145867 3.868668 7.509995 0.166667
216 69.465454 42.978764 0.000000 3.913320 1.345644 2.276048 4.258388 8.648148 0.265824
217 69.343773 43.061310 0.000000 4.155215 1.362934 2.319782 4.342913 8.766982 0.166667
218 69.487717 42.979591 0.000000 3.607942 1.314335 2.168694 3.933109 7.692998 0.167655
219 69.464363 42.826492 0.000000 4.271743 1.332263 2.221645 4.074155 8.063447 0.200000
220 69.301552 42.902626 0.000000 4.396060 1.362138 2.326380 4.378756 8.895039 0.200170
221 69.305840 42.936859 0.000000 4.071824 1.350209 2.295482 4.316382 8.796216 0.200000
222 69.353111 42.803490 0.000000 4.577720 1.331500 2.203284 3.980212 7.693766 0.200000
224 68.714287 43.068249 0.000000 4.218938 1.352776 2.292744 4.273869 8.586471 0.200000
225 68.705132 43.185284 0.000000 3.579940 1.324336 2.195366 3.997957 7.845338 0.166667
226 68.518898 43.100498 0.000000 3.947892 1.377048 2.367233 4.484974 9.173674 0.166667
227 68.456490 43.113640 0.000000 3.809983 1.310961 2.139351 3.811807 7.272517 0.166667
228 68.330086 43.212879 0.000000 4.151890 1.335378 2.218707 4.031610 7.855525 0.166667
229 68.470215 43.233017 0.000000 3.566689 1.316716 2.169287 3.916738 7.601676 0.166755
230 68.189545 43.332928 0.000000 3.670604 1.374241 2.352436 4.430382 9.002086 0.168543
231 68.075745 43.566082 0.000000 4.034944 1.346995 2.268857 4.214033 8.471275 0.181613
232 67.652145 43.237568 0.000000 3.548889 1.310731 2.163468 3.931335 7.716197 0.167770
233 67.515450 43.100704 0.000000 3.599878 1.372455 2.360339 4.482723 9.208879 0.142976
234 67.373886 43.300930 0.000000 3.411297 1.333124 2.227274 4.087902 8.082090 0.167882
235 67.489311 42.927128 0.000000 2.879549 1.403956 2.474699 4.824861 10.174462 0.166667
236 67.506371 42.723827 0.000000 2.595825 1.438490 2.555212 5.003983 10.584996 0.166667
