%% Trajectory 8
%% frame x (pixel)     y (pixel)    z (pixel)      m0         m1           m2           m3           m4           s 
24 32.347893 54.187965 0.000000 0.914749 1.312070 2.166799 3.944228 7.765986 0.166668
25 32.441460 54.169361 0.000000 1.026816 1.307941 2.176591 4.023124 8.113317 0.170748
27 32.270649 54.355907 0.000000 0.989718 1.255095 1.984463 3.435606 6.397028 0.166688
28 32.517345 54.294235 0.000000 1.051651 1.269447 2.046740 3.653680 7.109913 0.216298
29 32.181965 54.157436 0.000000 1.025615 1.343122 2.279610 4.284132 8.739863 0.166704
30 32.342239 54.240677 0.000000 1.077168 1.287369 2.088906 3.739214 7.259643 0.166667
31 32.315014 54.331757 0.000000 1.129602 1.293099 2.121213 3.862717 7.680668 0.178942
32 32.265461 54.319622 0.000000 1.253592 1.289859 2.091804 3.720312 7.120096 0.167106
33 32.382359 54.328220 0.000000 1.214704 1.268833 2.031895 3.568721 6.750516 0.200153
34 32.183254 54.350697 0.000000 1.438551 1.291595 2.118513 3.852914 7.637801 0.217104
35 32.246010 54.270847 0.000000 1.357161 1.242020 1.961105 3.419138 6.483851 0.206362
36 32.332466 54.199306 0.000000 1.660831 1.273697 2.062952 3.705514 7.263556 0.166912
37 32.175003 54.254829 0.000000 1.398804 1.307689 2.166300 3.982622 7.982627 0.166688
38 32.193951 54.308990 0.000000 1.376961 1.334748 2.260690 4.263812 8.788291 0.167736
39 32.419571 54.179672 0.000000 1.598008 1.270077 2.039450 3.600271 6.865156 0.166668
40 32.168964 54.322098 0.000000 1.491118 1.262569 2.030869 3.615160 7.007173 0.169261
41 32.359154 54.394749 0.000000 1.605347 1.296733 2.135160 3.908269 7.824126 0.200000
42 32.397083 54.266132 0.000000 1.570325 1.306702 2.160160 3.956423 7.892208 0.200003
43 32.393696 54.390564 0.000000 1.583370 1.299795 2.122684 3.803705 7.342553 0.200001
44 32.238983 54.376904 0.000000 1.622437 1.289603 2.113180 3.852977 7.693994 0.166757
45 32.449326 54.326252 0.000000 1.651103 1.278128 2.061181 3.663425 7.058783 0.200008
46 32.421032 54.418907 0.000000 1.843414 1.280455 2.075508 3.716620 7.234115 0.319963
47 32.482510 54.480587 0.000000 1.972748 1.293092 2.104102 3.775315 7.345356 0.303378
48 32.472134 54.483418 0.000000 1.618822 1.281215 2.058868 3.626176 6.877095 0.203149
49 32.455402 54.438450 0.000000 1.757104 1.259157 2.002687 3.507122 6.657605 0.200010
50 32.606113 54.774715 0.000000 1.840015 1.317348 2.181317 3.983230 7.878340 0.204420
51 32.556522 54.742889 0.000000 1.698171 1.272901 2.031589 3.542230 6.623188 0.208232
52 32.713268 54.968601 0.000000 1.586647 1.402071 2.475364 4.838432 10.244189 0.201554
53 32.786434 54.993160 0.000000 1.667958 1.373255 2.370914 4.527101 9.363145 0.226792
54 33.308159 54.871281 0.000000 1.920186 1.359299 2.318550 4.370492 8.926667 0.200075
55 33.224968 54.906391 0.000000 1.961458 1.351615 2.297115 4.313554 8.771546 0.200002
56 33.251163 54.920555 0.000000 1.635035 1.356135 2.308502 4.336726 8.813153 0.200000
57 33.395626 54.957550 0.000000 1.849699 1.365274 2.314675 4.295068 8.542038 0.200000
58 33.645588 54.966858 0.000000 2.086127 1.393906 2.438111 4.716651 9.877585 0.200001
59 33.706081 54.870689 0.000000 1.915169 1.346192 2.266745 4.198371 8.389175 0.200000
60 33.785702 54.996479 0.000000 1.945144 1.404032 2.467422 4.786201 10.029193 0.250000
61 33.852432 54.926739 0.000000 1.967637 1.376291 2.374016 4.524845 9.335764 0.166667
62 33.885777 54.833744 0.000000 1.880208 1.356364 2.316865 4.390158 9.051490 0.200000
63 33.980885 54.879166 0.000000 1.762199 1.399579 2.472801 4.858844 10.388683 0.166667
64 34.110435 54.809193 0.000000 1.711982 1.403011 2.484164 4.903200 10.554122 0.200000
65 34.098320 54.640686 0.000000 1.700600 1.329074 2.225029 4.127751 8.335487 0.200000
66 34.422508 54.642693 0.000000 1.775944 1.323725 2.213388 4.101161 8.271212 0.200000
67 34.522266 54.619530 0.000000 1.831568 1.368480 2.365431 4.561425 9.624228 0.200000
68 34.415802 54.284233 0.000000 1.748587 1.392405 2.418264 4.637457 9.624787 0.200000
69 34.491154 53.983829 0.000000 1.594325 1.434120 2.579736 5.146832 11.130168 0.166667
70 34.388184 53.301914 0.000000 1.629496 1.433610 2.562366 5.069789 10.866656 0.250000
71 33.890209 52.916897 0.000000 1.635784 1.452221 2.640956 5.328024 11.654127 0.200000
72 33.638004 52.457043 0.000000 1.559750 1.351658 2.288011 4.273118 8.640993 0.200000
73 33.458939 52.326065 0.000000 1.498648 1.348980 2.280645 4.247927 8.552480 0.166667
74 33.955444 52.292702 0.000000 0.986900 1.380045 2.431477 4.802004 10.405175 0.200674
76 34.842682 53.059574 0.000000 0.715627 1.481762 2.764274 5.751840 13.008723 0.254310
77 35.116512 52.721012 0.000000 0.880626 1.386854 2.428835 4.744953 10.130914 0.200095
79 35.403633 53.282711 0.000000 0.680325 1.439722 2.628510 5.367794 11.964635 0.231746
80 36.087601 53.291313 0.000000 0.592159 1.398478 2.461053 4.810937 10.229209 0.250595
81 36.363087 53.317211 0.000000 0.486833 1.439528 2.589496 5.161836 11.146789 0.250009
