%% Trajectory 45
%% frame x (pixel)     y (pixel)    z (pixel)      m0         m1           m2           m3           m4           s 
147 63.854118 39.741852 0.000000 1.288208 1.358978 2.322152 4.381661 8.946297 0.214813
149 63.567875 39.436768 0.000000 1.702582 1.320567 2.183337 3.979995 7.858987 0.250000
150 63.755089 39.032394 0.000000 1.126960 1.427563 2.591069 5.251704 11.613059 0.410212
151 63.872063 39.334919 0.000000 1.195001 1.368737 2.366050 4.528889 9.404013 0.200006
152 64.053101 38.941181 0.000000 1.184109 1.405910 2.511446 5.024889 11.009516 0.200000
153 63.997284 39.062546 0.000000 1.673240 1.424327 2.555163 5.106255 11.122759 0.167503
154 63.887280 38.802612 0.000000 2.094239 1.345227 2.266442 4.199098 8.389499 0.250000
155 64.433136 38.826393 0.000000 1.696883 1.354943 2.351541 4.575648 9.777782 0.250000
157 64.133385 38.991093 0.000000 1.716777 1.407415 2.485336 4.870156 10.360540 0.209840
158 63.937855 39.155956 0.000000 1.878890 1.415834 2.495127 4.836259 10.083433 0.359682
159 63.699039 39.329582 0.000000 1.929291 1.432966 2.552678 5.019350 10.662434 0.250126
160 64.120621 38.847439 0.000000 1.794330 1.451719 2.645239 5.370990 11.865047 0.250000
161 64.199310 38.617493 0.000000 1.878126 1.278846 2.062410 3.657752 7.012136 0.250000
162 64.007179 38.825375 0.000000 2.193172 1.392092 2.448986 4.806430 10.300658 0.333333
163 63.830345 39.076618 0.000000 2.017634 1.376665 2.377355 4.522653 9.279240 0.410519
164 64.147102 38.847797 0.000000 2.346079 1.379008 2.405674 4.671489 9.885014 0.250002
165 63.874046 38.863503 0.000000 2.042389 1.397137 2.457551 4.789711 10.122068 0.369639
166 63.600491 38.841133 0.000000 2.428135 1.349592 2.286952 4.268812 8.599388 0.333442
167 63.752472 38.887150 0.000000 2.438581 1.398064 2.444826 4.733025 9.941990 0.251797
168 63.749283 39.184349 0.000000 2.680234 1.326320 2.206930 4.031478 7.924709 0.275123
169 63.824299 38.954746 0.000000 2.220692 1.309060 2.162669 3.930788 7.706372 0.250000
170 63.848591 38.714844 0.000000 2.217728 1.253598 1.997170 3.509272 6.692723 0.333337
171 63.792049 38.615356 0.000000 2.039641 1.250145 1.975782 3.420816 6.379041 0.333333
172 63.932362 38.884811 0.000000 2.650909 1.361128 2.328946 4.393564 8.952988 0.346628
173 64.199417 38.607456 0.000000 2.392584 1.292068 2.120449 3.846756 7.577980 0.333333
174 63.819527 38.782650 0.000000 3.020189 1.381000 2.401666 4.638598 9.746494 0.250715
175 63.966850 38.828651 0.000000 3.152149 1.333282 2.231821 4.111725 8.170790 0.333333
176 63.804436 39.044769 0.000000 3.056815 1.326916 2.225665 4.129255 8.304428 0.333333
177 63.892883 39.251682 0.000000 2.822747 1.429152 2.559584 5.083612 10.948015 0.333333
179 63.634850 39.028694 0.000000 3.117887 1.330506 2.237592 4.163127 8.405411 0.250035
180 64.082909 38.705425 0.000000 3.014665 1.336087 2.272273 4.326804 9.053205 0.250000
181 63.773979 39.080395 0.000000 3.117710 1.320078 2.188212 3.991729 7.860090 0.345316
182 63.795147 38.831047 0.000000 3.040008 1.302335 2.124197 3.798293 7.306745 0.333333
184 64.019424 38.833797 0.000000 4.049206 1.360926 2.329682 4.404224 9.008397 0.333333
185 63.823910 38.861725 0.000000 4.375853 1.342651 2.256198 4.164011 8.271610 0.333333
186 64.099808 38.805122 0.000000 3.965827 1.348600 2.271336 4.199923 8.355550 0.335224
187 63.943443 38.964230 0.000000 4.394394 1.379111 2.388220 4.568354 9.449494 0.333334
188 63.930527 39.065269 0.000000 4.118498 1.382165 2.394330 4.579030 9.465724 0.333333
189 63.813435 39.176090 0.000000 4.172604 1.362952 2.322710 4.366632 8.880377 0.333337
190 63.733299 39.231144 0.000000 4.082367 1.327070 2.204360 4.018046 7.879155 0.333333
191 63.668324 39.313602 0.000000 4.533479 1.301233 2.113750 3.745972 7.100439 0.333334
192 63.451920 39.312687 0.000000 3.966393 1.315481 2.150457 3.832823 7.300251 0.250000
193 63.493465 39.475266 0.000000 4.566809 1.328397 2.216357 4.080744 8.142862 0.419732
194 63.663559 39.571255 0.000000 4.356156 1.298683 2.113351 3.762737 7.191999 0.333724
195 63.313732 39.644257 0.000000 4.407909 1.313347 2.149133 3.832268 7.296292 0.250000
196 63.124542 39.817993 0.000000 4.461387 1.355950 2.303406 4.300161 8.644928 0.250000
197 63.207001 39.824352 0.000000 5.058067 1.413151 2.488859 4.835011 10.145683 0.250000
198 62.963757 40.033745 0.000000 4.805650 1.386350 2.429856 4.723632 9.961152 0.250000
199 62.700111 39.897694 0.000000 5.536133 1.338013 2.237406 4.103701 8.092655 0.250000
200 62.526203 39.762100 0.000000 5.167093 1.319659 2.175045 3.925006 7.604985 0.250000
201 62.338131 39.567059 0.000000 5.093111 1.356297 2.304344 4.321299 8.777836 0.250000
202 62.276562 39.738762 0.000000 5.134301 1.293672 2.090902 3.697677 7.023131 0.250000
203 62.113712 39.848495 0.000000 4.284930 1.376808 2.372599 4.515131 9.295877 0.336551
204 61.920361 39.417744 0.000000 4.089954 1.321375 2.193723 4.018196 7.974562 0.200046
205 61.634975 39.777336 0.000000 3.763222 1.314140 2.167040 3.931618 7.706451 0.250000
206 61.641312 39.111843 0.000000 3.717824 1.395995 2.432462 4.686979 9.781920 0.470147
207 61.069931 39.069786 0.000000 3.647157 1.442875 2.595661 5.162627 11.097416 0.260672
208 60.879070 39.136459 0.000000 2.900219 1.394959 2.470362 4.895986 10.627587 0.210297
209 61.096519 39.054077 0.000000 2.933612 1.495358 2.779162 5.697052 12.571978 0.252427
211 60.758083 39.283520 0.000000 2.467832 1.495596 2.800560 5.797478 12.933003 0.247193
212 60.285885 39.009617 0.000000 2.629491 1.460845 2.695052 5.538620 12.354700 0.171258
214 59.065643 38.557400 0.000000 2.605345 1.543755 2.972543 6.372228 14.807084 0.250000
215 59.447487 38.939842 0.000000 2.355994 1.574879 3.079319 6.649254 15.441591 0.250000
217 58.637863 38.191395 0.000000 2.351982 1.507009 2.800844 5.754752 12.773532 0.250796
219 58.114628 38.131989 0.000000 1.655194 1.441960 2.635981 5.369461 11.894349 0.250000
