%% Trajectory 38
%% frame x (pixel)     y (pixel)    z (pixel)      m0         m1           m2           m3           m4           s 
156 43.520660 14.471623 0.000000 1.225405 1.250080 1.983326 3.453941 6.490721 0.200000
158 44.161007 14.228592 0.000000 1.459415 1.332226 2.234868 4.143499 8.333426 0.166667
160 43.487171 14.233438 0.000000 1.172280 1.242317 1.964117 3.420861 6.460270 0.166667
161 43.802765 14.342716 0.000000 1.934450 1.279383 2.057189 3.623997 6.863863 0.166667
162 44.163654 14.514107 0.000000 1.486386 1.299146 2.152272 3.947209 7.857438 0.166667
163 44.266476 14.515710 0.000000 1.717951 1.306448 2.152888 3.924104 7.776947 0.200001
164 44.086102 14.261402 0.000000 1.391371 1.344109 2.271447 4.243606 8.597024 0.166667
165 43.744297 13.892258 0.000000 1.605512 1.460383 2.620826 5.155790 10.870687 0.305913
167 44.057594 14.122515 0.000000 1.928643 1.391696 2.440176 4.753644 10.075634 0.167068
168 44.286999 14.081913 0.000000 1.462404 1.339114 2.253174 4.179449 8.383031 0.166669
169 44.401569 14.061631 0.000000 1.706528 1.339173 2.239444 4.109120 8.108780 0.166702
170 44.180008 13.784006 0.000000 1.713367 1.300883 2.122671 3.799221 7.320860 0.166667
171 43.997803 14.218630 0.000000 1.689191 1.335115 2.261868 4.246441 8.655267 0.178968
172 43.849888 14.215577 0.000000 1.457471 1.361510 2.329374 4.407461 9.030316 0.185605
173 44.060112 14.081142 0.000000 1.560264 1.388980 2.449285 4.802563 10.233316 0.171725
174 44.435604 14.099373 0.000000 1.737651 1.331001 2.221548 4.082216 8.094707 0.166667
175 44.186527 14.175819 0.000000 2.212681 1.428378 2.535005 4.957360 10.456409 0.142881
176 43.955612 14.105614 0.000000 2.079418 1.431981 2.572707 5.113275 10.983802 0.180107
177 44.137329 14.103485 0.000000 2.299625 1.345253 2.275821 4.262753 8.670728 0.142948
178 44.113243 14.299013 0.000000 2.309437 1.374262 2.370975 4.526784 9.364519 0.166667
179 43.841293 14.328398 0.000000 2.406149 1.313818 2.160515 3.899188 7.578115 0.143071
180 44.229252 14.001899 0.000000 2.053434 1.391137 2.422125 4.658659 9.688387 0.143404
181 44.009426 14.466750 0.000000 2.116956 1.337743 2.264947 4.269745 8.800703 0.148056
182 44.144924 14.203115 0.000000 1.880918 1.412529 2.489144 4.851003 10.239783 0.144428
183 44.117332 14.212420 0.000000 1.878153 1.350811 2.312396 4.406302 9.168486 0.142950
184 44.290577 14.014330 0.000000 1.676519 1.346724 2.262064 4.167078 8.251710 0.142857
185 43.865402 14.136744 0.000000 2.314342 1.313434 2.177324 3.977386 7.852473 0.158781
186 44.125366 14.179741 0.000000 2.333873 1.332739 2.248924 4.213480 8.598315 0.142857
187 44.225826 14.171314 0.000000 2.304394 1.343855 2.275405 4.268132 8.701691 0.166667
188 44.003193 13.999582 0.000000 2.089860 1.395146 2.453097 4.780110 10.092612 0.142859
189 43.975971 13.887777 0.000000 2.521200 1.378090 2.390048 4.587142 9.536672 0.142857
190 44.405151 14.232669 0.000000 2.380572 1.330432 2.221162 4.072900 8.043964 0.142857
191 44.054935 14.212782 0.000000 2.596472 1.367342 2.344772 4.439397 9.090430 0.142876
192 43.939037 14.232169 0.000000 2.072068 1.382420 2.373177 4.472547 9.059472 0.125015
193 44.201103 13.886243 0.000000 2.453853 1.339555 2.265907 4.248194 8.659120 0.146950
194 44.033852 14.060944 0.000000 2.469323 1.385152 2.419405 4.683433 9.830089 0.151634
195 44.060860 14.209117 0.000000 2.268674 1.339562 2.250853 4.172650 8.371667 0.144860
196 44.026215 14.242589 0.000000 2.560812 1.315910 2.180662 3.984051 7.876055 0.178339
197 43.891151 14.280789 0.000000 2.779548 1.288660 2.094497 3.750537 7.265272 0.143705
198 44.253212 14.148793 0.000000 2.742174 1.284560 2.076442 3.689686 7.081481 0.257966
199 43.833973 14.233837 0.000000 2.600902 1.285292 2.075883 3.671826 6.978962 0.142857
200 44.245632 14.343607 0.000000 2.554702 1.322667 2.186753 3.962197 7.714010 0.235699
201 44.063313 14.336852 0.000000 2.998049 1.375028 2.359120 4.458094 9.089849 0.142858
202 44.102489 14.349770 0.000000 3.108658 1.301262 2.132522 3.841217 7.460738 0.152373
203 44.143257 14.241309 0.000000 2.992961 1.319436 2.191358 4.018013 7.986934 0.148109
204 44.001053 14.420789 0.000000 3.296316 1.340112 2.260920 4.207301 8.467119 0.168608
205 43.903824 14.046676 0.000000 3.301712 1.352265 2.296609 4.302351 8.707276 0.142857
206 43.924282 14.242980 0.000000 3.437375 1.320716 2.187693 3.984760 7.826993 0.142857
207 44.080124 14.228209 0.000000 3.430679 1.359670 2.312277 4.332548 8.763376 0.168068
208 44.040062 14.187774 0.000000 3.501842 1.346309 2.282186 4.271572 8.650234 0.360948
209 44.076122 14.032473 0.000000 3.218260 1.355308 2.316122 4.380333 8.980178 0.175256
210 44.332310 14.232286 0.000000 2.782588 1.342189 2.249361 4.135105 8.176711 0.166701
211 44.116508 14.269607 0.000000 3.330158 1.336838 2.241913 4.145823 8.294498 0.243080
212 44.315235 14.214673 0.000000 3.856636 1.303855 2.135323 3.850401 7.510497 0.166667
213 44.319504 14.116911 0.000000 3.045902 1.322931 2.191048 3.990682 7.843708 0.182374
214 44.541939 13.986423 0.000000 3.292480 1.311567 2.186014 4.050959 8.200967 0.166668
215 44.546951 14.088223 0.000000 3.001756 1.294274 2.108540 3.779973 7.326160 0.167328
216 44.544300 14.236701 0.000000 3.180398 1.337083 2.236305 4.125469 8.243669 0.168680
217 44.894650 14.140068 0.000000 3.379758 1.331434 2.238010 4.157121 8.369656 0.339044
218 44.704857 14.239830 0.000000 3.394774 1.282659 2.060553 3.620852 6.831104 0.200000
219 44.917526 14.513406 0.000000 2.943531 1.330638 2.212461 4.032359 7.895221 0.166987
220 45.223949 14.245919 0.000000 3.258438 1.307998 2.154081 3.907154 7.659689 0.214860
221 44.910343 14.441755 0.000000 3.205860 1.352693 2.278228 4.205639 8.339391 0.166755
222 44.927612 14.449922 0.000000 3.042495 1.303726 2.131974 3.824626 7.387386 0.167520
223 44.924397 14.439180 0.000000 3.691463 1.334863 2.229298 4.085484 8.052680 0.206440
224 45.136829 14.397256 0.000000 3.173594 1.310761 2.156079 3.892325 7.564142 0.200000
225 45.117355 14.558146 0.000000 3.050982 1.332197 2.220488 4.065327 8.018093 0.200028
226 45.168571 14.876619 0.000000 3.084333 1.377518 2.375195 4.503793 9.196772 0.200000
227 45.396671 14.738545 0.000000 2.696524 1.294051 2.101979 3.749520 7.216030 0.200000
228 45.510254 14.910867 0.000000 2.682624 1.312573 2.166826 3.941075 7.758149 0.200000
229 45.210545 14.813513 0.000000 2.995634 1.334746 2.230373 4.092509 8.085636 0.200000
230 45.183231 14.916278 0.000000 2.316516 1.301834 2.133655 3.835398 7.414535 0.200000
232 45.093876 15.215950 0.000000 2.457398 1.390983 2.429251 4.700301 9.866383 0.200000
233 44.991364 15.619402 0.000000 2.061838 1.352175 2.309978 4.380359 9.044571 0.186845
234 45.004044 15.541171 0.000000 1.942131 1.369578 2.360873 4.493251 9.248301 0.200000
235 45.163361 15.464893 0.000000 1.834429 1.330417 2.225767 4.110918 8.228203 0.166667
