%% Trajectory 13
%% frame x (pixel)     y (pixel)    z (pixel)      m0         m1           m2           m3           m4           s 
34 32.210285 32.928413 0.000000 1.711838 1.358992 2.330172 4.443008 9.241967 0.142863
35 32.597134 32.815319 0.000000 1.981957 1.387906 2.414760 4.647750 9.700382 0.242176
36 32.458740 32.649117 0.000000 1.916835 1.354944 2.320077 4.418383 9.185163 0.144812
37 32.428101 33.126881 0.000000 1.803525 1.387932 2.407225 4.627548 9.669329 0.143369
38 32.409409 33.005386 0.000000 1.768605 1.352893 2.310374 4.381392 9.052329 0.142857
39 32.695595 32.993301 0.000000 1.932840 1.355525 2.302370 4.323274 8.797835 0.166667
40 32.492950 32.781406 0.000000 2.180616 1.325271 2.181793 3.910157 7.472741 0.125000
41 32.467514 33.052910 0.000000 2.569756 1.404518 2.477996 4.853999 10.336612 0.237544
42 32.660801 33.125904 0.000000 2.084719 1.332345 2.232401 4.122051 8.223845 0.142857
43 32.432705 32.850681 0.000000 2.823200 1.320563 2.169064 3.895563 7.505090 0.143694
44 32.567970 32.549213 0.000000 2.259263 1.385689 2.378962 4.474622 9.038623 0.133412
45 32.748848 32.682491 0.000000 2.393460 1.364704 2.315649 4.301639 8.571295 0.136083
46 32.598160 32.972221 0.000000 2.947457 1.377955 2.391706 4.605832 9.643764 0.142886
47 32.792751 32.995533 0.000000 2.707466 1.419438 2.527277 4.986461 10.666488 0.143904
48 32.696663 32.744976 0.000000 2.418342 1.319537 2.162756 3.862253 7.363959 0.145679
49 32.569538 33.288139 0.000000 2.732058 1.379550 2.375242 4.504729 9.219120 0.133488
50 32.762959 32.986023 0.000000 2.975845 1.440987 2.589871 5.146710 11.057689 0.180289
51 32.884731 33.038628 0.000000 3.255360 1.452061 2.621622 5.218639 11.196995 0.142858
52 32.869915 32.753731 0.000000 3.191205 1.401042 2.444762 4.707110 9.798340 0.125400
53 32.857460 32.770168 0.000000 3.375123 1.386068 2.384163 4.496402 9.103465 0.154670
54 32.942493 32.835430 0.000000 3.893126 1.433792 2.572124 5.099695 10.921153 0.125140
55 32.620712 32.812099 0.000000 3.143052 1.435944 2.565912 5.059571 10.772902 0.142857
56 33.000023 32.901073 0.000000 3.399981 1.416596 2.520050 4.970898 10.628675 0.173813
57 32.854271 32.831161 0.000000 3.423985 1.367997 2.329425 4.358311 8.781904 0.147612
58 32.752228 33.023972 0.000000 3.311083 1.425293 2.539922 5.006260 10.678104 0.168102
59 33.139214 32.863022 0.000000 2.784858 1.443478 2.596429 5.169504 11.140023 0.166676
60 32.983204 32.883823 0.000000 2.871255 1.390689 2.441660 4.770928 10.155752 0.168300
61 32.990665 33.026463 0.000000 3.218948 1.412432 2.503409 4.910289 10.421460 0.170187
62 33.061588 33.237610 0.000000 3.490946 1.418467 2.507400 4.898046 10.346862 0.175865
63 33.274727 33.333233 0.000000 3.527891 1.365559 2.334113 4.406502 9.011157 0.167279
64 33.284248 33.341434 0.000000 3.834623 1.375908 2.362098 4.471372 9.154910 0.174413
65 33.420162 33.297520 0.000000 3.826836 1.362934 2.306031 4.275650 8.517563 0.175783
66 33.310722 33.372570 0.000000 3.538926 1.357786 2.291941 4.242732 8.445237 0.142857
67 33.580929 33.575703 0.000000 4.151339 1.355785 2.280467 4.188770 8.234002 0.174857
68 33.663616 33.698940 0.000000 3.517083 1.322349 2.173436 3.889718 7.425199 0.167219
69 33.807098 33.526108 0.000000 2.898154 1.305086 2.118658 3.756441 7.135969 0.179457
70 33.775566 33.486847 0.000000 3.420131 1.310711 2.138992 3.810475 7.265527 0.142857
72 33.834282 33.644901 0.000000 3.015642 1.333088 2.202808 3.963675 7.607037 0.142857
73 34.072765 33.891663 0.000000 2.983467 1.384768 2.416927 4.680670 9.838204 0.166667
74 34.190628 33.922844 0.000000 2.836572 1.391024 2.433175 4.725116 9.972985 0.166668
75 34.277855 34.297012 0.000000 2.594335 1.393290 2.408859 4.573033 9.339555 0.166667
76 34.412476 34.369934 0.000000 2.818247 1.327381 2.196977 3.982359 7.756323 0.166667
77 34.298138 34.431164 0.000000 2.975558 1.363680 2.306335 4.266969 8.464069 0.241290
79 34.692955 34.294918 0.000000 3.014955 1.378556 2.369759 4.479638 9.129048 0.200039
80 34.726479 34.528942 0.000000 2.342220 1.397933 2.421572 4.614002 9.478457 0.166728
81 34.596436 34.304726 0.000000 2.158035 1.364120 2.301852 4.235314 8.322554 0.166667
82 34.516197 34.406120 0.000000 1.684315 1.352918 2.323582 4.472745 9.471622 0.142857
83 34.509640 34.201820 0.000000 1.505904 1.410721 2.481497 4.807950 10.043151 0.166669
84 34.981792 34.180431 0.000000 1.611552 1.305059 2.187883 4.100147 8.419903 0.200000
85 35.085117 34.508965 0.000000 1.624357 1.332761 2.261009 4.292952 8.951588 0.200000
86 34.751568 34.748753 0.000000 1.625871 1.360918 2.299024 4.290488 8.679684 0.200002
87 34.571087 35.221237 0.000000 1.974744 1.386623 2.398686 4.580148 9.461843 0.200000
88 35.081375 34.784157 0.000000 1.787325 1.281975 2.099646 3.812533 7.530688 0.200000
89 34.795818 34.563599 0.000000 1.563674 1.247517 1.962820 3.394398 6.357277 0.144059
