%% Trajectory 6
%% frame x (pixel)     y (pixel)    z (pixel)      m0         m1           m2           m3           m4           s 
0 43.106503 78.644203 0.000000 0.742512 1.490862 2.759930 5.633823 12.391695 0.167533
2 43.100338 78.273727 0.000000 1.322070 1.437855 2.600387 5.210320 11.303714 0.180676
3 43.079857 77.941849 0.000000 1.183234 1.417476 2.548525 5.089780 11.022107 0.221807
4 43.075649 77.475410 0.000000 1.390922 1.493704 2.782983 5.727234 12.707570 0.226063
6 43.113514 77.708679 0.000000 1.350323 1.369161 2.368217 4.550287 9.511497 0.142992
8 43.277275 78.574242 0.000000 1.296128 1.272746 2.047583 3.618773 6.901579 0.216000
9 42.988365 78.289688 0.000000 1.236394 1.370872 2.368826 4.534561 9.422042 0.166905
10 42.967007 78.094727 0.000000 1.141685 1.357674 2.325166 4.405848 9.042707 0.216245
11 42.968185 78.341064 0.000000 1.220976 1.401407 2.486202 4.905988 10.535288 0.342835
12 43.041325 78.138596 0.000000 1.275422 1.349534 2.300355 4.353652 8.976128 0.192007
13 42.834831 78.164787 0.000000 1.429634 1.373936 2.372377 4.534962 9.395126 0.189215
14 42.806610 78.017242 0.000000 1.638897 1.355079 2.324479 4.430255 9.187393 0.166687
15 43.303066 77.584076 0.000000 1.809987 1.430341 2.527153 4.898950 10.196063 0.142857
16 42.928112 78.139397 0.000000 1.449946 1.375692 2.373964 4.530414 9.370769 0.144752
18 43.192196 77.685760 0.000000 1.230865 1.265523 2.014967 3.506417 6.546319 0.143112
19 43.489971 77.552734 0.000000 1.760031 1.391790 2.402701 4.558334 9.311697 0.166667
20 43.122581 78.133812 0.000000 1.714418 1.401052 2.452806 4.744075 9.929913 0.166667
21 42.984722 77.783112 0.000000 1.823233 1.429795 2.556981 5.049044 10.755036 0.166667
22 43.050591 78.250526 0.000000 1.699447 1.344880 2.265935 4.197589 8.382176 0.166667
23 43.148911 77.775078 0.000000 1.785106 1.400411 2.454794 4.759373 9.992002 0.166857
24 43.232330 78.191063 0.000000 1.810563 1.378464 2.399472 4.638052 9.743690 0.166822
25 43.056477 78.270760 0.000000 2.307826 1.403208 2.487845 4.898110 10.470551 0.200576
26 43.021976 77.729286 0.000000 2.300714 1.365743 2.352556 4.491003 9.307455 0.167399
27 42.831848 77.910782 0.000000 2.046954 1.413439 2.488838 4.818404 10.031260 0.216236
28 42.951019 77.744095 0.000000 1.889181 1.403838 2.459620 4.738646 9.818807 0.200000
29 42.800678 77.920586 0.000000 1.809564 1.376815 2.384782 4.586735 9.593924 0.166667
30 42.766907 78.050087 0.000000 1.850526 1.434962 2.562333 5.054152 10.774626 0.166681
31 42.729431 78.004211 0.000000 2.322553 1.383078 2.408560 4.648376 9.734753 0.200004
32 42.752609 77.652473 0.000000 2.269855 1.336202 2.231581 4.093718 8.093830 0.185139
33 42.914913 78.191772 0.000000 2.308098 1.344757 2.276332 4.260703 8.648348 0.205237
34 42.731621 77.804993 0.000000 2.298520 1.465237 2.669368 5.374114 11.688600 0.216273
35 42.865074 77.453056 0.000000 2.151246 1.337402 2.247823 4.168927 8.370062 0.226629
36 42.740154 78.180260 0.000000 2.377685 1.364334 2.345035 4.460392 9.203231 0.172971
37 42.755962 77.777771 0.000000 2.664528 1.352599 2.295592 4.293697 8.675412 0.168581
38 42.533424 78.029343 0.000000 2.161073 1.365669 2.334638 4.393134 8.911939 0.170374
39 42.901665 77.661812 0.000000 2.192690 1.336386 2.221763 4.036517 7.852092 0.215017
40 42.660740 77.862297 0.000000 2.539506 1.318472 2.177030 3.944518 7.694355 0.166890
41 42.858719 78.268532 0.000000 1.969402 1.324385 2.196396 3.997464 7.830147 0.176418
42 42.515411 78.154747 0.000000 1.917909 1.384667 2.392012 4.561450 9.415307 0.170247
43 42.596977 77.631439 0.000000 1.973500 1.371774 2.337621 4.373413 8.807127 0.166883
44 42.461266 77.737801 0.000000 1.876949 1.322598 2.206485 4.056255 8.064775 0.175237
45 42.522839 78.148697 0.000000 1.717928 1.437881 2.582334 5.140259 11.096930 0.166681
46 42.576275 77.624046 0.000000 1.871912 1.344271 2.246664 4.105001 8.035644 0.363272
47 42.401760 77.803932 0.000000 1.833480 1.368583 2.337491 4.382465 8.833541 0.167098
48 42.266590 78.009834 0.000000 1.559991 1.417946 2.520077 4.972881 10.665856 0.166876
50 42.469212 77.609360 0.000000 1.799294 1.319433 2.206066 4.096396 8.299960 0.223245
51 42.564789 77.399818 0.000000 1.759451 1.379775 2.398397 4.628699 9.721438 0.292921
52 42.267239 77.118301 0.000000 1.776118 1.439926 2.611255 5.267836 11.555683 0.142933
53 42.702572 77.275490 0.000000 1.997967 1.354897 2.312118 4.372791 8.990615 0.232424
54 42.303783 77.352684 0.000000 1.525197 1.318187 2.179560 3.973009 7.844780 0.177707
55 42.611588 77.094116 0.000000 2.059263 1.346419 2.286114 4.308511 8.848333 0.353473
56 42.737640 76.890083 0.000000 1.880918 1.418075 2.512323 4.927424 10.470205 0.220882
57 42.416206 76.894226 0.000000 1.724521 1.332153 2.242399 4.185617 8.503675 0.166866
58 42.551308 76.990082 0.000000 1.736984 1.350553 2.295124 4.311407 8.777278 0.179638
59 42.741257 76.565277 0.000000 1.766245 1.326706 2.205446 4.059070 8.130849 0.193136
60 42.733822 76.650620 0.000000 2.005340 1.428344 2.517809 4.879027 10.185937 0.166667
61 42.667564 76.298431 0.000000 1.693711 1.452533 2.660429 5.442632 12.148404 0.166672
63 43.143970 76.748482 0.000000 1.727013 1.363522 2.365155 4.576096 9.679786 0.142857
64 42.978474 76.092239 0.000000 1.726991 1.477415 2.760317 5.745950 12.989305 0.154259
65 42.920242 76.384399 0.000000 1.883818 1.401949 2.508194 5.023598 11.005926 0.184178
66 42.727089 76.161705 0.000000 1.960223 1.387303 2.431761 4.753905 10.152153 0.193954
67 42.827366 76.210777 0.000000 1.659018 1.488639 2.774635 5.745760 12.896782 0.166688
68 43.024509 76.435905 0.000000 1.832193 1.451763 2.667790 5.467278 12.195399 0.166707
69 43.154209 76.951752 0.000000 1.718138 1.354797 2.369886 4.664573 10.107430 0.166916
70 43.573402 76.646896 0.000000 1.579148 1.405953 2.499325 4.960960 10.759068 0.125955
72 43.320610 76.516228 0.000000 1.124381 1.381601 2.434243 4.832006 10.576988 0.175079
