%% Trajectory 7
%% frame x (pixel)     y (pixel)    z (pixel)      m0         m1           m2           m3           m4           s 
20 64.537140 40.824966 0.000000 1.072829 1.315549 2.163931 3.900268 7.557135 0.200000
21 65.149918 40.882698 0.000000 1.063954 1.350646 2.295069 4.325140 8.872520 0.200000
22 64.689095 40.657795 0.000000 1.023606 1.391899 2.413646 4.614546 9.531553 0.200003
23 64.766312 40.560104 0.000000 1.245095 1.401342 2.449292 4.726334 9.861900 0.200000
24 65.089958 40.684940 0.000000 1.044605 1.295617 2.155852 3.990026 8.054405 0.200000
26 64.827095 40.765915 0.000000 1.284426 1.381994 2.392595 4.584377 9.529200 0.182113
27 64.881035 40.894238 0.000000 1.735247 1.340270 2.249077 4.149607 8.251934 0.200000
28 65.030899 40.706123 0.000000 1.821203 1.338228 2.259209 4.222745 8.569579 0.168575
29 64.871635 40.724842 0.000000 1.614092 1.355879 2.322238 4.410606 9.108273 0.211771
30 65.073341 40.489883 0.000000 1.587319 1.330633 2.220496 4.077130 8.076426 0.166677
31 65.196510 40.917980 0.000000 1.378193 1.377933 2.413591 4.714084 10.039229 0.166667
32 64.792961 40.804737 0.000000 1.814008 1.331379 2.225678 4.096837 8.146656 0.166667
33 64.814880 40.805344 0.000000 1.734692 1.330949 2.254893 4.259012 8.802841 0.200201
34 65.084846 40.907196 0.000000 1.702771 1.345935 2.277947 4.258552 8.614729 0.166667
35 64.769760 40.892540 0.000000 1.851274 1.426501 2.548335 5.046061 10.837219 0.200016
36 64.942680 40.773899 0.000000 1.826375 1.352902 2.321531 4.435203 9.251130 0.189538
37 64.691666 40.863205 0.000000 2.400749 1.386548 2.385841 4.498319 9.096084 0.166667
38 65.081787 40.754665 0.000000 2.258500 1.377420 2.383061 4.557081 9.426126 0.214363
39 64.815804 40.720276 0.000000 2.383209 1.373176 2.358272 4.468390 9.156160 0.167090
40 64.960175 40.703594 0.000000 2.535107 1.333535 2.242235 4.177027 8.463592 0.166922
41 64.925064 40.678406 0.000000 2.654404 1.343049 2.258435 4.176748 8.334288 0.166706
42 64.989700 40.738754 0.000000 2.591367 1.340560 2.274257 4.274302 8.720471 0.251991
43 65.097855 40.890480 0.000000 2.837470 1.347837 2.286494 4.276001 8.634709 0.166814
44 65.081978 40.847408 0.000000 2.555654 1.362897 2.328343 4.382818 8.902060 0.227538
45 65.045174 40.724010 0.000000 2.727892 1.344656 2.274696 4.260704 8.665550 0.167428
46 65.046761 40.872616 0.000000 2.793396 1.370042 2.360357 4.496130 9.268287 0.272075
47 64.999573 40.992149 0.000000 3.448165 1.423493 2.541986 5.022249 10.730582 0.166667
48 64.917770 41.029301 0.000000 3.178511 1.384312 2.407144 4.630734 9.645427 0.166812
49 64.943657 40.769531 0.000000 3.121073 1.384623 2.392419 4.559606 9.395359 0.177073
50 64.959908 40.744858 0.000000 3.037750 1.390054 2.409567 4.604382 9.501334 0.297439
51 64.911179 40.772873 0.000000 3.162038 1.365705 2.344853 4.451003 9.155156 0.244901
52 64.999825 40.613762 0.000000 3.077493 1.365250 2.343149 4.450239 9.170077 0.200000
53 65.112808 40.760574 0.000000 3.353051 1.370135 2.347271 4.419765 8.954951 0.166667
54 64.901428 40.793221 0.000000 2.896087 1.372619 2.360054 4.481516 9.208438 0.166673
55 65.147713 40.839153 0.000000 3.577000 1.358239 2.313398 4.349013 8.838737 0.166667
56 65.088165 40.802719 0.000000 3.508399 1.361488 2.316761 4.338468 8.761748 0.166667
57 65.056847 40.910294 0.000000 3.773083 1.382170 2.389814 4.560857 9.407622 0.200000
58 65.035378 40.864128 0.000000 4.025561 1.361641 2.334352 4.422864 9.066630 0.200000
59 65.012833 40.799477 0.000000 4.166394 1.341290 2.256320 4.176371 8.333698 0.200000
60 65.061409 40.934658 0.000000 3.882673 1.387064 2.417405 4.664917 9.754140 0.200000
61 65.210213 40.863510 0.000000 4.269692 1.332634 2.227934 4.101743 8.152855 0.166667
62 65.158310 40.886864 0.000000 4.658349 1.350009 2.288331 4.279637 8.655651 0.166667
63 65.157967 40.881821 0.000000 4.019527 1.329205 2.226830 4.116097 8.228501 0.142857
64 64.939880 41.028782 0.000000 4.314674 1.381922 2.405152 4.637022 9.692347 0.166667
65 65.058342 40.888962 0.000000 4.220800 1.353205 2.300653 4.311208 8.720851 0.142857
66 65.151367 40.916615 0.000000 4.488993 1.366836 2.336709 4.398661 8.929790 0.142857
67 65.045586 40.921917 0.000000 4.597699 1.385489 2.408739 4.631341 9.638339 0.166667
68 65.043762 40.973969 0.000000 4.469985 1.383666 2.404280 4.621569 9.617887 0.166667
69 64.966576 40.923393 0.000000 4.762144 1.398798 2.456474 4.777514 10.071818 0.166667
70 65.050240 40.944099 0.000000 4.885080 1.391460 2.427921 4.687468 9.800368 0.166667
71 65.074631 40.990582 0.000000 4.868540 1.397748 2.458011 4.789419 10.115478 0.200000
72 65.175293 41.036034 0.000000 4.335701 1.394867 2.449955 4.773938 10.095617 0.166667
73 65.135132 41.093857 0.000000 4.788799 1.392139 2.416547 4.613492 9.482752 0.250000
74 65.158295 41.054012 0.000000 4.977629 1.378523 2.379202 4.524674 9.284904 0.166667
75 65.138390 41.004242 0.000000 4.652547 1.376377 2.387434 4.584498 9.536110 0.166667
76 65.059639 40.995697 0.000000 4.601820 1.374065 2.371777 4.521102 9.315859 0.200000
77 65.106773 41.124611 0.000000 4.887280 1.402149 2.442625 4.673560 9.612452 0.250000
78 65.153908 41.072060 0.000000 4.711278 1.347906 2.273897 4.215606 8.414719 0.250000
79 65.143135 40.959332 0.000000 4.702379 1.391968 2.419097 4.631930 9.561457 0.200000
80 65.120560 40.825691 0.000000 4.753691 1.326491 2.211452 4.056848 8.029808 0.250000
81 65.012489 40.909016 0.000000 5.058425 1.396822 2.456518 4.792355 10.147532 0.200000
82 64.986130 40.847595 0.000000 4.685596 1.371834 2.360212 4.479942 9.186524 0.142857
83 64.919334 41.006794 0.000000 5.550472 1.371204 2.367746 4.524037 9.363338 0.250000
84 64.897629 40.922325 0.000000 5.198005 1.373759 2.375154 4.548390 9.449665 0.200000
85 64.913948 40.901703 0.000000 5.314742 1.366726 2.351106 4.481151 9.274559 0.166667
86 64.942368 40.852955 0.000000 5.285726 1.359883 2.319983 4.363361 8.863361 0.166667
87 64.924835 40.964588 0.000000 5.424168 1.409574 2.484585 4.836192 10.170773 0.166667
88 64.946648 41.046143 0.000000 5.550989 1.406516 2.475028 4.808688 10.091839 0.200000
89 64.907127 40.867523 0.000000 6.199072 1.358332 2.309129 4.321501 8.724275 0.166667
90 64.863991 40.821774 0.000000 6.043222 1.359214 2.307231 4.306839 8.663761 0.200000
91 64.867241 40.947594 0.000000 5.763946 1.374361 2.368336 4.505009 9.264649 0.166667
92 64.787399 40.856739 0.000000 6.017473 1.337079 2.241521 4.136494 8.241698 0.200000
93 64.970634 40.817810 0.000000 6.228702 1.369061 2.355940 4.484668 9.252232 0.200000
94 64.929192 40.963589 0.000000 5.844275 1.399943 2.457447 4.772288 10.031833 0.200000
95 64.875153 40.884209 0.000000 6.396073 1.380770 2.392687 4.587250 9.532351 0.200000
96 64.997833 40.844612 0.000000 5.931308 1.377354 2.381803 4.554965 9.433409 0.200000
97 64.877228 40.874912 0.000000 6.108822 1.364525 2.335584 4.416606 9.042776 0.200000
98 64.937645 40.963509 0.000000 6.121942 1.394296 2.440174 4.721765 9.885455 0.200000
99 64.940865 40.932487 0.000000 6.569364 1.366994 2.347979 4.455869 9.150157 0.200000
100 65.006332 40.899300 0.000000 6.590049 1.368592 2.360048 4.503461 9.311713 0.166667
101 64.940025 40.838676 0.000000 7.303730 1.354819 2.300648 4.305850 8.704214 0.166667
103 64.909904 40.925640 0.000000 6.883454 1.377615 2.381539 4.552099 9.421624 0.200000
104 64.867035 40.799225 0.000000 6.960125 1.336417 2.233189 4.098351 8.099234 0.200000
105 64.961830 40.916718 0.000000 6.860258 1.382354 2.396667 4.593454 9.527794 0.142857
106 64.955254 40.965324 0.000000 6.980324 1.382827 2.411459 4.664191 9.793005 0.142857
107 64.950722 40.809273 0.000000 7.448134 1.354789 2.304188 4.325065 8.781280 0.166667
108 64.907082 40.997379 0.000000 7.618845 1.385046 2.413069 4.652183 9.712845 0.125000
109 64.860176 40.916492 0.000000 8.005461 1.375539 2.365629 4.481664 9.160542 0.125000
110 64.942245 40.960312 0.000000 7.160064 1.378786 2.390594 4.589725 9.554093 0.142857
111 64.906700 40.847561 0.000000 7.032157 1.351793 2.293778 4.289680 8.664455 0.166667
112 64.885353 41.149475 0.000000 6.922878 1.356096 2.305691 4.318336 8.728391 0.142857
113 64.930336 40.916668 0.000000 6.824402 1.382994 2.404914 4.630011 9.661173 0.166667
114 64.861504 40.960049 0.000000 7.417408 1.376396 2.379810 4.547876 9.406650 0.200000
115 64.878471 40.869396 0.000000 6.870718 1.328547 2.218493 4.081517 8.113555 0.200000
116 64.815704 40.924820 0.000000 7.166416 1.353619 2.299704 4.313766 8.757972 0.200000
117 64.843369 40.919823 0.000000 6.905902 1.361814 2.326870 4.392509 8.977163 0.166667
118 64.814026 41.006882 0.000000 7.009212 1.378946 2.388218 4.578451 9.513840 0.166667
119 64.810143 41.228115 0.000000 7.351355 1.341706 2.249989 4.139977 8.191277 0.142857
120 64.683891 41.222694 0.000000 7.363000 1.303322 2.129046 3.809248 7.324273 0.166667
121 64.563805 41.394863 0.000000 7.423646 1.311417 2.138832 3.802392 7.222546 0.166667
122 64.551949 41.432579 0.000000 6.604844 1.308048 2.131386 3.785806 7.184999 0.200000
123 64.507278 41.433453 0.000000 6.473879 1.323214 2.172299 3.884282 7.412292 0.200000
124 64.480309 41.585167 0.000000 6.280262 1.309547 2.134923 3.794572 7.207224 0.200000
125 64.408569 41.549911 0.000000 7.098032 1.306641 2.128937 3.786751 7.210430 0.142857
126 64.455391 41.718136 0.000000 6.518850 1.335573 2.216535 4.018176 7.799490 0.142857
127 64.221092 41.766335 0.000000 6.366599 1.325091 2.193973 3.978269 7.744953 0.200000
128 64.241623 41.779118 0.000000 6.483433 1.336443 2.229062 4.078422 8.030853 0.166667
129 64.289902 41.796970 0.000000 6.236831 1.329990 2.208767 4.017815 7.850373 0.166667
130 64.201782 41.717430 0.000000 6.019418 1.332010 2.215623 4.041367 7.927848 0.166667
131 64.089134 41.883450 0.000000 5.400947 1.375486 2.362920 4.469602 9.119348 0.142857
132 63.941525 41.953495 0.000000 5.038020 1.375246 2.376351 4.537889 9.374018 0.142857
133 64.012169 42.096889 0.000000 5.007133 1.376918 2.382958 4.562010 9.455633 0.166667
134 63.839180 42.187527 0.000000 4.649191 1.410350 2.478573 4.805291 10.062051 0.166667
135 63.799156 42.136726 0.000000 4.211715 1.374835 2.355037 4.428567 8.951915 0.166667
136 63.928020 42.251637 0.000000 4.619151 1.370093 2.349758 4.440832 9.057224 0.166667
137 63.614235 42.458630 0.000000 3.928643 1.343472 2.247415 4.116130 8.090477 0.142857
138 63.665550 42.516827 0.000000 3.832150 1.365980 2.320402 4.323519 8.656594 0.221759
139 63.552288 42.203526 0.000000 3.199621 1.390562 2.421186 4.662813 9.728601 0.166765
140 63.489086 42.702332 0.000000 3.089253 1.320558 2.184237 3.964890 7.751483 0.241912
141 63.495674 42.646572 0.000000 2.942071 1.337999 2.235270 4.089423 8.033794 0.331390
142 63.430725 42.755867 0.000000 2.812175 1.363081 2.303195 4.258878 8.443711 0.462667
143 63.352604 42.861412 0.000000 2.333021 1.438980 2.587729 5.164095 11.179081 0.200850
144 63.525391 42.624546 0.000000 2.483622 1.481823 2.695745 5.395235 11.627164 0.142925
145 63.555382 42.570141 0.000000 1.914622 1.553323 2.968507 6.258846 14.206054 0.200000
146 63.650154 42.396130 0.000000 1.667950 1.547437 2.928756 6.082440 13.549406 0.166671
147 63.817814 42.453812 0.000000 1.760087 1.336214 2.244086 4.172429 8.433053 0.200004
149 64.291771 41.954880 0.000000 1.841866 1.414992 2.503539 4.902267 10.386497 0.200035
151 63.485931 42.141346 0.000000 1.149716 1.562799 3.037535 6.556286 15.284498 0.200003
