%% Trajectory 47
%% frame x (pixel)     y (pixel)    z (pixel)      m0         m1           m2           m3           m4           s 
84 33.240032 83.889946 0.000000 0.859068 1.333206 2.240841 4.197479 8.615001 0.079993
85 33.398129 84.240654 0.000000 0.978582 1.227991 1.946539 3.457498 6.802864 0.120338
86 33.028431 84.157082 0.000000 1.105028 1.411647 2.513744 4.962186 10.599522 0.153291
87 33.337482 84.305771 0.000000 1.629371 1.416471 2.507761 4.902575 10.351800 0.125019
88 33.250011 84.024925 0.000000 1.255504 1.345618 2.304823 4.386877 9.083912 0.127247
89 33.804581 84.216583 0.000000 1.523045 1.264394 2.036832 3.642913 7.124729 0.125000
90 33.310585 84.121635 0.000000 1.352323 1.284056 2.078249 3.702647 7.130182 0.090911
91 33.463566 83.984169 0.000000 1.054486 1.275200 2.050829 3.631284 6.958318 0.082139
93 33.800568 83.824455 0.000000 1.450506 1.319950 2.213187 4.132360 8.443585 0.151183
94 33.754742 84.059357 0.000000 1.636377 1.319677 2.183439 3.975097 7.808969 0.111265
95 33.410976 84.168427 0.000000 1.446255 1.316636 2.164202 3.894001 7.520912 0.097524
96 32.820335 84.242180 0.000000 1.375099 1.277437 2.064396 3.689529 7.177062 0.090910
97 32.917023 84.059486 0.000000 1.232737 1.360499 2.358824 4.532653 9.444375 0.179652
98 33.226994 84.056786 0.000000 1.790063 1.314031 2.200912 4.085204 8.241246 0.157120
99 33.242706 83.972099 0.000000 1.707159 1.333059 2.261260 4.266587 8.769045 0.228689
100 33.215252 84.151917 0.000000 1.796142 1.278690 2.058232 3.633297 6.904489 0.151510
101 33.329582 84.323158 0.000000 2.176032 1.291103 2.095105 3.727037 7.131438 0.126175
102 33.071712 84.092438 0.000000 1.829852 1.365078 2.378972 4.625198 9.823930 0.115571
103 33.429150 83.990730 0.000000 1.792988 1.375756 2.390996 4.582062 9.465889 0.140411
104 32.903042 84.249237 0.000000 1.367303 1.329411 2.237028 4.189927 8.572562 0.170240
106 33.299294 84.090019 0.000000 2.003297 1.327920 2.237180 4.180827 8.498938 0.087413
107 33.315170 84.158234 0.000000 2.381800 1.288874 2.103575 3.787461 7.393242 0.100009
108 33.000870 83.974777 0.000000 2.234191 1.374493 2.392334 4.615516 9.654434 0.106813
109 33.158188 84.102196 0.000000 2.388864 1.350722 2.306750 4.362423 8.953701 0.135210
110 32.789898 84.144142 0.000000 2.169524 1.278260 2.049358 3.589062 6.736360 0.100000
112 33.063168 83.907555 0.000000 2.777986 1.323594 2.206016 4.054902 8.057140 0.111167
113 33.051781 84.084473 0.000000 2.854136 1.376533 2.389478 4.592531 9.566958 0.111349
114 33.304848 84.120453 0.000000 2.813093 1.323198 2.201796 4.047097 8.068977 0.125523
115 33.420860 84.058632 0.000000 2.922649 1.304786 2.134809 3.827040 7.371433 0.108443
116 33.329327 84.091652 0.000000 2.812355 1.326820 2.219880 4.103189 8.217622 0.155169
117 33.100422 84.212723 0.000000 2.294331 1.291868 2.116413 3.824495 7.482288 0.111128
118 33.225090 84.156944 0.000000 2.718331 1.343663 2.252535 4.155833 8.272987 0.111151
119 33.205643 84.023216 0.000000 2.584049 1.364157 2.346049 4.449864 9.113290 0.119240
120 33.170135 84.151741 0.000000 2.357667 1.347033 2.290761 4.295795 8.701983 0.135880
121 33.388660 83.898872 0.000000 2.582898 1.298134 2.116401 3.790266 7.319366 0.125000
122 33.261028 83.941658 0.000000 2.083860 1.310451 2.173478 3.988390 7.943170 0.143251
123 33.209309 83.902657 0.000000 2.587408 1.309686 2.144822 3.852435 7.447484 0.112650
124 32.933403 84.076538 0.000000 1.857599 1.353840 2.325857 4.443026 9.247402 0.083338
125 33.133526 83.891136 0.000000 2.578274 1.355472 2.327969 4.450409 9.277595 0.190382
126 33.170952 83.854675 0.000000 2.278213 1.409976 2.492544 4.902602 10.498172 0.159844
127 33.190166 83.986244 0.000000 2.454989 1.319798 2.206854 4.074301 8.136786 0.221419
128 33.104828 84.025215 0.000000 2.290043 1.345981 2.282646 4.293961 8.774905 0.132075
129 33.426231 84.071251 0.000000 2.626402 1.296660 2.110406 3.773561 7.279747 0.099284
130 33.359322 83.893150 0.000000 2.684134 1.323331 2.198065 4.007557 7.861595 0.092621
132 33.332596 84.206375 0.000000 2.530869 1.304763 2.167223 3.994254 8.025349 0.125950
133 33.229683 84.100845 0.000000 2.987542 1.332761 2.226593 4.089339 8.091084 0.100326
134 33.007259 84.072060 0.000000 2.774771 1.354759 2.337709 4.503331 9.482453 0.115918
135 33.073269 84.028328 0.000000 2.952211 1.395751 2.452012 4.772924 10.064295 0.083611
136 33.015545 84.030472 0.000000 3.195043 1.335179 2.261357 4.244034 8.646184 0.124204
137 33.302212 83.871109 0.000000 2.483842 1.379475 2.394800 4.618872 9.695045 0.168524
138 33.284843 83.751389 0.000000 2.444848 1.309472 2.153561 3.908964 7.697378 0.095705
139 33.340042 83.971016 0.000000 2.689558 1.315571 2.178119 3.969455 7.810652 0.171247
140 33.386173 84.306602 0.000000 2.493680 1.316026 2.169493 3.926483 7.652121 0.138590
141 33.225815 83.895729 0.000000 2.442085 1.332775 2.234123 4.125391 8.228760 0.083898
142 33.306534 83.853401 0.000000 3.149508 1.354481 2.309692 4.359793 8.930179 0.090946
143 33.223061 83.963196 0.000000 3.046831 1.308512 2.154770 3.910202 7.671147 0.079093
144 33.275711 84.061668 0.000000 2.753589 1.340270 2.263674 4.214954 8.476514 0.102026
145 32.891964 84.078979 0.000000 2.734262 1.375381 2.378162 4.547151 9.415669 0.100013
146 33.322300 84.190659 0.000000 3.377116 1.285483 2.077374 3.672179 6.964058 0.083459
147 33.359383 84.305161 0.000000 2.987702 1.315405 2.174508 3.943711 7.694711 0.084444
148 33.208851 84.009476 0.000000 3.242423 1.358516 2.322877 4.392769 9.001616 0.126396
149 33.139641 84.156082 0.000000 3.029468 1.302855 2.158709 3.974293 7.986573 0.112358
150 33.362431 84.031609 0.000000 3.103107 1.321969 2.207450 4.073428 8.149555 0.101091
151 33.375340 83.922966 0.000000 3.160941 1.323422 2.196490 4.016746 7.946313 0.133435
152 33.366806 83.930527 0.000000 2.402567 1.432743 2.585319 5.183991 11.287624 0.091147
154 33.575432 83.780251 0.000000 3.137870 1.309334 2.140025 3.829144 7.360380 0.090923
155 33.859581 84.007545 0.000000 3.160277 1.397670 2.461097 4.789268 10.074602 0.100059
156 33.609505 83.995369 0.000000 3.076996 1.423159 2.540795 5.030781 10.808138 0.100020
157 33.723202 83.800774 0.000000 3.285789 1.324982 2.199790 4.019474 7.932389 0.111112
158 33.958984 83.892807 0.000000 3.525742 1.395626 2.440124 4.705331 9.791624 0.111111
159 34.397366 83.922615 0.000000 3.368722 1.312186 2.156270 3.885696 7.532050 0.189239
160 34.320621 83.798599 0.000000 3.061930 1.312428 2.176000 3.996538 7.992928 0.112860
161 34.040131 83.997215 0.000000 2.824872 1.389851 2.456195 4.831208 10.335798 0.155972
162 34.166275 83.993271 0.000000 3.185017 1.378143 2.407008 4.669228 9.838389 0.125100
163 34.486652 83.817108 0.000000 3.161076 1.299391 2.116416 3.780802 7.272816 0.178675
164 34.413719 83.782524 0.000000 3.515171 1.347145 2.266405 4.174587 8.247661 0.223266
166 35.130558 83.841400 0.000000 2.738407 1.339794 2.271550 4.261776 8.672111 0.116134
167 35.416832 83.940010 0.000000 3.338245 1.441038 2.597627 5.187050 11.218612 0.111111
168 35.296169 84.208801 0.000000 2.792285 1.355757 2.293313 4.261638 8.525726 0.107255
169 35.176735 84.391541 0.000000 2.676034 1.367463 2.370377 4.588193 9.716996 0.195033
170 35.454716 84.263046 0.000000 2.947871 1.293448 2.106296 3.757051 7.201978 0.121189
171 35.246479 84.113052 0.000000 2.353923 1.374934 2.431541 4.825891 10.497416 0.147556
172 35.363029 84.335876 0.000000 2.626119 1.381089 2.384660 4.551085 9.407909 0.134050
173 35.065643 84.726295 0.000000 2.167035 1.389853 2.440067 4.770586 10.166072 0.138830
174 34.641953 84.349182 0.000000 2.481037 1.353182 2.289120 4.256228 8.527176 0.099331
175 34.962093 84.312691 0.000000 2.026926 1.349331 2.344000 4.589787 9.906408 0.194035
176 35.104977 84.336197 0.000000 2.432697 1.380917 2.376595 4.496622 9.161819 0.107119
177 34.700848 84.013672 0.000000 1.960043 1.441966 2.590160 5.137291 11.007459 0.111350
