%% Trajectory 41
%% frame x (pixel)     y (pixel)    z (pixel)      m0         m1           m2           m3           m4           s 
108 30.378908 48.467720 0.000000 1.118951 1.346497 2.358839 4.663894 10.174880 0.119101
109 30.797598 48.178947 0.000000 1.219427 1.481822 2.773406 5.808927 13.257032 0.204373
111 30.465834 48.230560 0.000000 1.079397 1.398244 2.493785 4.985138 10.927560 0.166667
112 30.621201 47.967182 0.000000 0.978838 1.311402 2.238786 4.298986 9.106606 0.166667
113 30.153385 48.096169 0.000000 1.314665 1.360323 2.382295 4.669976 10.016039 0.142857
114 30.578753 48.162865 0.000000 1.434236 1.357833 2.365433 4.617349 9.888047 0.201586
115 30.288782 47.981697 0.000000 1.792348 1.413727 2.499444 4.886197 10.335647 0.190679
116 30.186670 48.145798 0.000000 1.729032 1.345094 2.319307 4.477130 9.475957 0.168825
117 30.851709 47.888744 0.000000 1.891124 1.409905 2.530360 5.083693 11.169944 0.142882
118 30.519926 48.136276 0.000000 1.449432 1.292120 2.098572 3.740330 7.179885 0.166667
119 30.736923 48.243065 0.000000 1.520400 1.367071 2.370009 4.571676 9.603975 0.144007
120 30.576042 48.065548 0.000000 1.870325 1.411113 2.518664 5.004345 10.820565 0.200079
121 30.262089 48.326733 0.000000 1.819914 1.319409 2.232838 4.225228 8.777925 0.142861
122 30.977266 48.178677 0.000000 1.705754 1.403200 2.470413 4.813737 10.159328 0.142857
123 30.397678 48.149857 0.000000 1.740930 1.354414 2.308346 4.341080 8.825414 0.166667
124 30.300018 47.870365 0.000000 1.650960 1.308387 2.186465 4.039366 8.087767 0.200000
125 30.396793 48.181419 0.000000 2.217324 1.346145 2.276199 4.252192 8.609850 0.200000
126 30.610348 48.080288 0.000000 1.932664 1.308779 2.161784 3.927692 7.695772 0.142857
127 30.517513 48.148792 0.000000 2.324609 1.291851 2.102669 3.768064 7.307326 0.166667
128 30.622164 48.148281 0.000000 2.018028 1.381301 2.372952 4.490573 9.175901 0.142865
129 30.472822 48.155956 0.000000 2.063032 1.380970 2.405107 4.654169 9.808245 0.166667
130 30.407253 48.375988 0.000000 2.741215 1.289231 2.118784 3.878789 7.783376 0.200000
131 30.564795 48.209564 0.000000 2.361117 1.339132 2.268560 4.269495 8.760734 0.166809
132 30.321407 48.249165 0.000000 2.051802 1.280697 2.055906 3.607413 6.787108 0.166667
133 30.508528 48.196362 0.000000 2.290932 1.252849 1.986545 3.464044 6.537663 0.166667
134 30.454544 47.908302 0.000000 1.770678 1.337346 2.246949 4.157506 8.302425 0.142857
135 30.683950 47.933666 0.000000 1.946066 1.348548 2.302092 4.374815 9.072462 0.201372
136 30.616940 48.283577 0.000000 2.162439 1.325251 2.259768 4.321074 9.088964 0.142857
137 30.429913 48.227066 0.000000 1.970741 1.189095 1.804027 2.999347 5.389067 0.166667
138 30.518436 47.842815 0.000000 2.153078 1.243605 1.961143 3.402060 6.391213 0.166667
139 30.679102 47.971817 0.000000 2.326848 1.311828 2.157755 3.899453 7.593377 0.142857
140 30.592615 48.224174 0.000000 2.156384 1.265917 2.020006 3.528382 6.621966 0.142857
141 30.544317 48.216137 0.000000 2.409673 1.288329 2.093257 3.748203 7.272445 0.201094
142 30.355509 47.961956 0.000000 1.949969 1.291562 2.108219 3.775635 7.273687 0.156912
143 30.553801 48.267670 0.000000 2.619627 1.274777 2.052052 3.646895 7.042511 0.142857
144 30.606039 48.032299 0.000000 2.648768 1.283885 2.064671 3.633884 6.870966 0.142857
145 30.469477 48.015835 0.000000 2.062987 1.238584 1.949074 3.366821 6.275757 0.142857
146 30.604418 48.084099 0.000000 2.688981 1.242155 1.944522 3.333272 6.152269 0.200000
147 30.503220 48.193630 0.000000 2.135995 1.216387 1.867918 3.141130 5.698758 0.125000
148 30.725306 48.053631 0.000000 2.440850 1.295168 2.130286 3.869554 7.614199 0.166667
149 30.742899 48.137138 0.000000 2.916567 1.285167 2.075714 3.679851 7.031172 0.166667
150 30.679647 48.174068 0.000000 3.461890 1.263781 2.020686 3.562527 6.815585 0.166667
151 30.449757 47.939854 0.000000 3.673150 1.300877 2.122410 3.780522 7.204241 0.166667
152 30.491049 48.288128 0.000000 3.256626 1.265903 2.012875 3.499279 6.530529 0.142857
153 30.385574 48.101830 0.000000 3.537108 1.285613 2.088797 3.742961 7.268492 0.142857
154 30.406271 47.876945 0.000000 3.009591 1.260782 2.004885 3.487367 6.513783 0.171749
155 30.474951 48.005287 0.000000 3.531216 1.307803 2.148461 3.873677 7.516335 0.142857
156 30.605833 48.195915 0.000000 3.447484 1.232673 1.918848 3.270098 6.002505 0.142857
157 30.676437 48.099251 0.000000 3.902483 1.267614 2.021856 3.528178 6.610423 0.142857
158 30.708574 48.096752 0.000000 3.940255 1.271828 2.030316 3.544725 6.643409 0.142857
159 30.608124 48.137012 0.000000 3.437449 1.268901 2.027750 3.552916 6.702739 0.142883
161 30.684622 47.954983 0.000000 4.110550 1.322351 2.213905 4.103748 8.261357 0.142857
162 30.483843 47.955063 0.000000 4.053843 1.276069 2.042753 3.574020 6.706155 0.125000
163 30.722368 48.041306 0.000000 4.604599 1.309353 2.152612 3.891197 7.591145 0.142857
164 30.504175 47.964573 0.000000 4.534987 1.285487 2.080658 3.693065 7.054385 0.142857
165 30.414433 47.981190 0.000000 4.668452 1.307817 2.141169 3.829916 7.334128 0.125000
166 30.568672 47.951492 0.000000 4.509781 1.298046 2.119209 3.797643 7.326853 0.142857
167 30.522551 48.168041 0.000000 4.630830 1.246997 1.961433 3.378695 6.265090 0.142857
168 30.561592 48.026085 0.000000 4.027323 1.259055 1.998687 3.472622 6.483202 0.142857
169 30.634068 48.075535 0.000000 4.833642 1.283083 2.068556 3.652227 6.931128 0.166667
170 30.429581 48.158100 0.000000 4.347823 1.248008 1.962367 3.376254 6.246291 0.166667
172 30.625076 48.135998 0.000000 4.911407 1.269398 2.025976 3.535274 6.620051 0.166667
173 30.662876 48.030502 0.000000 4.951864 1.314410 2.181185 3.986039 7.868653 0.142857
174 30.725895 48.084682 0.000000 5.766158 1.294747 2.106770 3.758133 7.209074 0.142857
175 30.709164 48.205742 0.000000 5.439235 1.270135 2.026190 3.534175 6.615891 0.142857
176 30.670406 48.029800 0.000000 5.358781 1.326280 2.213555 4.063960 8.047086 0.166667
177 30.579500 48.130840 0.000000 5.884028 1.283224 2.061340 3.617828 6.806005 0.166667
178 30.697142 48.223644 0.000000 5.722189 1.270748 2.034430 3.570678 6.748374 0.200000
179 30.585712 48.257534 0.000000 5.282719 1.244810 1.952927 3.351502 6.184792 0.142857
180 30.664301 48.219719 0.000000 5.729242 1.263461 2.012972 3.506682 6.555302 0.166667
181 30.752047 48.229565 0.000000 5.754917 1.300629 2.125798 3.816053 7.385026 0.166667
182 30.777641 48.246098 0.000000 6.462908 1.284380 2.068177 3.637711 6.854586 0.166667
183 30.837727 48.480042 0.000000 5.789738 1.286056 2.085663 3.715174 7.139342 0.200000
184 30.943083 48.398682 0.000000 5.843472 1.319121 2.191024 4.018144 7.989504 0.200000
185 31.091616 48.426044 0.000000 5.261812 1.291215 2.110594 3.816942 7.510212 0.166667
187 31.217613 48.515781 0.000000 5.883338 1.294730 2.105931 3.765113 7.269955 0.166667
188 31.523516 48.574909 0.000000 5.861323 1.273347 2.036923 3.568048 6.721689 0.166667
189 31.291737 48.624870 0.000000 5.868415 1.301709 2.125966 3.823217 7.440835 0.166667
190 31.332514 48.572144 0.000000 6.044198 1.251973 1.976917 3.427101 6.419709 0.166667
191 31.376917 48.649990 0.000000 5.480152 1.315396 2.162613 3.898535 7.563534 0.166667
192 31.333303 48.700962 0.000000 5.860055 1.277718 2.045841 3.580885 6.726327 0.200000
193 31.612827 48.413353 0.000000 5.949365 1.352358 2.288414 4.268417 8.607622 0.166667
194 31.643858 48.544243 0.000000 6.224246 1.334520 2.215511 4.022694 7.833001 0.200000
195 31.472525 48.496418 0.000000 5.505568 1.331281 2.216738 4.062627 8.045940 0.142857
196 31.710842 48.484688 0.000000 5.858024 1.389195 2.398121 4.546630 9.272543 0.166667
197 31.609573 48.532043 0.000000 5.597626 1.348878 2.269210 4.194610 8.358461 0.177483
198 32.006485 48.483852 0.000000 5.243497 1.370000 2.351691 4.453795 9.115743 0.166667
199 32.000072 48.677681 0.000000 4.718805 1.416553 2.513593 4.932433 10.474386 0.166808
200 31.776285 49.316582 0.000000 4.590203 1.358657 2.313791 4.342440 8.805039 0.254965
202 31.929266 49.831223 0.000000 2.780710 1.373763 2.354239 4.449711 9.091787 0.296836
203 31.941219 49.603458 0.000000 3.349633 1.427905 2.569250 5.145330 11.209815 0.167600
205 31.929964 49.464478 0.000000 2.427521 1.437084 2.594068 5.188512 11.239179 0.166667
206 32.113136 49.585987 0.000000 2.665084 1.375266 2.363060 4.470835 9.123022 0.166667
207 32.474430 49.630840 0.000000 2.871185 1.514904 2.815877 5.755491 12.646593 0.166667
