%% Trajectory 9
%% frame x (pixel)     y (pixel)    z (pixel)      m0         m1           m2           m3           m4           s 
33 48.055252 26.693762 0.000000 1.601127 1.263185 2.017174 3.540634 6.712792 0.125196
34 48.241787 26.677717 0.000000 1.761632 1.295299 2.104630 3.748549 7.182912 0.143292
35 48.365662 26.528435 0.000000 1.511204 1.216771 1.864191 3.123503 5.641594 0.166667
37 48.266083 26.700487 0.000000 1.674298 1.209513 1.843586 3.072676 5.521590 0.166667
38 48.163342 26.670752 0.000000 1.762977 1.260854 2.024764 3.597281 6.952857 0.166678
41 48.415161 26.559109 0.000000 1.565153 1.246885 1.956032 3.354876 6.186275 0.166667
42 48.415100 26.592888 0.000000 1.718852 1.270927 2.037679 3.591934 6.842948 0.172650
43 48.215488 26.650503 0.000000 2.162160 1.240771 1.941217 3.321892 6.112964 0.205889
44 48.303104 26.496861 0.000000 1.794251 1.232188 1.915066 3.259235 5.975724 0.166668
45 48.299381 26.650845 0.000000 1.737863 1.264493 2.007110 3.481353 6.480652 0.166667
46 48.365772 26.665319 0.000000 1.709738 1.250079 1.971549 3.418058 6.415277 0.164491
47 48.296597 26.581221 0.000000 1.956634 1.256633 1.980808 3.410730 6.304263 0.200001
48 48.147232 26.701717 0.000000 2.139431 1.295007 2.120777 3.836776 7.528934 0.166745
49 47.999844 26.489853 0.000000 2.438990 1.297694 2.121091 3.815771 7.417875 0.217492
50 48.189590 26.259531 0.000000 1.831511 1.292191 2.098201 3.732951 7.135601 0.167555
51 48.184143 26.527966 0.000000 2.126214 1.258147 1.991240 3.447948 6.415497 0.166667
52 48.146591 26.611885 0.000000 2.198225 1.267928 2.017704 3.514538 6.582608 0.166667
53 48.271763 26.651360 0.000000 2.095770 1.245936 1.957164 3.361249 6.202134 0.166667
54 48.112057 26.468222 0.000000 1.875825 1.309622 2.159730 3.912137 7.629849 0.166667
55 48.013016 26.681889 0.000000 2.538471 1.293853 2.109216 3.779098 7.301755 0.185570
56 47.973488 26.599386 0.000000 2.615346 1.312130 2.150201 3.855048 7.417990 0.179870
57 48.128361 26.519709 0.000000 2.562320 1.283835 2.068062 3.647143 6.911094 0.153344
58 48.094799 26.553581 0.000000 2.400395 1.258993 1.994881 3.457160 6.434251 0.151756
59 48.236240 26.552494 0.000000 2.513002 1.260815 1.997148 3.457742 6.426387 0.142939
60 48.200562 26.572517 0.000000 2.574846 1.275283 2.035440 3.548493 6.632912 0.166361
61 48.143066 26.667744 0.000000 2.642532 1.278125 2.057600 3.636586 6.930429 0.126904
62 48.060711 26.581102 0.000000 2.799929 1.284947 2.072308 3.658134 6.935229 0.212172
63 48.123882 26.520866 0.000000 2.831470 1.298481 2.112850 3.766901 7.217996 0.304924
64 48.119133 26.557589 0.000000 2.709916 1.267965 2.023726 3.538756 6.660042 0.283244
65 48.136974 26.445158 0.000000 2.436604 1.295534 2.109214 3.762051 7.208823 0.218966
66 47.975361 26.567097 0.000000 2.577882 1.298794 2.124601 3.812025 7.353636 0.239420
67 48.200516 26.455418 0.000000 2.787089 1.279555 2.052326 3.595762 6.751282 0.168676
68 48.136307 26.565371 0.000000 2.865301 1.271574 2.031569 3.554459 6.687826 0.216746
69 48.066830 26.618498 0.000000 2.299088 1.286187 2.086210 3.718967 7.157222 0.150124
70 48.220627 26.534657 0.000000 2.506207 1.266773 2.010823 3.487652 6.492190 0.143814
71 48.190968 26.477465 0.000000 2.561292 1.288994 2.074662 3.645721 6.861455 0.146576
72 48.110672 26.550508 0.000000 2.713761 1.272737 2.047242 3.614471 6.876487 0.266050
73 48.120079 26.622368 0.000000 2.746907 1.289257 2.093069 3.731756 7.171949 0.261317
74 48.290333 26.554502 0.000000 2.239681 1.229009 1.913186 3.264920 6.011144 0.143815
75 48.166302 26.528229 0.000000 2.202836 1.230234 1.916955 3.271900 6.014544 0.142857
76 48.261002 26.464539 0.000000 2.401060 1.263949 2.006212 3.481293 6.484375 0.249074
77 48.270687 26.671999 0.000000 2.709619 1.247464 1.958658 3.361280 6.196875 0.211826
78 48.301613 26.452585 0.000000 2.872884 1.257578 1.990249 3.444187 6.400796 0.142883
79 48.187996 26.570301 0.000000 2.666371 1.227761 1.902231 3.225323 5.890102 0.167271
80 48.335579 26.485239 0.000000 2.334853 1.209243 1.852553 3.108018 5.626102 0.142867
81 48.055470 26.518103 0.000000 2.481557 1.298879 2.127091 3.822618 7.388399 0.169278
82 48.117397 26.566835 0.000000 2.326801 1.259176 2.018645 3.561116 6.787509 0.186095
83 48.082600 26.547491 0.000000 2.887355 1.268169 2.020995 3.526797 6.619050 0.169362
84 47.948498 26.641338 0.000000 2.894955 1.293249 2.101884 3.742594 7.164265 0.168330
85 48.037071 26.594076 0.000000 2.506666 1.307222 2.155380 3.912533 7.666369 0.166722
86 48.031342 26.670927 0.000000 2.531730 1.265064 2.030088 3.578400 6.799829 0.170381
87 48.040920 26.726984 0.000000 2.877239 1.284535 2.089391 3.744278 7.254952 0.167621
88 47.978882 26.699543 0.000000 3.023965 1.291043 2.114869 3.823749 7.488190 0.250730
89 47.873665 26.964125 0.000000 2.438991 1.305874 2.171285 4.012723 8.089581 0.182127
90 47.906578 26.822767 0.000000 2.697761 1.306168 2.128764 3.786716 7.204388 0.295039
91 47.881329 26.933043 0.000000 2.959456 1.297035 2.117537 3.788641 7.285307 0.181551
92 47.903088 26.897339 0.000000 2.448219 1.316996 2.179606 3.976234 7.850872 0.190200
93 47.886208 27.014597 0.000000 2.260118 1.275497 2.077668 3.761078 7.432508 0.298803
94 47.749302 27.175240 0.000000 2.684348 1.235804 1.936666 3.343127 6.267354 0.176562
95 47.738792 27.073446 0.000000 2.631501 1.277656 2.064819 3.682109 7.122839 0.250634
96 47.760422 27.076382 0.000000 2.646242 1.298906 2.136850 3.889236 7.692232 0.169464
97 47.626129 27.156113 0.000000 2.753875 1.272740 2.042185 3.605172 6.885904 0.200269
98 47.692379 27.085564 0.000000 2.145015 1.257517 2.009979 3.549439 6.813586 0.331023
99 47.426708 27.160433 0.000000 2.175941 1.288932 2.101459 3.780025 7.370235 0.256226
100 47.359364 27.079775 0.000000 1.906779 1.248459 1.980740 3.453771 6.500439 0.167517
102 47.491894 27.378325 0.000000 1.746599 1.185284 1.790509 2.959176 5.278336 0.166667
103 47.634060 27.735823 0.000000 1.733967 1.170338 1.742110 2.834751 4.983189 0.166667
