%% Trajectory 155
%% frame x (pixel)     y (pixel)    z (pixel)      m0         m1           m2           m3           m4           s 
102 81.368294 73.010559 0.000000 0.450746 1.226532 1.935404 3.378681 6.410374 0.112683
104 80.281761 72.001167 0.000000 0.507935 1.394155 2.509748 5.044050 11.027676 0.179225
106 81.234978 72.596489 0.000000 0.424487 1.192159 1.885466 3.417376 7.030591 0.062917
108 80.767273 72.518295 0.000000 0.948231 1.241115 1.944145 3.339905 6.192272 0.066667
110 81.169861 72.460495 0.000000 0.971118 1.275703 2.048361 3.637464 7.042840 0.069724
111 81.135201 72.337555 0.000000 1.033491 1.325857 2.231622 4.186889 8.598280 0.066987
112 81.526909 72.731514 0.000000 1.070532 1.210489 1.847196 3.085164 5.561586 0.083333
114 80.931541 72.268974 0.000000 1.232833 1.337576 2.273162 4.297812 8.863196 0.113662
115 80.554871 72.509605 0.000000 1.772428 1.312909 2.160436 3.918040 7.695796 0.076923
116 80.736664 72.397133 0.000000 1.256315 1.286369 2.106301 3.820012 7.539707 0.090909
117 80.854782 72.470856 0.000000 1.701825 1.314710 2.185561 4.015669 8.010362 0.071429
118 80.884369 72.391220 0.000000 1.489694 1.260672 1.997993 3.466195 6.464056 0.076923
119 80.719788 72.382896 0.000000 1.608723 1.390602 2.436150 4.736055 10.003635 0.100000
120 80.673462 72.403870 0.000000 1.805518 1.274803 2.061112 3.688769 7.192617 0.071429
121 80.750435 72.450882 0.000000 2.144213 1.244559 1.953549 3.352968 6.184990 0.071429
122 80.771790 72.244133 0.000000 2.607311 1.297948 2.119994 3.814054 7.427050 0.076923
123 80.940109 72.653969 0.000000 2.104328 1.275367 2.063355 3.693028 7.194432 0.083333
124 81.140854 72.493423 0.000000 2.323989 1.299825 2.131986 3.866088 7.621086 0.066667
125 80.918785 72.323387 0.000000 1.804347 1.306234 2.144554 3.870733 7.534616 0.076923
126 80.706230 72.272110 0.000000 2.372463 1.320658 2.194144 4.028263 8.026787 0.090909
127 80.919777 72.465828 0.000000 2.957924 1.335497 2.240898 4.153063 8.345785 0.100000
128 81.037003 72.360107 0.000000 2.415681 1.286228 2.101030 3.806733 7.526564 0.090909
129 80.980698 72.417328 0.000000 2.138314 1.301668 2.158372 3.977265 8.004230 0.083333
130 80.933701 72.487190 0.000000 2.252635 1.303938 2.140142 3.869462 7.565978 0.090910
131 80.971977 72.507858 0.000000 2.113742 1.305214 2.148474 3.916321 7.772620 0.090909
132 80.764297 72.376610 0.000000 2.553677 1.298347 2.116315 3.786321 7.299875 0.076949
133 80.698669 72.433640 0.000000 2.873578 1.329681 2.210307 4.031247 7.912828 0.090909
134 81.081314 72.562653 0.000000 2.403019 1.251969 1.976479 3.415854 6.352012 0.100019
135 80.863884 72.258102 0.000000 2.761541 1.325458 2.208954 4.054831 8.043176 0.111112
136 80.984940 72.383171 0.000000 2.425786 1.318373 2.175893 3.932447 7.629534 0.100003
137 80.916855 72.445793 0.000000 2.812152 1.291701 2.102174 3.770682 7.328757 0.111111
138 80.886932 72.447533 0.000000 3.279535 1.359905 2.317786 4.361938 8.890973 0.111111
139 80.921120 72.492538 0.000000 3.044348 1.280337 2.066271 3.677613 7.102400 0.100000
140 80.973213 72.503082 0.000000 3.311580 1.287167 2.081282 3.696957 7.087743 0.125000
141 80.888702 72.448677 0.000000 2.685746 1.291484 2.094444 3.719612 7.096543 0.100000
142 81.021248 72.656097 0.000000 3.223356 1.336729 2.246889 4.165533 8.354385 0.111111
143 81.087357 72.496674 0.000000 2.824018 1.307170 2.157771 3.948548 7.876344 0.100000
144 80.735367 72.531242 0.000000 3.055348 1.282099 2.068248 3.668139 7.031940 0.111181
145 80.874397 72.589569 0.000000 2.859103 1.320376 2.193430 4.032596 8.062370 0.100116
146 81.032761 72.417931 0.000000 3.164160 1.325764 2.201088 4.016048 7.894488 0.125000
147 80.741325 72.553497 0.000000 3.357755 1.268492 2.026279 3.557407 6.752800 0.187375
148 80.849586 72.467964 0.000000 3.216995 1.338324 2.254241 4.199601 8.494154 0.126757
149 80.844978 72.490723 0.000000 3.454346 1.291657 2.093988 3.719654 7.106743 0.111126
150 80.844154 72.627541 0.000000 3.335094 1.313629 2.185814 4.027620 8.071324 0.148472
151 80.640968 72.438904 0.000000 3.645514 1.292769 2.094289 3.711699 7.062492 0.225252
152 80.867119 72.486320 0.000000 3.325035 1.292062 2.094370 3.724741 7.138865 0.125000
153 80.786156 72.325043 0.000000 3.418514 1.287960 2.081013 3.681417 6.998049 0.111528
154 80.801270 72.439362 0.000000 3.505215 1.324798 2.202385 4.035526 8.003650 0.142223
155 80.741768 72.529228 0.000000 3.873101 1.332057 2.220926 4.067883 8.027989 0.140235
156 80.752136 72.554893 0.000000 4.014405 1.306026 2.133622 3.815397 7.326192 0.176841
157 80.811226 72.619629 0.000000 3.593077 1.273965 2.038380 3.565692 6.693699 0.125000
158 80.870926 72.539665 0.000000 3.376718 1.291635 2.092562 3.717203 7.106391 0.125698
159 80.637283 72.469391 0.000000 3.814390 1.284619 2.065624 3.632337 6.858136 0.125000
160 80.689690 72.541710 0.000000 3.516695 1.279010 2.054076 3.616046 6.855456 0.185097
161 80.519073 72.534767 0.000000 3.566797 1.270243 2.020178 3.509614 6.540617 0.125016
162 80.260185 72.695473 0.000000 3.468130 1.287401 2.088106 3.727856 7.201074 0.100016
163 80.257133 72.829758 0.000000 3.496056 1.294265 2.116609 3.816561 7.455983 0.222926
164 80.037529 72.449982 0.000000 3.269396 1.333971 2.247234 4.197828 8.533685 0.188301
165 80.237213 72.506111 0.000000 3.479855 1.295300 2.106522 3.764828 7.264593 0.173810
166 79.954552 72.453407 0.000000 3.179574 1.339401 2.258538 4.222210 8.592919 0.111205
167 80.025696 72.399780 0.000000 3.308552 1.324507 2.222053 4.144641 8.440788 0.149082
168 79.829834 72.243973 0.000000 3.724829 1.321536 2.205882 4.083730 8.236169 0.116052
169 79.711510 72.253159 0.000000 3.879816 1.322411 2.191201 3.988173 7.823774 0.113417
170 79.756546 72.397377 0.000000 3.862818 1.285669 2.078485 3.693113 7.089034 0.101752
171 79.635727 72.338745 0.000000 3.730286 1.262472 2.008310 3.498296 6.555942 0.145787
172 79.423119 72.168549 0.000000 3.728504 1.294291 2.100347 3.732220 7.125470 0.204960
173 79.241257 71.954735 0.000000 3.897187 1.376999 2.376502 4.534426 9.371893 0.100007
174 79.058960 72.284393 0.000000 4.336497 1.344326 2.273318 4.250465 8.619349 0.111111
175 78.898788 72.160233 0.000000 4.116997 1.342092 2.268533 4.242563 8.611513 0.112212
176 78.867760 72.374664 0.000000 3.956962 1.335299 2.244011 4.176358 8.453568 0.111247
177 78.877693 72.649460 0.000000 3.906423 1.285486 2.089946 3.747111 7.281194 0.100009
178 78.586205 72.125076 0.000000 3.862738 1.292966 2.108682 3.783835 7.331809 0.100216
180 79.612907 71.950882 0.000000 3.239163 1.345287 2.276381 4.255258 8.615584 0.215952
181 79.519264 71.936150 0.000000 3.858939 1.303455 2.124030 3.780695 7.206367 0.111910
183 79.463356 71.418388 0.000000 2.587146 1.289189 2.081802 3.682033 7.003914 0.149270
185 79.051628 71.821243 0.000000 1.911857 1.368969 2.355881 4.474319 9.182457 0.169613
186 78.388725 71.952332 0.000000 1.604484 1.319877 2.230089 4.209173 8.712849 0.139466
188 77.634926 71.688919 0.000000 1.087291 1.378651 2.382031 4.569914 9.549393 0.122852
189 77.805626 71.828575 0.000000 1.199743 1.422940 2.585662 5.291363 11.899757 0.111131
191 78.943329 71.224426 0.000000 0.782453 1.372559 2.453193 4.958398 11.055927 0.111111
192 78.891991 70.956131 0.000000 0.799324 1.408331 2.524285 5.073775 11.180447 0.111112
