%% Trajectory 34
%% frame x (pixel)     y (pixel)    z (pixel)      m0         m1           m2           m3           m4           s 
221 87.369240 31.242487 0.000000 1.547871 1.233720 1.987630 3.636436 7.465780 0.166667
223 87.230324 30.093380 0.000000 1.192080 1.359022 2.379677 4.673855 10.070887 0.166667
225 87.417030 30.773870 0.000000 1.634785 1.368575 2.340216 4.398554 8.896426 0.200000
226 87.286064 30.881424 0.000000 2.185222 1.280259 2.081631 3.734945 7.265360 0.142860
227 87.274261 30.546455 0.000000 1.906396 1.366479 2.369349 4.578272 9.652109 0.283269
228 87.331787 30.657579 0.000000 2.059959 1.373264 2.388599 4.621965 9.731030 0.142872
229 87.318390 30.715460 0.000000 2.134728 1.364382 2.333694 4.403815 8.988721 0.200029
230 87.075714 31.121565 0.000000 2.245114 1.373513 2.397353 4.645098 9.764065 0.143616
231 86.909142 31.087635 0.000000 2.148713 1.417056 2.518464 4.954198 10.539973 0.142981
232 87.080383 30.771223 0.000000 2.718314 1.417171 2.508733 4.906876 10.372231 0.166835
233 87.279106 30.848722 0.000000 2.946072 1.374664 2.365437 4.490645 9.207172 0.207166
234 87.083031 31.138189 0.000000 2.355626 1.319212 2.182887 3.961017 7.726212 0.188595
236 87.280785 30.727850 0.000000 2.927123 1.350125 2.268894 4.182660 8.288353 0.345684
237 87.206932 31.066437 0.000000 3.003195 1.343933 2.265219 4.204254 8.427267 0.167469
238 87.312927 30.864912 0.000000 2.712054 1.333641 2.249887 4.206626 8.549358 0.200504
239 87.259483 30.962372 0.000000 2.715962 1.363549 2.349810 4.485763 9.282945 0.242869
240 87.010590 31.044878 0.000000 3.195122 1.354635 2.332163 4.461979 9.277839 0.250001
241 87.441109 30.682766 0.000000 3.083260 1.375509 2.364454 4.491125 9.236959 0.275821
242 87.286140 30.648926 0.000000 3.152604 1.307107 2.149340 3.890260 7.611184 0.282641
243 87.189323 30.850901 0.000000 3.541873 1.338278 2.253945 4.193811 8.450231 0.143423
244 87.274101 30.961580 0.000000 3.285155 1.317591 2.218491 4.163593 8.548397 0.191099
245 87.125809 30.874405 0.000000 3.327644 1.305679 2.140977 3.857987 7.495963 0.166846
246 87.122719 30.954723 0.000000 3.513606 1.408985 2.498405 4.910952 10.467052 0.166668
247 86.883347 30.979702 0.000000 2.922040 1.374657 2.402846 4.685707 9.960676 0.166667
248 87.402687 30.704197 0.000000 3.367101 1.319925 2.169553 3.897163 7.500946 0.215580
249 87.206421 30.793964 0.000000 2.965355 1.338284 2.232584 4.079416 8.005883 0.200000
250 87.014473 30.984089 0.000000 2.789554 1.389654 2.436862 4.732825 9.950641 0.200000
251 86.921860 30.988846 0.000000 3.539617 1.398005 2.462199 4.818271 10.244748 0.313047
252 86.797249 31.250439 0.000000 3.023466 1.350692 2.311236 4.395740 9.102472 0.314874
253 86.368652 31.385225 0.000000 3.216896 1.318792 2.182754 3.971240 7.790962 0.200000
254 86.406616 31.147682 0.000000 3.209960 1.291299 2.101009 3.755453 7.234290 0.200000
255 86.151215 31.349361 0.000000 2.983783 1.323229 2.203821 4.053153 8.081900 0.250000
256 86.089745 31.268908 0.000000 3.283912 1.323748 2.188498 3.969525 7.742393 0.200000
257 86.375320 31.171030 0.000000 3.314252 1.286259 2.094081 3.767439 7.363552 0.250000
258 86.391312 31.431801 0.000000 3.366496 1.286534 2.079624 3.681008 6.999902 0.200000
259 86.197136 31.148560 0.000000 2.905900 1.334034 2.232794 4.100450 8.090736 0.250000
260 86.139549 31.523514 0.000000 3.167643 1.322148 2.212521 4.102937 8.280148 0.250057
262 86.050697 31.599348 0.000000 2.687280 1.277310 2.073613 3.713403 7.202695 0.250002
264 86.285019 32.849072 0.000000 2.137293 1.511180 2.874511 6.094117 14.012244 0.250000
265 86.624687 32.635353 0.000000 2.275489 1.579336 3.111120 6.788968 15.953588 0.250000
266 86.578079 32.892647 0.000000 2.109100 1.438445 2.682233 5.665583 13.158516 0.250000
