%% Trajectory 11
%% frame x (pixel)     y (pixel)    z (pixel)      m0         m1           m2           m3           m4           s 
32 72.036697 55.164848 0.000000 1.011802 1.323601 2.244936 4.262456 8.886635 0.250000
34 71.558418 55.180126 0.000000 1.189546 1.323997 2.205859 4.054022 8.066919 0.209132
36 71.564087 55.064163 0.000000 1.213283 1.327226 2.209356 4.027453 7.875333 0.225371
38 71.626755 54.993587 0.000000 1.323296 1.331072 2.241341 4.165470 8.371252 0.144911
39 71.591431 55.256603 0.000000 1.553452 1.288343 2.072932 3.644813 6.873386 0.294225
40 71.709412 55.269909 0.000000 1.493376 1.294531 2.100541 3.720224 7.048942 0.167156
41 71.432152 55.255581 0.000000 1.559757 1.258313 1.984394 3.420898 6.336310 0.294773
42 71.630486 55.162628 0.000000 1.790140 1.283278 2.064023 3.627478 6.833056 0.171889
43 71.856216 55.057056 0.000000 1.396181 1.320295 2.200951 4.039814 7.998053 0.142953
44 71.809227 55.030502 0.000000 1.750890 1.333786 2.248251 4.190201 8.467806 0.202636
45 71.825340 55.080639 0.000000 1.917603 1.290677 2.114331 3.829933 7.533426 0.217717
46 71.593216 54.922836 0.000000 1.791604 1.366756 2.341981 4.408499 8.921182 0.176825
47 71.453659 55.231964 0.000000 2.061247 1.269342 2.018931 3.507883 6.538517 0.166672
48 71.671967 55.378532 0.000000 1.637672 1.262922 2.004710 3.480024 6.487006 0.166672
49 71.793198 55.334663 0.000000 1.935810 1.270413 2.026720 3.531956 6.599750 0.166667
50 71.764862 55.351288 0.000000 1.840692 1.257135 1.984478 3.428531 6.373083 0.145019
51 71.536476 55.539963 0.000000 1.789833 1.283893 2.060766 3.611153 6.779464 0.143304
52 71.839432 55.232422 0.000000 2.099648 1.297277 2.116262 3.783448 7.268818 0.142857
53 71.583618 55.334827 0.000000 2.329244 1.308334 2.138043 3.819334 7.313599 0.125001
54 71.779800 55.194633 0.000000 2.155282 1.273085 2.043045 3.593912 6.803679 0.166966
55 71.640259 55.071156 0.000000 2.497287 1.281568 2.060901 3.626383 6.852514 0.125060
56 71.757912 54.993843 0.000000 2.624597 1.303532 2.139369 3.861466 7.520080 0.125001
57 71.816696 55.149475 0.000000 2.615608 1.295740 2.124299 3.847852 7.563354 0.159004
58 71.722694 55.074635 0.000000 2.598019 1.302451 2.139670 3.866442 7.540145 0.193616
59 71.762192 55.053062 0.000000 2.918622 1.333023 2.232366 4.111335 8.158413 0.152788
60 71.697319 55.021839 0.000000 2.779103 1.327111 2.213755 4.062177 8.035783 0.142875
61 71.630280 55.083508 0.000000 2.658615 1.267563 2.030066 3.571618 6.780483 0.125000
62 71.713593 55.243511 0.000000 2.936142 1.263226 2.003326 3.477551 6.493526 0.111698
63 71.680054 55.298729 0.000000 2.894006 1.259855 1.997039 3.460827 6.439529 0.142857
64 71.668221 55.263000 0.000000 3.125435 1.276168 2.052395 3.626880 6.923042 0.147771
65 71.773354 55.054119 0.000000 3.155989 1.348700 2.284487 4.264844 8.600483 0.228634
66 71.744881 55.162529 0.000000 3.095889 1.318109 2.184705 3.983566 7.840597 0.280701
67 71.761818 54.938610 0.000000 3.695574 1.351285 2.283480 4.243988 8.504436 0.218486
68 71.942291 54.944523 0.000000 3.164701 1.373286 2.364635 4.497848 9.255649 0.146215
69 71.712334 54.885845 0.000000 3.374070 1.278311 2.058069 3.640726 6.952503 0.176030
70 71.715775 54.993526 0.000000 3.575223 1.322270 2.203068 4.043848 8.014641 0.261299
71 71.685104 55.008575 0.000000 3.702008 1.303794 2.144234 3.886510 7.620813 0.174413
72 71.770027 55.013691 0.000000 3.623295 1.321060 2.188173 3.974624 7.758041 0.166994
73 71.710106 54.991318 0.000000 3.772379 1.324645 2.208217 4.054604 8.042404 0.166761
74 71.695129 55.147419 0.000000 3.644033 1.284040 2.073963 3.678927 7.037570 0.179134
75 71.620720 54.976837 0.000000 3.611229 1.334921 2.232928 4.100503 8.100956 0.149336
76 71.846893 54.860012 0.000000 3.210983 1.294803 2.108912 3.769418 7.252950 0.142857
77 71.806671 55.082767 0.000000 3.385290 1.327364 2.219855 4.095814 8.176246 0.130279
78 71.736504 54.866100 0.000000 3.510670 1.289250 2.087964 3.706314 7.075141 0.166677
79 71.661156 55.111134 0.000000 3.672151 1.296924 2.106443 3.746996 7.163514 0.146368
80 71.745514 54.979401 0.000000 3.784570 1.337961 2.251016 4.180271 8.403788 0.125048
81 71.675018 55.103027 0.000000 3.602218 1.312919 2.154545 3.869597 7.457738 0.144530
82 71.692589 55.018661 0.000000 3.905024 1.351635 2.292390 4.284825 8.648650 0.213362
83 71.744736 55.014553 0.000000 3.937292 1.344075 2.276528 4.260990 8.639267 0.267325
84 71.814255 54.988461 0.000000 4.065569 1.333836 2.249990 4.199306 8.498486 0.231001
85 71.809898 54.994633 0.000000 4.107111 1.344573 2.275217 4.246620 8.565163 0.190828
86 71.784248 54.902443 0.000000 3.875372 1.349303 2.274064 4.209770 8.390004 0.166667
87 71.814041 54.873508 0.000000 4.014451 1.327758 2.213019 4.052725 7.992369 0.167593
88 71.742874 54.831905 0.000000 3.946195 1.296051 2.105664 3.747581 7.168634 0.216405
89 71.762230 54.930462 0.000000 4.049263 1.332562 2.238019 4.149490 8.328543 0.304003
90 71.814674 54.925831 0.000000 3.887074 1.323892 2.201587 4.031590 7.972547 0.166667
91 71.676628 55.036179 0.000000 3.889088 1.307442 2.149748 3.887032 7.582077 0.202159
92 71.772835 54.956375 0.000000 4.014168 1.339133 2.257750 4.204377 8.480228 0.166667
93 71.765709 55.083977 0.000000 4.007585 1.321801 2.199296 4.032686 7.993225 0.166667
94 71.607567 55.075298 0.000000 3.846399 1.294070 2.100370 3.729126 7.103052 0.166667
95 71.632187 55.082848 0.000000 3.709144 1.287727 2.081030 3.682478 7.002980 0.166667
96 71.732803 55.161007 0.000000 3.795447 1.315352 2.168043 3.913259 7.583642 0.200000
97 71.712753 55.131195 0.000000 3.935024 1.304714 2.141344 3.869349 7.558348 0.200000
98 71.943550 55.089058 0.000000 3.770667 1.360160 2.327250 4.400136 9.004143 0.200000
99 71.691338 55.170143 0.000000 4.217745 1.305256 2.135800 3.832837 7.402162 0.166677
100 71.747543 55.294952 0.000000 4.003836 1.274894 2.035812 3.550945 6.640951 0.200000
101 71.658203 55.125153 0.000000 3.774691 1.285378 2.084725 3.721064 7.177305 0.166667
103 71.286552 55.492836 0.000000 3.835279 1.291888 2.083635 3.668137 6.913867 0.166667
104 71.375603 55.739437 0.000000 3.806857 1.277574 2.047487 3.597545 6.811074 0.142857
105 71.346069 55.775009 0.000000 3.492336 1.309346 2.147976 3.870013 7.520055 0.200000
106 71.083344 55.672024 0.000000 3.616900 1.317691 2.172258 3.927463 7.640535 0.250001
107 70.877296 55.638248 0.000000 4.072554 1.314599 2.162782 3.905689 7.598598 0.200000
108 70.858681 55.632710 0.000000 3.834648 1.341068 2.244792 4.125016 8.160469 0.166735
109 70.762253 55.432785 0.000000 3.734413 1.305340 2.132284 3.817259 7.351777 0.251090
110 70.586731 55.483227 0.000000 3.985029 1.273779 2.042961 3.593977 6.814247 0.142860
111 70.494164 55.471756 0.000000 3.848474 1.304350 2.122629 3.768571 7.156293 0.166667
112 70.654144 55.379200 0.000000 4.199960 1.325881 2.190590 3.953285 7.636524 0.166677
113 70.445442 55.315155 0.000000 4.039518 1.298270 2.103316 3.716804 7.024449 0.167172
114 70.527153 55.270618 0.000000 3.366918 1.324592 2.184355 3.937998 7.608297 0.142906
115 70.404289 55.491646 0.000000 3.641264 1.302038 2.116840 3.752251 7.108231 0.166667
116 70.271889 55.235260 0.000000 3.294422 1.328057 2.205831 4.017808 7.871483 0.166667
117 70.388351 54.904015 0.000000 3.400576 1.294077 2.122897 3.861128 7.658183 0.166667
118 69.987045 55.119614 0.000000 3.174492 1.365660 2.342971 4.436387 9.079944 0.166684
119 70.390129 54.566803 0.000000 3.454702 1.304493 2.129214 3.809709 7.337012 0.142870
120 70.496628 54.336662 0.000000 3.269708 1.325945 2.190363 3.958363 7.675324 0.169997
121 70.161636 54.368347 0.000000 3.206408 1.351952 2.297765 4.318475 8.806304 0.241183
123 70.223404 53.505421 0.000000 2.587505 1.377168 2.377349 4.530606 9.342226 0.142865
125 70.628555 53.652966 0.000000 2.362911 1.343330 2.267298 4.223902 8.519572 0.142857
126 70.816750 53.275372 0.000000 2.523546 1.388308 2.401666 4.579297 9.427260 0.142857
128 70.477066 52.966389 0.000000 1.803456 1.353955 2.324353 4.443857 9.272842 0.319170
129 70.587402 52.562637 0.000000 1.495583 1.338854 2.243463 4.125308 8.161938 0.153015
131 69.698463 53.531013 0.000000 1.445969 1.401595 2.459943 4.761420 9.944921 0.167149
132 69.429123 52.952927 0.000000 1.263382 1.403341 2.482581 4.902835 10.581586 0.128419
134 70.726448 52.817551 0.000000 1.562745 1.447717 2.639986 5.373548 11.915498 0.167272
135 70.669739 52.416603 0.000000 1.088703 1.392731 2.402816 4.550160 9.261095 0.134201
136 70.506439 52.424812 0.000000 1.052959 1.496493 2.788655 5.734983 12.700131 0.166803
138 71.006378 53.397827 0.000000 0.825787 1.470351 2.714379 5.556806 12.307645 0.203991
