%% Trajectory 44
%% frame x (pixel)     y (pixel)    z (pixel)      m0         m1           m2           m3           m4           s 
193 35.521046 44.346622 0.000000 0.506266 1.085934 1.511144 2.283336 3.733059 0.142857
194 35.475967 44.472179 0.000000 0.628065 1.232864 1.911607 3.250903 5.973883 0.210570
195 35.765289 44.375996 0.000000 0.553978 1.201476 1.835875 3.118226 5.843648 0.142857
196 35.323917 44.554333 0.000000 0.676597 1.229331 1.927736 3.334425 6.265912 0.143684
197 35.539196 44.036434 0.000000 0.585566 1.347479 2.263358 4.175928 8.290633 0.125066
198 35.596947 44.488976 0.000000 0.833215 1.251729 1.989345 3.491046 6.663903 0.197551
199 35.856403 43.944836 0.000000 0.646864 1.248693 1.976149 3.429526 6.410557 0.166667
200 35.533379 44.245258 0.000000 0.865185 1.266527 2.010542 3.488483 6.498118 0.200000
201 35.585258 44.260891 0.000000 0.850887 1.266162 2.005296 3.478438 6.499974 0.202305
202 35.741447 44.276539 0.000000 0.961692 1.258530 2.009821 3.541527 6.779627 0.202614
203 35.733288 44.520435 0.000000 0.955937 1.201962 1.832263 3.054817 5.491348 0.200011
204 35.815899 44.179989 0.000000 0.988596 1.308079 2.170710 4.000012 8.043698 0.200060
205 35.783096 44.352859 0.000000 0.992461 1.320009 2.170161 3.908427 7.562700 0.204324
206 35.688370 44.511024 0.000000 1.099375 1.286437 2.088722 3.728955 7.184699 0.200006
207 35.862503 44.431602 0.000000 1.018043 1.349780 2.290518 4.307168 8.810853 0.200159
208 35.875549 44.457413 0.000000 1.208941 1.317517 2.163778 3.890816 7.517839 0.200006
209 35.878395 44.640060 0.000000 1.089955 1.300940 2.129539 3.841621 7.502032 0.200000
210 35.699177 44.655098 0.000000 1.087749 1.262851 2.006003 3.487093 6.517691 0.200000
211 35.656254 44.771824 0.000000 0.949709 1.306801 2.145956 3.862278 7.476267 0.200000
212 35.921631 44.584148 0.000000 0.745951 1.390227 2.400407 4.543116 9.224506 0.200000
213 36.172813 44.794006 0.000000 1.025313 1.301263 2.118889 3.788207 7.297073 0.200000
214 36.069756 44.868973 0.000000 1.192314 1.439663 2.567066 5.022371 10.546503 0.355154
215 36.509907 44.785069 0.000000 1.367496 1.367516 2.329643 4.363279 8.810197 0.200007
216 36.346012 44.734100 0.000000 1.146995 1.298148 2.117682 3.796951 7.350758 0.200000
217 36.334084 45.112377 0.000000 1.295077 1.362762 2.326584 4.382136 8.927949 0.258171
218 36.376869 44.936539 0.000000 1.069151 1.356625 2.295243 4.270200 8.568659 0.200000
219 36.466518 45.019264 0.000000 1.323155 1.395205 2.428382 4.662086 9.667348 0.202572
220 36.626965 44.722412 0.000000 1.147445 1.368733 2.357714 4.518255 9.446735 0.250000
221 36.590054 45.045048 0.000000 1.409011 1.339998 2.251875 4.171942 8.358972 0.250000
222 36.913521 45.112541 0.000000 1.250178 1.366235 2.349367 4.462994 9.174657 0.200457
223 37.058067 45.170387 0.000000 1.237060 1.366112 2.378544 4.626176 9.838575 0.200170
224 37.029316 44.530735 0.000000 1.433683 1.379189 2.395373 4.609900 9.631083 0.200000
225 37.400192 44.529648 0.000000 1.349517 1.309023 2.147784 3.883188 7.605028 0.200000
227 36.746311 44.776157 0.000000 0.951200 1.503471 2.803153 5.778974 12.857030 0.470514
228 37.206898 44.707817 0.000000 0.895908 1.348855 2.287752 4.291951 8.734291 0.200001
229 37.162186 44.684326 0.000000 1.003297 1.457766 2.639772 5.282494 11.421329 0.170595
230 37.686501 44.652908 0.000000 0.894996 1.393598 2.415053 4.588296 9.353509 0.205540
231 37.255146 44.903816 0.000000 0.814777 1.566026 3.023949 6.434510 14.714334 0.200000
233 37.332035 44.536404 0.000000 0.844252 1.334163 2.262244 4.288124 8.924281 0.200000
234 37.623444 44.503342 0.000000 0.927320 1.290389 2.106856 3.792767 7.396689 0.202890
