%% Trajectory 54
%% frame x (pixel)     y (pixel)    z (pixel)      m0         m1           m2           m3           m4           s 
109 62.347466 37.619545 0.000000 0.597164 1.235910 1.937837 3.351008 6.300529 0.142892
111 62.646084 37.940708 0.000000 0.470381 1.210634 1.881934 3.210361 5.906822 0.166667
113 62.324692 37.726490 0.000000 0.476796 1.183020 1.837431 3.207205 6.232589 0.125000
115 62.423828 38.132278 0.000000 0.656835 1.250168 2.020566 3.639968 7.177469 0.166964
116 62.522118 37.856647 0.000000 0.659497 1.272013 2.040697 3.604268 6.891622 0.278881
117 62.570042 37.631599 0.000000 0.808344 1.253264 2.004261 3.547740 6.847552 0.341564
118 62.145481 38.195923 0.000000 0.555931 1.316030 2.243551 4.280110 8.942880 0.437412
119 62.131077 38.084393 0.000000 0.987963 1.330160 2.258070 4.259967 8.749830 0.276625
120 62.545906 37.786922 0.000000 0.673805 1.241846 1.955065 3.390554 6.378473 0.142857
121 62.425934 37.800354 0.000000 0.937053 1.298651 2.096201 3.692873 6.966624 0.198927
122 62.515038 38.014091 0.000000 1.005066 1.359419 2.330694 4.412571 9.033449 0.126320
123 62.885197 38.304707 0.000000 0.928547 1.315270 2.208914 4.135153 8.466855 0.144372
124 62.512287 38.090172 0.000000 0.661266 1.355698 2.306452 4.308370 8.651581 0.161862
125 62.351974 38.245163 0.000000 0.984863 1.262674 2.020213 3.554248 6.753802 0.139623
126 62.670441 38.057880 0.000000 1.089721 1.343267 2.259805 4.180580 8.338888 0.324031
127 62.615845 38.139210 0.000000 0.811962 1.237933 1.955866 3.408852 6.445531 0.167715
128 62.478897 38.487572 0.000000 1.501404 1.313168 2.148039 3.849504 7.416748 0.166784
129 62.351776 38.119755 0.000000 1.018215 1.266716 2.033752 3.592121 6.858471 0.150385
130 62.371952 38.172451 0.000000 0.927633 1.328644 2.221550 4.108834 8.256247 0.228727
131 62.678822 37.932247 0.000000 0.820557 1.353108 2.302606 4.326716 8.795886 0.180959
132 62.473389 38.306526 0.000000 1.104055 1.294932 2.124994 3.849368 7.561935 0.191572
133 62.892281 37.806412 0.000000 1.046363 1.374366 2.370587 4.523412 9.357726 0.316179
135 62.556900 37.983414 0.000000 1.499317 1.339469 2.278491 4.301724 8.838933 0.167448
136 62.394150 38.233482 0.000000 1.420981 1.271501 2.046092 3.630135 6.985221 0.143073
137 62.502563 38.028267 0.000000 1.370174 1.319343 2.184826 3.978563 7.815656 0.211010
138 62.599686 38.004620 0.000000 1.358338 1.288337 2.097236 3.751960 7.240150 0.176555
139 62.438900 38.319885 0.000000 1.762453 1.264460 2.006301 3.479077 6.475803 0.167171
140 62.315521 38.324070 0.000000 1.502033 1.280354 2.059930 3.631090 6.884382 0.189754
141 62.504147 38.218498 0.000000 2.057622 1.234794 1.923055 3.277455 6.013680 0.166667
142 62.211403 38.038391 0.000000 1.960377 1.316340 2.181792 3.971290 7.778031 0.200381
143 62.458561 38.173607 0.000000 1.897065 1.228589 1.918913 3.297159 6.140265 0.166667
144 62.553005 38.153412 0.000000 1.914853 1.262413 2.011479 3.527568 6.700707 0.166667
145 62.462196 38.166897 0.000000 1.764367 1.287119 2.071772 3.643539 6.867512 0.167450
146 62.682762 38.226746 0.000000 2.479676 1.257717 1.996069 3.472376 6.506638 0.166667
147 62.586971 38.289219 0.000000 2.568313 1.256231 1.984602 3.429595 6.369967 0.200000
148 62.439114 38.121933 0.000000 2.537402 1.278089 2.053401 3.614576 6.846066 0.166667
149 62.412937 38.207531 0.000000 2.322032 1.259930 2.002075 3.494832 6.594078 0.166667
150 62.519501 38.129013 0.000000 2.716268 1.272116 2.026349 3.526748 6.585230 0.142857
151 62.511017 38.323338 0.000000 2.744459 1.264968 2.011629 3.501795 6.557005 0.189665
152 62.581146 38.279568 0.000000 3.016422 1.291538 2.087338 3.687965 6.990962 0.143012
153 62.478802 38.268456 0.000000 2.115538 1.294681 2.099240 3.727538 7.115855 0.125000
154 62.703144 38.266048 0.000000 2.779215 1.298982 2.116097 3.773121 7.225659 0.142859
155 62.314873 38.233200 0.000000 2.397149 1.298709 2.106826 3.734289 7.092490 0.142857
156 62.470360 38.270012 0.000000 2.166324 1.292411 2.097553 3.733289 7.154639 0.142857
157 62.304264 38.216927 0.000000 2.653028 1.290837 2.096034 3.734266 7.166523 0.125000
158 62.411377 38.430534 0.000000 3.026818 1.323329 2.171697 3.881906 7.405663 0.143336
159 62.505527 38.113228 0.000000 2.672230 1.297252 2.117956 3.805433 7.391466 0.166667
160 62.449486 38.360371 0.000000 2.797106 1.306821 2.128218 3.778211 7.167291 0.125001
161 62.442089 38.440868 0.000000 3.008557 1.281285 2.055277 3.600017 6.755894 0.142859
162 62.691277 38.341316 0.000000 2.856547 1.280196 2.054032 3.600870 6.767743 0.142857
163 62.537449 38.294216 0.000000 3.006975 1.272340 2.028328 3.532163 6.596877 0.125000
164 62.482243 38.294666 0.000000 3.252830 1.274248 2.041801 3.583408 6.765461 0.166667
165 62.622730 38.456543 0.000000 3.014761 1.248673 1.958502 3.358583 6.192261 0.142857
166 62.580853 38.323750 0.000000 3.181821 1.263238 2.002125 3.468919 6.454062 0.142866
167 62.551701 38.328400 0.000000 2.967490 1.296946 2.107724 3.757108 7.213454 0.151060
168 62.608418 38.273766 0.000000 3.098008 1.260915 2.000979 3.473732 6.480355 0.142857
169 62.413868 38.319752 0.000000 3.013773 1.288189 2.083190 3.698702 7.084339 0.142857
170 62.440060 38.377048 0.000000 3.048080 1.290635 2.080379 3.659120 6.889056 0.158872
171 62.348019 38.159992 0.000000 2.776274 1.272655 2.037140 3.573848 6.748815 0.125024
172 62.380527 38.303314 0.000000 2.892795 1.284231 2.066853 3.641052 6.894006 0.143207
173 62.560417 38.140224 0.000000 3.017158 1.290911 2.088567 3.706162 7.084966 0.152510
174 62.303669 38.190067 0.000000 3.255379 1.297603 2.105481 3.736299 7.113523 0.142857
175 62.443089 38.178482 0.000000 3.616199 1.309089 2.136582 3.805481 7.250399 0.142857
176 62.418049 38.209465 0.000000 3.298852 1.295130 2.093970 3.695072 6.978813 0.193079
177 62.544384 38.335506 0.000000 3.415096 1.285011 2.063928 3.620081 6.803333 0.142860
178 62.420776 38.058483 0.000000 3.498126 1.308500 2.147589 3.866418 7.488336 0.142857
179 62.433136 38.042240 0.000000 3.886289 1.296000 2.111516 3.779898 7.301881 0.142857
180 62.495197 38.282825 0.000000 3.900847 1.276050 2.041300 3.566585 6.679660 0.142857
181 62.392448 38.247902 0.000000 3.323668 1.291485 2.087884 3.690663 6.998838 0.150994
182 62.452045 38.276104 0.000000 3.512110 1.277181 2.041943 3.566233 6.678123 0.144249
183 62.502041 38.357944 0.000000 3.282225 1.292269 2.082656 3.663361 6.899559 0.125471
184 62.566498 38.224678 0.000000 3.148596 1.308154 2.133448 3.802666 7.264764 0.152646
185 62.571735 38.387749 0.000000 3.793488 1.285402 2.069198 3.636375 6.842762 0.142857
186 62.443081 38.304840 0.000000 3.200488 1.298488 2.112497 3.761717 7.192379 0.208544
187 62.613644 38.269981 0.000000 3.652058 1.289868 2.076551 3.649000 6.866724 0.142857
188 62.496433 38.389336 0.000000 3.811291 1.285255 2.067008 3.628900 6.822985 0.166667
189 62.558876 38.338749 0.000000 3.552958 1.279924 2.048289 3.579670 6.705478 0.142857
190 62.476597 38.365814 0.000000 3.679135 1.272676 2.030571 3.539569 6.617352 0.142857
191 62.445419 38.313221 0.000000 3.818687 1.291914 2.089425 3.694443 7.007525 0.142866
192 62.597206 38.386848 0.000000 3.753001 1.288140 2.071151 3.635474 6.835527 0.142857
193 62.446205 38.509647 0.000000 3.657936 1.274471 2.035488 3.551791 6.646646 0.142857
194 62.360336 38.672890 0.000000 3.549758 1.300149 2.112673 3.750999 7.136610 0.142857
195 62.275333 38.738880 0.000000 3.950842 1.351510 2.274178 4.193435 8.303981 0.125020
196 62.236431 38.813427 0.000000 3.484818 1.305223 2.130257 3.805537 7.298173 0.166668
197 62.166050 38.792679 0.000000 3.524522 1.322130 2.198698 4.029977 7.990575 0.146831
198 62.131618 39.035210 0.000000 3.282700 1.370630 2.355002 4.462512 9.131378 0.129416
199 62.258728 39.002758 0.000000 3.306762 1.343069 2.264327 4.204581 8.426713 0.142857
200 62.072212 38.862785 0.000000 3.496326 1.341961 2.255669 4.161121 8.253652 0.144613
201 62.165905 39.088547 0.000000 3.669757 1.355389 2.306445 4.328148 8.776011 0.149670
202 62.186958 39.258598 0.000000 3.875041 1.355120 2.287832 4.237304 8.437426 0.142857
203 61.982403 39.191185 0.000000 3.413269 1.394853 2.438494 4.705669 9.808431 0.150312
205 61.367958 38.852924 0.000000 3.182473 1.337131 2.244759 4.157978 8.336221 0.166718
206 61.315800 38.963020 0.000000 3.451547 1.376282 2.371617 4.509845 9.271072 0.276342
207 61.623028 38.873501 0.000000 3.340666 1.377352 2.364116 4.465739 9.102084 0.166670
208 61.671894 38.932850 0.000000 3.305820 1.355345 2.290714 4.245421 8.453786 0.167353
209 61.709339 39.169731 0.000000 2.851031 1.386256 2.399920 4.583632 9.458501 0.227164
210 61.381561 38.835827 0.000000 2.515452 1.374678 2.359571 4.463281 9.123224 0.168878
211 61.529793 38.546814 0.000000 2.460907 1.326691 2.192264 3.956255 7.643133 0.292100
212 61.659573 38.390419 0.000000 2.032226 1.367007 2.329206 4.355817 8.758894 0.166667
