%% Trajectory 21
%% frame x (pixel)     y (pixel)    z (pixel)      m0         m1           m2           m3           m4           s 
62 34.514935 39.336998 0.000000 0.988890 1.019746 1.325856 1.840887 2.739696 0.111111
63 34.435013 39.217224 0.000000 1.009547 1.104700 1.559210 2.401929 4.022283 0.111111
64 34.554035 39.167942 0.000000 1.107866 1.101868 1.562092 2.417960 4.064999 0.111111
65 34.458714 39.465595 0.000000 1.186465 1.132479 1.639474 2.594789 4.454880 0.111111
66 34.245533 39.471165 0.000000 1.360967 1.154696 1.706114 2.762136 4.848269 0.111111
67 34.619995 39.502136 0.000000 1.176276 1.081073 1.481785 2.197491 3.522367 0.111111
68 34.363049 39.125916 0.000000 1.121737 1.130380 1.638893 2.606714 4.511803 0.111111
69 34.573795 39.117992 0.000000 0.966738 1.088158 1.517383 2.305799 3.809056 0.100002
70 34.384014 39.262936 0.000000 1.192348 1.150835 1.706135 2.797847 5.039162 0.100020
71 34.505630 39.094509 0.000000 1.327322 1.144484 1.666432 2.657065 4.601376 0.111114
72 34.613369 39.560322 0.000000 1.044811 1.149811 1.701500 2.775249 4.944178 0.111111
73 34.647285 39.187527 0.000000 1.444104 1.189676 1.805333 3.023613 5.535091 0.111111
74 34.605137 39.055481 0.000000 1.129840 1.167055 1.759721 2.922920 5.274234 0.100387
75 34.593075 39.284939 0.000000 1.493568 1.143731 1.656789 2.620218 4.491603 0.125000
76 34.688358 39.342823 0.000000 1.454327 1.274668 2.064646 3.717400 7.319577 0.191976
77 34.615044 39.255329 0.000000 1.786991 1.250552 1.968390 3.407279 6.388556 0.131631
78 34.627590 39.188171 0.000000 1.337805 1.193071 1.835275 3.156757 6.016926 0.125159
79 34.584187 39.361752 0.000000 1.664231 1.216991 1.889939 3.243080 6.069568 0.206714
80 34.682487 39.715088 0.000000 1.444867 1.367706 2.414894 4.839500 10.732112 0.125000
81 34.701584 39.301819 0.000000 1.384369 1.247438 1.986900 3.529027 6.893411 0.125018
82 34.596237 39.050533 0.000000 2.009544 1.270412 2.063603 3.714198 7.269110 0.190825
83 34.780289 39.346771 0.000000 1.992829 1.357630 2.315818 4.383851 9.033705 0.111324
84 34.706882 39.328651 0.000000 2.363658 1.341696 2.270731 4.262060 8.699026 0.186465
85 34.648117 39.248203 0.000000 2.159794 1.257868 2.003350 3.514800 6.681522 0.140543
86 34.832539 39.087723 0.000000 1.716925 1.270127 2.091858 3.846534 7.743490 0.111111
88 34.549202 39.165569 0.000000 1.990023 1.228515 1.920380 3.315911 6.233833 0.120168
89 34.532345 39.267036 0.000000 2.062121 1.328600 2.228604 4.150959 8.415874 0.168411
90 34.526550 39.551422 0.000000 1.997053 1.420780 2.557478 5.126876 11.160247 0.116605
91 34.636215 39.566322 0.000000 2.525692 1.322084 2.211251 4.100824 8.268822 0.111220
92 34.609543 39.467102 0.000000 2.496170 1.364275 2.362100 4.561605 9.613516 0.111598
93 34.715675 39.443882 0.000000 2.595202 1.379650 2.394039 4.615512 9.679994 0.113608
94 34.579041 39.443333 0.000000 2.125111 1.339176 2.285207 4.369616 9.162221 0.160459
95 34.700401 39.248142 0.000000 2.719383 1.380130 2.382844 4.546438 9.386478 0.138785
96 34.690067 39.423923 0.000000 3.068622 1.422857 2.528243 4.968318 10.549355 0.131106
97 34.723053 39.232998 0.000000 2.977103 1.339951 2.271406 4.272910 8.739484 0.244407
98 34.744038 39.294472 0.000000 3.058661 1.351570 2.307485 4.363463 8.949039 0.223066
99 34.796581 39.243198 0.000000 2.531069 1.346593 2.284596 4.288561 8.725140 0.215073
100 34.797050 39.260227 0.000000 2.959757 1.306499 2.161341 3.945802 7.796420 0.184228
101 34.530304 39.460075 0.000000 3.055621 1.389848 2.430278 4.714945 9.923059 0.170704
102 34.615364 39.420700 0.000000 2.679466 1.371144 2.384809 4.621272 9.753125 0.111164
103 34.683136 39.598000 0.000000 3.181892 1.361996 2.336281 4.440563 9.154933 0.120314
104 34.612465 39.570793 0.000000 2.960576 1.424995 2.553090 5.084580 10.988447 0.125000
105 34.720272 39.598038 0.000000 3.506958 1.416913 2.509877 4.912364 10.384680 0.135819
106 35.131916 39.370132 0.000000 3.397894 1.422945 2.530071 4.976683 10.580241 0.142893
107 34.676559 39.594051 0.000000 3.679837 1.466528 2.679983 5.414528 11.804440 0.171188
109 35.185333 39.611210 0.000000 3.298924 1.409323 2.510752 4.983736 10.762040 0.166667
110 35.094376 39.659939 0.000000 3.348962 1.471138 2.703865 5.509386 12.135449 0.200012
111 35.021465 39.416195 0.000000 3.748915 1.377062 2.382417 4.557332 9.430655 0.141933
112 35.084232 39.763874 0.000000 3.349690 1.487934 2.777217 5.753657 12.883466 0.142863
113 35.399277 39.787804 0.000000 3.515662 1.431715 2.577178 5.146642 11.125383 0.142968
114 35.478828 39.600025 0.000000 3.614369 1.405260 2.477525 4.831228 10.186164 0.142857
115 35.366089 39.810455 0.000000 3.385751 1.447903 2.627632 5.290640 11.525977 0.142857
116 35.943039 39.745224 0.000000 2.902424 1.431260 2.590860 5.216864 11.395204 0.162705
117 35.687145 39.923161 0.000000 3.585271 1.491098 2.773767 5.709443 12.677728 0.142858
118 35.756172 39.882668 0.000000 3.267121 1.472880 2.723642 5.589467 12.401307 0.142924
119 36.015594 39.886688 0.000000 3.643701 1.420289 2.527427 4.974373 10.579544 0.142857
120 35.995796 39.933083 0.000000 3.961509 1.444007 2.608185 5.199638 11.170544 0.142857
122 36.218460 40.033394 0.000000 2.900820 1.416694 2.533641 5.022678 10.777179 0.153398
123 36.001377 40.270691 0.000000 3.116589 1.495385 2.821836 5.940585 13.584812 0.148559
124 36.145977 40.409584 0.000000 3.330332 1.400869 2.504491 5.017370 11.000961 0.178789
125 36.804920 40.017845 0.000000 3.212233 1.462700 2.690486 5.488054 12.109242 0.142955
126 37.092007 40.025578 0.000000 2.632755 1.400534 2.461569 4.777272 10.004949 0.143182
127 37.349033 39.944077 0.000000 3.424562 1.407080 2.503447 4.955484 10.668013 0.125000
128 37.322784 40.043133 0.000000 3.072033 1.470353 2.692852 5.454394 11.937467 0.143004
129 37.266384 39.683704 0.000000 3.152165 1.328340 2.227965 4.130629 8.305328 0.142876
130 37.638268 40.083584 0.000000 3.145051 1.338647 2.256522 4.202574 8.481151 0.143087
131 37.561001 39.818264 0.000000 2.704469 1.290049 2.109250 3.816195 7.512050 0.131625
132 37.265160 40.006123 0.000000 2.613271 1.411505 2.513958 4.963371 10.616768 0.134483
133 37.066319 39.789829 0.000000 2.547724 1.361832 2.351505 4.518276 9.453945 0.125011
135 37.112919 39.908607 0.000000 1.808820 1.420341 2.561271 5.145036 11.237142 0.125000
136 37.310947 39.482758 0.000000 1.847886 1.362215 2.343082 4.496984 9.440870 0.142857
137 37.631721 39.498165 0.000000 2.015464 1.322537 2.194585 4.005100 7.887261 0.142857
138 37.697334 39.925350 0.000000 2.133519 1.326456 2.234600 4.172766 8.470550 0.125000
139 37.739594 40.075428 0.000000 1.967269 1.325563 2.255250 4.289678 8.945105 0.142857
140 37.792961 39.907059 0.000000 2.188541 1.318174 2.214407 4.123435 8.350107 0.142857
141 37.530521 40.319584 0.000000 1.940345 1.365226 2.366763 4.555883 9.529745 0.142857
142 37.559853 40.154942 0.000000 1.648368 1.335173 2.271480 4.295940 8.856471 0.142857
143 38.091339 39.801327 0.000000 1.590124 1.335144 2.320386 4.527263 9.703830 0.142857
144 37.855629 40.055511 0.000000 1.631649 1.341087 2.317218 4.477766 9.476327 0.142857
145 37.940449 39.916828 0.000000 1.803955 1.446139 2.642426 5.377708 11.901141 0.142857
147 38.367405 39.870228 0.000000 1.195264 1.317122 2.249005 4.352434 9.362350 0.142857
149 38.638062 40.073368 0.000000 1.343355 1.365295 2.381088 4.644462 9.918292 0.142857