%% Trajectory 6
%% frame x (pixel)     y (pixel)    z (pixel)      m0         m1           m2           m3           m4           s 
6 49.950371 37.096508 0.000000 0.864331 1.340868 2.272887 4.264710 8.681193 0.200001
7 49.914093 37.214890 0.000000 1.267044 1.312815 2.170875 3.953506 7.780836 0.265954
8 49.879204 37.106689 0.000000 0.982770 1.313083 2.174712 3.963285 7.790495 0.221184
9 49.931889 37.182709 0.000000 0.995624 1.310011 2.171350 3.976736 7.895944 0.253622
10 49.996021 37.141216 0.000000 1.165632 1.310028 2.181154 4.025265 8.079219 0.178229
11 50.000782 37.207436 0.000000 1.258541 1.351789 2.308780 4.360219 8.917728 0.201357
12 49.941380 37.198429 0.000000 1.349637 1.325999 2.215092 4.087496 8.176687 0.198861
13 50.029034 37.189308 0.000000 1.297923 1.341698 2.274683 4.268106 8.686845 0.166743
14 50.004730 37.197983 0.000000 1.167493 1.318988 2.196482 4.036779 8.029636 0.168505
15 49.892612 37.205788 0.000000 1.456745 1.327759 2.211128 4.048193 7.992563 0.183505
16 49.926216 37.158554 0.000000 1.460976 1.317937 2.190115 4.018796 7.991220 0.175775
17 50.049694 37.207962 0.000000 1.251594 1.313689 2.173196 3.958591 7.786950 0.200118
18 50.004452 37.281181 0.000000 1.445695 1.303161 2.142435 3.876192 7.569634 0.256326
19 50.009983 37.154545 0.000000 1.311374 1.350007 2.309697 4.397885 9.134163 0.184847
20 49.978725 37.118351 0.000000 1.501167 1.337033 2.257092 4.213897 8.525161 0.171491
21 49.954784 37.191490 0.000000 1.808144 1.327571 2.229144 4.144104 8.369379 0.200212
22 49.968636 37.253777 0.000000 1.804327 1.341603 2.265475 4.222483 8.516254 0.200001
23 49.884148 37.366337 0.000000 1.671243 1.282038 2.067785 3.658894 6.976664 0.200438
24 49.762295 37.286263 0.000000 1.566393 1.298834 2.118767 3.797824 7.346710 0.203448
25 49.774555 37.277519 0.000000 1.702197 1.273537 2.040316 3.581023 6.762387 0.166680
26 49.866341 37.224026 0.000000 1.752696 1.325573 2.209649 4.063377 8.090090 0.209257
27 49.952190 37.385075 0.000000 1.790941 1.324763 2.198549 4.004745 7.851078 0.204165
28 49.799606 37.301228 0.000000 1.825546 1.292137 2.101019 3.757117 7.260471 0.143326
29 49.839565 37.305225 0.000000 2.004067 1.282483 2.069780 3.666925 7.005571 0.166667
30 49.821064 37.273109 0.000000 1.971996 1.320252 2.184872 3.965895 7.742989 0.166668
31 49.895420 37.303150 0.000000 2.125423 1.313240 2.168367 3.934937 7.699039 0.166667
32 49.815212 37.331520 0.000000 1.929009 1.265392 2.007781 3.482518 6.485472 0.166667
33 49.920593 37.366146 0.000000 2.148955 1.300239 2.114879 3.762000 7.178442 0.200000
34 49.947399 37.548843 0.000000 1.906298 1.314064 2.162827 3.899985 7.553379 0.200003
35 49.990856 37.418694 0.000000 2.131849 1.345128 2.270719 4.230089 8.529393 0.166667
36 49.965984 37.523151 0.000000 2.022981 1.291862 2.091529 3.699457 7.009776 0.166894
37 50.094376 37.715900 0.000000 2.036094 1.336273 2.238088 4.121970 8.182761 0.166667
38 49.862541 37.989758 0.000000 2.031091 1.354887 2.319161 4.402530 9.078975 0.166667
39 49.969425 37.989574 0.000000 1.985347 1.363381 2.338250 4.428227 9.065605 0.166668
40 49.967289 37.982964 0.000000 2.100098 1.364410 2.349768 4.487130 9.304663 0.166667
41 50.061535 38.239796 0.000000 2.111789 1.347905 2.271757 4.203705 8.367435 0.200000
42 50.034721 38.226181 0.000000 2.030361 1.344303 2.272347 4.239306 8.557268 0.200003
43 49.857811 38.305862 0.000000 2.106431 1.330584 2.221033 4.079741 8.088870 0.200000
44 50.049416 38.456997 0.000000 1.979345 1.348068 2.275866 4.223996 8.446857 0.166743
45 49.763344 38.567448 0.000000 2.166360 1.301162 2.114772 3.749203 7.107063 0.200000
46 49.890926 38.648087 0.000000 1.926567 1.301752 2.133027 3.840961 7.460948 0.319965
47 49.923603 38.576736 0.000000 1.864613 1.307223 2.142901 3.856600 7.482012 0.303380
48 49.980579 38.727715 0.000000 1.706743 1.366953 2.333703 4.382561 8.868854 0.276291
49 49.991444 38.875736 0.000000 1.733778 1.393844 2.447441 4.765483 10.069507 0.286061
50 49.927612 39.073193 0.000000 1.434776 1.398739 2.461596 4.808801 10.202224 0.381209
51 49.805519 38.736511 0.000000 1.551433 1.343310 2.245192 4.099657 8.011122 0.257201
52 49.820454 39.053131 0.000000 1.152112 1.366989 2.374900 4.607323 9.775356 0.212596
53 49.926842 38.851883 0.000000 1.290393 1.404595 2.475229 4.829925 10.212805 0.247653
54 50.042126 39.303722 0.000000 1.077608 1.363091 2.340689 4.439785 9.113744 0.206379
55 50.355179 39.077419 0.000000 0.939305 1.458714 2.687415 5.511137 12.277635 0.200033
56 49.992657 39.280098 0.000000 0.988460 1.517926 2.874776 6.042676 13.738420 0.202195
57 50.100216 40.009521 0.000000 0.894927 1.579455 3.119554 6.847372 16.246126 0.200034
59 51.109535 39.394321 0.000000 0.590718 1.557039 3.031798 6.556209 15.318934 0.200516
61 52.197628 38.553829 0.000000 0.769411 1.464812 2.698125 5.502481 12.123435 0.207520
62 51.893524 38.466072 0.000000 0.709500 1.592811 3.127898 6.766687 15.710504 0.200744
