%% Trajectory 24
%% frame x (pixel)     y (pixel)    z (pixel)      m0         m1           m2           m3           m4           s 
127 81.815956 36.777821 0.000000 1.794092 1.338608 2.247111 4.156688 8.314267 0.166667
128 81.931290 36.670517 0.000000 1.841221 1.350210 2.285288 4.252688 8.530271 0.166667
129 81.884560 36.892242 0.000000 2.228257 1.377811 2.371044 4.501214 9.237834 0.168098
130 82.045937 36.811134 0.000000 1.938085 1.380661 2.404024 4.651080 9.790026 0.166667
131 82.092949 36.758011 0.000000 1.874332 1.388289 2.420528 4.684316 9.850863 0.258027
132 81.756317 36.809055 0.000000 2.072499 1.378036 2.367158 4.458353 9.014293 0.167395
133 81.825401 36.925125 0.000000 2.600243 1.396726 2.463482 4.827728 10.288415 0.226706
134 81.875481 36.670799 0.000000 2.313175 1.317612 2.174647 3.941929 7.702167 0.203160
135 82.063034 36.849426 0.000000 2.474488 1.361689 2.333957 4.423938 9.080886 0.206767
136 82.012810 36.683823 0.000000 2.622701 1.355318 2.311361 4.364076 8.941710 0.167137
137 81.925171 37.054798 0.000000 2.226693 1.395085 2.446534 4.749383 9.981007 0.200018
138 82.007317 36.857361 0.000000 2.746979 1.395234 2.443337 4.736121 9.940077 0.208340
139 82.150154 36.964565 0.000000 3.108878 1.386878 2.418308 4.667462 9.755774 0.200001
140 81.962700 36.717995 0.000000 3.116124 1.366964 2.348715 4.458755 9.165432 0.200000
141 81.918785 36.797325 0.000000 3.143462 1.378022 2.379749 4.541142 9.381000 0.250000
142 82.053421 36.875534 0.000000 2.832706 1.375870 2.370806 4.509816 9.275183 0.229141
143 82.190689 36.851147 0.000000 3.271154 1.360009 2.332806 4.448754 9.248267 0.166724
144 82.073456 36.765743 0.000000 3.247203 1.362028 2.335826 4.436163 9.143072 0.200000
145 81.963173 36.805439 0.000000 3.503994 1.384657 2.414318 4.657552 9.726950 0.250012
146 81.966713 36.879749 0.000000 3.781900 1.404396 2.475879 4.835329 10.236946 0.200000
147 82.072441 36.898808 0.000000 3.351992 1.389510 2.422619 4.674860 9.772512 0.200286
148 81.939613 36.949322 0.000000 3.206687 1.418218 2.513745 4.923514 10.423687 0.200011
149 81.929794 37.048981 0.000000 3.505753 1.399519 2.454872 4.754857 9.948059 0.200000
150 82.140488 36.812946 0.000000 3.059040 1.359950 2.322106 4.380622 8.948407 0.201366
151 81.972084 36.728004 0.000000 3.327570 1.374116 2.386534 4.611738 9.710786 0.166671
152 81.941635 36.875340 0.000000 3.588301 1.407718 2.472592 4.790288 10.021631 0.180058
153 82.111481 36.905430 0.000000 3.794572 1.402568 2.457227 4.758800 9.974056 0.200000
154 82.137199 36.918983 0.000000 3.533795 1.377048 2.391698 4.608723 9.643645 0.166672
155 82.015381 36.936680 0.000000 3.544591 1.409814 2.502824 4.937086 10.581782 0.201609
156 82.106819 37.011929 0.000000 3.082075 1.396516 2.466192 4.839934 10.321083 0.309036
157 82.110863 36.948994 0.000000 3.566854 1.384000 2.407353 4.633943 9.661929 0.200004
158 82.052383 37.058319 0.000000 3.744044 1.407226 2.477723 4.813683 10.094646 0.167079
159 81.871918 36.959469 0.000000 3.973467 1.416379 2.498316 4.852814 10.157536 0.200000
160 81.914398 37.138969 0.000000 3.350623 1.444514 2.601654 5.175071 11.115054 0.168620
161 81.980560 36.874180 0.000000 3.519643 1.419003 2.545361 5.091294 11.092564 0.166667
162 82.113480 36.859169 0.000000 3.888927 1.385073 2.411346 4.649787 9.724488 0.166667
163 81.915169 36.970654 0.000000 3.835385 1.426817 2.547120 5.036528 10.789939 0.166667
164 82.136154 36.962452 0.000000 4.051310 1.368991 2.362178 4.519513 9.392166 0.166667
165 82.026764 36.899410 0.000000 4.059206 1.392159 2.441721 4.752028 10.040196 0.166667
166 82.088905 36.880657 0.000000 4.135545 1.380628 2.387526 4.560318 9.419930 0.166667
167 81.946564 36.843216 0.000000 4.025838 1.382502 2.397528 4.596554 9.544180 0.142857
168 81.958466 36.931488 0.000000 3.743334 1.453844 2.640027 5.313297 11.586970 0.166667
169 82.168312 36.908409 0.000000 4.084334 1.389008 2.422303 4.676758 9.789502 0.166667
170 82.101624 36.983452 0.000000 4.316573 1.404171 2.477187 4.843425 10.265872 0.166667
172 82.168358 36.762028 0.000000 3.789165 1.330809 2.230624 4.134843 8.320335 0.166667
173 82.094315 37.071461 0.000000 3.788194 1.421574 2.518566 4.914517 10.332154 0.166667
174 81.987000 36.829628 0.000000 4.247343 1.409887 2.505989 4.951293 10.633536 0.166667
175 82.107269 36.898685 0.000000 4.118854 1.407556 2.483156 4.855722 10.299894 0.166667
176 82.170631 36.954227 0.000000 4.417545 1.395043 2.440619 4.730521 9.946105 0.166667
177 82.177773 36.958725 0.000000 4.053785 1.369010 2.360239 4.510938 9.362788 0.166667
178 82.138985 36.962273 0.000000 4.390012 1.381309 2.408763 4.667419 9.840861 0.166667
179 82.141396 36.918053 0.000000 3.917281 1.384810 2.409447 4.638934 9.674323 0.166667
180 82.272507 36.985596 0.000000 4.298841 1.372692 2.383812 4.609689 9.722639 0.166667
181 82.188362 37.187008 0.000000 4.276241 1.396032 2.432900 4.673574 9.693238 0.166667
182 82.216911 36.953503 0.000000 3.966968 1.384591 2.414069 4.668613 9.805153 0.166667
183 82.235779 36.933361 0.000000 3.860858 1.371822 2.356338 4.466950 9.156093 0.142857
184 82.141815 37.166615 0.000000 4.208074 1.364909 2.320605 4.328477 8.677871 0.142857
185 82.116882 37.187954 0.000000 4.042704 1.420070 2.519078 4.936275 10.458831 0.142857
186 82.203232 37.130360 0.000000 3.769373 1.395581 2.432860 4.681604 9.739473 0.142857
187 82.179741 36.979763 0.000000 3.921173 1.404085 2.474225 4.829973 10.220411 0.142857
188 82.023026 37.119194 0.000000 3.434473 1.421613 2.537865 5.017429 10.743081 0.166667
189 82.201439 36.928421 0.000000 3.796180 1.393400 2.439037 4.736991 9.995743 0.166667
190 82.232491 37.233292 0.000000 3.769886 1.416490 2.518960 4.967261 10.626737 0.166667
191 82.169449 36.981850 0.000000 3.958436 1.384945 2.422815 4.718355 10.010624 0.200000
192 82.184433 37.200191 0.000000 4.339859 1.432435 2.559622 5.053052 10.780995 0.166667
193 82.209801 36.747196 0.000000 3.687794 1.368623 2.360555 4.511090 9.358002 0.166667
194 82.214165 37.035999 0.000000 3.735928 1.385732 2.421013 4.700628 9.927708 0.200000
195 82.334137 36.935925 0.000000 3.610051 1.353913 2.335329 4.505247 9.525074 0.166667
196 82.206337 37.150566 0.000000 4.014793 1.408084 2.479195 4.833379 10.218359 0.166667
197 82.224457 37.030209 0.000000 3.970348 1.374903 2.394831 4.645954 9.826519 0.166667
198 82.271049 37.059978 0.000000 3.503884 1.360529 2.348028 4.515468 9.478257 0.172520
199 82.212097 36.960381 0.000000 3.553066 1.393286 2.450455 4.796168 10.221612 0.166675
200 82.243690 37.178860 0.000000 3.470514 1.383046 2.384394 4.520465 9.232992 0.166688
201 82.285271 37.153191 0.000000 3.251519 1.362337 2.321746 4.362422 8.862901 0.222484
202 82.163261 36.852966 0.000000 3.350606 1.346679 2.293234 4.336056 8.925566 0.166750
203 82.326736 37.063416 0.000000 3.412677 1.382106 2.397158 4.599633 9.569201 0.172205
204 82.354584 36.925507 0.000000 3.544314 1.341080 2.277100 4.310536 8.930737 0.298363
205 82.417892 36.989410 0.000000 3.743792 1.340938 2.257107 4.195027 8.444071 0.203613
206 82.167076 36.944389 0.000000 3.468938 1.373092 2.383349 4.601077 9.669507 0.225371
207 82.231857 37.008408 0.000000 3.682532 1.403878 2.489809 4.924996 10.620589 0.169049
208 82.200592 36.916866 0.000000 3.792747 1.372804 2.374354 4.555341 9.493068 0.219509
209 82.329361 36.962738 0.000000 3.656864 1.383749 2.403456 4.628984 9.682445 0.200472
210 82.312309 37.005173 0.000000 3.808248 1.404880 2.510348 5.029400 11.036813 0.166689
211 82.250107 36.977848 0.000000 3.285190 1.367833 2.368129 4.570833 9.636612 0.200535
212 82.240082 36.792000 0.000000 3.254462 1.338388 2.273568 4.296827 8.860224 0.282597
213 82.325302 36.775879 0.000000 3.680566 1.363311 2.332428 4.416627 9.074685 0.206419
214 82.291862 36.872154 0.000000 3.891829 1.356361 2.328071 4.448762 9.280722 0.204817
215 82.186119 36.725655 0.000000 3.176190 1.350659 2.287014 4.279161 8.678646 0.203258
216 82.411690 36.811115 0.000000 3.349863 1.340223 2.273024 4.279508 8.776068 0.166668
217 82.150993 36.908794 0.000000 3.273706 1.358668 2.343122 4.496971 9.409242 0.182876
218 82.427055 36.733505 0.000000 3.339511 1.288681 2.082107 3.690558 7.050067 0.166667
219 82.236122 36.956993 0.000000 3.112884 1.361125 2.340114 4.464521 9.261518 0.125009
220 82.332932 36.945244 0.000000 3.566145 1.363881 2.353647 4.527723 9.520584 0.167141
221 82.438011 36.901787 0.000000 3.529722 1.285358 2.096830 3.797208 7.513332 0.166667
222 82.363853 37.090275 0.000000 3.300293 1.329900 2.228934 4.124572 8.268939 0.200000
223 82.483452 37.135227 0.000000 3.253945 1.390466 2.450401 4.815194 10.329810 0.200000
224 82.394562 36.973507 0.000000 3.838878 1.368492 2.369792 4.570918 9.625894 0.166676
225 82.280357 36.802574 0.000000 3.019176 1.311736 2.189494 4.066315 8.253923 0.207900
226 82.502441 36.994339 0.000000 3.455609 1.341730 2.266301 4.238979 8.617415 0.174116
227 82.403496 37.087692 0.000000 3.360171 1.335759 2.255436 4.217302 8.567392 0.170471
228 82.425537 36.826603 0.000000 3.272579 1.299405 2.119443 3.808219 7.410247 0.142905
229 82.380722 37.005173 0.000000 3.613806 1.334278 2.251552 4.216701 8.603446 0.166667
230 82.453957 36.958191 0.000000 3.716910 1.287124 2.093195 3.761258 7.345378 0.200156
231 82.323029 37.284367 0.000000 3.411518 1.292670 2.092617 3.697488 6.990834 0.168863
232 82.469269 37.040504 0.000000 3.173616 1.295121 2.126349 3.868106 7.667285 0.237893
233 82.374947 37.269833 0.000000 3.219908 1.297671 2.116034 3.793958 7.349685 0.212549
234 82.274651 37.312832 0.000000 3.071879 1.255815 1.993900 3.487650 6.620191 0.202534
235 82.232468 37.246021 0.000000 3.206149 1.278482 2.046271 3.582925 6.740064 0.167016
236 82.132576 37.353989 0.000000 2.958413 1.294639 2.097233 3.715477 7.063023 0.166667
237 82.107285 37.172211 0.000000 2.421812 1.261765 2.012744 3.528311 6.678359 0.166667
238 82.010529 37.346317 0.000000 2.483739 1.266697 2.030537 3.573314 6.776507 0.166815
239 82.031487 37.437901 0.000000 2.383150 1.275883 2.062053 3.650093 6.938636 0.167027
240 82.053070 37.379772 0.000000 2.671130 1.284611 2.084663 3.715187 7.134521 0.201087
241 81.911736 37.425259 0.000000 2.051628 1.301429 2.151832 3.936859 7.824100 0.167343
242 81.984383 37.335712 0.000000 2.384002 1.320573 2.201273 4.050261 8.066968 0.166667
243 81.910538 37.280384 0.000000 2.970410 1.320687 2.188031 3.991530 7.868606 0.224392
244 82.018539 37.389568 0.000000 2.670281 1.293679 2.113081 3.788692 7.311475 0.166737
245 81.882401 37.454819 0.000000 2.141621 1.320309 2.185289 3.972731 7.784221 0.166667
246 81.862740 37.706711 0.000000 1.587310 1.279815 2.061671 3.633750 6.869114 0.143089
247 82.081772 37.640110 0.000000 1.633125 1.232872 1.921727 3.279073 6.023980 0.166667
248 81.876991 37.568913 0.000000 1.806147 1.251075 1.974692 3.412244 6.340920 0.239922
249 81.815094 38.196007 0.000000 1.707395 1.236563 1.940374 3.333596 6.160309 0.172336
250 81.420296 37.845169 0.000000 1.551031 1.229273 1.907704 3.242085 5.937727 0.166667
