%% Trajectory 26
%% frame x (pixel)     y (pixel)    z (pixel)      m0         m1           m2           m3           m4           s 
70 71.570541 55.812870 0.000000 0.780494 1.375882 2.378329 4.544781 9.394425 0.274696
72 71.613297 55.157368 0.000000 1.029697 1.289499 2.091872 3.717992 7.104784 0.142858
73 71.556702 55.601254 0.000000 0.961136 1.399403 2.469155 4.880626 10.583566 0.143293
74 71.781624 55.915417 0.000000 0.857930 1.425235 2.576734 5.202457 11.444289 0.144302
75 71.640144 55.376858 0.000000 1.135343 1.384413 2.357032 4.379220 8.696453 0.167068
76 71.859245 55.319153 0.000000 1.034861 1.435330 2.581056 5.136925 11.051498 0.163797
77 71.812508 55.291607 0.000000 1.296671 1.413770 2.492487 4.860462 10.262733 0.154170
78 71.619385 55.025791 0.000000 1.360031 1.438803 2.580407 5.111115 10.938977 0.182588
79 71.609528 55.026291 0.000000 1.375592 1.361963 2.367904 4.597357 9.761464 0.122083
80 71.848648 55.352474 0.000000 1.251538 1.363109 2.339416 4.430930 9.081918 0.205915
81 71.834259 55.139904 0.000000 1.448506 1.357694 2.302041 4.301561 8.683531 0.250110
82 71.590424 55.202293 0.000000 1.219341 1.454216 2.654467 5.406334 11.998494 0.189959
84 71.875778 55.221729 0.000000 1.808445 1.323361 2.220916 4.140267 8.421181 0.166683
85 71.964653 54.958855 0.000000 2.169418 1.373829 2.381266 4.580049 9.566112 0.142912
86 71.979576 54.985241 0.000000 2.025890 1.373708 2.380225 4.574973 9.546272 0.218263
87 71.854675 54.894135 0.000000 1.925577 1.452976 2.617587 5.199016 11.130764 0.288083
88 71.571877 55.054424 0.000000 2.145633 1.356199 2.318308 4.380538 8.964478 0.200000
89 72.003540 54.637955 0.000000 2.344969 1.355553 2.318224 4.402012 9.101482 0.261948
90 71.848831 55.140900 0.000000 2.358446 1.370554 2.348538 4.438683 9.070956 0.216597
91 71.795944 55.041656 0.000000 2.237580 1.403320 2.477387 4.867715 10.426253 0.250000
92 71.659256 54.918095 0.000000 2.545226 1.338862 2.248661 4.164266 8.343311 0.200000
93 71.809708 54.925518 0.000000 3.123777 1.375714 2.366999 4.492702 9.211842 0.331351
94 71.832039 55.039402 0.000000 2.935697 1.394624 2.438373 4.720315 9.907497 0.201561
95 71.820618 55.087597 0.000000 2.916433 1.354830 2.326796 4.438045 9.211618 0.207784
96 71.779060 55.119251 0.000000 3.652442 1.370642 2.352476 4.458316 9.148336 0.387190
98 71.586235 54.901524 0.000000 3.067873 1.312799 2.161512 3.913961 7.650846 0.200000
99 71.839767 55.034500 0.000000 3.246528 1.400002 2.450433 4.736984 9.900286 0.200000
100 71.912247 54.923424 0.000000 3.485458 1.377927 2.386130 4.573564 9.497439 0.379556
101 71.586128 55.035553 0.000000 3.592556 1.350174 2.289822 4.280693 8.647982 0.200107
102 71.663979 55.097210 0.000000 3.216948 1.325460 2.206847 4.056793 8.086820 0.215695
103 71.831757 54.944103 0.000000 3.421957 1.368713 2.365108 4.532079 9.430919 0.200000
104 71.781601 55.019608 0.000000 3.193655 1.372905 2.364491 4.504627 9.297376 0.250000
105 71.760513 54.985435 0.000000 3.542305 1.398161 2.444618 4.729451 9.912040 0.200000
106 71.735847 54.831169 0.000000 3.363346 1.343384 2.273565 4.256879 8.646518 0.251848
107 71.806297 54.852547 0.000000 4.115839 1.349194 2.281753 4.254856 8.573133 0.250054
108 71.813301 54.769627 0.000000 4.159468 1.343026 2.257836 4.173567 8.314152 0.442674
109 71.852318 54.958443 0.000000 3.449768 1.398081 2.451435 4.762736 10.036934 0.250000
110 71.599609 54.886196 0.000000 3.207396 1.349597 2.293671 4.308868 8.769886 0.250000
111 71.769218 54.834778 0.000000 3.727672 1.376893 2.364095 4.472084 9.132888 0.250000
112 71.627815 54.691921 0.000000 3.427460 1.344138 2.254770 4.159449 8.279553 0.250000
113 71.803596 54.911152 0.000000 3.473749 1.415087 2.510871 4.942952 10.558052 0.250000
114 71.636871 54.873569 0.000000 3.950562 1.355819 2.315100 4.376059 8.977739 0.250000
115 71.818245 54.649063 0.000000 3.820909 1.394408 2.417297 4.608771 9.466149 0.333333
116 71.665855 54.472202 0.000000 3.262777 1.385134 2.372944 4.454032 8.979423 0.250000
117 71.746948 54.565884 0.000000 3.810725 1.409520 2.455689 4.691432 9.624335 0.250000
118 71.623299 54.395214 0.000000 3.983870 1.360676 2.293502 4.223555 8.326776 0.333333
119 71.504417 54.270390 0.000000 4.039278 1.392578 2.407818 4.571897 9.340259 0.250000
120 71.425865 54.273712 0.000000 3.800381 1.395852 2.416162 4.589111 9.367254 0.250000
121 71.682762 54.104809 0.000000 3.792546 1.410591 2.465598 4.736112 9.790565 0.250000
122 71.316780 54.038746 0.000000 3.815033 1.418149 2.504400 4.871314 10.207282 0.333333
123 71.253738 54.066845 0.000000 3.783131 1.440507 2.584887 5.126244 10.990692 0.250000
124 71.451576 54.079689 0.000000 3.690380 1.379392 2.379045 4.541117 9.405519 0.250000
125 71.400269 53.834126 0.000000 3.839594 1.395786 2.427590 4.653496 9.635116 0.250000
126 71.112778 53.881020 0.000000 4.014162 1.450891 2.616466 5.210155 11.204158 0.250000
127 71.149612 53.841129 0.000000 3.456539 1.430640 2.550304 5.015849 10.644730 0.250000
128 70.993240 53.706482 0.000000 3.814599 1.444975 2.604851 5.194944 11.204554 0.250254
129 70.703239 53.810585 0.000000 4.590443 1.428632 2.537343 4.965682 10.478599 0.398007
131 70.214142 54.071991 0.000000 3.021068 1.465073 2.676512 5.415409 11.859716 0.250000
133 70.130096 54.527641 0.000000 4.400705 1.377512 2.344995 4.364306 8.699506 0.359010
134 70.419777 54.998802 0.000000 4.013085 1.390195 2.418567 4.648735 9.669182 0.258964
135 70.421860 54.428226 0.000000 4.165363 1.408279 2.480605 4.822372 10.123558 0.452119
136 70.177391 54.276226 0.000000 4.013578 1.445740 2.577594 5.046253 10.617206 0.250000
138 71.221672 52.804066 0.000000 3.737689 1.360284 2.327240 4.404592 9.039096 0.250004
140 71.693619 52.517849 0.000000 3.617240 1.390234 2.408857 4.591674 9.436259 0.281954
142 70.485626 53.479660 0.000000 3.424760 1.408079 2.456254 4.715152 9.762864 0.471146
144 70.599747 52.814087 0.000000 3.404931 1.373586 2.346306 4.388443 8.803550 0.384189
