%% Trajectory 16
%% frame x (pixel)     y (pixel)    z (pixel)      m0         m1           m2           m3           m4           s 
37 48.389366 43.313454 0.000000 1.211188 1.464921 2.722338 5.660422 12.840075 0.166667
38 48.186848 42.773689 0.000000 1.450989 1.438941 2.586706 5.157072 11.162239 0.166667
39 48.235638 42.625748 0.000000 1.530755 1.332982 2.239607 4.157954 8.372505 0.142857
41 48.293228 42.849697 0.000000 1.498327 1.389805 2.390796 4.507692 9.123325 0.166667
42 48.064976 42.883774 0.000000 1.583426 1.353235 2.310748 4.372547 8.987704 0.167112
43 48.259178 42.772743 0.000000 1.522474 1.310745 2.163201 3.929498 7.711046 0.166668
44 48.255714 42.779263 0.000000 1.648144 1.347079 2.290818 4.332922 8.946526 0.175190
45 48.202084 42.613529 0.000000 1.691635 1.304864 2.149856 3.906494 7.688315 0.166688
46 48.249958 42.663391 0.000000 1.855779 1.372265 2.369497 4.551786 9.541629 0.326672
47 48.064377 42.737240 0.000000 2.152346 1.320778 2.201613 4.058059 8.120667 0.209170
48 48.383030 42.759731 0.000000 1.871492 1.310122 2.157294 3.912297 7.676453 0.194528
49 48.311954 42.717686 0.000000 1.846845 1.328269 2.232380 4.167393 8.488705 0.292980
50 48.423950 42.793213 0.000000 1.660131 1.333274 2.255144 4.246132 8.737498 0.225156
51 48.341434 42.943031 0.000000 1.838007 1.378725 2.384857 4.570368 9.502863 0.298006
52 48.232082 42.795757 0.000000 1.922198 1.334392 2.251426 4.209586 8.559864 0.149446
53 48.127468 42.904079 0.000000 2.077481 1.389725 2.453784 4.837631 10.409100 0.213895
54 48.243881 42.784767 0.000000 2.101034 1.341185 2.261062 4.220963 8.565229 0.206351
55 48.340466 42.864727 0.000000 2.155679 1.350167 2.293465 4.313004 8.809563 0.373117
56 48.507938 42.677910 0.000000 2.029586 1.385365 2.398540 4.584971 9.477997 0.201850
57 48.545429 42.883678 0.000000 2.084236 1.309436 2.156735 3.914787 7.693188 0.263471
58 48.257610 42.874958 0.000000 2.298742 1.393747 2.413284 4.586184 9.365243 0.167119
59 48.377163 42.690918 0.000000 2.069193 1.345693 2.286886 4.316271 8.878938 0.216839
60 48.334736 42.725578 0.000000 2.476991 1.336564 2.232602 4.096266 8.099902 0.168047
61 48.406628 42.732819 0.000000 2.488469 1.327984 2.228463 4.150113 8.426183 0.170020
62 48.390404 43.063091 0.000000 2.662628 1.383729 2.416372 4.690368 9.907339 0.166667
63 48.302288 43.053253 0.000000 2.312901 1.350555 2.327798 4.492259 9.513441 0.149647
64 48.407490 42.884052 0.000000 2.188535 1.367681 2.360190 4.526957 9.459484 0.142974
65 48.391045 42.788242 0.000000 2.027100 1.370159 2.351511 4.468525 9.222804 0.184299
66 48.482399 43.030956 0.000000 2.151955 1.438695 2.596311 5.206513 11.341913 0.295823
67 48.407639 42.766190 0.000000 2.686091 1.327466 2.214239 4.071178 8.100821 0.166673
68 48.117924 43.190475 0.000000 2.480983 1.427673 2.565736 5.133217 11.175190 0.166667
69 48.126305 42.610828 0.000000 2.074066 1.352671 2.300097 4.323538 8.811586 0.188622
70 48.408733 42.853706 0.000000 2.419709 1.382654 2.379648 4.513929 9.248881 0.125000
71 48.433960 42.870155 0.000000 2.961113 1.377941 2.379504 4.539029 9.375861 0.100000
72 48.510578 42.951321 0.000000 2.467787 1.402746 2.476903 4.867652 10.421513 0.111261
73 48.459759 42.819126 0.000000 2.657017 1.412011 2.504801 4.936834 10.585316 0.111111
74 48.438076 42.669956 0.000000 2.578042 1.409273 2.486650 4.856218 10.274511 0.142858
75 48.493519 42.794331 0.000000 2.540793 1.378124 2.387437 4.582083 9.548497 0.166667
76 48.414516 42.806408 0.000000 2.620971 1.430143 2.557600 5.071713 10.910608 0.100000
77 48.539440 42.825111 0.000000 2.541740 1.403650 2.473463 4.840093 10.292674 0.142857
78 48.546623 42.921486 0.000000 2.511380 1.458766 2.662811 5.400983 11.895874 0.166686
79 48.423805 42.924385 0.000000 2.750325 1.412267 2.503633 4.935120 10.588358 0.166667
80 48.518158 42.671902 0.000000 2.950666 1.321446 2.189992 3.991672 7.854871 0.166667
81 48.341660 42.728630 0.000000 3.036905 1.367261 2.331001 4.364353 8.798319 0.166667
82 48.441311 42.640305 0.000000 2.752249 1.433454 2.547323 4.984956 10.510114 0.250000
83 48.379574 42.884937 0.000000 2.792537 1.341543 2.264960 4.228509 8.568274 0.166667
84 48.505035 42.740925 0.000000 2.972501 1.309521 2.144150 3.850533 7.445606 0.200000
85 48.513882 42.810871 0.000000 2.889565 1.318915 2.196499 4.047327 8.100137 0.166667
86 48.441940 42.866657 0.000000 3.055078 1.385596 2.429540 4.756172 10.184856 0.166667
87 48.588333 42.901012 0.000000 3.313867 1.338590 2.261563 4.238183 8.647440 0.166667
88 48.640045 42.853397 0.000000 3.180662 1.397096 2.454562 4.781392 10.107623 0.166667
89 48.691490 42.783958 0.000000 3.022357 1.327485 2.223417 4.128744 8.346657 0.250000
90 48.779259 42.756962 0.000000 2.954508 1.375602 2.371273 4.518905 9.325337 0.200132
91 48.452045 43.219322 0.000000 3.005390 1.422598 2.540129 5.037329 10.853531 0.166667
92 48.529972 42.881989 0.000000 3.093468 1.362733 2.317588 4.340623 8.777997 0.167694
93 48.484882 42.812454 0.000000 3.278033 1.389653 2.415914 4.647381 9.690359 0.244618
94 48.345398 42.695427 0.000000 3.231887 1.394963 2.434467 4.702852 9.849099 0.245747
95 48.517204 43.063374 0.000000 3.437886 1.362298 2.323779 4.372194 8.898463 0.166667
96 48.611313 42.700710 0.000000 2.904259 1.327886 2.202754 4.006271 7.835449 0.200907
97 48.509888 42.833099 0.000000 3.413333 1.352680 2.292194 4.292852 8.717227 0.166678
98 48.605824 42.888561 0.000000 3.488778 1.404579 2.486020 4.901370 10.534331 0.166668
99 48.634789 43.213249 0.000000 3.513619 1.441965 2.599547 5.196797 11.266653 0.213433
101 48.569992 42.882935 0.000000 2.961618 1.450894 2.639250 5.337038 11.724061 0.166667
102 48.568687 42.768711 0.000000 3.363933 1.400810 2.453745 4.757441 9.999296 0.250013
103 48.598667 42.726635 0.000000 2.699825 1.327566 2.230139 4.164507 8.492539 0.200223
104 48.795380 42.771416 0.000000 3.055969 1.444068 2.615794 5.273354 11.559332 0.166667
105 48.640820 42.819069 0.000000 2.952543 1.382744 2.391007 4.569704 9.456656 0.166667
106 48.775932 43.000717 0.000000 2.637335 1.434212 2.583780 5.165429 11.200051 0.200002
107 48.747292 42.914616 0.000000 2.795343 1.362130 2.345249 4.494479 9.394280 0.200000
108 48.876141 43.131397 0.000000 2.838083 1.402054 2.459707 4.778256 10.067728 0.250102
109 49.005119 43.256260 0.000000 2.779214 1.416563 2.498188 4.853930 10.167630 0.200406
110 49.088966 43.335495 0.000000 2.920058 1.417647 2.503437 4.876755 10.258711 0.250006
111 49.000965 43.451172 0.000000 2.890398 1.395034 2.436795 4.701940 9.812940 0.200000
112 48.932774 43.453041 0.000000 2.640667 1.413715 2.489752 4.833600 10.121708 0.252035
113 48.929867 43.782906 0.000000 2.777234 1.420357 2.525613 4.960705 10.525200 0.200011
114 48.683567 43.641739 0.000000 2.439528 1.376671 2.384356 4.599150 9.689179 0.200202
115 49.190334 44.083023 0.000000 2.568983 1.421156 2.544954 5.075992 11.022218 0.200000
116 49.094948 43.797031 0.000000 2.048202 1.413946 2.511077 4.946114 10.569515 0.200000
117 49.226978 43.940548 0.000000 2.002091 1.414465 2.516464 4.966664 10.635488 0.200000
119 49.083996 43.781620 0.000000 2.085737 1.376467 2.369469 4.495675 9.212407 0.200000
120 49.207058 44.368118 0.000000 2.318557 1.442358 2.579823 5.092996 10.863516 0.200000
121 49.377159 44.692192 0.000000 1.882998 1.424421 2.560654 5.128266 11.187572 0.200000
123 49.245502 44.604073 0.000000 1.392600 1.453305 2.635794 5.289627 11.480094 0.250000
124 48.797466 44.763077 0.000000 1.651935 1.486391 2.771664 5.740952 12.881414 0.200000
125 48.852699 44.307720 0.000000 1.290468 1.554069 3.002105 6.422430 14.818454 0.200000
126 48.705479 44.750259 0.000000 1.557206 1.496770 2.769068 5.635246 12.332680 0.200000
127 48.573372 44.827328 0.000000 1.740097 1.412958 2.526887 5.053121 11.049027 0.200238
