%% Trajectory 69
%% frame x (pixel)     y (pixel)    z (pixel)      m0         m1           m2           m3           m4           s 
196 15.398055 53.704933 0.000000 1.530812 1.496117 2.798498 5.794980 12.953547 0.191858
198 15.120914 54.302086 0.000000 1.337454 1.465218 2.683454 5.446612 11.967908 0.128663
199 15.153821 54.030823 0.000000 1.266703 1.382015 2.400809 4.599764 9.506313 0.125006
200 15.020164 54.041023 0.000000 1.457197 1.438784 2.605398 5.249697 11.498285 0.125968
201 15.409686 54.045177 0.000000 1.474608 1.436791 2.589272 5.173293 11.207110 0.318372
202 15.193320 54.146263 0.000000 1.676373 1.361881 2.361349 4.565476 9.635744 0.173989
203 15.015783 53.765625 0.000000 1.786772 1.485618 2.744141 5.613692 12.426514 0.125072
204 15.530656 53.577778 0.000000 1.868848 1.424611 2.508212 4.843350 10.034775 0.162404
205 15.243513 54.054550 0.000000 2.225178 1.511009 2.831120 5.871468 13.155972 0.132226
206 15.164137 53.819107 0.000000 1.984966 1.379222 2.389664 4.576912 9.484191 0.329806
207 14.810517 54.109127 0.000000 1.888760 1.491512 2.762634 5.655046 12.491407 0.125001
208 15.203619 53.832951 0.000000 1.931802 1.445980 2.618690 5.273102 11.536342 0.125320
209 15.324599 53.831223 0.000000 2.178485 1.412316 2.462815 4.703825 9.629885 0.142939
210 15.040222 54.136169 0.000000 1.970693 1.439631 2.609714 5.273866 11.603743 0.166860
211 15.261698 53.820930 0.000000 2.492773 1.454344 2.597617 5.080010 10.643960 0.162419
212 15.479020 53.764412 0.000000 2.663187 1.489615 2.732796 5.515983 11.981987 0.166696
213 15.370070 54.047230 0.000000 2.781510 1.413414 2.503656 4.909711 10.428922 0.152214
214 15.365705 54.099010 0.000000 3.115711 1.414091 2.489768 4.836371 10.149019 0.166932
215 15.557047 53.866180 0.000000 2.842511 1.419964 2.513194 4.904509 10.332603 0.156572
217 15.278272 53.996635 0.000000 3.811536 1.416541 2.511679 4.932089 10.493878 0.166667
218 15.419190 54.081272 0.000000 3.247808 1.430497 2.552330 5.035587 10.753067 0.166667
219 15.148425 53.900494 0.000000 3.776981 1.422886 2.529177 4.967803 10.547952 0.166667
220 15.386597 53.947586 0.000000 4.161699 1.454754 2.627409 5.235312 11.253938 0.166667
221 15.418239 53.931152 0.000000 3.975573 1.420535 2.516661 4.924380 10.417483 0.166667
222 15.226910 54.128727 0.000000 4.480652 1.442981 2.593374 5.151710 11.066658 0.166667
223 15.144448 54.114174 0.000000 4.394214 1.466416 2.672221 5.376873 11.674891 0.200132
224 15.372430 54.031013 0.000000 3.503858 1.441215 2.591642 5.156646 11.101476 0.166691
225 14.963525 54.202206 0.000000 3.465953 1.451277 2.622970 5.237128 11.293969 0.200000
227 15.233788 54.071560 0.000000 4.194544 1.434279 2.577458 5.131006 11.061866 0.200958
228 15.292684 54.045082 0.000000 4.822146 1.422431 2.522435 4.942222 10.472490 0.200000
229 15.277906 54.121502 0.000000 4.439564 1.440494 2.580666 5.096240 10.850050 0.204153
230 15.293509 54.179688 0.000000 4.534470 1.435470 2.565791 5.057981 10.757329 0.200000
231 15.338408 54.123089 0.000000 4.412473 1.449754 2.615695 5.216778 11.248600 0.200002
232 15.363222 54.297253 0.000000 4.579981 1.403986 2.455867 4.743349 9.909979 0.200000
233 15.179297 54.067959 0.000000 4.811851 1.486886 2.735296 5.552081 12.152247 0.200418
234 15.215470 54.125874 0.000000 5.123797 1.423572 2.534628 4.994275 10.654621 0.166667
236 15.342861 54.103184 0.000000 4.608274 1.435244 2.571190 5.093621 10.916182 0.200000
237 15.417977 54.156445 0.000000 4.518242 1.395372 2.421867 4.623958 9.512259 0.200000
238 15.361836 54.180153 0.000000 4.815226 1.442558 2.586561 5.123425 10.967961 0.200000
239 15.534404 54.123112 0.000000 4.533632 1.427163 2.532338 4.958707 10.485810 0.200000
240 15.377353 54.134544 0.000000 4.459682 1.396798 2.425222 4.631730 9.531509 0.200000
241 15.431693 54.316154 0.000000 4.505890 1.402889 2.441179 4.668141 9.611382 0.200000
242 15.757534 54.075329 0.000000 4.279961 1.472093 2.697914 5.467206 11.969129 0.200962
243 15.525597 54.249584 0.000000 3.814867 1.436925 2.565488 5.046182 10.701870 0.166674
244 15.832627 53.825039 0.000000 4.402705 1.456619 2.625987 5.213757 11.149855 0.166669
245 15.801799 54.184792 0.000000 4.415496 1.425614 2.520127 4.906464 10.299142 0.396337
246 16.096174 53.947403 0.000000 4.349242 1.454718 2.634782 5.276949 11.422503 0.200082
247 15.871162 53.987015 0.000000 3.976357 1.473075 2.703383 5.490386 12.051012 0.200549
248 15.938139 54.021404 0.000000 4.486977 1.420799 2.528696 4.988078 10.662728 0.200000
249 16.291162 53.782795 0.000000 4.223263 1.451076 2.590515 5.075273 10.678473 0.166667
250 16.150318 53.937344 0.000000 5.100813 1.478174 2.712794 5.502150 12.051221 0.166667
252 16.238874 53.869347 0.000000 3.646473 1.438340 2.571794 5.069152 10.775378 0.223915
253 16.528271 54.274940 0.000000 4.001160 1.354673 2.293119 4.278231 8.633625 0.192915
254 16.608248 54.096004 0.000000 3.806708 1.391511 2.419492 4.649619 9.674642 0.166681
255 16.437977 53.845570 0.000000 3.511081 1.364697 2.316872 4.303009 8.561136 0.273329
256 16.481812 53.840126 0.000000 3.762573 1.429599 2.527665 4.905968 10.229713 0.167371
257 16.951849 53.592522 0.000000 3.638098 1.401794 2.459766 4.761081 9.943289 0.166711
258 16.928501 54.114716 0.000000 3.394948 1.340048 2.261813 4.208875 8.461031 0.178652
259 17.121496 54.483631 0.000000 3.494365 1.299089 2.119982 3.783785 7.242086 0.160885
260 17.119301 54.783985 0.000000 3.300817 1.345017 2.260687 4.173296 8.292523 0.167205
261 17.043068 55.014851 0.000000 3.194684 1.400717 2.463727 4.800298 10.137425 0.166667
262 17.023014 54.966660 0.000000 3.042844 1.369640 2.365961 4.518581 9.336658 0.166667
263 17.305262 55.139591 0.000000 2.411426 1.305147 2.127542 3.797271 7.278026 0.150508
264 17.002710 55.456627 0.000000 2.573266 1.373149 2.373879 4.543827 9.428363 0.200860
265 17.213831 55.650089 0.000000 2.397008 1.410877 2.498045 4.894227 10.372028 0.166667
266 16.839300 55.711964 0.000000 1.729202 1.378067 2.384640 4.549908 9.363050 0.166679
268 17.580223 56.293472 0.000000 1.433885 1.455809 2.691820 5.586562 12.674435 0.200000
269 17.628885 55.737392 0.000000 1.684161 1.465065 2.723312 5.674476 12.914792 0.200002
