%% Trajectory 48
%% frame x (pixel)     y (pixel)    z (pixel)      m0         m1           m2           m3           m4           s 
196 71.852859 46.250576 0.000000 1.216522 1.287753 2.121283 3.898179 7.863176 0.200512
197 72.031181 46.416691 0.000000 1.942125 1.340955 2.277452 4.278933 8.715241 0.200002
198 72.458984 46.373459 0.000000 1.855470 1.255754 1.985768 3.435723 6.389698 0.311179
199 72.260635 46.423599 0.000000 1.726694 1.229464 1.913605 3.273108 6.061242 0.218058
200 71.848984 46.511684 0.000000 1.925349 1.334671 2.253325 4.219988 8.602040 0.200010
201 72.213081 46.452442 0.000000 1.925902 1.262102 2.014829 3.543184 6.756228 0.312088
202 72.334465 46.225529 0.000000 2.072225 1.281725 2.070132 3.682821 7.099020 0.257259
203 72.427116 46.320621 0.000000 1.835303 1.291108 2.080447 3.662071 6.908986 0.200118
204 72.330170 46.729149 0.000000 1.253600 1.253695 2.002171 3.550403 6.883936 0.339394
205 72.157013 46.343426 0.000000 1.851936 1.289755 2.104657 3.798978 7.459791 0.166898
206 72.184250 46.783363 0.000000 1.912047 1.359905 2.335504 4.448499 9.200187 0.215267
208 72.060272 46.235847 0.000000 2.049370 1.342926 2.274454 4.268281 8.710476 0.250000
209 72.178879 46.421581 0.000000 1.718898 1.246262 1.957869 3.363049 6.207658 0.233865
210 72.383293 46.561432 0.000000 2.418712 1.268854 2.029276 3.572229 6.805348 0.200000
211 72.214478 46.458965 0.000000 1.907222 1.251498 1.968821 3.391851 6.291924 0.166678
212 72.323860 46.533318 0.000000 1.955392 1.231763 1.940763 3.385948 6.452461 0.166668
213 72.097633 46.397331 0.000000 2.623411 1.333340 2.238931 4.167470 8.444173 0.142857
214 71.851456 46.695412 0.000000 2.556965 1.301368 2.138756 3.878060 7.618053 0.166667
215 72.132858 46.537254 0.000000 2.120727 1.282995 2.101107 3.841868 7.724010 0.166670
216 72.275986 46.460724 0.000000 2.482852 1.280742 2.061338 3.647051 6.975003 0.142857
217 72.162254 46.582241 0.000000 2.813874 1.294719 2.115613 3.806923 7.405782 0.142857
218 72.106384 46.509167 0.000000 2.709804 1.347961 2.277834 4.253746 8.615221 0.200021
219 72.152863 46.513489 0.000000 2.695629 1.288072 2.100064 3.787379 7.429757 0.142857
220 72.043053 46.646004 0.000000 2.640420 1.292386 2.108540 3.799944 7.434204 0.200000
221 72.105392 46.549107 0.000000 2.612737 1.261790 2.031680 3.644823 7.186602 0.166668
222 72.029434 46.530006 0.000000 3.357418 1.308173 2.160310 3.933033 7.749742 0.166667
223 72.050171 46.563465 0.000000 2.648078 1.270940 2.032217 3.563699 6.733737 0.200088
224 71.779129 46.754856 0.000000 2.695457 1.357024 2.313966 4.365707 8.938650 0.176744
225 71.529869 46.785709 0.000000 3.064830 1.308239 2.163873 3.950286 7.805608 0.250000
226 71.417007 46.852238 0.000000 3.170458 1.389985 2.426098 4.688947 9.828222 0.218556
228 71.698730 46.700920 0.000000 2.758430 1.254760 1.986571 3.446627 6.440961 0.166670
229 71.542946 47.021397 0.000000 2.857455 1.310692 2.163597 3.938638 7.766301 0.167941
230 71.154953 46.836426 0.000000 2.852928 1.289519 2.100273 3.778825 7.380464 0.263518
231 71.175308 46.433861 0.000000 2.681346 1.284142 2.084346 3.726336 7.211465 0.207685
232 71.156677 46.536106 0.000000 2.377514 1.319816 2.182941 3.960005 7.725179 0.227591
233 70.894951 46.722477 0.000000 3.208326 1.329389 2.228455 4.130479 8.308517 0.166667
234 70.924500 47.230320 0.000000 2.890908 1.322375 2.199254 4.028622 7.968519 0.171628
235 70.943207 47.110683 0.000000 2.256322 1.391034 2.447754 4.779092 10.122557 0.166668
236 70.745499 46.905434 0.000000 2.953668 1.346608 2.271127 4.213145 8.429288 0.166667
237 70.257927 47.033649 0.000000 2.509985 1.412884 2.499620 4.878125 10.268193 0.200058
239 70.835777 48.251411 0.000000 2.050428 1.335894 2.241803 4.143371 8.266167 0.166667
240 70.817757 48.161598 0.000000 1.699303 1.301152 2.180037 4.102577 8.519086 0.200000
241 70.625923 48.167240 0.000000 1.897654 1.255113 2.002286 3.526213 6.747062 0.142857
242 70.846115 47.587807 0.000000 1.516811 1.343229 2.285305 4.309901 8.834851 0.144388
244 70.717484 47.333607 0.000000 2.378864 1.364493 2.321690 4.356544 8.847966 0.200037
245 70.505066 47.018402 0.000000 2.118291 1.363946 2.329191 4.383858 8.909896 0.200000
246 70.527321 47.118378 0.000000 1.237112 1.423542 2.519980 4.921869 10.383456 0.142861
248 70.150352 47.535950 0.000000 1.338777 1.351613 2.313258 4.378775 8.979555 0.166667
