%% Trajectory 14
%% frame x (pixel)     y (pixel)    z (pixel)      m0         m1           m2           m3           m4           s 
66 37.858490 55.565872 0.000000 0.941311 1.210067 1.865817 3.153529 5.750452 0.250109
68 37.920860 55.268513 0.000000 1.004344 1.263166 2.031215 3.618809 7.028549 0.250000
69 37.755936 55.476940 0.000000 1.181074 1.217018 1.877926 3.180103 5.826348 0.250004
70 37.689117 55.256199 0.000000 1.137248 1.277627 2.050743 3.595747 6.755268 0.252221
71 37.620880 55.467136 0.000000 1.141956 1.191231 1.801454 2.979575 5.318299 0.200003
72 37.917988 55.533833 0.000000 1.116721 1.251533 1.995934 3.538102 6.876608 0.333333
73 38.057583 55.520241 0.000000 1.435861 1.298178 2.111432 3.760792 7.198026 0.333333
74 37.770927 55.330570 0.000000 1.612245 1.275764 2.050590 3.627106 6.945208 0.250001
75 37.882908 55.521385 0.000000 1.136097 1.232688 1.920069 3.277444 6.030228 0.250001
76 37.807854 55.439617 0.000000 1.400617 1.254147 1.984171 3.435889 6.396710 0.250000
77 37.637207 55.358143 0.000000 1.308775 1.226503 1.904761 3.253352 6.027911 0.250000
78 37.758972 55.394264 0.000000 1.390489 1.256627 1.991087 3.457722 6.469565 0.250000
79 37.799107 55.461834 0.000000 1.231603 1.240633 1.939175 3.316722 6.105191 0.250000
80 37.786182 55.484524 0.000000 1.326399 1.214488 1.863653 3.129838 5.668441 0.200000
81 37.853115 55.499096 0.000000 1.679619 1.258231 1.996424 3.472239 6.506128 0.250021
82 37.697598 55.374901 0.000000 1.675950 1.253919 1.985697 3.451684 6.479419 0.200000
83 38.009243 55.475422 0.000000 1.614213 1.295459 2.124384 3.844309 7.541391 0.250044
84 37.788948 55.329258 0.000000 1.708793 1.307997 2.147130 3.876631 7.562249 0.200011
85 37.845425 55.343418 0.000000 1.478086 1.255638 1.987322 3.452853 6.477628 0.250000
86 37.622379 55.314224 0.000000 1.463420 1.198151 1.818566 3.019617 5.410999 0.200000
87 37.688618 55.414207 0.000000 1.413502 1.190567 1.806534 3.000053 5.376979 0.200000
88 37.727180 55.505753 0.000000 1.794697 1.252059 1.971539 3.394222 6.279688 0.200435
89 37.666885 55.192593 0.000000 1.735179 1.281507 2.080098 3.726423 7.245957 0.200163
90 37.730736 55.185024 0.000000 1.783627 1.272555 2.048215 3.631486 6.976248 0.224948
91 37.584366 55.363949 0.000000 1.819642 1.219096 1.875206 3.155064 5.720203 0.207156
92 37.807724 55.338078 0.000000 1.742105 1.250994 1.966884 3.382066 6.251810 0.280928
93 37.690296 55.369610 0.000000 1.491427 1.235282 1.919553 3.262954 5.971954 0.230389
94 37.742867 55.121151 0.000000 1.824005 1.257232 2.002020 3.508702 6.658278 0.207332
95 37.843670 55.238911 0.000000 1.821834 1.277229 2.056976 3.637802 6.940360 0.232553
96 37.894447 55.340801 0.000000 2.098125 1.279804 2.052463 3.601020 6.785300 0.200054
97 37.773701 55.344135 0.000000 2.052776 1.259961 1.993109 3.446611 6.400988 0.200000
98 37.897034 55.416058 0.000000 2.128258 1.276755 2.042953 3.571699 6.695624 0.200000
99 37.704212 55.110199 0.000000 2.085922 1.286036 2.079348 3.689789 7.058337 0.200005
100 37.914886 55.420460 0.000000 2.161388 1.261733 2.000637 3.469038 6.459862 0.166667
101 37.962906 55.314850 0.000000 2.419987 1.278779 2.066519 3.675092 7.068427 0.200000
102 37.843761 55.280758 0.000000 2.148082 1.317197 2.181568 3.985380 7.883923 0.166667
103 37.893173 55.230934 0.000000 2.019839 1.331497 2.222952 4.081255 8.077375 0.255091
104 37.795341 55.252533 0.000000 2.360122 1.273112 2.032064 3.549728 6.665546 0.200000
105 37.869633 55.311508 0.000000 1.984273 1.288266 2.085829 3.712370 7.136237 0.250000
106 37.851078 55.326569 0.000000 2.213175 1.284597 2.074409 3.666697 6.960398 0.250000
107 37.892281 55.411152 0.000000 2.162884 1.273663 2.034367 3.550867 6.647478 0.200000
108 37.909573 55.181335 0.000000 2.600059 1.306863 2.149255 3.891485 7.614343 0.247152
109 37.756969 55.269321 0.000000 2.563737 1.270320 2.026675 3.533472 6.607970 0.201485
110 37.899128 55.226772 0.000000 2.554122 1.326023 2.203137 4.018085 7.886208 0.200918
111 37.977898 55.199844 0.000000 2.506893 1.366276 2.350010 4.473180 9.229447 0.203231
112 37.785851 55.090096 0.000000 2.564390 1.327904 2.204792 4.014122 7.855006 0.278170
113 37.629383 55.126957 0.000000 2.445095 1.296687 2.105850 3.745286 7.160692 0.278148
114 37.787846 55.055756 0.000000 2.847633 1.326381 2.196834 3.981246 7.735272 0.250000
115 37.886986 55.031208 0.000000 2.758445 1.367240 2.340795 4.409482 8.948429 0.251664
116 37.771767 54.952572 0.000000 2.308187 1.371495 2.348768 4.425225 8.983130 0.267682
117 37.634377 54.941200 0.000000 2.611396 1.352636 2.286699 4.243453 8.468114 0.200000
118 37.786930 54.763008 0.000000 2.720237 1.298851 2.112353 3.760218 7.186629 0.250000
119 37.798660 54.698872 0.000000 2.801142 1.313049 2.157112 3.879662 7.491117 0.250000
120 37.738338 54.653465 0.000000 2.790599 1.285517 2.069745 3.639469 6.856970 0.200000
121 37.829895 54.542950 0.000000 2.941289 1.295769 2.099841 3.716043 7.042441 0.250000
122 37.748070 54.508595 0.000000 3.057196 1.285555 2.065604 3.623428 6.808854 0.250000
123 37.862782 54.434601 0.000000 2.928856 1.288562 2.081897 3.679900 6.982614 0.250000
124 37.918224 54.358257 0.000000 2.799663 1.325708 2.197139 3.992792 7.801272 0.200000
125 37.956383 54.255276 0.000000 2.632652 1.335993 2.232392 4.095674 8.085859 0.250000
126 37.667679 54.151352 0.000000 2.664557 1.314397 2.163964 3.907716 7.593606 0.250000
127 37.973637 54.262829 0.000000 2.647438 1.352584 2.298084 4.316314 8.788565 0.250061
128 37.797489 54.189529 0.000000 2.750309 1.338747 2.248967 4.160482 8.309563 0.250000
129 37.644154 54.207825 0.000000 2.693499 1.337871 2.225713 4.048251 7.889707 0.219480
130 37.795326 53.887608 0.000000 3.078658 1.384859 2.394912 4.553162 9.314973 0.200001
131 37.833813 53.858833 0.000000 2.667718 1.376976 2.372561 4.505352 9.236093 0.326608
132 37.644310 53.822826 0.000000 2.551886 1.370677 2.343164 4.406706 8.937164 0.393849
133 37.636250 53.924999 0.000000 2.333416 1.423058 2.524017 4.950328 10.507569 0.255983
135 38.483566 53.820049 0.000000 1.592731 1.461362 2.669128 5.397261 11.800085 0.250000
137 37.303261 54.439308 0.000000 1.918156 1.495989 2.781703 5.720054 12.696344 0.251865
138 37.587326 54.383469 0.000000 1.679440 1.514413 2.848879 5.928064 13.314995 0.200015
