%% Trajectory 20
%% frame x (pixel)     y (pixel)    z (pixel)      m0         m1           m2           m3           m4           s 
31 63.316170 64.317543 0.000000 1.326686 1.504252 2.796015 5.740235 12.710928 0.185330
33 62.689575 64.367485 0.000000 1.363137 1.387052 2.391456 4.540952 9.312875 0.444114
34 62.803024 64.552277 0.000000 1.226783 1.351501 2.315028 4.410557 9.161089 0.250000
36 62.621109 65.067932 0.000000 1.705429 1.354546 2.313158 4.370792 8.953814 0.206106
37 63.110233 64.445747 0.000000 1.736038 1.408271 2.469559 4.783916 10.020111 0.250038
38 62.746544 64.499565 0.000000 1.942129 1.464424 2.680187 5.448116 12.015784 0.250000
39 62.514626 64.196190 0.000000 2.077920 1.457327 2.657652 5.389893 11.880735 0.260643
40 62.304729 64.215759 0.000000 1.889987 1.445261 2.603188 5.181260 11.136317 0.430606
41 62.598240 64.589691 0.000000 2.033653 1.515308 2.856034 5.953833 13.392103 0.200992
42 62.705879 64.527092 0.000000 1.937561 1.354971 2.306772 4.324628 8.747866 0.250000
43 62.781841 64.497948 0.000000 2.091203 1.394635 2.438723 4.713755 9.854027 0.250015
44 62.591339 64.549385 0.000000 2.118194 1.461105 2.655766 5.329473 11.545518 0.253011
45 62.780556 64.441521 0.000000 2.449366 1.407036 2.469899 4.774727 9.953133 0.265118
46 62.769512 64.317520 0.000000 1.947364 1.420057 2.516973 4.923223 10.389333 0.200181
47 62.950172 64.507881 0.000000 2.178784 1.383708 2.402288 4.605594 9.548858 0.354278
48 62.874737 64.471138 0.000000 2.770682 1.408088 2.486219 4.872319 10.374550 0.250000
49 62.777641 64.637222 0.000000 1.923396 1.465955 2.669286 5.380670 11.741554 0.474677
50 62.789810 64.511475 0.000000 2.463800 1.381929 2.393202 4.580174 9.495486 0.201391
51 62.684330 64.413010 0.000000 3.174834 1.465528 2.662883 5.351537 11.628756 0.250000
52 62.482121 64.433380 0.000000 2.494753 1.377443 2.343716 4.358666 8.680358 0.280980
53 62.760361 64.685486 0.000000 2.383789 1.494073 2.762604 5.643991 12.444944 0.250096
54 62.956898 64.611763 0.000000 2.522196 1.400646 2.452771 4.748459 9.949573 0.201161
55 62.634483 64.466438 0.000000 2.830924 1.450974 2.613759 5.202415 11.189959 0.200000
56 62.515343 64.297226 0.000000 2.924498 1.458621 2.655212 5.339520 11.591449 0.204999
57 62.736660 64.480766 0.000000 3.094249 1.489385 2.718857 5.441490 11.676534 0.250000
58 62.775753 64.456367 0.000000 3.309484 1.415824 2.497826 4.861986 10.217527 0.250000
59 62.905483 64.710823 0.000000 3.194125 1.416872 2.512711 4.935858 10.509865 0.250000
60 62.595009 64.459427 0.000000 2.830899 1.480271 2.723860 5.544677 12.197236 0.250000
62 62.649734 64.451591 0.000000 3.025460 1.360444 2.328223 4.405015 9.032730 0.255638
63 62.717339 64.590225 0.000000 3.485533 1.489842 2.751693 5.614809 12.362793 0.200000
64 62.565441 64.729630 0.000000 3.434827 1.417476 2.510989 4.915690 10.405870 0.250000
65 62.537743 64.557854 0.000000 3.486978 1.421219 2.532136 5.008162 10.761619 0.250000
66 62.419117 64.491920 0.000000 3.651001 1.424526 2.522506 4.922254 10.357964 0.250000
67 62.619724 64.486099 0.000000 3.738163 1.388668 2.390731 4.515473 9.160880 0.250000
68 62.703873 64.527344 0.000000 3.771544 1.384847 2.389281 4.530104 9.247178 0.250000
69 62.619328 64.406349 0.000000 4.003771 1.401374 2.453610 4.753682 9.976808 0.250000
70 62.779591 64.469101 0.000000 3.680002 1.381608 2.382282 4.531723 9.321713 0.250000
71 62.560097 64.401077 0.000000 3.904867 1.455008 2.650564 5.361766 11.766568 0.250008
72 62.585320 64.361237 0.000000 4.035738 1.447828 2.609286 5.197701 11.195772 0.250000
73 62.459396 64.461472 0.000000 4.444254 1.471571 2.687192 5.431409 11.885066 0.250000
74 62.575191 64.355247 0.000000 4.061219 1.474021 2.691205 5.414708 11.735803 0.276356
75 62.742146 64.584480 0.000000 3.333693 1.525413 2.889357 6.075851 13.841201 0.261946
76 62.669930 64.453918 0.000000 4.093208 1.437211 2.561969 5.031753 10.653684 0.200002
77 62.544117 64.507477 0.000000 4.290287 1.413969 2.511809 4.950059 10.586343 0.250010
78 62.570053 64.397087 0.000000 4.347396 1.427295 2.538408 4.995098 10.652374 0.201848
79 62.578167 64.272644 0.000000 4.002881 1.438055 2.573040 5.096082 10.938340 0.250837
80 62.372654 64.238609 0.000000 4.352468 1.387180 2.403421 4.600096 9.531713 0.250002
81 62.496769 64.293449 0.000000 4.410367 1.420390 2.534137 5.019487 10.799634 0.250001
82 62.309860 64.085930 0.000000 4.473772 1.426377 2.545602 5.032375 10.780555 0.251735
83 62.235035 63.918686 0.000000 4.697674 1.434304 2.580886 5.155990 11.183758 0.250000
84 62.249016 64.093803 0.000000 4.290868 1.459496 2.651373 5.333805 11.611890 0.250261
85 62.245113 64.063705 0.000000 4.531864 1.438572 2.593769 5.188447 11.252400 0.250000
86 62.191273 63.850681 0.000000 4.782721 1.459821 2.662097 5.375551 11.747446 0.250000
87 62.073757 63.784691 0.000000 4.652349 1.481552 2.717555 5.492036 11.945337 0.250000
88 61.970757 63.618851 0.000000 5.213709 1.408479 2.480742 4.833261 10.193425 0.250000
89 61.817596 63.669865 0.000000 5.042237 1.397858 2.434967 4.679108 9.713778 0.250000
91 61.992073 64.062057 0.000000 4.674891 1.491077 2.789738 5.803173 13.085482 0.200000
92 61.816681 63.606552 0.000000 4.730519 1.409422 2.475795 4.807254 10.106339 0.200000
93 61.804680 63.858070 0.000000 3.882661 1.429835 2.558859 5.078259 10.928704 0.201231
94 61.643486 63.824425 0.000000 4.019900 1.399798 2.470728 4.844244 10.323757 0.201398
96 62.241478 62.889046 0.000000 3.895338 1.478165 2.706355 5.468396 11.919948 0.221248
98 61.944607 62.774513 0.000000 3.890518 1.478113 2.733606 5.618100 12.523951 0.200830
99 61.840332 62.497326 0.000000 3.043613 1.527405 2.878179 5.989987 13.445230 0.166667
101 61.706570 62.850689 0.000000 3.120059 1.540092 2.915047 6.092576 13.732839 0.200000
102 61.868855 62.443634 0.000000 3.043245 1.492908 2.752010 5.610806 12.369548 0.166667
103 61.619373 62.639095 0.000000 2.769307 1.497469 2.797046 5.814163 13.128688 0.200216
