%% Trajectory 23
%% frame x (pixel)     y (pixel)    z (pixel)      m0         m1           m2           m3           m4           s 
147 46.864265 47.043049 0.000000 1.631135 1.331937 2.323190 4.612278 10.187415 0.115347
149 46.953789 46.241035 0.000000 2.049752 1.643045 3.344281 7.524711 18.193499 0.090909
151 46.955536 47.068130 0.000000 1.642467 1.370638 2.435603 4.910294 10.963032 0.115317
153 46.884155 46.905964 0.000000 1.844385 1.386073 2.532978 5.295466 12.287839 0.125000
155 46.958416 46.915253 0.000000 1.746407 1.428365 2.644393 5.543219 12.790009 0.111219
156 46.843311 47.034748 0.000000 1.795615 1.324460 2.303702 4.572894 10.123596 0.114171
158 46.778580 47.023708 0.000000 1.821592 1.290558 2.170550 4.133206 8.751470 0.186149
159 46.960545 46.978065 0.000000 2.042948 1.386944 2.492102 5.071004 11.393366 0.100292
160 46.784542 46.385094 0.000000 2.181526 1.490828 2.825049 6.011050 13.969845 0.135170
161 46.935741 46.510780 0.000000 2.357495 1.457879 2.683442 5.515101 12.344807 0.101977
162 46.903393 46.548229 0.000000 2.108357 1.488640 2.784508 5.810665 13.189095 0.129422
163 46.778866 46.449879 0.000000 2.568939 1.438315 2.648595 5.491557 12.488188 0.100116
164 46.753468 46.453094 0.000000 2.364891 1.452903 2.695978 5.628024 12.871328 0.107704
166 47.046078 46.957523 0.000000 2.705454 1.393691 2.504689 5.079308 11.337751 0.133949
167 46.909180 46.962555 0.000000 2.856420 1.329254 2.269105 4.346019 9.157310 0.172691
168 46.829330 47.057007 0.000000 2.267004 1.296251 2.174410 4.106015 8.570483 0.168415
170 46.900574 46.624584 0.000000 3.039057 1.426542 2.576341 5.190175 11.392061 0.111400
171 46.833431 47.134739 0.000000 2.847022 1.329862 2.239843 4.191862 8.557180 0.140482
172 47.023987 47.020905 0.000000 2.899734 1.339215 2.307924 4.461436 9.471488 0.132231
173 47.074776 47.180691 0.000000 3.024499 1.325191 2.248477 4.267553 8.892522 0.125529
174 46.880558 47.198051 0.000000 2.961053 1.281273 2.094748 3.810336 7.586545 0.125152
175 47.059959 46.953190 0.000000 2.917908 1.394641 2.516158 5.122976 11.475953 0.143612
176 46.845802 47.165947 0.000000 3.143329 1.278743 2.073630 3.719973 7.261587 0.129094
177 46.957573 47.291050 0.000000 2.992953 1.283625 2.083389 3.727028 7.217350 0.143352
178 47.055553 47.039707 0.000000 3.553992 1.372912 2.400811 4.688055 10.008948 0.174502
179 46.998413 47.129623 0.000000 2.929045 1.322967 2.222777 4.149655 8.437969 0.145538
180 47.111481 46.906818 0.000000 2.668185 1.389324 2.476672 4.962589 10.921192 0.125004
181 46.850700 47.185093 0.000000 2.480922 1.304150 2.170624 4.028318 8.184614 0.125000
182 46.830242 47.120857 0.000000 2.759471 1.330796 2.268090 4.323760 9.036467 0.142858
184 47.131542 47.239891 0.000000 2.978879 1.344735 2.329420 4.546750 9.795927 0.142857
185 47.134201 46.705433 0.000000 3.001600 1.417645 2.555038 5.149098 11.330015 0.167701
186 47.055149 47.130302 0.000000 2.636173 1.355949 2.338952 4.486126 9.356193 0.125001
187 47.029846 47.124802 0.000000 2.891325 1.353273 2.328127 4.460615 9.310163 0.182450
188 46.872391 47.113068 0.000000 3.499726 1.327468 2.228017 4.143125 8.366657 0.167485
189 47.083248 47.113838 0.000000 3.182745 1.372496 2.389980 4.638683 9.831285 0.145870
190 46.934177 47.143337 0.000000 2.956009 1.384493 2.411693 4.649818 9.703748 0.142857
191 46.967693 47.177681 0.000000 2.760154 1.356770 2.327621 4.433156 9.181179 0.142905
192 46.936600 47.199871 0.000000 3.437391 1.305242 2.143204 3.868449 7.531505 0.272798
193 46.862873 47.264545 0.000000 3.267452 1.284001 2.080921 3.713635 7.169218 0.166709
194 46.775024 47.542988 0.000000 3.120054 1.293456 2.092920 3.695014 6.978685 0.125000
195 46.861893 47.344727 0.000000 3.112815 1.261419 2.005873 3.496925 6.569767 0.166667
196 46.992683 47.311626 0.000000 3.499678 1.325135 2.213123 4.082843 8.163148 0.125000
197 47.114803 47.232712 0.000000 3.056237 1.313571 2.165268 3.931421 7.720707 0.142857
198 46.958492 47.198208 0.000000 3.259325 1.330083 2.228035 4.124913 8.281405 0.142857
199 46.847477 47.205845 0.000000 3.578284 1.351741 2.296343 4.317535 8.810072 0.142857
200 47.035660 47.268444 0.000000 3.614339 1.305174 2.146053 3.883422 7.589020 0.142857
201 47.068466 47.248390 0.000000 3.869216 1.325746 2.219106 4.110891 8.271792 0.143485
202 47.037540 47.122135 0.000000 3.244795 1.347876 2.293984 4.308765 8.746839 0.125000
203 46.984634 47.162079 0.000000 3.430634 1.321052 2.205690 4.072011 8.157201 0.142857
204 46.988327 47.341442 0.000000 3.731604 1.318360 2.179717 3.960564 7.758045 0.166667
205 46.806404 47.352104 0.000000 3.164584 1.321551 2.183133 3.950612 7.678075 0.142857
206 47.066841 47.218231 0.000000 3.157851 1.310426 2.159572 3.923538 7.711375 0.142857
207 47.014820 47.266365 0.000000 3.733754 1.335783 2.248616 4.188001 8.464897 0.166667
208 47.059750 47.314457 0.000000 4.372819 1.328212 2.211609 4.057086 8.047940 0.167080
209 47.100220 47.283730 0.000000 4.903825 1.328833 2.215867 4.065971 8.054808 0.268792
210 47.096001 47.245918 0.000000 4.340048 1.352896 2.295526 4.295286 8.689754 0.142857
211 46.967300 47.451900 0.000000 4.172842 1.340165 2.254638 4.187560 8.426261 0.166667
212 46.922283 47.398712 0.000000 4.140574 1.332360 2.218762 4.053380 7.965964 0.200000
213 46.896038 47.306866 0.000000 4.185910 1.361765 2.327205 4.392212 8.970792 0.200000
214 47.057869 47.303745 0.000000 4.280583 1.339478 2.252044 4.176044 8.379126 0.187725
215 47.085114 47.220928 0.000000 4.873748 1.328898 2.211818 4.040613 7.938905 0.246689
216 46.971642 47.384823 0.000000 4.207575 1.331474 2.221818 4.067596 8.006112 0.166667
217 46.993317 47.281681 0.000000 4.746811 1.351058 2.290993 4.287144 8.678254 0.170397
218 46.941620 47.443504 0.000000 4.694059 1.357519 2.307405 4.322848 8.751732 0.167500
219 47.109764 47.336510 0.000000 4.454935 1.317660 2.174088 3.933449 7.650605 0.142857
220 47.075230 47.344341 0.000000 4.386496 1.370255 2.341220 4.395879 8.886298 0.142864
221 47.082207 47.354225 0.000000 4.308573 1.350538 2.292686 4.285550 8.639659 0.125000
222 47.030079 47.255527 0.000000 4.379122 1.332033 2.232334 4.118789 8.196895 0.143545
223 47.132553 47.070652 0.000000 4.316378 1.358685 2.308626 4.313559 8.679433 0.166667
224 47.087681 47.237629 0.000000 4.301786 1.371398 2.352994 4.444263 9.048171 0.142971
225 47.193226 47.142124 0.000000 4.187667 1.347418 2.264836 4.171231 8.249026 0.166724
226 47.168037 47.013107 0.000000 4.102690 1.366698 2.369703 4.573641 9.618655 0.166671
227 47.224854 47.005444 0.000000 3.792827 1.342273 2.276983 4.274434 8.701026 0.142857
228 47.251709 46.998428 0.000000 4.388227 1.362358 2.340822 4.458512 9.219378 0.169674
229 47.290188 47.005505 0.000000 3.784452 1.352608 2.318836 4.420877 9.184248 0.142857
230 47.398537 46.924244 0.000000 3.726013 1.333156 2.242674 4.182597 8.485348 0.150196
231 47.502682 46.981186 0.000000 4.545544 1.380898 2.394503 4.596318 9.563611 0.224024
232 47.664261 46.972744 0.000000 3.951490 1.370341 2.371392 4.562409 9.561732 0.189502
233 47.787983 46.855129 0.000000 4.086086 1.385585 2.409055 4.636790 9.679517 0.166128
234 47.727962 47.077244 0.000000 3.781457 1.376060 2.362145 4.458423 9.058323 0.222199
235 47.722931 47.158840 0.000000 4.162720 1.422295 2.508735 4.859547 10.114051 0.143065
236 47.792374 47.164562 0.000000 3.773408 1.396582 2.429169 4.649862 9.586187 0.199642
237 47.736485 47.262089 0.000000 3.607264 1.372575 2.352886 4.437721 9.016603 0.193775
238 47.796989 47.383884 0.000000 3.372492 1.430823 2.542929 4.976214 10.486486 0.142859
239 47.794281 47.235615 0.000000 3.436460 1.435328 2.560136 5.027691 10.628189 0.215077
240 48.095333 47.367523 0.000000 3.735832 1.363481 2.325827 4.369628 8.857244 0.146455
241 47.833031 47.482422 0.000000 3.371882 1.376473 2.374095 4.522294 9.320170 0.251864
242 47.916100 47.491550 0.000000 2.958245 1.395731 2.455865 4.789114 10.121236 0.152029
243 48.101910 47.384090 0.000000 3.519891 1.354319 2.306732 4.339856 8.838996 0.145329
244 48.418190 46.811680 0.000000 3.128465 1.321597 2.206212 4.068577 8.125993 0.142857
245 48.456223 47.036541 0.000000 3.665176 1.448065 2.611342 5.205074 11.202999 0.177326
246 48.067123 47.382210 0.000000 3.228067 1.455428 2.646849 5.339374 11.664207 0.142857
247 48.444130 47.253574 0.000000 3.263613 1.429504 2.570741 5.142080 11.181205 0.166667
248 48.123192 47.401691 0.000000 2.961580 1.448919 2.630798 5.307880 11.624868 0.142857
249 48.699566 47.128880 0.000000 3.155620 1.367888 2.337397 4.396493 8.915620 0.166675
250 48.451962 47.301731 0.000000 2.671820 1.479883 2.724876 5.546144 12.182778 0.142902
252 47.596504 47.613888 0.000000 2.253188 1.542906 2.961730 6.291355 14.397464 0.166667
254 48.044170 47.593216 0.000000 1.808309 1.437789 2.614986 5.297939 11.659766 0.200000
