%% Trajectory 73
%% frame x (pixel)     y (pixel)    z (pixel)      m0         m1           m2           m3           m4           s 
115 48.591854 95.833572 0.000000 0.719124 1.158558 1.712014 2.774229 4.880080 0.100184
117 48.930252 95.375504 0.000000 1.332284 1.346826 2.291608 4.317433 8.836918 0.111118
118 48.764050 95.177635 0.000000 1.456250 1.322315 2.258435 4.346383 9.239005 0.132325
120 48.495720 94.943192 0.000000 1.046925 1.315941 2.229640 4.238106 8.864582 0.111269
122 49.031422 95.054207 0.000000 1.361228 1.433846 2.597120 5.231349 11.445278 0.105243
123 48.692211 95.374748 0.000000 0.966413 1.276723 2.071359 3.744095 7.429889 0.134789
125 49.335068 95.063850 0.000000 1.180624 1.468122 2.754032 5.794244 13.300901 0.132354
127 49.159187 95.180069 0.000000 1.591854 1.328732 2.227649 4.122694 8.264427 0.100140
128 48.783806 94.822273 0.000000 1.597603 1.404872 2.519587 5.051600 11.064631 0.100876
129 48.798935 95.034073 0.000000 1.126477 1.430096 2.612770 5.360644 12.045055 0.182862
130 49.053265 95.538177 0.000000 1.485592 1.381041 2.397334 4.619825 9.684418 0.147109
132 48.356255 95.149506 0.000000 0.999210 1.325659 2.231704 4.209703 8.742778 0.091335
133 48.888947 95.277527 0.000000 1.107163 1.348856 2.298311 4.342001 8.904490 0.116327
134 48.843334 95.150421 0.000000 1.204478 1.464435 2.706648 5.593428 12.606798 0.094696
135 49.188023 95.316353 0.000000 1.457720 1.366329 2.321020 4.339173 8.759237 0.083759
136 48.935574 94.816765 0.000000 1.911187 1.397886 2.451569 4.760148 10.013109 0.100000
138 48.768764 95.312714 0.000000 1.636902 1.315907 2.185359 4.001125 7.924364 0.147231
139 48.597935 95.336548 0.000000 1.921768 1.283482 2.059666 3.635800 6.940388 0.090909
140 48.829170 95.057854 0.000000 2.093274 1.448143 2.649771 5.395257 11.933722 0.118146
141 48.797417 94.885437 0.000000 1.787938 1.427031 2.544687 5.035034 10.818445 0.083880
142 48.913437 95.325600 0.000000 1.381988 1.346770 2.286012 4.301031 8.788695 0.094170
143 48.818939 95.222237 0.000000 1.620371 1.328785 2.242456 4.199679 8.566118 0.105293
144 49.064026 95.340645 0.000000 1.394677 1.406651 2.488095 4.878262 10.354385 0.161015
145 48.930550 95.006927 0.000000 1.712142 1.346763 2.300725 4.344993 8.879359 0.100486
146 49.044453 95.444344 0.000000 1.505354 1.339139 2.275290 4.278505 8.724611 0.111514
147 48.916668 95.210243 0.000000 1.730622 1.278909 2.074345 3.726202 7.285271 0.080741
148 48.987286 95.153831 0.000000 1.763068 1.345526 2.312979 4.459067 9.444277 0.158057
150 48.753777 95.369484 0.000000 1.864464 1.263245 2.015158 3.520293 6.611935 0.091070
151 49.343777 95.513115 0.000000 1.938498 1.384745 2.388246 4.551512 9.397006 0.130468
153 49.131218 95.384552 0.000000 1.734549 1.288843 2.085975 3.683239 6.955248 0.113541
154 48.946011 95.535141 0.000000 1.819434 1.340785 2.276633 4.275989 8.702432 0.195623
155 49.344505 94.959137 0.000000 2.105279 1.399538 2.497620 4.979434 10.829465 0.103735
156 48.994583 95.642998 0.000000 2.056051 1.412298 2.513177 4.953747 10.572104 0.106620
158 48.935818 95.636803 0.000000 2.513660 1.358892 2.313302 4.346800 8.835611 0.130063
159 48.835880 95.354134 0.000000 2.885145 1.296902 2.098877 3.722960 7.109062 0.111112
160 48.708721 95.382011 0.000000 2.684849 1.300011 2.135890 3.875406 7.629387 0.137383
161 48.870022 95.128708 0.000000 2.460057 1.386314 2.422852 4.708744 9.969536 0.100453
162 48.911144 95.063499 0.000000 2.638866 1.451745 2.659999 5.436388 12.091006 0.125000
163 49.120235 95.261307 0.000000 2.505262 1.338287 2.230231 4.067347 7.953003 0.129456
164 48.829781 95.324257 0.000000 2.695249 1.416725 2.524066 5.005763 10.814588 0.125086
165 48.798313 95.413284 0.000000 3.028489 1.303320 2.121472 3.767644 7.155340 0.090909
166 48.952339 95.385414 0.000000 2.550952 1.385728 2.439224 4.788321 10.259606 0.135859
167 48.763481 95.252640 0.000000 2.331047 1.361696 2.351840 4.523924 9.496593 0.123634
168 49.105656 95.081200 0.000000 2.970691 1.402037 2.464789 4.806370 10.175212 0.104682
169 48.852303 95.147026 0.000000 2.720173 1.350996 2.308902 4.384834 9.076394 0.194588
170 49.042473 95.267082 0.000000 3.094790 1.325290 2.204668 4.033569 7.958451 0.120948
171 49.208992 95.253777 0.000000 2.852848 1.351090 2.278075 4.219313 8.417745 0.116301
172 49.127377 95.264793 0.000000 2.384649 1.343431 2.253207 4.141090 8.172598 0.140141
173 49.163437 95.127457 0.000000 2.645429 1.328264 2.217875 4.081172 8.119875 0.098167
174 49.088940 95.298828 0.000000 2.691389 1.390869 2.428150 4.689279 9.806664 0.095086
175 48.873894 95.194588 0.000000 2.460568 1.414518 2.551390 5.142369 11.312276 0.100002
176 48.948292 95.020035 0.000000 2.543842 1.439465 2.614893 5.271029 11.511711 0.103439
177 49.054554 95.070259 0.000000 2.401622 1.399334 2.483713 4.901174 10.504358 0.148856
178 48.866596 94.962494 0.000000 2.917829 1.330019 2.246102 4.205078 8.555890 0.164476
179 49.093189 95.282677 0.000000 3.607229 1.369711 2.347763 4.445238 9.115547 0.090909
181 48.962463 95.078644 0.000000 2.971987 1.353119 2.304319 4.340079 8.858945 0.112159
182 49.067459 95.051849 0.000000 2.880111 1.393891 2.456784 4.807404 10.209385 0.128153
183 49.482922 95.128922 0.000000 2.734500 1.337479 2.249638 4.181325 8.431625 0.151544
184 49.262825 94.892944 0.000000 2.804078 1.321524 2.195902 4.022385 7.972547 0.115238
185 49.105679 95.143547 0.000000 2.345151 1.366924 2.377525 4.608960 9.746350 0.137834
186 49.321850 95.203339 0.000000 2.168289 1.421023 2.571693 5.212028 11.546911 0.115055
187 49.270317 95.338104 0.000000 2.452327 1.289320 2.086706 3.718946 7.173627 0.076930
189 49.061409 94.651207 0.000000 2.847406 1.343457 2.291755 4.355625 9.048181 0.100014
190 49.168777 94.768433 0.000000 2.262633 1.392326 2.407661 4.566953 9.303262 0.084893
191 49.232132 94.590057 0.000000 2.621300 1.347815 2.263291 4.172828 8.282173 0.131501
192 49.131680 94.578987 0.000000 2.495250 1.322469 2.211539 4.093681 8.230416 0.199673
193 49.264511 94.750725 0.000000 2.160255 1.318545 2.169896 3.913835 7.586427 0.107774
194 49.546436 94.717033 0.000000 2.206804 1.284713 2.076314 3.706077 7.192650 0.080493
195 49.345802 94.268547 0.000000 2.267376 1.329053 2.244951 4.239494 8.789064 0.156020
196 49.375172 94.347153 0.000000 2.311667 1.243715 1.951170 3.361820 6.262791 0.076939
197 49.439621 94.120049 0.000000 1.588773 1.206988 1.841394 3.076571 5.551836 0.090909
198 49.281906 94.610260 0.000000 2.105791 1.233749 1.920064 3.270846 6.000690 0.111111
200 49.527653 94.060577 0.000000 1.554485 1.354200 2.296628 4.299221 8.698290 0.095323
201 49.505775 94.277596 0.000000 1.891815 1.303021 2.149489 3.934170 7.858092 0.175751
202 49.505486 94.358841 0.000000 1.507171 1.278354 2.078020 3.761016 7.468455 0.066667
203 49.356503 94.826057 0.000000 1.379491 1.277836 2.071014 3.713442 7.247449 0.100133
205 49.595367 93.821968 0.000000 1.412778 1.228695 1.943666 3.430107 6.667176 0.084616
