%% Trajectory 28
%% frame x (pixel)     y (pixel)    z (pixel)      m0         m1           m2           m3           m4           s 
77 55.682537 70.567184 0.000000 1.461588 1.263381 2.054142 3.718092 7.368150 0.149775
78 55.679996 70.397179 0.000000 1.984598 1.314690 2.173404 3.945535 7.716083 0.166667
79 55.770023 70.404633 0.000000 1.605808 1.295042 2.112942 3.800854 7.410512 0.166667
80 55.556267 70.147995 0.000000 2.148386 1.306497 2.152443 3.908116 7.681873 0.142857
81 55.499321 70.189209 0.000000 1.837922 1.325626 2.224925 4.153636 8.468407 0.142861
82 55.612923 70.289108 0.000000 1.693943 1.333742 2.209433 3.985691 7.668060 0.144431
83 55.891315 70.260597 0.000000 2.176348 1.320943 2.194818 4.017315 7.951810 0.142857
84 55.761177 69.961128 0.000000 1.517575 1.362075 2.364518 4.562750 9.581281 0.142949
85 55.886765 70.063995 0.000000 1.805104 1.340640 2.260774 4.187955 8.339282 0.142857
86 55.978683 70.174492 0.000000 1.807862 1.311527 2.175314 3.966553 7.793712 0.150436
87 55.657768 70.551353 0.000000 2.408563 1.282592 2.073203 3.690521 7.115451 0.166667
88 56.139309 70.294838 0.000000 1.912262 1.258582 2.005041 3.494467 6.537239 0.237559
89 56.035286 70.178711 0.000000 1.883210 1.290847 2.107681 3.800756 7.431127 0.146608
90 55.885887 70.246361 0.000000 2.271659 1.266318 2.032809 3.597111 6.901951 0.167888
91 55.765591 69.911255 0.000000 2.582070 1.363393 2.371658 4.617272 9.851189 0.197731
92 55.711258 69.904892 0.000000 2.685921 1.337397 2.253300 4.193651 8.453731 0.142917
93 55.912941 70.042770 0.000000 2.510952 1.383061 2.405633 4.630836 9.659968 0.160437
94 56.100239 69.906303 0.000000 2.348742 1.346323 2.281169 4.269357 8.647123 0.147342
95 55.709045 70.053764 0.000000 2.643215 1.349769 2.299683 4.329402 8.816576 0.231644
96 55.902065 70.021095 0.000000 2.654433 1.326478 2.228398 4.144157 8.367002 0.125163
97 55.947182 70.181534 0.000000 2.603603 1.334271 2.241012 4.162545 8.385463 0.125790
98 55.820915 70.072411 0.000000 3.047492 1.354707 2.302439 4.311705 8.716236 0.265890
99 55.943504 70.003662 0.000000 3.481290 1.370748 2.367831 4.537289 9.447457 0.143257
100 55.892445 70.294189 0.000000 3.072452 1.301444 2.124147 3.795119 7.278380 0.126739
101 55.808727 70.171486 0.000000 3.199658 1.322720 2.191849 3.982982 7.781633 0.191662
102 55.693726 69.952995 0.000000 2.924906 1.393750 2.428336 4.669233 9.698210 0.166458
103 55.841568 70.069527 0.000000 3.239744 1.339536 2.261179 4.218166 8.531199 0.150715
104 55.830708 69.997635 0.000000 2.805376 1.339981 2.257907 4.186461 8.364159 0.217497
105 55.958427 70.132179 0.000000 3.334989 1.361428 2.333519 4.425043 9.097739 0.155953
106 56.072727 70.105789 0.000000 3.063206 1.340717 2.253228 4.166488 8.304666 0.175902
107 55.969082 70.141159 0.000000 3.433749 1.306230 2.149833 3.894500 7.616164 0.146014
108 55.855091 70.102837 0.000000 3.464075 1.326612 2.213964 4.073962 8.108376 0.125247
109 55.875393 69.986938 0.000000 3.763288 1.330682 2.229705 4.113088 8.182881 0.146083
110 55.849743 70.154716 0.000000 3.473601 1.321376 2.198266 4.036279 8.028239 0.125019
111 55.772186 70.241768 0.000000 3.237739 1.293870 2.098181 3.720140 7.074164 0.232409
112 55.930241 70.161491 0.000000 3.422631 1.324273 2.201680 4.023846 7.924818 0.129120
113 55.845219 70.262733 0.000000 4.134527 1.333539 2.218164 4.033658 7.856426 0.126694
114 55.782642 70.143219 0.000000 4.194511 1.310836 2.153425 3.880551 7.526667 0.125083
115 55.853008 70.071365 0.000000 4.141493 1.349896 2.289337 4.295820 8.748144 0.137788
116 55.931435 70.178268 0.000000 4.199200 1.331353 2.222916 4.076846 8.048466 0.287747
117 55.845531 70.055794 0.000000 3.706874 1.338153 2.281110 4.332015 8.980888 0.125794
118 55.934826 69.945770 0.000000 4.225456 1.358257 2.323413 4.398414 9.026972 0.141604
119 55.797089 70.017921 0.000000 3.686822 1.338683 2.266030 4.250870 8.670331 0.145723
120 55.796635 69.869446 0.000000 3.941247 1.307944 2.156667 3.921651 7.721065 0.254732
121 55.752434 69.794022 0.000000 3.414115 1.298471 2.116139 3.770747 7.200240 0.142952
122 55.735790 69.670341 0.000000 4.110689 1.316049 2.175891 3.956366 7.763017 0.125482
123 55.676426 69.681465 0.000000 3.711902 1.292251 2.085949 3.674854 6.930694 0.130271
124 55.538864 69.632202 0.000000 3.586037 1.291924 2.093036 3.717581 7.110238 0.274070
125 55.682442 69.575432 0.000000 3.496944 1.266126 2.012875 3.500079 6.538870 0.143098
126 55.509899 69.367615 0.000000 4.104637 1.281889 2.055376 3.598657 6.751746 0.148329
127 55.570564 69.430962 0.000000 4.313457 1.338302 2.223961 4.036400 7.840445 0.142857
128 55.222561 69.353935 0.000000 4.302502 1.281181 2.059819 3.621963 6.835570 0.143494
129 55.212482 69.215950 0.000000 3.734065 1.359391 2.309065 4.321747 8.737483 0.326617
130 55.282330 69.169418 0.000000 4.095545 1.300348 2.129549 3.851994 7.567022 0.163686
131 55.222492 69.217415 0.000000 3.627198 1.335577 2.233252 4.100080 8.100505 0.144763
132 55.259605 69.260460 0.000000 3.128142 1.308621 2.150067 3.885915 7.581301 0.175140
133 55.004692 69.172966 0.000000 3.227035 1.404866 2.476027 4.823982 10.165084 0.166667
134 55.158249 69.066757 0.000000 3.218523 1.330773 2.248132 4.218801 8.624845 0.166667
135 55.105682 68.706070 0.000000 3.738713 1.356537 2.308237 4.322563 8.725946 0.166667
136 54.870399 68.653831 0.000000 3.816580 1.389880 2.434983 4.736017 10.007738 0.143221
138 53.882374 68.438004 0.000000 3.055531 1.351173 2.277258 4.219615 8.433366 0.142869
139 53.953350 68.432129 0.000000 2.869374 1.345887 2.288915 4.313100 8.826508 0.162147
140 54.105335 68.329704 0.000000 2.324947 1.309014 2.151921 3.891222 7.594452 0.230355
142 55.633751 67.951889 0.000000 2.457161 1.406788 2.474833 4.800535 10.042262 0.143183
144 56.497978 68.355309 0.000000 1.781124 1.370876 2.363755 4.489392 9.192269 0.142857
