%% Trajectory 90
%% frame x (pixel)     y (pixel)    z (pixel)      m0         m1           m2           m3           m4           s 
221 58.522495 76.185852 0.000000 1.640252 1.262919 2.008980 3.492404 6.512757 0.200000
222 58.760620 76.047859 0.000000 1.556712 1.458051 2.663070 5.384931 11.777044 0.200000
224 58.824692 77.020271 0.000000 1.322219 1.368783 2.370274 4.562295 9.558853 0.200000
226 58.727562 76.120872 0.000000 2.161001 1.327489 2.238777 4.200031 8.603114 0.203192
227 58.995461 76.274048 0.000000 2.196343 1.364046 2.340739 4.449955 9.190178 0.200135
228 58.587128 75.807854 0.000000 2.057943 1.434253 2.618080 5.348126 11.934906 0.200000
230 58.911919 76.199814 0.000000 1.700831 1.325230 2.228276 4.152347 8.413331 0.200001
231 58.722862 75.934662 0.000000 1.684766 1.411562 2.535136 5.109352 11.287161 0.250000
232 58.448036 75.817184 0.000000 2.245704 1.336337 2.228999 4.092472 8.120374 0.200000
233 58.420849 75.871750 0.000000 1.558860 1.444957 2.589359 5.104603 10.833443 0.250000
234 58.678406 76.560165 0.000000 1.443820 1.364809 2.351079 4.487368 9.290129 0.250000
236 58.840851 76.325058 0.000000 1.835593 1.317630 2.198254 4.078975 8.271514 0.250000
237 58.497066 76.083946 0.000000 1.970837 1.341345 2.284005 4.319785 8.898767 0.200000
238 58.221107 76.420601 0.000000 2.145719 1.376800 2.384538 4.561781 9.443133 0.200000
239 58.300156 76.109322 0.000000 1.853356 1.392375 2.443687 4.773835 10.158456 0.200000
240 58.534485 76.182976 0.000000 2.004741 1.319999 2.193498 4.016281 7.952757 0.200000
241 58.592365 76.105057 0.000000 2.140785 1.367533 2.356258 4.493250 9.297645 0.200000
242 58.876339 76.325790 0.000000 2.022160 1.407176 2.467144 4.771594 9.969002 0.200000
243 59.006580 75.715805 0.000000 1.892441 1.441103 2.633114 5.353839 11.820251 0.200000
244 58.772667 76.328194 0.000000 1.968507 1.382327 2.397276 4.589823 9.499611 0.200000
245 58.586147 76.511147 0.000000 1.787773 1.365628 2.355501 4.503566 9.355982 0.166667
246 58.882381 76.236481 0.000000 2.337238 1.391927 2.430267 4.697571 9.844701 0.200000
247 58.610161 76.070839 0.000000 1.704064 1.352556 2.327674 4.454724 9.292801 0.200000
249 58.598785 76.168526 0.000000 2.007891 1.330308 2.234275 4.149329 8.351007 0.142857
250 58.669338 76.123215 0.000000 2.701858 1.324464 2.196533 4.015010 7.945757 0.200000
251 58.595497 76.191414 0.000000 2.131326 1.376956 2.376638 4.550091 9.479117 0.200000
252 58.645542 76.262527 0.000000 2.319006 1.305512 2.128257 3.794420 7.256299 0.200000
253 58.877434 76.204155 0.000000 2.183385 1.360022 2.353413 4.533333 9.526531 0.200000
254 58.441452 76.445183 0.000000 1.834854 1.243955 1.954073 3.357864 6.203620 0.200001
256 58.627354 75.938652 0.000000 2.622524 1.447137 2.630083 5.304798 11.602696 0.200000
257 58.657448 76.028473 0.000000 2.154794 1.421281 2.533686 5.009932 10.735917 0.200000
258 58.408257 75.898262 0.000000 2.602612 1.361057 2.316371 4.352141 8.855302 0.200000
260 58.733601 75.762718 0.000000 1.798853 1.341585 2.285500 4.335494 8.981761 0.151261
261 58.559029 75.690048 0.000000 1.997154 1.281337 2.069135 3.667082 7.007901 0.143703
262 58.255550 75.724800 0.000000 2.594840 1.357558 2.301712 4.294600 8.649090 0.200000
263 57.998550 75.291618 0.000000 2.415136 1.480426 2.742955 5.637874 12.549998 0.200000
264 58.224510 75.190041 0.000000 2.451324 1.421738 2.530165 4.989091 10.667619 0.200000
266 58.221291 75.677704 0.000000 1.985935 1.459358 2.640427 5.262775 11.305114 0.283228
267 58.274574 75.340370 0.000000 2.279135 1.489721 2.741917 5.581055 12.285648 0.200013
268 57.843960 75.210518 0.000000 2.362921 1.368777 2.364613 4.531688 9.439871 0.250443
269 57.957561 75.286148 0.000000 2.174837 1.390138 2.445916 4.781166 10.160507 0.166667
270 58.010803 75.262947 0.000000 2.378212 1.425299 2.536035 4.996419 10.655326 0.166667
271 57.579933 75.522865 0.000000 1.958274 1.438540 2.581731 5.144532 11.141875 0.200004
272 58.197784 75.124138 0.000000 1.885945 1.399444 2.480056 4.904594 10.594087 0.200000
273 57.842720 75.128044 0.000000 1.974599 1.462931 2.664930 5.377892 11.747267 0.166667
274 57.661095 75.428291 0.000000 1.980232 1.429071 2.560562 5.089721 10.973823 0.167076
275 56.913357 74.990379 0.000000 2.002179 1.447075 2.634451 5.318814 11.619324 0.175209
277 57.717442 74.220421 0.000000 1.615714 1.418259 2.536031 5.040617 10.892304 0.169892
