%% Trajectory 11
%% frame x (pixel)     y (pixel)    z (pixel)      m0         m1           m2           m3           m4           s 
19 63.605049 58.867046 0.000000 1.149684 1.216970 1.897714 3.291879 6.278570 0.200000
20 63.449097 59.248947 0.000000 1.108448 1.248874 1.972820 3.424862 6.431298 0.166667
21 63.500481 59.401760 0.000000 1.310624 1.232643 1.929609 3.332191 6.264282 0.200000
22 63.372093 59.195190 0.000000 1.172105 1.244690 1.959700 3.398077 6.394991 0.200000
23 63.779781 59.208237 0.000000 1.494653 1.236510 1.929482 3.294748 6.054471 0.166667
24 63.869099 59.073708 0.000000 1.435061 1.375914 2.418003 4.762873 10.274670 0.200001
25 63.667725 59.096447 0.000000 1.539260 1.322891 2.192998 4.001583 7.883334 0.166917
26 63.708752 59.121449 0.000000 1.692509 1.254560 1.982957 3.428962 6.371861 0.142859
27 63.778099 59.000744 0.000000 1.659062 1.269794 2.070263 3.761889 7.492279 0.200007
28 63.638744 59.220898 0.000000 1.755703 1.287460 2.066062 3.618982 6.791053 0.166667
29 63.780609 59.082935 0.000000 1.873421 1.267787 2.029724 3.573903 6.799323 0.200835
30 63.492138 59.122204 0.000000 1.938601 1.277139 2.053512 3.613923 6.831547 0.200221
31 63.619434 59.224785 0.000000 2.038209 1.287596 2.077459 3.668285 6.960113 0.200018
32 63.610222 59.121258 0.000000 2.350723 1.274032 2.035784 3.554777 6.657146 0.200000
33 63.706097 58.995293 0.000000 2.009539 1.312295 2.201345 4.118358 8.434200 0.200000
34 63.643948 59.015358 0.000000 2.705896 1.313121 2.179954 4.009672 8.026900 0.200000
35 63.590378 59.017746 0.000000 2.179035 1.296540 2.137851 3.903211 7.748040 0.200000
36 63.670593 59.012661 0.000000 2.580957 1.307011 2.151285 3.896974 7.622397 0.200000
37 63.505238 59.106510 0.000000 2.436869 1.262442 1.998897 3.459266 6.427004 0.250000
38 63.739483 59.013481 0.000000 2.748552 1.324798 2.224417 4.134805 8.345435 0.200000
39 63.638817 59.031841 0.000000 2.754428 1.299592 2.145933 3.939802 7.910734 0.250000
40 63.523819 59.128178 0.000000 2.384259 1.266541 2.012347 3.495307 6.517754 0.333333
41 63.437634 59.055626 0.000000 2.824110 1.294639 2.124825 3.846383 7.540323 0.250000
42 63.527172 59.079468 0.000000 3.127658 1.262031 2.002423 3.473743 6.470760 0.500000
43 63.574863 59.221321 0.000000 2.827000 1.253886 1.976741 3.407012 6.308913 0.333333
44 63.411106 59.129822 0.000000 3.413877 1.262644 2.002578 3.471293 6.458431 0.500000
45 63.340664 59.163967 0.000000 3.581558 1.287230 2.073635 3.650900 6.893619 0.500000
46 63.312668 59.123955 0.000000 3.813538 1.291152 2.095259 3.731278 7.157011 0.500000
47 63.370171 59.324459 0.000000 3.664615 1.232978 1.916459 3.258336 5.962516 0.500000
48 63.380852 59.210300 0.000000 3.113770 1.248102 1.957654 3.358503 6.196318 0.200000
49 63.160995 59.145142 0.000000 3.212931 1.297579 2.115013 3.787104 7.311018 0.250000
50 63.199390 59.333755 0.000000 3.469007 1.280523 2.051626 3.589074 6.728440 0.250000
51 63.138958 59.229420 0.000000 3.388016 1.311784 2.148658 3.845780 7.372104 0.250000
52 63.137508 58.906971 0.000000 3.401813 1.326475 2.200516 4.010307 7.871885 0.250000
53 62.850601 59.089108 0.000000 3.091619 1.291219 2.094469 3.727820 7.145064 0.250000
54 62.682293 59.112385 0.000000 3.065431 1.266083 2.012282 3.496805 6.524333 0.333333
55 62.671036 59.204197 0.000000 3.238291 1.283086 2.055059 3.593569 6.733843 0.250000
56 62.803078 58.932117 0.000000 2.968452 1.262651 2.023756 3.578589 6.863753 0.333333
57 62.613731 59.050091 0.000000 2.579878 1.248823 1.966065 3.387185 6.275886 0.250000
58 62.424522 58.931332 0.000000 3.250276 1.281380 2.074749 3.702602 7.159033 0.333333
59 62.265743 58.883034 0.000000 2.974513 1.266693 2.025655 3.554416 6.719349 0.333333
60 62.278748 58.979031 0.000000 2.769500 1.287507 2.096048 3.749139 7.226110 0.250000
61 62.305351 58.995087 0.000000 2.650522 1.291693 2.128839 3.895355 7.770930 0.250000
62 62.257084 58.919483 0.000000 2.455216 1.256477 2.012454 3.580899 6.976452 0.250000
63 62.023346 58.805176 0.000000 2.481169 1.286433 2.113957 3.859718 7.689908 0.250000
64 61.898338 58.634037 0.000000 2.650929 1.286683 2.085841 3.711353 7.114651 0.250000
65 62.085072 58.335808 0.000000 2.257461 1.302571 2.149217 3.921200 7.771030 0.166667
66 61.921398 58.222416 0.000000 2.177485 1.309159 2.148929 3.871960 7.518840 0.250000
68 61.543644 58.718494 0.000000 1.108814 1.250345 2.007644 3.591392 7.059019 0.166678
69 61.572033 58.741951 0.000000 0.848397 1.219463 1.885035 3.198770 5.871772 0.166667
