%% Trajectory 12
%% frame x (pixel)     y (pixel)    z (pixel)      m0         m1           m2           m3           m4           s 
49 35.853359 59.632481 0.000000 1.552308 1.288156 2.088140 3.712240 7.104825 0.200000
51 35.887249 59.923630 0.000000 1.941447 1.349212 2.293467 4.310524 8.775293 0.200119
53 35.650066 59.649967 0.000000 1.148210 1.292912 2.090133 3.693812 7.000937 0.200000
54 36.090714 59.629787 0.000000 1.686047 1.348392 2.263691 4.178380 8.316335 0.200225
55 35.697483 59.342396 0.000000 1.889310 1.356505 2.336804 4.497691 9.482019 0.250069
56 35.617714 59.545238 0.000000 1.630179 1.344808 2.268278 4.239808 8.625656 0.200005
57 35.698196 59.887154 0.000000 1.619508 1.268536 2.025988 3.555507 6.740449 0.203924
58 36.134800 59.876232 0.000000 1.941633 1.345258 2.269075 4.214314 8.452059 0.200000
59 35.793423 59.742371 0.000000 2.114918 1.237434 1.934965 3.313701 6.110297 0.166667
60 36.002384 60.046223 0.000000 1.961152 1.346154 2.288628 4.309380 8.803082 0.200000
61 35.557758 59.727974 0.000000 1.553532 1.318411 2.209026 4.113269 8.357131 0.250208
62 35.989384 59.666191 0.000000 1.692000 1.302292 2.177186 4.080171 8.425902 0.200000
63 35.856792 59.853565 0.000000 2.064500 1.293687 2.109583 3.779244 7.296853 0.250000
64 35.921005 59.722496 0.000000 2.570380 1.332199 2.222377 4.072701 8.040401 0.333333
65 35.779034 59.820053 0.000000 2.492226 1.281075 2.072441 3.691509 7.116751 0.250000
66 35.854252 59.595085 0.000000 2.667364 1.302640 2.141951 3.888195 7.655437 0.200000
67 35.763401 59.440533 0.000000 2.793927 1.261038 1.998673 3.462675 6.439907 0.333333
68 35.916656 59.778763 0.000000 2.618334 1.349932 2.287322 4.276536 8.649602 0.333333
69 35.934723 59.545284 0.000000 2.893686 1.354024 2.295573 4.296049 8.702887 0.333333
70 35.832424 59.459618 0.000000 3.201779 1.350637 2.273283 4.199513 8.347436 0.250000
71 36.001263 59.584797 0.000000 3.287284 1.330035 2.233645 4.150012 8.369749 0.333333
72 35.863327 59.551880 0.000000 3.606040 1.313153 2.170588 3.954620 7.798337 0.333333
73 36.003788 59.500252 0.000000 3.585837 1.309902 2.163629 3.942137 7.780123 0.333333
74 36.023659 59.356747 0.000000 3.676465 1.344633 2.272333 4.236807 8.543679 0.333333
75 36.125732 59.432846 0.000000 3.190876 1.315019 2.161920 3.894195 7.536551 0.333333
77 36.393436 59.346935 0.000000 3.494531 1.277247 2.044995 3.575733 6.700202 0.333333
78 36.364182 59.241627 0.000000 3.674486 1.293183 2.103178 3.758930 7.252734 0.333333
79 36.513378 59.105694 0.000000 4.091954 1.326326 2.206378 4.036104 7.966710 0.250000
80 36.625690 59.406570 0.000000 4.183463 1.308185 2.139130 3.828062 7.356432 0.333333
81 36.633369 59.224407 0.000000 4.725621 1.322477 2.182812 3.946869 7.670270 0.333333
82 36.689850 59.102032 0.000000 4.050703 1.381408 2.372282 4.471665 9.059598 0.333333
83 37.041870 59.107506 0.000000 3.621870 1.384711 2.409127 4.644430 9.708405 0.250000
84 36.782482 58.926182 0.000000 3.920249 1.395298 2.444677 4.738156 9.942561 0.333333
85 37.031715 58.710045 0.000000 3.678999 1.351946 2.294542 4.307807 8.774525 0.250000
86 37.344669 58.693653 0.000000 3.369529 1.425511 2.522281 4.924345 10.389015 0.200000
87 37.297733 58.922577 0.000000 3.054980 1.455094 2.655377 5.370826 11.762350 0.250000
88 37.476109 58.997898 0.000000 3.368861 1.484671 2.755787 5.666672 12.601881 0.250000
89 37.688332 59.329063 0.000000 3.139594 1.455966 2.605021 5.121189 10.832355 0.250000
90 37.950352 59.780922 0.000000 2.951212 1.396362 2.431726 4.665496 9.652516 0.200000
91 37.660053 59.872185 0.000000 2.120473 1.422412 2.519187 4.931377 10.448845 0.170126
