%% Trajectory 36
%% frame x (pixel)     y (pixel)    z (pixel)      m0         m1           m2           m3           m4           s 
167 51.202076 56.791710 0.000000 0.527942 1.214390 1.960088 3.566756 7.204795 0.200000
169 50.912819 57.108242 0.000000 0.809143 1.451282 2.648347 5.380668 11.889319 0.333333
170 51.336319 56.778664 0.000000 0.860374 1.389596 2.457575 4.864587 10.539768 0.200000
171 51.455120 57.016388 0.000000 0.936282 1.381372 2.417870 4.724303 10.095047 0.261744
172 51.409164 56.977772 0.000000 0.950996 1.287661 2.141654 4.003713 8.274313 0.250000
173 51.228466 56.476154 0.000000 1.072091 1.390114 2.444489 4.791132 10.243115 0.250073
174 51.380531 57.059216 0.000000 1.033854 1.387719 2.412395 4.614731 9.500083 0.173383
175 51.303146 57.054054 0.000000 1.424610 1.308217 2.169875 3.982999 7.947051 0.333333
176 51.236935 56.552185 0.000000 1.289262 1.384812 2.412742 4.657789 9.758402 0.200790
177 51.592342 56.549942 0.000000 1.441378 1.277216 2.058057 3.643889 6.962193 0.250000
178 51.556705 56.844807 0.000000 1.865903 1.346707 2.273625 4.224882 8.473429 0.250000
179 51.635792 57.147152 0.000000 1.260517 1.260764 2.033467 3.651483 7.193968 0.250000
180 51.363007 56.506763 0.000000 1.435156 1.309942 2.171716 4.004500 8.076919 0.333333
181 51.344906 56.548923 0.000000 1.599129 1.280862 2.062124 3.648401 6.974652 0.200000
182 51.503242 56.948757 0.000000 1.457320 1.299496 2.133475 3.881768 7.697789 0.250000
183 51.440186 56.935875 0.000000 1.806285 1.291825 2.101009 3.744162 7.172043 0.250000
184 51.697628 56.919571 0.000000 1.570658 1.331861 2.219665 4.073722 8.082183 0.250000
185 51.329361 56.953819 0.000000 1.285369 1.262177 2.018570 3.548148 6.736007 0.250000
186 51.679802 56.853615 0.000000 1.411485 1.279762 2.078425 3.730419 7.276425 0.250000
187 51.630016 56.707428 0.000000 1.886431 1.303010 2.125331 3.801424 7.320114 0.200000
188 51.503796 56.975853 0.000000 1.854114 1.311183 2.161506 3.909171 7.604469 0.250000
189 51.535793 56.829754 0.000000 1.708219 1.281333 2.064124 3.638998 6.889617 0.166667
190 51.249058 56.812714 0.000000 1.911954 1.291523 2.098853 3.747836 7.223234 0.200000
191 51.336510 56.857052 0.000000 1.864946 1.304817 2.147410 3.898023 7.665205 0.333333
192 51.466885 56.811565 0.000000 2.072502 1.260214 2.005424 3.499332 6.581091 0.200000
193 51.673935 56.808514 0.000000 2.065218 1.300816 2.119598 3.780446 7.239770 0.250000
194 51.496208 56.633705 0.000000 2.522565 1.302624 2.112006 3.735796 7.069588 0.250000
195 51.573589 56.694790 0.000000 2.266861 1.245540 1.960033 3.383811 6.306702 0.200000
196 51.774734 56.927166 0.000000 1.957113 1.333084 2.241613 4.158168 8.342668 0.142991
197 51.558136 56.696220 0.000000 2.244737 1.279482 2.069205 3.698554 7.192581 0.200001
198 51.634277 56.840286 0.000000 2.272555 1.269088 2.032094 3.578738 6.815765 0.250000
199 51.761650 56.552078 0.000000 2.108305 1.312086 2.143742 3.827543 7.323597 0.166667
200 51.752857 56.893654 0.000000 1.848389 1.306593 2.148054 3.896710 7.660588 0.250000
201 51.696766 56.771599 0.000000 1.997499 1.298347 2.120217 3.812719 7.416949 0.166667
202 51.695717 56.686913 0.000000 2.559689 1.270850 2.029182 3.540005 6.622030 0.166667
203 51.641544 56.744911 0.000000 2.158607 1.263441 2.006705 3.483290 6.487875 0.200000
204 51.557674 56.653366 0.000000 2.443738 1.268141 2.020307 3.521819 6.599684 0.200000
205 51.906712 56.680737 0.000000 2.072483 1.297491 2.103623 3.736358 7.135349 0.166667
206 51.527103 56.656025 0.000000 2.388884 1.290037 2.084052 3.685447 7.004114 0.200000
207 51.639603 56.686829 0.000000 2.554371 1.302363 2.115322 3.747544 7.099759 0.166667
208 51.564903 56.459389 0.000000 2.625956 1.298501 2.111062 3.761427 7.212041 0.250000
209 51.560108 56.444088 0.000000 2.708016 1.277734 2.042846 3.567610 6.680347 0.250000
210 51.660797 56.340527 0.000000 2.394338 1.297704 2.121232 3.819378 7.444099 0.166667
211 51.570560 56.291672 0.000000 2.421411 1.267866 2.016502 3.504677 6.535777 0.250000
212 51.543465 55.923721 0.000000 2.503273 1.353538 2.303785 4.336500 8.854913 0.250207
213 51.577099 55.980934 0.000000 2.333851 1.353836 2.319763 4.435106 9.280937 0.200000
214 51.428383 56.062069 0.000000 2.348446 1.283040 2.070946 3.672004 7.024524 0.200000
215 51.532787 55.866695 0.000000 2.418489 1.278221 2.064015 3.665290 7.035896 0.250000
216 51.423130 55.986408 0.000000 2.559391 1.343652 2.269771 4.237361 8.575830 0.250000
217 51.350517 55.848507 0.000000 2.608267 1.327589 2.206183 4.031221 7.946826 0.252229
218 51.530098 55.880764 0.000000 2.506715 1.366081 2.325531 4.356117 8.802420 0.250410
219 51.181339 55.797279 0.000000 2.218752 1.330458 2.213891 4.047208 7.970789 0.250000
220 51.418133 55.528255 0.000000 2.549237 1.326869 2.183616 3.916144 7.499724 0.200239
221 51.375389 55.642799 0.000000 1.959024 1.322143 2.188695 3.988115 7.854274 0.250000
223 51.282490 55.280510 0.000000 2.464094 1.358295 2.288531 4.218956 8.339540 0.333333
224 51.708218 54.862270 0.000000 2.380988 1.332130 2.221838 4.078965 8.088881 0.333333
225 51.841187 54.777100 0.000000 2.193658 1.351239 2.282884 4.235258 8.458949 0.200000
226 52.219173 54.911167 0.000000 2.657120 1.403243 2.471717 4.820702 10.189040 0.250000
228 53.034801 54.700558 0.000000 1.910942 1.399559 2.465737 4.823888 10.252027 0.333333
229 53.175510 54.571327 0.000000 1.735255 1.405347 2.484113 4.882090 10.442774 0.250000
230 53.098671 54.608829 0.000000 1.577997 1.348325 2.331957 4.534553 9.711635 0.250000
231 52.930927 54.391827 0.000000 1.879840 1.442369 2.624901 5.332397 11.813484 0.333333
232 52.579544 54.351795 0.000000 1.869479 1.328447 2.228159 4.132690 8.322016 0.200000
233 52.392990 54.369377 0.000000 1.386885 1.373648 2.368323 4.511138 9.309893 0.200000
234 52.471302 54.140820 0.000000 1.069793 1.288342 2.124280 3.902201 7.851869 0.200002
236 52.095745 54.632927 0.000000 1.326218 1.404527 2.484466 4.912179 10.624543 0.200000
238 51.265759 54.528412 0.000000 1.019526 1.604835 3.184397 6.977661 16.440109 0.250000
239 51.308746 54.743134 0.000000 1.209364 1.424367 2.560764 5.119294 11.123632 0.333333
240 51.703907 54.582634 0.000000 0.900918 1.608287 3.154511 6.789643 15.649837 0.200000
241 51.400917 54.262039 0.000000 1.181666 1.581551 3.049779 6.469772 14.749599 0.200000
243 53.104656 53.953022 0.000000 0.798441 1.450348 2.684576 5.553883 12.501980 0.270504
245 52.381763 54.719917 0.000000 0.703457 1.391457 2.496604 5.020152 11.040090 0.468991
247 53.666470 54.948971 0.000000 0.426550 1.191265 1.820891 3.050590 5.518612 0.250000
249 53.416637 54.516693 0.000000 0.853810 1.430046 2.615044 5.366142 12.048845 0.250509
251 52.250710 53.946266 0.000000 0.876900 1.618668 3.269547 7.299305 17.509018 0.200000
